product_name,total,reordered,ordered_once,reordered_percent
Chocolate Sandwich Cookies,1852,1136,716,61.33909287257019
All-Seasons Salt,90,12,78,13.333333333333334
Robust Golden Unsweetened Oolong Tea,277,203,74,73.28519855595668
Smart Ones Classic Favorites Mini Rigatoni With Vodka Cream Sauce,329,147,182,44.680851063829785
Green Chile Anytime Sauce,15,9,6,60.0
Dry Nose Oil,8,3,5,37.5
Pure Coconut Water With Orange,30,12,18,40.0
Cut Russet Potatoes Steam N' Mash,165,83,82,50.303030303030305
Light Strawberry Blueberry Yogurt,156,82,74,52.56410256410257
Sparkling Orange Juice & Prickly Pear Beverage,2572,1304,1268,50.69984447900466
Peach Mango Juice,104,59,45,56.730769230769226
Chocolate Fudge Layer Cake,246,126,120,51.21951219512195
Saline Nasal Mist,9,3,6,33.33333333333333
Fresh Scent Dishwasher Cleaner,17,2,15,11.76470588235294
Overnight Diapers Size 6,4,1,3,25.0
Mint Chocolate Flavored Syrup,19,2,17,10.526315789473683
Rendered Duck Fat,18,2,16,11.11111111111111
Pizza for One Suprema  Frozen Pizza,137,82,55,59.854014598540154
Gluten Free Quinoa Three Cheese & Mushroom Blend,4,0,4,0.0
Pomegranate Cranberry & Aloe Vera Enrich Drink,6,1,5,16.666666666666664
Small & Medium Dental Dog Treats,10,2,8,20.0
Fresh Breath Oral Rinse Mild Mint,43,19,24,44.18604651162791
Organic Turkey Burgers,1068,479,589,44.850187265917604
Tri-Vi-Sol® Vitamins A-C-and D Supplement Drops for Infants,13,6,7,46.15384615384615
Salted Caramel Lean Protein & Fiber Bar,2166,1391,775,64.21975992613112
Fancy Feast Trout Feast Flaked Wet Cat Food,334,247,87,73.95209580838323
Complete Spring Water Foaming Antibacterial Hand Wash,184,77,107,41.84782608695652
Wheat Chex Cereal,706,369,337,52.266288951841354
Fresh Cut Golden Sweet No Salt Added Whole Kernel Corn,218,81,137,37.15596330275229
"Three Cheese Ziti, Marinara with Meatballs",81,37,44,45.67901234567901
White Pearl Onions,96,16,80,16.666666666666664
Nacho Cheese White Bean Chips,543,367,176,67.58747697974218
Organic Spaghetti Style Pasta,32,14,18,43.75
Peanut Butter Cereal,6536,3928,2608,60.09791921664627
Italian Herb Porcini Mushrooms Chicken Sausage,311,104,207,33.440514469453376
Traditional Lasagna with Meat Sauce Savory Italian Recipes,129,36,93,27.906976744186046
Noodle Soup Mix With Chicken Broth,769,322,447,41.87256176853056
Ultra Antibacterial Dish Liquid,17,1,16,5.88235294117647
Daily Tangerine Citrus Flavored Beverage,9,2,7,22.22222222222222
Beef Hot Links Beef Smoked Sausage With Chile Peppers,79,45,34,56.9620253164557
Organic Sourdough Einkorn Crackers Rosemary,49,32,17,65.3061224489796
Biotin 1000 mcg,13,1,12,7.6923076923076925
Organic Clementines,221,34,187,15.384615384615385
Sparkling Raspberry Seltzer,391,227,164,58.05626598465473
European Cucumber,18413,12069,6344,65.54608157280182
Raisin Cinnamon Bagels 5 count,151,116,35,76.82119205298014
Onion Flavor Organic Roasted Seaweed Snack,333,178,155,53.453453453453456
"School Glue, Washable, No Run",10,0,10,0.0
Vegetarian Grain Meat Sausages Italian - 4 CT,2308,1326,982,57.4523396880416
Pumpkin Muffin Mix,287,109,178,37.97909407665505
Sa Extra Hold Mousse Hair Styling,7,1,6,14.285714285714285
Mirabelle Brut Rose,28,17,11,60.71428571428571
Whole Leaf Pure Aloe With Lemon Juice,151,69,82,45.6953642384106
24/7 Performance Cat Litter,1095,623,472,56.894977168949765
Lasting Color Shampoo,40,6,34,15.0
Healthy Pop Butter Popcorn,30,8,22,26.666666666666668
Flat Toothpicks,157,5,152,3.1847133757961785
Whole Wheat Tortillas,69,30,39,43.47826086956522
Medium Taqueria Style Chipotle Salsa,28,10,18,35.714285714285715
Cheesy Creations Roasted Garlic Parmesan Sauce,51,13,38,25.49019607843137
Ramen Noodles Soup Chicken Mushroom Flavor,17,4,13,23.52941176470588
Premium Deli Oven Roasted Turkey Breast,27,8,19,29.629629629629626
Banana & Sweet Potato Organic Teething Wafers,1129,535,594,47.38706820194863
Autumn Vegetable & Turkey Dinner with Lil' Bits Purees Dinner,20,8,12,40.0
Organic Red Wine & Olive Oil Dressing Organic,157,47,110,29.936305732484076
European Style Spring Mix,236,125,111,52.96610169491526
"Jelly, Blackberry",41,8,33,19.51219512195122
"Pancake Mix, Buttermilk",62,23,39,37.096774193548384
Vanilla with Almond Milk Iced Coffee,19,5,14,26.31578947368421
Sweet Cooking Rice Seasoning,155,15,140,9.67741935483871
Ultra 7 Inch Polypropylene Traditional Plates,37,8,29,21.62162162162162
Organic Honeycrisp Apples,13,2,11,15.384615384615385
Jasmine Tea Unfiltered Ginger Ale,29,8,21,27.586206896551722
Artisan Chick'n & Apple Sausage,180,66,114,36.666666666666664
"Hemp Protein, Organic",102,25,77,24.509803921568626
Spinach Basil Garlic Linguini,3,0,3,0.0
Coconut Chocolate Chip Energy Bar,298,189,109,63.42281879194631
Nutter Butter Cookie Bites Go-Pak,11,3,8,27.27272727272727
Wild Albacore Tuna No Salt Added,3585,1916,1669,53.44490934449093
French  Tarragon Wine Vinegar,4,0,4,0.0
Blakes Chicken Parmesan Dinner,43,25,18,58.139534883720934
All Natural 100% Apple Juice,35,10,25,28.57142857142857
100% Whole Wheat Pita Bread,594,292,302,49.158249158249156
Lamb Shank,124,27,97,21.774193548387096
Soppressata Piccante,4,0,4,0.0
"Camilia, Single Liquid Doses",130,64,66,49.23076923076923
Classics Earl Grey Tea,747,274,473,36.68005354752343
Probiotics High Potency Capsules,18,6,12,33.33333333333333
Yogurt Fruit Dip Sliced Apples,34,10,24,29.411764705882355
Smorz Cereal,47,24,23,51.06382978723404
Kind Prenatal Once Daily,5,2,3,40.0
Meat In The Middle Large Rawhide Chews,5,0,5,0.0
Uncured Cracked Pepper Beef,1843,1163,680,63.10363537710255
Organic Blueberry Blitz Fruit & Veggie Smoothie Mashups,879,601,278,68.3731513083049
Organic Rice Vinegar,2787,412,2375,14.782920703265159
Sprinklez Confetti Fun Organic Toppings,198,20,178,10.1010101010101
Organic Chamomile Lemon Tea,168,46,122,27.380952380952383
2% Yellow American Cheese,39,19,20,48.717948717948715
Local Living Butter Lettuce,646,375,271,58.04953560371517
Peanut Butter & Strawberry Jam Sandwich,437,245,192,56.06407322654462
"Bread, Healthy Whole Grain",177,118,59,66.66666666666666
Danish Butter Cookies,185,35,150,18.91891891891892
Sprouted Kale Cracker,8,3,5,37.5
High Fiber Tomato Basil Soup,100,35,65,35.0
"Easy Grab 9\""x13\"" Oblong Glass Bakeware",18,0,18,0.0
Organic Yummy Tummy Maple & Brown Sugar Instant Oatmeal,498,281,217,56.42570281124498
Mild Salsa Divino,60,33,27,55.00000000000001
Organic Sprouted Barley Bread,145,93,52,64.13793103448275
Grape Leaf Hummus Wrap,51,29,22,56.86274509803921
Uncured Turkey Bologna,14,5,9,35.714285714285715
"Fabric Softener, Geranium Scent",93,32,61,34.40860215053764
Hot Tomatillo Salsa,63,13,50,20.634920634920633
Infant's Blend Probiotic,106,33,73,31.132075471698112
Light Savory Beef Barley Vegetable Soup,35,4,31,11.428571428571429
Scooby-Doo! Fruit Flavored Snacks,388,227,161,58.50515463917526
English Muffins,4359,3033,1326,69.58017894012389
Petit Suisse Fruit,3636,3007,629,82.7007700770077
Ground Turkey Chub,216,104,112,48.148148148148145
Chardonnay Paso Robles,30,9,21,30.0
Cauliflower Florettes,14,2,12,14.285714285714285
Sharp Cheddar,1202,577,625,48.00332778702163
Pomegranate Molasses,162,9,153,5.555555555555555
Sherry Reserve Vinegar,846,56,790,6.619385342789598
Sun Cups Dark Chocolate,166,108,58,65.06024096385542
Herbal Armor DEET-Free Natural Insect Repellant,28,1,27,3.571428571428571
Hot & Spicy Chicken Flavor Ramen Noodles,223,116,107,52.01793721973094
Marscapone,449,150,299,33.4075723830735
Organic Wild Blueberries,1108,603,505,54.42238267148014
Traditional Chicken & Orzo with Lemon Soup,273,131,142,47.985347985347985
Vanilla Milk Chocolate Almond Ice Cream Bars Multi-Pack,3864,2396,1468,62.00828157349897
Brioche Bachelor Loaf,126,82,44,65.07936507936508
Yogurt Strawberry Pomegranate,100,60,40,60.0
Purifying Daily Detox Scrub,17,0,17,0.0
Stain Release Boost In-Wash Stain Remover Pacs,37,3,34,8.108108108108109
Dark Chocolate Ice Cream Topping,6,1,5,16.666666666666664
Simple,42,22,20,52.38095238095239
Very Vanilla Soymilk,308,191,117,62.01298701298701
Olli Napoli Salami,294,108,186,36.734693877551024
"Zita Cut, No. 118",24,8,16,33.33333333333333
Chips Onion Chipotle Garlic,22,2,20,9.090909090909092
Restaurant Style Organic Chia & Quinoa Tortilla Chips,3639,2349,1290,64.55070074196207
Arugula Salad,22,7,15,31.818181818181817
Organic Lemons,23,4,19,17.391304347826086
Coarse Grind Garlic Powder & Parsley Blend,39,8,31,20.51282051282051
Traditional Water Crackers,74,25,49,33.78378378378378
Anti Diarrheal Caplets,101,50,51,49.504950495049506
Organic Ranch Veggie Dip,14,2,12,14.285714285714285
Nectarines,4903,2778,2125,56.65918825209055
Wild Blueberry All Natural Fruit Spread,584,286,298,48.97260273972603
Brut Rosé,206,75,131,36.407766990291265
Aromatherapaes Stress Reducing Lavender & Chamomile Spa Bath,5,0,5,0.0
"3 in 1 Soap for Every Man, Cucumber & Lemon",11,2,9,18.181818181818183
"Fabric Refresher Meadows & Rain Air Freshener (1 Count, 27 oz)  Air Care",44,6,38,13.636363636363635
"Corn Dogs, Mini, Honey Crunchy Flavor",30,14,16,46.666666666666664
Artisan Ciabatta,59,10,49,16.94915254237288
Extra Spearmint Sugar-Free Gum,207,116,91,56.038647342995176
Living Organic Cilantro,54,13,41,24.074074074074073
Smoked Ham & Oven Roasted Turkey Sub Sandwich Kit,181,117,64,64.64088397790056
"Calcium Adult Gummy Vitamins, Orange Cherry & Strawberry",61,12,49,19.672131147540984
100% Recycled Aluminum Foil,3282,740,2542,22.54722730042657
Hacho Miso Aged & Fermented Soybeans,10,2,8,20.0
Organic Mini Homestyle Waffles,4919,3403,1516,69.18072779020126
Dressing Bleu Cheese,9,0,9,0.0
Peanut Butter Cacao Quinoa Clusters,8,1,7,12.5
Wild Chanterelle Mushroom Ravioli,1343,545,798,40.580789277736415
Garlic Parmesan Pita Bread Chips,4,0,4,0.0
Sparkling Blush Grape Juice,13,4,9,30.76923076923077
Halves & Pieces Walnuts,54,21,33,38.88888888888889
Extra Sharp Cheddar Cheese,1877,1016,861,54.128929142248275
Single Herbs Ginkgo Leaf Dietary Supplement,3,0,3,0.0
Steakhouse Onion Burger with Garlic Seasoning,4,1,3,25.0
Gluten Free All Natural Chocolate Chip Cookies,97,71,26,73.19587628865979
Habanero Lime Shrimp Flavor Ramen Noodle Soup,14,4,10,28.57142857142857
Vanishing Acne Treatment Cream,18,6,12,33.33333333333333
T Bone Steak,6,1,5,16.666666666666664
Original Turkey,181,108,73,59.66850828729282
Citrus Terere Yerba Mate,183,125,58,68.30601092896174
Vegan Santa Fe Style Flour Tortilla Rolled Tacos,41,24,17,58.536585365853654
Penne Rigate With Spinach,73,36,37,49.31506849315068
Simply Beyond Black Bean Tortilla Chips,32,11,21,34.375
Country Style Baked Beans,287,105,182,36.58536585365854
Acti-Fresh Body Shape Long Unscented To Go Panty Liners,5,0,5,0.0
Cookie Dough Performance Energy,7,2,5,28.57142857142857
Kisses Milk Chocolate Candy,1040,488,552,46.92307692307692
Chicken Nugget Meal,75,36,39,48.0
Fresh Scent Dishwasher Detergent with Dawn,581,227,354,39.070567986230635
Wild Sardines in Marinara Sauce,269,144,125,53.53159851301115
Mild El Nino Salsa,225,155,70,68.88888888888889
Healthfull Nuts & Seeds Bread,29,13,16,44.827586206896555
Classic Culinary Low Sodium Vegetable Broth,154,54,100,35.064935064935064
Medium Spicy Butter Chicken Simmer Sauce,18,6,12,33.33333333333333
Israeli Style Gefilte Fish,35,5,30,14.285714285714285
fruitwater® Strawberry Kiwi Sparkling Water,10,3,7,30.0
Lamb Rib Chops,452,313,139,69.24778761061947
Grade A Pasteurized 2% Milkfat Lowfat Cottage Cheese with Pineapple,32,24,8,75.0
Soda,35791,27791,8000,77.64801207007348
Cold Brew Coffee Tahitian Vanilla,15,5,10,33.33333333333333
Tzatziki Cucumber Sauce,43,14,29,32.55813953488372
Herb Thyme Clamshell,267,59,208,22.09737827715356
Radiant Pantiliners Regular Wrapped Unscented,8,0,8,0.0
Sloppy Joe,17,5,12,29.411764705882355
Spinach & Feta Pierogi,13,2,11,15.384615384615385
"Rescue Remedy, Spray",31,6,25,19.35483870967742
Free & Clear Natural Laundry Detergent For Sensitive Skin,4931,2338,2593,47.414317582640436
Chocolate Mint Cookie Crunch Nutrition Bar,83,54,29,65.06024096385542
Roasted Vegetable Soufflé,184,85,99,46.19565217391305
Minis Candy Bars,849,442,407,52.06124852767962
Vanilla Almond Cashew Almondmilk Cashewmilk Blend,27,14,13,51.85185185185185
Italian Pasta Salad,80,27,53,33.75
Homemade Hot Arrabbiata Fra Diavolo Sauce,4552,2719,1833,59.73198594024605
Gluten Free Organic Cereal Coconut Maple Vanilla,377,201,176,53.315649867374006
Organic Blue Corn Sea Salt Tortilla Chips,221,120,101,54.29864253393665
Tapatio Salsa Picante Hot Sauce Tortilla Chips,111,56,55,50.45045045045045
Argan Oil of Morocco Renewing Weightless Healing Dry Oil Hair Oil,17,4,13,23.52941176470588
Sambal Oelek Ground Fresh Chili Paste,353,93,260,26.345609065155806
"Gluten Free Oatmeal, Variety Pack",552,254,298,46.01449275362319
"String Cheese, Mozzarella",246,136,110,55.28455284552846
"6\"" Organic Carrot Cake",12,4,8,33.33333333333333
Totz Toothbrush Extra Soft 18+ Months,624,255,369,40.86538461538461
Tegaderm Waterproof Transparent Dressing,7,1,6,14.285714285714285
Cayenne Lemonade Made With Raw Tristate Honey,47,24,23,51.06382978723404
Honey Nut Oatmeal Squares,497,284,213,57.14285714285714
Kiwi Strawberry Sparkling Water,121,91,30,75.20661157024794
Foaming Hand Soap Kid Watermelon,2,0,2,0.0
3 Seed Blue Corn Dipping Chips,6,0,6,0.0
Shaved Parmesan Cheese,1541,650,891,42.18040233614536
Triple Chocolate Snack Size,7,0,7,0.0
Organic Soups Lentil,1558,916,642,58.793324775353014
EcoNet Recycled Bath Sponge,83,17,66,20.481927710843372
Vanilla Cream Soda,21,13,8,61.904761904761905
Low Sodium Turkey,13,4,9,30.76923076923077
Blue Bottle Coffee Frozen Bar,69,37,32,53.62318840579711
Chinese Breakfast Black Tea,113,51,62,45.13274336283185
Tennessee Whiskey,158,76,82,48.10126582278481
Gluten Free Blueberry Muffin Mix,28,9,19,32.142857142857146
Chicken Meatballs Dog Treats,7,1,6,14.285714285714285
Brambleberry Herbal Tea,100,54,46,54.0
Alpha-Bits Multigrain Cereal,26,10,16,38.46153846153847
Chicharrones Picante Flavor Pork Rinds,188,91,97,48.40425531914894
Nature's Seasons Seasoning Blend,31,10,21,32.25806451612903
Shrimp with Pasta & Vegetables,46,27,19,58.69565217391305
Original Red Twists,138,95,43,68.84057971014492
Taco Reduced Sodium Seasoning Mix,32,13,19,40.625
Organic Roasted Garlic Pasta Sauce,41,12,29,29.268292682926827
Poppy Seed Bagels,36,14,22,38.88888888888889
Triple-Acting Laundry Stain Remover,826,210,616,25.423728813559322
Perfectly Thymed Pita Crisps Baked,57,11,46,19.298245614035086
Dried Sweetened Cranberries,6371,2550,3821,40.02511379689217
"Pinot Grigio, California, 2010",5,2,3,40.0
"Authentic Deep Dish, Spinach & Garlic Pizza",14,5,9,35.714285714285715
Extra Strength Melatonin Adult Gummies,24,10,14,41.66666666666667
"Waffles, Red Berry",3,0,3,0.0
Organic Vegetable Greens & Greens Juice Blend,53,26,27,49.056603773584904
Honey Mustard,63,5,58,7.936507936507936
"Cold Remedy, Quick Dissolve Tablets, Cherry Flavor",53,9,44,16.9811320754717
Island Fruits Fruit Snacks,391,186,205,47.570332480818415
Key Lime Soda,33,27,6,81.81818181818183
Vegetable Pot Pie,2033,1039,994,51.10673880964093
Imported Italian Solid Light Tuna In Pure Olive Oil,3,0,3,0.0
Cantaloupe,23900,15181,8719,63.51882845188285
Organic Southwestern Burrito,1417,719,698,50.7410021171489
Petite Dill Pickles,179,60,119,33.5195530726257
Red Food Color,172,7,165,4.069767441860465
Non-Fat Blueberry on the Bottom Greek Yogurt,3025,2035,990,67.27272727272727
Glass Storage Container with Green Silicone Protection,7,1,6,14.285714285714285
Rio Berry,103,81,22,78.64077669902912
Triple Chocolate Ripple,162,89,73,54.93827160493827
Sponge Mop,6,1,5,16.666666666666664
Stuffed Crust Five Cheese Pizza,8,1,7,12.5
OneZip Storage Bags Quart Size Value Pack,187,55,132,29.411764705882355
TAI PEI      14OZ.SWEET & SOUR CHKN,31,11,20,35.483870967741936
Propolis Herbal Supplement,14,3,11,21.428571428571427
Thin Stackers Brown Rice  Salt Free,1323,810,513,61.224489795918366
Snack Bags,2205,646,1559,29.297052154195015
Caramel Sauce,143,24,119,16.783216783216783
French Vanilla Ice Cream,2454,922,1532,37.571312143439286
Diet Root Beer,3037,2110,927,69.47645702996378
Instant Mashed Potatoes,897,220,677,24.526198439241917
Everyday Detox Dandelion Tea,194,68,126,35.051546391752574
Makeup Remover Cleansing Towelettes,1186,426,760,35.91905564924115
Chai Tea Bags,194,69,125,35.56701030927835
Oh My Cod! Cod Pate and Vegetables Cat Food,138,69,69,50.0
Organic Whole Wheat Elbows,3030,1422,1608,46.930693069306926
Organic Spicy Heirloom Marinara Sauce,174,85,89,48.85057471264368
Mini Nilla Wafers Munch Pack,156,56,100,35.8974358974359
Lite Poppy Seed Dressing Lite,208,53,155,25.48076923076923
Turkey,3107,2192,915,70.5503701319601
Original Sprouted Grains Protein & Fiber Hot Oatmeal,296,188,108,63.51351351351351
100% Juice No Sugar Added Fruit Punch,6,1,5,16.666666666666664
Organic Peppermint Lemonade,81,41,40,50.617283950617285
Mint Dental Floss,15,3,12,20.0
Fresh Multi-Purpose Contact Lens Solution,29,8,21,27.586206896551722
Prime Filets Chicken & Tuna Dinner in Gravy Cat Food,183,115,68,62.841530054644814
Minis Original Saltine Crackers,1016,546,470,53.74015748031496
Chewables Extra Strength Cherry Creme - 48 CT,49,10,39,20.408163265306122
For Men Odor Armor Body Wash,10,4,6,40.0
"Write Bros Ball Point Pens, Cap-Pen, Medium (1.0 mm), Black Ink",42,6,36,14.285714285714285
Brisk With Lemon Iced Tea,43,25,18,58.139534883720934
Organic Apple Spinach Kale Coconut Water Superjuice,12,0,12,0.0
Organic Enriched Unbleached White Flour,393,80,313,20.35623409669211
"Biotin 10,000mcg Maximum Strength",17,7,10,41.17647058823529
Gourmet Dog Treats Bone,10,3,7,30.0
"Candy, Original",26,2,24,7.6923076923076925
Dry Roasted Pistachios,103,40,63,38.83495145631068
Wild Forest Raw Neem Honey,228,65,163,28.50877192982456
Gold Potatoes,44,13,31,29.545454545454547
Precious Mozzarella Cheese,251,93,158,37.05179282868526
Advanced Haircare Color Vibrancy Nourishing Shampoo,9,1,8,11.11111111111111
Graduates Lil' Entrees Spiral Pasta In Turkey Meat Sauce With Green & Yellow Beans,30,12,18,40.0
"Crackers, Puffed, Corn, Quinoa & Sesame",1103,696,407,63.100634632819585
Naturals Savory Turkey Breakfast Sausage,8212,4574,3638,55.69897710667316
Juicing Carrots,5,1,4,20.0
Peppermint/Banana Split Variety Pack Frozen Dairy Dessert Cones,8,1,7,12.5
Extra Whitening Multi-Benefit Fluoride Toothpaste,7,0,7,0.0
Creamy Italian Dressing Marinade,28,6,22,21.428571428571427
Revive Anti-Perspirant Deodorant,35,6,29,17.142857142857142
Best Grains Honey & Crunch Oat Bread,74,47,27,63.51351351351351
Apple Cinnamon Crisp Candle,14,1,13,7.142857142857142
Steamfresh Chef's Favorites Lightly Sauced Roasted Red Potatoes & Green Beans,201,105,96,52.23880597014925
"Glycerine Soap, Pure and Natural, Cucumber",4,0,4,0.0
Echinacea Goldenseal Alcohol Free Extract,22,5,17,22.727272727272727
Brooklyn Pizza Dough,317,167,150,52.6813880126183
Natural Food Color Packets,24,1,23,4.166666666666666
Strong & Kind Roasted Jalapeno Almond Protein Bar,13,4,9,30.76923076923077
Veggie-Style Mini Corn Dogs,1104,678,426,61.41304347826087
Deluxe Sauce Made with 2% Milk Cheese Macaroni & Cheese Dinner,49,11,38,22.448979591836736
"Green Peas, Organic, Petite",715,368,347,51.46853146853147
Disinfectant Spray Cherry Blossom & Pomegranate Scent,7,1,6,14.285714285714285
Organic Whole Grassmilk Milk,15459,12345,3114,79.85639433339801
Chilpotles in Adobo Sauce,657,172,485,26.17960426179604
Organic Lemon Gingersnap,13,2,11,15.384615384615385
Raspberry Fig Bars,49,20,29,40.816326530612244
Basil Daly Bar Soap,65,16,49,24.615384615384617
Sparkling Raspberry Lemonade Water Beverage,278,151,127,54.31654676258992
Blueberry Kombucha,193,141,52,73.05699481865285
Black Currant Kombucha,26,19,7,73.07692307692307
"Soap, Pure-Castile, 18-in-1 Hemp, Lavender",32,5,27,15.625
Yahrzeit Light Memorial Candle,17,5,12,29.411764705882355
Creamline Yogurt Wild Blueberry,191,112,79,58.63874345549738
Eco-Pac Kamut Puffs Cereal,569,348,221,61.15992970123023
Cheese Creations Four Cheese Cheese Sauce,36,8,28,22.22222222222222
"Complete Health Deboned Chicken, Chicken Meal and Rice Cat Food",121,62,59,51.2396694214876
Organic Whole Peeled Baby Carrots,3180,1964,1216,61.76100628930817
Lime Sherbet,3,0,3,0.0
Extra Strength Berry,6,2,4,33.33333333333333
Sunflower Bread,3,0,3,0.0
"Vegetable Salad Kit, Sweet Kale",747,474,273,63.45381526104418
Super Slimming Herbal Tea,51,21,30,41.17647058823529
Organic Granulated Tapioca,149,11,138,7.38255033557047
Mixed 12 Pack Lion's Share Ale,534,313,221,58.61423220973783
Go Fresh Nutrium Moisture Body Wash Blue Fig & Orange Blossom Scent,262,85,177,32.44274809160305
Colby Jack & Mild Cheddar Combo Pack,558,297,261,53.2258064516129
Tzatziki Greek Yogurt Dip,220,126,94,57.27272727272727
Twist n Loc Small Round Containers + Lids,335,97,238,28.955223880597014
Ground Flaxseed With Mixed Berries,49,15,34,30.612244897959183
Ristorante Pizza Spinaci Thin Crust Pizza,28,19,9,67.85714285714286
White Writing Gel,6,0,6,0.0
Frozen All Butter Pound Cake,314,112,202,35.6687898089172
Deli Thin-Sliced Honey Ham,186,75,111,40.32258064516129
Whole Wheat Spanakopita,209,120,89,57.41626794258373
Day and Night Multi-Symptom and Severe Cold & Cough Pain Reliever/Fever Reducer,34,0,34,0.0
Pound Cake Cake Mix,29,7,22,24.137931034482758
Water Crackers Original All Natural,62,13,49,20.967741935483872
Greener Selection Salad,68,28,40,41.17647058823529
Cheerios Cereal,7830,4568,3262,58.3397190293742
Vitamin C 1000 Mg Tropical Drink Mix Dietary Supplement,76,14,62,18.421052631578945
Ultimate Omega 1000 mg Lemon Soft Gels,135,48,87,35.55555555555556
Fabric Softener Dryer Sheet Free & Gentle 200CT Fabric Enhancers,56,9,47,16.071428571428573
New Mexico Chili,4,0,4,0.0
Chocolate Caramel Whey Protein Bar,4,0,4,0.0
Juniper Berry Soda,7,0,7,0.0
Moisture Rich Sweet Orange & Argan Conditioner,49,8,41,16.3265306122449
Honey Glazed Carrots,122,56,66,45.90163934426229
Sliced Kosher Salami,16,10,6,62.5
Multigrain Spaghetti Style Pasta,101,29,72,28.71287128712871
Even & Bright Pink Lemon and Mandarin Orange Body Wash,38,9,29,23.684210526315788
Chunky Beef with Vegetables & Brown Rice Dog Food,288,214,74,74.30555555555556
Powerball Quantum Max Shine & Protect Automatic Dishwasher Detergent,395,157,238,39.74683544303797
Super Dry Beer,6,1,5,16.666666666666664
Clementine Bag,85,26,59,30.58823529411765
Toaster Pops Strawberry,33,14,19,42.42424242424242
Sugar Free Mint Patties,63,36,27,57.14285714285714
Breaded Chicken Breast Tenders,151,69,82,45.6953642384106
EverCurl Hydracharge Conditioner,5,1,4,20.0
Liquid Drink Mix Blackberry Lemonade,77,37,40,48.05194805194805
Real Chicken & Veggies Recipe Dog Food,108,51,57,47.22222222222222
Chocolate Brownie Flavor Protein Bar,98,46,52,46.93877551020408
Stove Top Stuffing Mix for Turkey,388,81,307,20.876288659793815
Mache Blend,1687,955,732,56.60936573799644
Super Enzymes,10,2,8,20.0
Organic Yukon Gold Potato Bag,91,20,71,21.978021978021978
OPA Greek Yogurt Ranch Dressing,56,21,35,37.5
Phoenix Anti-Perspirant & Deodorant Stick Twin Pack,25,7,18,28.000000000000004
Aquaphor Healing Ointment,29,0,29,0.0
Sweet Cream Buttermilk Powder,29,1,28,3.4482758620689653
Cashews Natural Unsalted,34,17,17,50.0
Pure Granulated Cane Sugar,4334,1354,2980,31.241347485002308
Organic Hard Candy Blood Orange and Honey,17,3,14,17.647058823529413
Organic Strawberry Lemon-ade,23,14,9,60.86956521739131
Grass-Fed Yogurt Blueberry Cardamom,96,58,38,60.416666666666664
"Flat Floss, Antiplaque, Naturally Waxed, Spearmint",324,94,230,29.01234567901235
100% Pure Beef Homestyle Patties,58,23,35,39.6551724137931
Ultra Thin Pastrami,404,210,194,51.98019801980198
Reg; Organic Apple Cider Vinegar 16 Fl Oz,54,10,44,18.51851851851852
100% Organic Diced Tomatoes,1272,701,571,55.11006289308176
Vanilla Almond Protein Bar,57,35,22,61.40350877192983
Almond Glow Almond Body Lotion/Massage Oil,14,4,10,28.57142857142857
Pink Vitamin C 1000 Mg Pink Lemonade Drink Mix,19,2,17,10.526315789473683
Original Bite Size Candies Natural & Artificial Flavors Fun Size,8,0,8,0.0
Holiday Sugar Plum Spice Herbal Tea,11,0,11,0.0
Super Plus Cardboard Applicator Unscented Tampons,15,2,13,13.333333333333334
Brazilian Keratin & Argan Oil Leave-In Conditioning & Styling Elixir,9,1,8,11.11111111111111
Dual Action Beta Immune and Anti-Oxidant Effervescent Citrus,7,2,5,28.57142857142857
Gluten Free Chicken Rustica Pizza,17,12,5,70.58823529411765
16 oz Cold Cups,168,113,55,67.26190476190477
Laundry Soil Stain Remover,31,13,18,41.935483870967744
Classics Baby Binks Easter Chocolate Bunny,4,1,3,25.0
Whole Grain Linguine Pasta,194,58,136,29.896907216494846
Light & Fit Strawberry Cheesecake Greek Nonfat Yogurt,214,124,90,57.943925233644855
International Cafe French Vanilla Mix,17,11,6,64.70588235294117
Garlic & Herb Fresh Goat Cheese,528,183,345,34.659090909090914
Mix-Up Flamin' Hot & Cheezy Mix Flavored Snack Mix,22,6,16,27.27272727272727
Red Jalapeno Caesar Dressing,6,2,4,33.33333333333333
Linguine Pasta,2748,937,1811,34.09752547307133
Sardines in Water Salt Added,15,9,6,60.0
2nd Foods Bananas,61,39,22,63.934426229508205
Italian Style Panko Breadcrumbs,226,61,165,26.991150442477874
Everyday Mega Pack Paper Plates,215,81,134,37.67441860465116
Dark Red Kidney Beans,2471,871,1600,35.24888709024686
Born Yesterday Pale Ale,9,2,7,22.22222222222222
"Ice Cream, Cookies & Cream",14,4,10,28.57142857142857
Vanilla Almond Breeze Almond Milk,30935,22542,8393,72.86891870050106
Organic Whole Granulation Roasted Buckwheat Groats,41,17,24,41.46341463414634
Beach Sage Liquid Fabric Softener,35,12,23,34.285714285714285
Dark Chocolate Raisins,76,35,41,46.05263157894737
Petite Brussels Sprouts,4831,2223,2608,46.01531773959843
Strawberry Cheesecake Nonfat Yogurt,8,4,4,50.0
Special K Vanilla Cappuccino Protein Breakfast Shakes,10,5,5,50.0
Crispy Cinnamon Pear Chips,10,3,7,30.0
Crossovers Olive Thyme Almond,4,0,4,0.0
Antioxidant Cranberry Body Wash,2,0,2,0.0
Sliced Chicken Entree Cat Food,72,51,21,70.83333333333334
Ultra Power Plus Laundry Detergent 54 loads,353,161,192,45.609065155807365
Special Recipe Italian Bread,101,61,40,60.396039603960396
Almond Honey Protein+ Bar,427,259,168,60.65573770491803
Blueberry Pomegranate Acaí Cultured Goat Milk Kefir,452,343,109,75.88495575221239
"Tea, Superflower, Hibiscus, Blueberry, Caffeine-Free, Bags",27,4,23,14.814814814814813
White Chicken Chili,8,4,4,50.0
Chips Ahoy! Chewy Cookies,1527,834,693,54.616895874263264
Chow Mein Thin Noodles,3,0,3,0.0
"Almond Spread, Dark Chocolate",9,2,7,22.22222222222222
Sleepytime Sinus Soother Herbal Tea,11,0,11,0.0
Hummus Wrap,50,31,19,62.0
Sloppy Joe Sauce,16,0,16,0.0
Ibuprofen Liquid Gels,853,302,551,35.40445486518171
Sparkling Blueberry,266,88,178,33.08270676691729
Whole Wheat Fig Bar,661,363,298,54.91679273827535
Total Advanced Floss Tip Medium Toothbrush,16,3,13,18.75
Honey Vanilla Greek Yogurt,2765,1785,980,64.55696202531645
Acai Dragonfruit Melon Green Tea,3,0,3,0.0
Sore Throat Wild Cherry Lozenges,7,0,7,0.0
Fiber 4g Gummy Dietary Supplement,45,8,37,17.77777777777778
Salt Free Seasoning,32,4,28,12.5
Liquid Water Enhancer Peach Green Tea With Ginseng & Honey,5,1,4,20.0
100% Natural Just Peaches,80,50,30,62.5
Old Fashioned Vegetable Beef Soup,101,43,58,42.57425742574257
"Soup, Lower Sodium, Organic, Split Pea",91,34,57,37.362637362637365
Kabocha Squash,141,69,72,48.93617021276596
Whipping Cream,96,35,61,36.45833333333333
Lite Beer,150,72,78,48.0
Half 'n Half Lemonade Tea,138,78,60,56.52173913043478
Fancy Diced Hot Chilies,23,5,18,21.73913043478261
Plastic Measuring Cups,3,0,3,0.0
Lavender Body Wash,8,0,8,0.0
Organic Reposado Tequila,6,2,4,33.33333333333333
Chub Mackerel,12,3,9,25.0
Naturally Aged Cheddar Cheese Block Hot Habanero,26,12,14,46.15384615384615
Organic Pitted Kalamata Olives,101,32,69,31.683168316831683
Most Wanted Cabernet Sauvignon Red Wine,24,13,11,54.166666666666664
Slow Churned Mint Chocolate Chip Ice Cream,837,346,491,41.33811230585424
Black Peppercorns,3020,468,2552,15.496688741721854
"Gentle Clean Foaming Face Cleanser, 6.7 fl oz Female Skin Care",28,11,17,39.285714285714285
"\""Constant Comment\"" Decaffeinated Black Tea Blend",72,27,45,37.5
Plain Greek Goat Yogurt,94,53,41,56.38297872340425
Country Stew Choice Cuts In Gravy Dog Food,22,11,11,50.0
Lowfat Raspberry Kefir Probiotic Cultured Milk Smoothie,1729,954,775,55.1764025448236
"Can/Bottle Opener, Chrome",13,0,13,0.0
Organic Orange Turmeric Juice,105,71,34,67.61904761904762
Dough for Turnover Pastries,30,8,22,26.666666666666668
Gin Gins Candy,12,1,11,8.333333333333332
Pompelmo Water,11,2,9,18.181818181818183
"Couscous, Israeli, Garlic Jalapeno",20,16,4,80.0
Pear and Blueberry Baby Breakfast,342,209,133,61.111111111111114
Yellow Cherry Tomato,3,1,2,33.33333333333333
Pure Cane Granulated W/Spout Sugar,450,112,338,24.88888888888889
Designer 9 Oz. Paper Cups,37,14,23,37.83783783783784
Mascarpone Pistachio Caramel Gelato,4,1,3,25.0
Daily Moisture Shampoo,201,53,148,26.368159203980102
Aspirin 325 Mg,24,5,19,20.833333333333336
Non-Scratch Scrub Sponges,1770,316,1454,17.853107344632768
Proactive Health Mature Adult Hairball Care Cat Food,40,28,12,70.0
"Frozen Desserts, Fit, Salted Caramel",511,305,206,59.68688845401174
Wild Rice Blend,68,23,45,33.82352941176471
Velveeta Shells & Cheese Bold Jalapeno,4,0,4,0.0
100% Natural String Cheese Mozzarella Cheese,39,18,21,46.15384615384615
Arrowroot Powder,38,7,31,18.421052631578945
Tikka Masala Curry Sauce,78,24,54,30.76923076923077
Freeze-Dried Edamame Veggie Snack,158,90,68,56.9620253164557
Starting Solids Carrots Organic Baby Food,51,15,36,29.411764705882355
Protein Blend Honey Oats & Seeds Cereal,8,1,7,12.5
Lecithin Granules Non-GMO,5,0,5,0.0
Multigrain Pop Cakes,289,194,95,67.1280276816609
Honey Maid Graham Cracker Crumbs,207,36,171,17.391304347826086
Freezer Safe Pint Jars Wide Mouth,68,3,65,4.411764705882353
Organic Lowfat Pomegranate Acai Kefir Probiotic Cultured Milk Smoothie,147,101,46,68.70748299319727
American Cheese Slices,1229,673,556,54.759967453213996
French Rolls,622,339,283,54.5016077170418
Turkey Meatloaf & Mashed Potatoes,112,45,67,40.17857142857143
Antioxidant Infusions Brasilia Blueberry,953,647,306,67.89087093389297
Sweet & Smokey Kansas City Bbq Sauce,22,5,17,22.727272727272727
Daily Shower Cleaner Ylang Ylang,436,109,327,25.0
Coffee Liqueur,274,90,184,32.846715328467155
Biotin & Collagen Shampoo,72,11,61,15.277777777777779
in Gravy with Carrots Peas & Corn Mashed Potatoes & Meatloaf Nuggets,45,23,22,51.11111111111111
Good & Clean Gentle Acne Wash,18,2,16,11.11111111111111
Alcohol Free Maple Flavor,10,0,10,0.0
Invigorating Face Wash Men,52,12,40,23.076923076923077
Tasty Treasures Cat Food Variety Pack,30,16,14,53.333333333333336
Essentials Foaming Facial Cleanser,28,2,26,7.142857142857142
7UP,177,120,57,67.79661016949152
Adult Dog Formula Dog Food,120,65,55,54.166666666666664
Unsalted Pretzel Round,17,11,6,64.70588235294117
Stuffed Pasta Shells,7,0,7,0.0
"Tomato Paste with Basil, Oregano & Garlic Flavor",14,7,7,50.0
Rescue Remedy,152,32,120,21.052631578947366
Belgian Waffles,334,180,154,53.89221556886228
Kosher Dill Babies,62,31,31,50.0
Take Alongs Twist & Seal Liquid Storage,4,1,3,25.0
Tri Color Tortilla Strips,126,48,78,38.095238095238095
Beef Strips Portabella Complete Meals,9,2,7,22.22222222222222
with Dawn Action Pacs Fresh Scent Dishwasher Detergent Pacs,214,45,169,21.02803738317757
Medium to Firm Hold Hair Styling Foam,12,3,9,25.0
Rice & Bean Snack Chips With Adzuki Beans Chipotle Cheese,27,17,10,62.96296296296296
Classic Original Hummus,561,288,273,51.33689839572193
Creamy Danish Blue Cheese Wedge,26,1,25,3.8461538461538463
Tomatillo Salsa,2926,1099,1827,37.55980861244019
1000 Roses Floral Toner for Sensitive Skin,21,3,18,14.285714285714285
Hi-Chew Strawberry Fruit,98,50,48,51.02040816326531
Cranberry Almond Fruit Clusters Dried Cranberries,38,14,24,36.84210526315789
"Granola, Veritas, Organic",39,17,22,43.58974358974359
"Riesling, Mosel, 2014",36,24,12,66.66666666666666
Organic Mango Peach Carrot Kickstart Smoothie,362,113,249,31.215469613259668
BBQ Concentrate & Marinade Sauce,13,7,6,53.84615384615385
Turkey Chili,1284,933,351,72.66355140186917
Even The Kitchen Sink Kitchen & Bath Scrubber,22,6,16,27.27272727272727
Bake & Break Cheese Garlic Loaf,5,1,4,20.0
Red Seedless Grapes Imported,324,144,180,44.44444444444444
Organic Raw Almond Butter,58,19,39,32.758620689655174
Cookie Chips Crunchy Dark Chocolate Chocolate Chip Cookies,28,6,22,21.428571428571427
Tea Temples Green Tea With Mint,29,13,16,44.827586206896555
Smoke Roasted Wild Sockeye Asian Sesame Salmon,6,2,4,33.33333333333333
Traditional Tartar Sauce,3,0,3,0.0
Pure Moringa Vegetable Powder,94,23,71,24.46808510638298
Embrace Sensitive Women's 5 Blade Disposable Razors,8,3,5,37.5
Light and Fluffy  Blueberry Pancake Mix,46,9,37,19.565217391304348
Organic Thin Sliced 100% Whole Wheat Bread,107,54,53,50.467289719626166
Malbec Red Wine,61,26,35,42.62295081967213
Artisan Style Melts Quattro Formaggi Pizza,64,7,57,10.9375
Golden Cupcakes 8 Pack,14,2,12,14.285714285714285
White Chicken Chili with Beans Pouch,4,2,2,50.0
Thin & Crispy Crust Pepperoni Pizza,65,37,28,56.92307692307692
Brown Bobby Pins,24,1,23,4.166666666666666
Red Roses,12,3,9,25.0
Crunch Vanilla Sugar Mini Cookies,3,0,3,0.0
Organic Medium Yellow Thai Curry,193,52,141,26.94300518134715
Vanilla Sugar Cookies,104,13,91,12.5
Liqui-Gels Softgels Dye-Free Allergy,141,23,118,16.312056737588655
"10\"" Bamboo Skewers",155,14,141,9.032258064516128
Stain Odor Eliminator Detergent,17,5,12,29.411764705882355
Washington State Merlot,14,2,12,14.285714285714285
Garnet Sweet Potato (Yam),6735,3539,3196,52.54639940608761
Lite Whipped Topping,84,38,46,45.23809523809524
Vanilla Incense of Auroville,14,2,12,14.285714285714285
Organic Blueberry Pomegranate Whole Milk Yogurt,184,116,68,63.04347826086957
Pretzel Thins Parmesan Herb Crackers,9,4,5,44.44444444444444
Geranium Daily Bar Soap,62,21,41,33.87096774193548
Air Effects Gain Island Fresh,36,4,32,11.11111111111111
Special K Original Cereal,1312,752,560,57.3170731707317
Salsa Roja,81,57,24,70.37037037037037
Almonds Roasted and Salted,51,23,28,45.09803921568628
Oreo Cookies and Cream Chocolate Frozen Dairy Dessert,55,25,30,45.45454545454545
SpongeBob Shapes Macaroni & Cheese Dinner,49,29,20,59.183673469387756
"Linguine, No. 6",204,73,131,35.78431372549019
Gluten Free Peanut Butter Berry  Chewy With A Crunch Granola Bars,817,428,389,52.38678090575275
Injera Flat Bread,71,55,16,77.46478873239437
Dailyfoods Vitamin D-3 2000 IU,8,2,6,25.0
Chicken & Brown Rice Formula Cat Food,44,26,18,59.09090909090909
Cabernet Sauvignon California,113,40,73,35.39823008849557
Floor Care Tile & Vinyl Floor Finish Clean Scent,9,2,7,22.22222222222222
Thick & Zesty Spaghetti Sauce Mix,100,51,49,51.0
Organic Crunchy Slaw Americana Salad,79,15,64,18.9873417721519
Banana Chocolate Chip,24,8,16,33.33333333333333
NasaFlo Neti Pot Sinus Relief with Premixed,34,0,34,0.0
Cookie Sheets,110,30,80,27.27272727272727
Natural Liquid Laundry Detergent - Blue Eucalyptus and Lavender,4258,2036,2222,47.815875998121186
Salted Caramel Ice Cream,112,33,79,29.464285714285715
Goober Strawberry,57,16,41,28.07017543859649
Sparkling Lemon Seltzer Water,23,11,12,47.82608695652174
Clarified Lime Juice,9,3,6,33.33333333333333
Mac & Cheezy Ravioli For Kids,27,13,14,48.148148148148145
Uncured Hard Salami,2147,1348,799,62.78528178854215
"Rice, Extra Long Grain, Enriched",70,24,46,34.285714285714285
"Infinity Always Infinity Size 2 Super Pads with Wings, Unscented, 16 ct Feminine Care",69,18,51,26.08695652173913
Plain Dairy-Free Probiotic Drinkable Cashewgurt,127,45,82,35.43307086614173
Supreme Pretzel Crackers,246,129,117,52.4390243902439
Silken Tofu,126,49,77,38.88888888888889
Organic Mozzarella,409,216,193,52.81173594132029
Apple Sparkling Juice Beverage,4,0,4,0.0
Spanish Peanuts,7,3,4,42.857142857142854
Norwegian Salmon Oil Omega-3s EPA & DHA Dietary Supplement Soft Gels 1000 mg,5,2,3,40.0
98% Fat Free Cream Of Chicken Soup,13,0,13,0.0
Fudge Brownies with English Walnuts,91,50,41,54.94505494505495
Fun Size Snacks,27,13,14,48.148148148148145
Chub Chorizo,26,3,23,11.538461538461538
"Chicken Breast Nuggets, Dinosaur Shaped",831,396,435,47.65342960288809
Organic Hearty Garden Vegetable Soup,662,364,298,54.98489425981873
Low Fat Honey Graham Crackers,16,6,10,37.5
Fresh Oj,13,2,11,15.384615384615385
Probiotics Women 50 & Wiser Vegetarian Capsules,54,25,29,46.2962962962963
Snack Size Candy,484,226,258,46.69421487603306
Original Puffcorn,147,86,61,58.50340136054422
Satin Care Sensitive Skin Shave Gel,49,11,38,22.448979591836736
Coconut Milk Creamer Barista Style Original,357,166,191,46.49859943977591
Organic California Blend,109,44,65,40.36697247706422
Little Bites Snickerdoodle Muffins,84,46,38,54.761904761904766
Red Raspberry Jam,29,3,26,10.344827586206897
Multigrain Peanut Butter Cereal,82,21,61,25.609756097560975
Won Ton Wrappers,52,16,36,30.76923076923077
Green Berry Rush Juice Drink,9,1,8,11.11111111111111
Spicy Tomato & Basil Pasta Sauce,402,154,248,38.308457711442784
Cheddar Cheese Curds,24,11,13,45.83333333333333
Three Cheese Ravioli,138,79,59,57.2463768115942
"Kidney Beans, Dark, Premium",49,21,28,42.857142857142854
Organic Southwestern Vegetable Soup,1199,587,612,48.95746455379483
"Prenatal One, Tablets",147,58,89,39.455782312925166
Organic Fruit Punch,41,23,18,56.09756097560976
Melanie Medleys Vegetable Cream Cheese,7,2,5,28.57142857142857
Elbow Macaroni,724,261,463,36.049723756906076
Classic coke,1212,763,449,62.95379537953796
Pop'n Hot! Vegan Broccoli Poppers,114,41,73,35.96491228070175
Organic Salted Butter,15035,8988,6047,59.780512138343866
Garden Strawberry Fruit Spread,12,4,8,33.33333333333333
"Flax, Oat Bran & Whole Wheat Flour Tortillas",175,127,48,72.57142857142857
Ultra Thin Super Long with Wings Pads,15,6,9,40.0
Fettucine Paglia & Fieno Enriched Egg Pasta,31,9,22,29.03225806451613
Biotin Super Strength 7500 mcg Tablets,3,0,3,0.0
"Nutrition Bar, Raw Organic, Pineapple Almond + Raw Protein",10,3,7,30.0
Keebler Sandies Cashew 12.8 Oz,43,34,9,79.06976744186046
Zero Strawberry Lemon,259,157,102,60.61776061776062
Foldit Flatbreads Artisan Rosemary & Olive Oil,14,6,8,42.857142857142854
Sweet Lemon Rain Dance Bar,17,10,7,58.82352941176471
Ultra Concentrated Antibacterial Hand Soap Lemon Scent Dishwashing Liquid,25,8,17,32.0
Pico De Gallo,836,337,499,40.311004784689
Cream Style Corn,182,51,131,28.021978021978022
Imitation Crabmeat,11,2,9,18.181818181818183
Whole Wheat Loaves,185,143,42,77.29729729729729
"Automatic Dish Packs, Lemon Verbena Scent",51,12,39,23.52941176470588
Chicken Liver Paté Canned Cat Food,123,81,42,65.85365853658537
The Santa Cruz Burrito,386,189,197,48.96373056994819
"Coconut Drink, Vanilla",31,18,13,58.06451612903226
Vegan Shells & Creamy Sauce Mac & Cheese Macaroni & Cheese Organic,600,197,403,32.83333333333333
Double Berry Cheesecake,3,0,3,0.0
Chicken Base,726,212,514,29.201101928374655
Sponge Blossoms,56,28,28,50.0
"Thin Cakes, Puffed Multigrain",125,85,40,68.0
Sunset Blush,27,6,21,22.22222222222222
Peach Aloe Vera Drink,144,100,44,69.44444444444444
Original Minis Pretzel Chips,28,7,21,25.0
Awesome Strength Paper Towels,40,20,20,50.0
Acne Dote Clean 'n Treat Towellettes,53,21,32,39.62264150943396
Whole Wheat Mini Toasts,4,1,3,25.0
Cruisers Diapers Jumbo Pack - Size 5,78,25,53,32.05128205128205
Town House Sea Salt & Olive Oil Flatbread Crisps,181,56,125,30.939226519337016
Organic Elmo Vegetable Soup,5,1,4,20.0
Organic Porcini Mushroom Risotto,148,60,88,40.54054054054054
Tea Tree + Sea Buckthorn Calming Shampoo,13,0,13,0.0
Cocktail Time Hummus,7,1,6,14.285714285714285
Sausage Gravy & Biscuit,10,3,7,30.0
"Antibacterial, Pomegranate & Tangerine Hand Soap with Moisturizer",25,4,21,16.0
Vegetable Hearty Garden Soup,27,10,17,37.03703703703704
Organic Promise Strawberry Fields Cereal,3151,1985,1166,62.99587432561091
Skirt Steak,90,35,55,38.88888888888889
Tropical Brain Toniq,18,11,7,61.111111111111114
Greek & Chia Blood Orange Yogurt,80,31,49,38.75
Diet Dr Pepper Bottles,682,502,180,73.60703812316716
Tea Tree Replenishing Shampoo,10,2,8,20.0
Quick Cooking Steel Cut Oats,432,200,232,46.2962962962963
Baby's Mineral Lotion Spf 50,19,3,16,15.789473684210526
Sugo Rosa Pasta Sauce,214,127,87,59.345794392523366
Jet Fuel Dark Roast Whole Bean Coffee,28,25,3,89.28571428571429
Blueberry Blast Bar,3,0,3,0.0
Cheese Spread Port Wine,194,96,98,49.48453608247423
Traditional No Fat Refried Beans,804,433,371,53.85572139303483
Outlast Xtend Clean Lavender Invisible Solid,10,1,9,10.0
Fajita Flour Tortillas,419,190,229,45.346062052505964
Furniture Polish Lemon Scent,12,1,11,8.333333333333332
XyliWhite Platinum Mint Toothpaste Gel,15,5,10,33.33333333333333
Unscented Regular Sleek Tampons,13,3,10,23.076923076923077
Soft Eating Mango Flavor Liquorice,29,15,14,51.724137931034484
Garlic Barrel Pickles,10,4,6,40.0
Vegetarian Brown  Gravy Mix,113,16,97,14.15929203539823
Direct Trade El Diablo Dark Roast Whole Bean Coffee,967,615,352,63.598759048603924
Pink Moscato California,34,3,31,8.823529411764707
Breakfast Blend Light Roast K-Cup Packs,774,480,294,62.01550387596899
Vitamin C Formula 1000 mg Vegetarian Tablets,7,0,7,0.0
Mouthwash Clean Mint Listerine® Zero™,48,25,23,52.083333333333336
Sweeper Open Window Fresh Scent Wet Mopping Cloths Refill,1474,536,938,36.36363636363637
Traditional Chicken Tuscany Soup,10,2,8,20.0
Scars Cream + SPF 30,4,0,4,0.0
Artisan Spiced Pecan Turtle Ice Cream,9,3,6,33.33333333333333
Sweet Chai of Mine Chai Tea Bags,4,0,4,0.0
Snack Sticks Chicken & Rice Recipe Dog Treats,656,399,257,60.82317073170732
Movie Theater Butter Pop Corn,706,276,430,39.09348441926346
Pods Spring Meadow Detergent + Stain Remover + Brightener,102,22,80,21.568627450980394
Ceylon Cinnamon,27,1,26,3.7037037037037033
Gluten-Free Boom Chicka Pop Sweet & Spicy Popcorn,422,214,208,50.71090047393365
HE Turbo Powder Original  Laundry Detergent,86,32,54,37.2093023255814
"Wraps, Turmeric",70,30,40,42.857142857142854
Superfood Bar Goji Acai Organic,23,9,14,39.130434782608695
Restorative Biotin Conditioner,111,32,79,28.82882882882883
Wild Mushroom Vegetarian Quarter Loaf,69,30,39,43.47826086956522
Lemon Fresh Multi Surface Cleaner,35,9,26,25.71428571428571
Cinnamon Pop'ettes,14,7,7,50.0
Salame All Natural Uncured Pepperoni,43,12,31,27.906976744186046
Four Cheese Pizza Frozen Sandwiches,146,81,65,55.47945205479452
"Beer, IPA",18,11,7,61.111111111111114
100% Whole Wheat Flour Burrito Tortillas,205,73,132,35.609756097560975
Almond Breeze Unsweetened Almond Coconut Milk Blend,649,407,242,62.71186440677966
Gourmet Australian Style Liquorice,23,8,15,34.78260869565217
Celery Heart,221,87,134,39.366515837104075
Bean Threads,20,12,8,60.0
Organic Raw Coconut Aminos,1203,411,792,34.1645885286783
Pepperoni Party Pizza,699,430,269,61.51645207439199
Organic Four Bean Feast Baby Food,317,161,156,50.78864353312302
Complete Funfetti Buttermilk Pancake & Waffle Mix,9,4,5,44.44444444444444
Honeydew Hawaiian Shampoo,14,3,11,21.428571428571427
Xylitol Sweetener,265,101,164,38.113207547169814
Romaine,39,18,21,46.15384615384615
Dark Chocolate Bar 68% Cacao,29,22,7,75.86206896551724
Marble Cake Slice,7,3,4,42.857142857142854
Clean Day Countertop Spray,12,1,11,8.333333333333332
Tomatillos Tomatoes,33,3,30,9.090909090909092
Milk Chocolate Toffee Bits,61,14,47,22.950819672131146
Hydro Silk Women's Sensitive Skin Refill Blades,14,2,12,14.285714285714285
Skim Milk sharp Cheddar Cheese Singles,231,123,108,53.246753246753244
Malt Vinegar & Sea Salt Kettle Cooked Potato Chips,191,124,67,64.92146596858639
Premium Deli Hard Salami,54,24,30,44.44444444444444
No Sugar Added The Original Fudge Pops,464,276,188,59.48275862068966
Pain Reliever and Fever Reducer Cherry Infant Drops,112,24,88,21.428571428571427
Cracker Trio Selected Favorites,679,229,450,33.726067746686304
Tidy Cats 4-in-1 Strength Cat Litter,6,3,3,50.0
100% Columbian Coffee,19,11,8,57.89473684210527
Lemonade Flavor Drink Mix,150,51,99,34.0
Classic Butter Microwave Popcorn,4,2,2,50.0
Swaddlers Diapers Jumbo Pack Size Newborn,116,36,80,31.03448275862069
Refried Beans Vegetarian,429,185,244,43.12354312354312
Organic Fiber Fruit Blend,20,2,18,10.0
Nacho Grain-Free Tortilla Chips,185,67,118,36.21621621621622
Sliced American Cheese,523,306,217,58.508604206500955
Preference Fade-Defying Color + Shine System 9.5NB Lightest Natural Blonde,6,1,5,16.666666666666664
Butter Flavor Pan Popcorn,197,73,124,37.055837563451774
Deluxe White Cheddar & Bacon Macaroni & Cheese Dinner,7,1,6,14.285714285714285
Double Control Small Roach Baits Insecticide,8,0,8,0.0
Organic 100% Whole Wheat Rigatoni,27,3,24,11.11111111111111
Organic Dried Cranberries,395,173,222,43.79746835443038
Fruit Salad Gummi Candy,30,10,20,33.33333333333333
Teensy Fruits Baby Fruit Snacks Berry,274,182,92,66.42335766423358
All Natural Homestyle California Lemon Limeade,707,385,322,54.45544554455446
Cat Treats Hair Ball Control Chicken,191,119,72,62.30366492146597
Breadstick,638,501,137,78.52664576802508
Organic Shredded Mild Cheddar,8326,5605,2721,67.31924093202018
"85% Lean, 15% Fat Ground Turkey (013021)",271,120,151,44.28044280442804
Mega Mag,4,0,4,0.0
Organic Vegetable Tray,248,71,177,28.62903225806452
Get Lost Weight Loss Tea,44,0,44,0.0
Thick Gel Toilet Bowl Cleaner,18,4,14,22.22222222222222
Coconut Lime Lip Balm,5,2,3,40.0
XXX Acai Blueberry Pomegranate,623,418,205,67.09470304975923
Ultimate Absorbency Regular Length,49,25,24,51.02040816326531
Garbanzo Beans,3700,1778,1922,48.05405405405405
Creamy Chocolate Sugar Free Powder Coffee Creamer,8,3,5,37.5
Organic Pasteurized Apple Juice,39,16,23,41.02564102564102
Organic Spinach Quinoa Powermeal Bowl,42,21,21,50.0
Pad Thai Rice Noodles,813,266,547,32.71832718327183
"Organic Fuel, High Protein Milk Shake, Vanilla",340,232,108,68.23529411764706
Chocolate Reese's Peanut Butter Cup Creme Oreo,51,12,39,23.52941176470588
Unstopables Downy Unstopables Dreams In-Wash Scent Booster Fabric Enhancer 13.2oz Fabric Enhancers,13,6,7,46.15384615384615
Mega Shower Foamer with Ultra Cling Trigger,54,2,52,3.7037037037037033
Fresh Cut Specialties Cut Golden Wax Beans,9,2,7,22.22222222222222
Organic Classic Caraway Kraut,10,1,9,10.0
Advanced Care Skin Renew Anti-Perspirant Deodorant,31,5,26,16.129032258064516
Organic Super Berry Juice,27,23,4,85.18518518518519
Heirloom Boysenberries,3,0,3,0.0
Ratatouille,9,0,9,0.0
Vitamin D3 1000 I.U Vegetable Capsules,27,7,20,25.925925925925924
100% Cranberry Juice Blend,86,41,45,47.674418604651166
For Chicken Marinade,15,8,7,53.333333333333336
Wild Raspberry Hibiscus Caffiene Free Herbal Tea Bags,12,2,10,16.666666666666664
Bolani Pumpkin Filled Flatbread,621,394,227,63.44605475040258
Organic Honey Mustard,2382,727,1655,30.520570948782538
Chocolate Decorating Cookie Icing,4,0,4,0.0
Healthy Grains Oats & Honey Clusters with Toasted Coconut Gluten Free,3842,1957,1885,50.93701197293077
Spinach Pesto,65,10,55,15.384615384615385
Trix Cotton Candy Yogurt,27,12,15,44.44444444444444
Orange Flavored Sports Drink,9,6,3,66.66666666666666
Calcium Lime & Rust Remover,109,8,101,7.339449541284404
3rd Foods Chicken Noodle Dinner,11,6,5,54.54545454545454
Micro Craft Beer,22,16,6,72.72727272727273
Totality Multi-Symptom Relief,26,3,23,11.538461538461538
Vanilla Almond Butter Squeeze,1240,697,543,56.20967741935484
Cranberry Urinary Tract Health,18,1,17,5.555555555555555
Spicy Jalapeno Ranch Popcorn,7,1,6,14.285714285714285
Refreshing Ocean Breeze Body Wash,314,121,193,38.53503184713376
Flourless Chocolate Truffle Cake,12,1,11,8.333333333333332
Cream Cleanser for Normal to Dry Skin,6,0,6,0.0
Original No-Stick Cooking Spray,72,16,56,22.22222222222222
Albacore Chunk White Tuna in Water,16,4,12,25.0
Euro Sponge Cloths,139,32,107,23.021582733812952
Compleats Good Mornings Bacon Breakfast Scramble,15,4,11,26.666666666666668
Skinny Wheat Buns,9,0,9,0.0
All Natural Premium Cornish Hen,68,18,50,26.47058823529412
High Protein Chocolate Light Milk Shake,9,6,3,66.66666666666666
Hearts Assortment,12,1,11,8.333333333333332
Single Classic Canned Meat,49,35,14,71.42857142857143
Lemon Verbena Bar Soap,52,26,26,50.0
Sliced Onion Bagels,238,146,92,61.34453781512605
California Merlot,514,232,282,45.13618677042802
"Goat Cheese, Spreadable, Breakfast, Fig",22,6,16,27.27272727272727
Glass Bottles,55,42,13,76.36363636363637
Coco Joe Pumpkin Seeds,12,4,8,33.33333333333333
Thick Cut Italian 7-Herb Blend Crispbreads,14,6,8,42.857142857142854
Sugar Free Fruit Juicy Red Drink Mix,20,6,14,30.0
Mountain Stream Fabric Softener,6,2,4,33.33333333333333
Polska Kielbasa,142,62,80,43.66197183098591
NyQuil Severe Cold & Flu,123,22,101,17.88617886178862
Apple Green Cups,28,7,21,25.0
Gluten Free Sugar Cookie Mix,15,1,14,6.666666666666667
"Cat Food, Premium, Adult Cat Formula",19,9,10,47.368421052631575
Blueberry & Banana Tiny Fruits Freeze Dried Snacks,238,105,133,44.11764705882353
Crunchy & Soft Taco Dinner Kit,94,45,49,47.87234042553192
Chile Con Queso Potato Crisps,7,0,7,0.0
Light String Cheese,898,550,348,61.24721603563474
Crunchy Granola Bars Variety Pack,387,157,230,40.56847545219638
Traditional Red Miso,159,26,133,16.352201257861633
Clamato Chelada Beer,17,9,8,52.94117647058824
Asiago Cheese Bread,24,9,15,37.5
Grilled Asparagus,589,292,297,49.57555178268252
"Pomegranate Coconut Sparkling Probiotic Drink, Organic",15,8,7,53.333333333333336
2-Ply Everyday Napkins,1479,695,784,46.991210277214336
Chicago Steak & Chop Cracked Pepper & Garlic Blend,22,1,21,4.545454545454546
Every Woman Multivitamin,15,3,12,20.0
Unsweetened Original Organic Soy Non-Dairy Beverage,9,2,7,22.22222222222222
ArtiHearts Fresh Grilled Artichokes,223,75,148,33.6322869955157
Stainless Steel Strainer,7,0,7,0.0
Automatic Toilet Bowl Cleaner Bleach & Blue Rain Clean Scent Pack,75,13,62,17.333333333333336
Flavor & Fiber Banana Walnut Bar,69,38,31,55.072463768115945
No Wax Floss Classic 490,9,1,8,11.11111111111111
Cleanse & Replenish 2-in-1 Shampoo,7,0,7,0.0
Organic Mango Mania ZFruit and Veggie Rope,80,33,47,41.25
Just Fruit Salad,17,7,10,41.17647058823529
Rose & Apricot Hair Milk,7,0,7,0.0
Power Greens,145,101,44,69.6551724137931
Graduates Lil' Meals Spaghetti Rings In Meat Sauce,199,139,60,69.84924623115577
Cherry Pie,240,74,166,30.833333333333336
Ginger Berry Kombucha,53,32,21,60.37735849056604
Vitamin B6 100 mg,6,1,5,16.666666666666664
Ultra-Filtered Whole Milk,1172,918,254,78.32764505119454
Moisturizing Lavender Body Wash,759,236,523,31.0935441370224
Baby Dry Diapers Size 4,107,48,59,44.85981308411215
Organic Smooth Move Chamomile Laxative Tea Bags,341,108,233,31.671554252199414
Heavy Duty Scrub Sponges,2324,679,1645,29.21686746987952
Fingerling Potato,4,0,4,0.0
Peanut Butter Chocolate Chip Bar,222,170,52,76.57657657657657
Dried Parsley Flakes,1002,87,915,8.682634730538922
Lunchmakers Pizza Pepperoni with Nestle Crunch Bar,29,15,14,51.724137931034484
Whole Grain Salad with Roasted Pecans & Mango Vinaigrette,24,12,12,50.0
Creamy Supreme Buttercream Frosting,16,0,16,0.0
Clean Freak Refreshing Dry Shampoo,170,42,128,24.705882352941178
Oatnut Bread,812,548,264,67.48768472906403
Organic Diced Tomatoes,21997,10468,11529,47.588307496476794
Liquid Water Enhance Ice Van Java,21,7,14,33.33333333333333
White Tea Lavender Probiotic Kefir Water No. 2,65,51,14,78.46153846153847
"Vitamin E Oil 45,000 IU",91,7,84,7.6923076923076925
Greek 100 Calories Vanilla Fat Free Yogurt,50,31,19,62.0
YoKids Squeeze Organic Blueberry Blue Yogurt,3478,2722,756,78.26336975273146
Children's Bubblegum Flavor Suspension,23,2,21,8.695652173913043
Pearl Active Duopack Tampons,9,0,9,0.0
Saucy Ginger Mandarin Dressing,158,42,116,26.582278481012654
Colby Jack Cheese Slices,58,27,31,46.55172413793103
"Fava Crisps, Santa Barbara Ranch",68,29,39,42.64705882352941
Dark Chocolate Peanut Candy,20,8,12,40.0
"Baked Rice Crisps, Sour Cream & Wasabi, Medium",3,0,3,0.0
Gluten Free Sugar Cones,304,142,162,46.71052631578947
"Tofu, Gluten Free, Garlic Pepper",123,94,29,76.42276422764228
Fish Oil with Vitamin D 1000mg,5,0,5,0.0
Chamomilla 30 C,23,10,13,43.47826086956522
Premium Sliced Bacon,2025,1123,902,55.45679012345679
Onion & Herb Salt-Free Seasoning Blend,59,15,44,25.423728813559322
Calcium Magnesium Citrate Plus Vitamin D3 Natural Mixed Berry Flavor,7,1,6,14.285714285714285
Nutri-Grain Harvest Hearty Breakfast Bars Country Strawberry,14,8,6,57.14285714285714
"Protein Shake, Organic, Banana Creme",80,53,27,66.25
Mushroom Stems & Pieces in Water,15,7,8,46.666666666666664
Dry Pasta Lasagne,781,121,660,15.492957746478872
"Cold & Cough Formula, Effervescent Tablets, Citrus",35,2,33,5.714285714285714
Ultra Soft & Strong Double Roll Bath Tissue,10,0,10,0.0
Majestic Roast Ground Coffee,11,7,4,63.63636363636363
All Time Great's Candy Assortment,44,7,37,15.909090909090908
Light Brie Soft-Ripened Cheese Mini-Wheel,71,21,50,29.577464788732392
Apricot Fruit Roll,38,24,14,63.1578947368421
Coconut Yogurt,3157,1957,1200,61.98923028191321
Black Salt Caramel Dark Chocolate Bar,159,58,101,36.477987421383645
Chipotle & Roasted Garlic Seasoning,9,1,8,11.11111111111111
Country Fresh Old Fashioned Horseradish,12,2,10,16.666666666666664
2 In 1 Laundry Detergent,8,3,5,37.5
Southern Style Diced Hash Brown Potatoes,327,81,246,24.770642201834864
Crispy Thin Crust White Pizza,281,112,169,39.8576512455516
"Cabernet Sauvignon, Central Coast, 2011",571,283,288,49.56217162872154
Chunky Classic Chicken Noodle Soup,737,346,391,46.94708276797829
New England Clam Chowder Condensed Soup,44,15,29,34.090909090909086
ULTRACLEAN™ Cool Mint ULTRACLEAN™,196,109,87,55.61224489795919
Lash Discovery Waterproof Mascara - Very Black,4,0,4,0.0
Vegetable Pie In A Pocket Sandwich,473,278,195,58.7737843551797
Roarin' Waters Wild Cherry Water Beverage,134,78,56,58.2089552238806
Mini Pre-Sliced Blueberry Bagels,26,15,11,57.692307692307686
Premium Apple Juice,287,153,134,53.31010452961672
Butterfinger Smooth & Crunchy Peanut Butter Cups,6,0,6,0.0
Buffalo Style Chicken Strips,391,182,209,46.547314578005114
"Disinfectant Spray, Crisp Linen Scent",138,31,107,22.463768115942027
Annie's Bunny Fruit Snacks Variety,2170,1048,1122,48.294930875576036
Bathroom Tissue,885,339,546,38.30508474576271
Smoked Atlantic Nova Salmon,1411,739,672,52.37420269312544
Echinacea & Elderberry Organic Herbal Tea,3,0,3,0.0
Magnesium Citrate Caplets,42,12,30,28.57142857142857
Vanilla Orange Swirl Ice Cream,9,0,9,0.0
Fruit Punch Juice Drink,1365,791,574,57.948717948717956
Seasonal Oikos Greek Yogurt,9,3,6,33.33333333333333
Cracker Crunchers Bologna with Nestle Butterfinger Bar LunchMakers,4,0,4,0.0
Superior Spot & Film Protection Jet-Dry Dishwasher Rinse Aid,23,2,21,8.695652173913043
Sensitive Shave Gel with Aloe,38,5,33,13.157894736842104
Toll House Ultimate Chocolate Peanut Butter Deluxe Cookie Dough,6,0,6,0.0
Vitamin D3 Cholecalciferol Softgels,29,5,24,17.24137931034483
"Flaxseed Meal, Whole Ground",782,139,643,17.774936061381077
Plain Fat Free Yogurt,32,13,19,40.625
Simple White Down East Crackers,8,3,5,37.5
Cheddar Chex Mix,197,86,111,43.65482233502538
Shampoo Baby Shampoo,15,1,14,6.666666666666667
Key Lime Moisture Shave,9,1,8,11.11111111111111
Almond Extract,68,3,65,4.411764705882353
Chicken & Vegetable Stir Fry Café Steamers,263,121,142,46.00760456273764
Villager Ipa,64,25,39,39.0625
Grape Sunflower Butter Sunwiches,475,231,244,48.63157894736842
Organic Roasted Garlic Vinaigrette Dressing Organic,71,17,54,23.943661971830984
Unsalted Beef Broth,28,9,19,32.142857142857146
Toothpicks,7,0,7,0.0
Maxtra Cartridge Water Filter Refills,2,0,2,0.0
Pear Hard Cider,38,9,29,23.684210526315788
Gluten Free Soft & Chewy Snicker Doodle Cookies,315,167,148,53.01587301587302
Zipper Bags Sandwich - 50 CT,238,68,170,28.57142857142857
Petite Green Peas,366,127,239,34.69945355191257
Salmon and Tuna Formula Dry Cat Food,152,72,80,47.368421052631575
Chicken Alfredo with Rotini,17,3,14,17.647058823529413
Linguine No 7 Pasta,1215,462,753,38.02469135802469
8 X 6 Cutting Board,5,0,5,0.0
Organic 54% Cocoa Dark Chocolate Bar,6,1,5,16.666666666666664
Creamy Vanilla Soy Milk Frozen Dessert,220,73,147,33.18181818181819
Cavity Protection Regular Flavor Toothpaste,65,19,46,29.230769230769234
Deli Spicy Brown Mustard,141,38,103,26.95035460992908
Mallow Oats Cereals,47,22,25,46.808510638297875
Odor Control Home Trash Compactor Bags 18 Gallon,93,64,29,68.81720430107528
Automatic Toilet Bowl Cleaner with Bleach,200,47,153,23.5
Garlic Naan,57,22,35,38.59649122807017
Aged Gouda Cheese,68,25,43,36.76470588235294
Strawberry Pomegranate,14,2,12,14.285714285714285
Cucumber Witch Hazel With Aloe Vera,40,3,37,7.5
Peanut Butter Bars,55,32,23,58.18181818181818
Crushed Pineapple in 100% Juice,16,3,13,18.75
Naturals Antiseptic Adult Mouthwash Herbal Mint,23,8,15,34.78260869565217
Cranberrry  Almond Soft & Chewy Granola Bar,15,6,9,40.0
Chapatti Chicken Tikki Masala Wrap,22,15,7,68.18181818181817
Diced Pancetta,551,218,333,39.56442831215971
Red Sweet Mini Pepper,23,10,13,43.47826086956522
Thin Crust Pepperoni & Pesto Pizza,16,3,13,18.75
Mild Diced Tomatoes with Green Chilis,15,1,14,6.666666666666667
Shake n Pour Buttermilk Pancake Mix,566,231,335,40.812720848056536
Sausage Smoked Sweet German Brand,146,83,63,56.849315068493155
Honey Cinnamon Nut-Thins  Crackers,168,85,83,50.595238095238095
Mini Double Chocolate Ice Cream Bars,98,54,44,55.10204081632652
Hot Chopped Green Chili,11,5,6,45.45454545454545
Original Organic Ville BBQ Sauce,293,96,197,32.76450511945392
Apricots,2610,1065,1545,40.804597701149426
Unseeded Plain Rye,40,19,21,47.5
All Natural Stevia Liquid Extract Sweetener,1,0,1,0.0
Organic Turkey Bone Broth,627,287,340,45.77352472089314
Vitamin E Moisture Rich Shampoo for Dry or Damaged Hair,282,81,201,28.723404255319153
China Green Tips Green Tea,463,204,259,44.06047516198704
Philadelphia Cream Cheese,3767,1969,1798,52.26971064507566
Baby Cookies Apple + Ginger,46,17,29,36.95652173913043
Red Rice Crackers,37,14,23,37.83783783783784
40 Watt Decorative Soft White  Light Bulb,12,2,10,16.666666666666664
Agar Agar Powder,7,1,6,14.285714285714285
Cranberry Grape Cocktail,14,4,10,28.57142857142857
Black Tea English Breakfast K-Cups,113,61,52,53.98230088495575
Poly-Vi-Sol® Infants And Toddlers Multivitamin Supplement Drops,18,6,12,33.33333333333333
Junior Juice Mixed Fruit Juice,3,0,3,0.0
Original Herbamare Infused Sea Salt,70,23,47,32.857142857142854
Classic Italian Grated Parmesan,46,5,41,10.869565217391305
Strawberry Banana Juice,1697,1070,627,63.05244549204478
Kids Organic Mashups Squeezable Fruit Strawberry Banana,36,18,18,50.0
Spicy Bbq Chicken Soup,8,2,6,25.0
"Penne Rigate, 100% Organic Einkorn",26,13,13,50.0
Ready to Eat Organic Flax Chia Blend,29,3,26,10.344827586206897
Marshmallow,263,76,187,28.89733840304182
Shea Butter Body Wash,25,8,17,32.0
Milk + Vanilla Toddler Cookies,57,22,35,38.59649122807017
Organic Fresh Basil,11930,6053,5877,50.737636211232186
Revitalizing Moisture Tropical Citrus Razor Kit,6,0,6,0.0
Organic Old World Flatbreads Pizza Crust,116,41,75,35.3448275862069
Organic Oat Bread,310,210,100,67.74193548387096
Heavy Duty Scour Pads,5,2,3,40.0
Hop Devil IPA,5,1,4,20.0
Cold Remedy Orange Cream Ultra RapidMelt,48,16,32,33.33333333333333
Fat Free Crumbled Feta,284,124,160,43.66197183098591
Rainbow Sherbet Ice Cream,18,13,5,72.22222222222221
Medium Soup & Salad Containers + Lids,249,51,198,20.481927710843372
Chamomile Citrus Caffeine Free Herbal Tea Artisan Whole Leaf Pouches,918,412,506,44.88017429193899
Clorox Stain Fighting + Cascade Cleaning Lemon Scent Action Pacs,68,17,51,25.0
Golden Potato Buns,172,64,108,37.2093023255814
24 Hour Allergy Relief Tablets For Adults,33,9,24,27.27272727272727
Free & Clear Unscented Refill Value Packs Baby Wipes,1117,625,492,55.95344673231871
Clean Linen Wax Melts Refill,14,6,8,42.857142857142854
Buffalo Milk Butter,44,31,13,70.45454545454545
Perfect Fit Facial Tissue,48,12,36,25.0
Organic Broccolini,60,10,50,16.666666666666664
Delights Classic Chicken And Cheddar Cheese Feast,10,3,7,30.0
Non Alcoholic Caramel Coffee Creamer,49,14,35,28.57142857142857
Mediterranean Blend Steamers,26,9,17,34.61538461538461
Cinnamon Sugar Butter Tub,45,15,30,33.33333333333333
Yogurt Cheese with Probiotic,239,165,74,69.0376569037657
Special K Protein Chewy Granola Bars Almond Honey Oat,39,17,22,43.58974358974359
Adrenal Health Liquid Capsules,39,12,27,30.76923076923077
"Silverware, Metallic",11,2,9,18.181818181818183
Curl Enhancing Shea Butter Leave-In Conditioner,13,3,10,23.076923076923077
Clean Cuisine Food Prep Disposable Gloves,28,7,21,25.0
Greek Kefir Honey,9,2,7,22.22222222222222
Naturals Grilled Chicken Nugget,14,1,13,7.142857142857142
Roasted Garlic Mashed Potates,27,17,10,62.96296296296296
"Basil, Asiago & Pine Nut Pesto Ravioli",1048,418,630,39.88549618320611
Pure Butter Shortbread Scottie Dogs,42,13,29,30.952380952380953
Signature French Vanilla Cake Mix,51,14,37,27.450980392156865
Black Cherry Premium Fruit Spread,17,10,7,58.82352941176471
Red Beans & Rice Cajun Sides,3,0,3,0.0
Fully Cooked Turkey Sausage Links,1014,558,456,55.02958579881657
Extra Dark Chocolate Baking Chips,2536,1350,1186,53.23343848580442
Greek Corner Blackberry & Raspberry Lowfat Yogurt,12,6,6,50.0
Freshmints,274,130,144,47.44525547445255
Chicken with Noodles Low Sodium Ready To Serve Soup,2,0,2,0.0
Heavy Duty Compostable Bowls 16 oz,155,68,87,43.87096774193549
Pork & Duck Live Mousse With Port Wine Topped With Aspic,49,18,31,36.734693877551024
100% Oatnut Bread,2895,2217,678,76.58031088082902
Spicy Chicken Breast Patties,55,35,20,63.63636363636363
Pils,243,148,95,60.90534979423868
Mini Treats Pretzels,7,0,7,0.0
Carving Board Oven Roasted Turkey,644,360,284,55.90062111801242
German Bologna,69,40,29,57.971014492753625
Kandy Bars Fudge Krunch,6,2,4,33.33333333333333
Yellow Corn Taco Dinner Kit,977,524,453,53.63357215967247
Security Super Plus Unscented Tampons,25,2,23,8.0
French Vanilla Creme Protein Energy Bars,125,80,45,64.0
One Plant-Based Mixed Berry Flavor Nutritional Shake Drink Mix,79,23,56,29.11392405063291
"Salad, Cobb",496,261,235,52.62096774193549
Complete Puppy Food,16,4,12,25.0
Ultimate Absorbency Long Pads,20,6,14,30.0
Reduced Fat Cheddar Cheese Slices,61,43,18,70.49180327868852
Light Ice Cream Vanilla,117,61,56,52.13675213675214
Sazon Con Azafran,7,1,6,14.285714285714285
Jack's Special Salsa Medium Hot,881,397,484,45.062429057888764
Sunrise Crunchy Cinnamon Cereal,423,209,214,49.40898345153664
Clorox Free and Clear Stain Fighter & Color Booster,44,16,28,36.36363636363637
"Coffee, Gourmet, All-Purpose Grind, Medium, 100% Colombian, Decaf",14,8,6,57.14285714285714
Shells & Real Aged Cheddar Macaroni & Cheese,7460,3694,3766,49.51742627345844
"Pennsylvania Woodlands, Mushroom Barley Soup Mix",11,2,9,18.181818181818183
PM Sleep Aid Plus Pain Relief,11,1,10,9.090909090909092
Iced Peach Tea,33,11,22,33.33333333333333
Kids Strawberry Yogurt Tubes,957,711,246,74.29467084639498
Sesame Ginger Marinade,8,3,5,37.5
9.5 pH Super Hydrating Purified Water,640,471,169,73.59375
Sonoma County Sauvignon Blanc,47,17,30,36.17021276595745
Organic Blackberry Blend Juice,105,84,21,80.0
Cuties Non Dairy Vanilla Frozen Dessert Sandwiches,1295,667,628,51.50579150579151
Balanced Breaks White Cheddar with Sea Salted Roasted Almonds and Dried Cranberries,239,135,104,56.48535564853556
Seasonal Tamale,7,3,4,42.857142857142854
Prepare And Serve Mashed Potatoes,3,0,3,0.0
Hickory Smoked Turkey Breast,2567,1897,670,73.89949357226334
Plain Yogurt,1079,765,314,70.89898053753475
Nag Champa Incense,111,51,60,45.94594594594595
Cranberry Almond Plus Antioxidants 1.4 oz Fruit & Nut Bars,389,188,201,48.329048843187664
No Scratch Scrubber Sponges,11,2,9,18.181818181818183
Hummus Roasted Garlic,75,22,53,29.333333333333332
Gluten Free Crispy Battered Haddock,49,10,39,20.408163265306122
Broccoli Carrots Sugar Snap Peas & Water Chestnuts,615,245,370,39.83739837398374
Plain Pre Sliced Bagels,105,64,41,60.952380952380956
Peach Sparkling Energy Water,620,444,176,71.61290322580646
Original Buffalo Wings Seasoning Mix,5,0,5,0.0
Half And Half Guayusa And Juice,22,10,12,45.45454545454545
Turkey Bologna,448,214,234,47.767857142857146
Tea Tree & Lavender Shampoo & Body Wash,29,1,28,3.4482758620689653
Turkey Bacon,5132,2731,2401,53.215120810600155
Ginger Chia Kombucha,270,131,139,48.51851851851852
Street Tacos,70,29,41,41.42857142857143
All American Flame Grilled Veggie Burgers,307,138,169,44.951140065146575
Wicked Fresh! Cool Peppermint Toothpaste,297,117,180,39.39393939393939
Linen & Lilies Laundry Detergent,149,78,71,52.348993288590606
Fruit Vegetable Mango Fruit Square,10,3,7,30.0
Multi-Symptom Relief Caplets,202,28,174,13.861386138613863
Very Vanilla Boost Plus Nutritional Drink,11,1,10,9.090909090909092
Estilo Casero Tostadas,71,30,41,42.25352112676056
Frizz Ease Curl Reviver Mousse,10,0,10,0.0
Chocolate Chip Granola Bars,37,11,26,29.72972972972973
Organic Family Recipe Chocolate Chip Cookies,123,60,63,48.78048780487805
Gluten Free Garbanzo & Fava Flour,168,14,154,8.333333333333332
70% Dark Chocolate,455,221,234,48.57142857142857
Homestyle Chicken Noodle Soup Bowl,298,145,153,48.65771812080537
Preference Fade-Defying Color + Shine System  LB02 Extra Light Natural Blonde,8,5,3,62.5
The Red ONe: Squished Fruit Smoothies,781,569,212,72.85531370038413
Yams Cut Sweet Potatoes In Orange Pineapple Sauce,15,1,14,6.666666666666667
Oil-Free Acne Wash,79,20,59,25.31645569620253
Cerveza Especial Imported Beer From Mexico,7,1,6,14.285714285714285
Pork Tenderloin,328,118,210,35.97560975609756
Whole Wheat Fresh Stack Crackers,481,227,254,47.19334719334719
Heat & Eat Organic Bowl Brown Rice,336,184,152,54.761904761904766
Apple And Pineapple,53,22,31,41.509433962264154
Crystal Rain Trigger Glass Cleaner,540,103,437,19.074074074074073
Kettle Corn Popcorn Chips,25,12,13,48.0
Chicken & Brown Rice Premium Dog Food,135,76,59,56.2962962962963
Imported Kalamata Olives in Vinegar Brine,27,7,20,25.925925925925924
Quality Kraut,63,18,45,28.57142857142857
"Pop Up Notes, 3\"" X 3\""",8,0,8,0.0
Oxy Power Degreaser Ultra Concentrated Dish Liquid,689,278,411,40.34833091436865
Fresh Blue Agave Gold Tequila,20,7,13,35.0
"AFC Sushi Spicy Salmon Roll Prepared In Store, Ready To Eat",35,17,18,48.57142857142857
Sesame Teriyaki Sauce & Marinade,231,68,163,29.43722943722944
Beach Defense Water + Sun Barrier Spray Sunscreen Spf 70,8,0,8,0.0
Coho Salmon Fillet,11,4,7,36.36363636363637
Pomegranate Blueberry Sparkling Water,677,407,270,60.118168389955684
Black Olive Walnut Bar,43,22,21,51.162790697674424
Semisweet Chocolate Super Cookie Chips,153,81,72,52.94117647058824
Wheat Sandwich Bread,1031,857,174,83.1231813773036
Mango Chunks,17699,9939,7760,56.15571501214758
PODS Laundry Detergent Spring Meadow Scent 16 Count  Laundry,263,101,162,38.40304182509506
Pinot Grigio,3235,2135,1100,65.9969088098918
Gourmet Cupcakes Filled With Sweet Vanilla Creme,49,12,37,24.489795918367346
Complete Skillet Meal For Two Chicken Parmigiana & Penne,19,4,15,21.052631578947366
"Freshener, Room & Fabric, Relax, Lavender with Vanilla",6,0,6,0.0
Whole Bean Organic Kick Ass Coffee,15,3,12,20.0
Lightweight Moisturizin Argan & Rosewater Face Lotion,13,0,13,0.0
Condensed Vegetable Beef Soup,213,107,106,50.23474178403756
2nd Foods Apple Peach Squash,21,10,11,47.61904761904761
"White Wine Winemaker's Blend California, 2010",99,43,56,43.43434343434344
Duke Medium Roast Cold Brew Coffee Concentrate,255,171,84,67.05882352941175
Tricolor Penne,13,5,8,38.46153846153847
Clear Bottle Brush,13,2,11,15.384615384615385
Organic Berry Fuel Energy Drink,293,197,96,67.23549488054607
Nature's Colors Decorating Sugars Sunflower Yellow,7,0,7,0.0
Organic Flax Oil,30,5,25,16.666666666666664
Creamy Chicken Orzo with Mixed Vegetables,28,7,21,25.0
Garlic Texas Toast,881,350,531,39.727582292849036
Italian Style Seasoned Bread Crumbs,137,37,100,27.00729927007299
Key West Pink Shrimp,11,1,10,9.090909090909092
Polar Ice Sugar Free Gum,222,155,67,69.81981981981981
Mesquite Uncured Salame,44,12,32,27.27272727272727
Mini Watermelon,3476,2069,1407,59.52243958573072
Chile Limón Flavored Potato Chips,21,6,15,28.57142857142857
Organic Black Seedless Grapes,408,196,212,48.03921568627451
Children's Allergy Relief,23,1,22,4.3478260869565215
Energy Tropical Citrus Vitamin Water Drink,1401,900,501,64.23982869379014
Original New Orleans Style Dirty Rice Mix,149,52,97,34.899328859060404
Natural Stone & Steel Cleaner,117,37,80,31.62393162393162
Indian Bites Samosa & Chutney Spiced Potato Pockets With Peas & Cilantro Chutney,320,153,167,47.8125
Manual Toothbrush,37,11,26,29.72972972972973
Tequila Reposado with Glass,250,130,120,52.0
Country Brand Chili with Beans,54,28,26,51.85185185185185
100% Organic Simple Seed Mix,51,9,42,17.647058823529413
Lite Sliced Pears in Extra Light Syrup,76,52,24,68.42105263157895
Natural Artisan Water,11110,8131,2979,73.18631863186319
Warming Balsam Fir Mineral Bath,44,27,17,61.36363636363637
Vegan Smart All-In-One Nutritional Shake Vanilla,18,7,11,38.88888888888889
"Plates, Ultra, 10-1/16 Inch",738,414,324,56.09756097560976
Tahitian Renewal  Body Wash,99,21,78,21.21212121212121
YoTot Organic Raspberry Pear Yogurt,1134,698,436,61.552028218694886
Vegetable Classics Vegetable Soup,732,278,454,37.97814207650273
Maxi Super with Flexi-Wings,24,6,18,25.0
Organic Whole Grain Oatmeal Cereal Baby Food,4376,2550,1826,58.27239488117002
Crunchy Organic Dark Roasted Peanut Butter,2683,1627,1056,60.64107342527022
Rain Bath Refreshing Shower Gel,173,96,77,55.49132947976878
Gourmet Nacho Cheddar Cheese Sauce,61,20,41,32.78688524590164
"Noodle Soup, Shin Cup, Gourmet Spicy",55,27,28,49.09090909090909
Garlic Primavera Risotto,84,15,69,17.857142857142858
Organic Roasted Dandelion Root Herbal Tea,512,186,326,36.328125
Pecan Sandies Simply Sandies,6,0,6,0.0
G2 Thirst Quencher Grape Electrolyte Beverage,193,87,106,45.07772020725388
Bites Cherry Candy,110,53,57,48.18181818181818
Coconut Nectar Elixir,96,47,49,48.95833333333333
Wild Berries Sore Throat Lozenges,71,5,66,7.042253521126761
Vinegar Balsamic,326,46,280,14.11042944785276
Kidz All Natural Baked Chicken Nuggets,7093,4248,2845,59.89003242633583
Dairy Free Gluten Free Mushroom & Roasted Garlic Pizza,493,186,307,37.72819472616633
"Select-A-Size Paper Towels, White, 2 Huge Rolls = 5 Regular Rolls  Towels/Napkins",4196,2161,2035,51.50142993326978
Buffalo Style Chicken Wrap,17,9,8,52.94117647058824
Grapes,374,182,192,48.663101604278076
Cherry Soft Drink,3,0,3,0.0
Mesa Rosa Chipotle Southwestern Smoky Blend,4,0,4,0.0
Air Effects With Gain Original Scent Air Freshener Spray,58,18,40,31.03448275862069
Cockroach Killing Bait Strips,4,0,4,0.0
Gochugaru Korean Chili Flakes,49,4,45,8.16326530612245
ChlorOxygen Alcohol Free Chlorophyll Concentrate Softgels,25,9,16,36.0
Salsa Hot,58,42,16,72.41379310344827
Organic Bold Original Cacao Superfood Drink,59,39,20,66.10169491525424
Turkey With Beans 98% Fat Free Chili,423,193,230,45.62647754137116
Restore Banana Kale Banana & Pineapple,25,6,19,24.0
M&M's Light Milk Chocolate Ice Cream,14,8,6,57.14285714285714
Organic Creme Fraiche,217,74,143,34.10138248847927
Thin Stackers Organic 5 Grain Puffed Grain Cakes,184,112,72,60.86956521739131
Baking Bar Ghirardelli 60% Cacao,410,94,316,22.926829268292686
Cream Top Smooth & Creamy Plain Yogurt,3465,2532,933,73.07359307359307
Refreshers Strawberry Lemonade Sparkling Green Coffee Energy Drink,405,257,148,63.456790123456784
Chocolate Mint Cookie Crunch Energy Bar,101,72,29,71.28712871287128
Sugar Free Hot Fudge Topping,5,0,5,0.0
Smoked Sea Salt & Rosemary Goat Cheese & Olive Oil Infusion,19,5,14,26.31578947368421
Original Hickory Grilled Dry-Rub Seasoning,13,4,9,30.76923076923077
Plain Better Than Cream Cheese,2681,1749,932,65.23685192092503
Strawberry Cheesecake Ice Cream,499,202,297,40.480961923847694
On The Go Fruit Punch Drink Mix,310,144,166,46.45161290322581
Royal Blue Decorating Icing,18,0,18,0.0
Organic Orange Bell Pepper,10518,5886,4632,55.961209355390764
All-Natural Irish Style Oatmeal,4,1,3,25.0
Cheese,85,39,46,45.88235294117647
Sloppy Joes Seasoning Mix,238,86,152,36.134453781512605
Face for Everyday Moisturize,30,1,29,3.3333333333333335
Blueberry Jam,30,11,19,36.666666666666664
Turkey Breast Oven Roasted,177,97,80,54.80225988700565
Whole Pickled Beets,23,7,16,30.434782608695656
Whole Coriander,25,1,24,4.0
93% Lean Ground Beef,201,80,121,39.800995024875625
Cranberry Splash Diet Soda,16,6,10,37.5
Old Fashioned Bar Shampoo Original Formula,7,0,7,0.0
Mini Strawberry Donuts,7,2,5,28.57142857142857
Organic Amaranth Flakes,110,51,59,46.36363636363636
Maple Almond Snack Pack,72,17,55,23.61111111111111
Jammin' Salmon Rub Spice Blend,7,0,7,0.0
"Curry Powder, Oriental",7,0,7,0.0
Old Fashioned Buttermilk Ranch Salad Dressing,160,50,110,31.25
The Big Cheez Ultimate Cheddar Microwave Popcorn,5,2,3,40.0
American Cheese Slices 12 Count,3450,1604,1846,46.492753623188406
Pitted Prunes with Orange Essence,26,10,16,38.46153846153847
Concentrated Dishwashing Liquid Dye & Fragrance Free,22,10,12,45.45454545454545
Lavender Multi-Purpose Cleaner,312,128,184,41.02564102564102
Angel Hair Nests No. 209,150,59,91,39.33333333333333
Heat-N-Go! Maple Burst'n Mini Pancakes,49,25,24,51.02040816326531
of Norwich Original English Mustard Powder Double Superfine,115,3,112,2.608695652173913
Asian Harvest Sliced Water Chestnuts,10,0,10,0.0
Light Fresh Scent Personal Wipes,6,1,5,16.666666666666664
Organic Raspberry Ginger,192,120,72,62.5
"Ramen, Reduced Sodium, Asian Vegetable",142,42,100,29.577464788732392
Slow Churned Caramel Delight Ice Cream Cup,18,7,11,38.88888888888889
Sparkling Sugar Bright White,8,1,7,12.5
Puppy® Complete Nutrition Dry Food for Puppies,23,10,13,43.47826086956522
Crème De Menthe Baking Chips,10,1,9,10.0
Reduced Sodium Salt Alternative,16,3,13,18.75
Ultimate Flora 80 Billion Probiotic Vegetable Capsules,28,7,21,25.0
Frozen Concentrate Non-Alcoholic Strawberry Daiquiri,4,0,4,0.0
Gold Antibacterial Hand Soap,128,33,95,25.78125
Green Onion,149,65,84,43.624161073825505
Organic Edamame & Mung Bean Fettuccine,29,6,23,20.689655172413794
Organic Dried Cranberries Apple Sweetened,219,115,104,52.51141552511416
Premium Quality Variety Rice,33,12,21,36.36363636363637
Apricot Preserve,5,1,4,20.0
Pearl Triple Pack Light/Regular/Super Absorbency Scented Tampons,322,91,231,28.26086956521739
Happy Hips Chicken & Oats Recipe Dog Food,3,1,2,33.33333333333333
Original Mint Baking Soda Toothpowder,49,10,39,20.408163265306122
Tangerine Mango Passionfruit Juice,9,2,7,22.22222222222222
Cucumber  & Aloe Vera Swim & Sport Shampoo & Wash,2,0,2,0.0
Gimme Steak Blend,10,3,7,30.0
Fresh Yeast,119,65,54,54.621848739495796
Red Zone Collection Deodrant - Pure Sport,68,14,54,20.588235294117645
Ultra Assorted Fruit Antacid Tablets,125,16,109,12.8
Sink Strainer,6,1,5,16.666666666666664
Strawberry Apple Sauce To Go Packs,13,6,7,46.15384615384615
Peach Slices in Heavy Syrup,16,7,9,43.75
Lavender Room Freshener,195,38,157,19.48717948717949
Black Cherry Gelatin Dessert,6,1,5,16.666666666666664
"Cereal, Panda Puffs, Peanut Butter",562,330,232,58.718861209964416
Natural Orange Flavor Liquid Sublingual Melatonin,12,2,10,16.666666666666664
Fruit & Yogurt Grabbers Peaches & Cream,23,13,10,56.52173913043478
Little Movers Comfort Fit Size 3 Diapers,15,6,9,40.0
Vintner's Reserve Johannisberg Riesling,12,3,9,25.0
Raisin Bran Whole Grain Wheat & Bran Cereal,245,116,129,47.3469387755102
"Tortilla Chips, Yellow Corn",9,1,8,11.11111111111111
Organic Coconut Flour,646,78,568,12.074303405572756
"Tooth Gel, with Xylitol, Kid's, Natural Bubble Gum",23,10,13,43.47826086956522
All Natural Whole Grain Blueberry Pancakes,110,70,40,63.63636363636363
Liquid Cleanser,151,33,118,21.85430463576159
Pineapple Orange Juice,54,19,35,35.18518518518518
Tortilla Strips Restaurant Style,2346,1066,1280,45.4390451832907
Pretzel,25,6,19,24.0
Orange Edition,5,2,3,40.0
Southern Sweet Potato Blend,11,4,7,36.36363636363637
Calming Comfort Baby Lotion,17,0,17,0.0
Muscle Recovery Green Tea,106,41,65,38.67924528301887
100% Recycled White Unscented Bathroom Tissue,275,131,144,47.63636363636364
"Dishwasher Detergent Pacs, Natural, Free & Clear",12,8,4,66.66666666666666
Plain Grade A  0% Fat Greek Yogurt,38,18,20,47.368421052631575
Cannellini White Kidney Beans,313,99,214,31.629392971246006
Vanilla Bean Natural Lowfat Yogurt,773,538,235,69.59896507115135
"Large 10.5\"" Midnight Blue Plateware",43,8,35,18.6046511627907
Classic Brown Gravy Mix,42,11,31,26.190476190476193
The Bee's Knees Honey Peanut Butter,180,89,91,49.44444444444444
Cherry Diet Soda,435,263,172,60.45977011494252
"Nutrition Bar, Dark Chocolate Pomegranate",76,49,27,64.47368421052632
Spiced Pumpkin Pie Energy Bar,83,25,58,30.120481927710845
Extra Soft Double Roll Bathroom Tissue,930,361,569,38.81720430107527
Green Tea Hand Wash With Soothing Aloe Vera,21,7,14,33.33333333333333
Gluten-Free Vegetarian Bean & Cheese Burrito,72,37,35,51.388888888888886
90 Calorie Chewy Bars Chocolate Peanut Butter,53,27,26,50.943396226415096
Spicy Ranch Salad Dressing,46,13,33,28.26086956521739
Stage 1 Just Butternut Squash Baby Food,1282,753,529,58.73634945397816
Ultra Power Plus Natural Dish Liquid Fresh Scent,172,58,114,33.72093023255814
"Yogurt, Sheep Milk, Strawberry",976,745,231,76.33196721311475
Prime Premium Black Beans,197,84,113,42.63959390862944
Xylitol,7,2,5,28.57142857142857
Organic Garlic Stuffed Green Olives,59,21,38,35.59322033898305
Complete Mint Flavor Satin Floss Twin Pack,70,14,56,20.0
Green Pickled Whole Jalapeno Peppers,11,3,8,27.27272727272727
Potato Crunch Fish Fillets,19,3,16,15.789473684210526
Organic Vegetable Glycerin Skin Care,4,0,4,0.0
"Merlot, Alexander Valley, Sonoma County, 2009",16,6,10,37.5
Freshly Crumbled Gorgonzola Cheese,161,64,97,39.75155279503105
Organic Raspberry Yogurt,1136,672,464,59.154929577464785
Strawberry Banana Fruit Juice Smoothie,146,73,73,50.0
Greek Yogurt Banana & Pumpkin,73,34,39,46.57534246575342
Sparkling Clementine Juice Beverage Blend,12,3,9,25.0
O'Coconut Lightly Sweetened Coconut Treat Classic,73,23,50,31.506849315068493
Lemon Lime Sports Drink,86,49,37,56.97674418604651
Matte Finish Firm Hold Fiber Cream,10,1,9,10.0
Honey Roasted Peanuts,674,339,335,50.29673590504451
AromaHappy Gel Air Freshener,3,0,3,0.0
"Sweet Potato, White Beans & Cinnamon Stage 2",778,448,330,57.58354755784062
Rich & Creamy Grand Neapolitan Ice Cream,148,74,74,50.0
Phillips Gourmet Portabella Mushroom,203,59,144,29.064039408866993
Organic Turmeric,2839,331,2508,11.659034871433603
Crunchy Peanut Butter,5139,2448,2691,47.635726795096325
Nonfat High Protein Mixed Berry Kefir,35,16,19,45.714285714285715
"Baking Mix, Brownie",31,3,28,9.67741935483871
Grapefruit Omega-3 Body Lotion,4,0,4,0.0
Organic Vanilla Chip Chewy Granola,2915,1718,1197,58.93653516295026
Mixed Bell Peppers,720,382,338,53.05555555555556
Splash Berry Blend Juice,385,228,157,59.22077922077922
Traditional Roast Ground Coffee,38,17,21,44.73684210526316
Pink Lady Apple,338,196,142,57.98816568047337
"Sauvignon Blanc, California, 2011",128,55,73,42.96875
Peanut Butter Chocolates,11,2,9,18.181818181818183
Flip Sides Pretzel Crackers,232,115,117,49.56896551724138
Organic Beef & Liver Premium Cat Food,5,1,4,20.0
100% Organic Whole Peeled Tomatoes,381,214,167,56.16797900262467
Organic Hass Avocado Bag,2174,1296,878,59.61361545538178
Disposable 5 Blade Razors,8,1,7,12.5
Buttermilk Biscuits,2691,1159,1532,43.06949089557785
Organic Lactose Free Strawberry Yogurt,1368,964,404,70.46783625730994
Dark Mint Chocolate Chip Protein Bars,139,99,40,71.22302158273382
VitaTops Deep Chocolate Muffin Tops,797,534,263,67.00125470514429
Extreme Clean Mint Zest Toothpaste,25,6,19,24.0
The Soothing Remover Cleansing Towelettes for Sensitive Skin,4,0,4,0.0
Tequila Blanco,254,154,100,60.629921259842526
Unstopables Fresh Premium Scent Booster with Softener Fabric Enhancer,16,4,12,25.0
Mang-O-Rita Margarita With A Twist,6,0,6,0.0
Yogurt Stellar Strawberry,10,5,5,50.0
Raw Coconut Cacao Bliss Butter,43,16,27,37.2093023255814
White Apple Cauliflower & Leek Organic Baby Food,424,195,229,45.990566037735846
Mozzarella Cheese Chunk,21,7,14,33.33333333333333
Cranberry Grape 100% Juice Blend,5,2,3,40.0
Sweeper Floor Mop Starter Kit,152,8,144,5.263157894736842
Town House Light & Buttery Original Oven Baked Crackers,510,235,275,46.07843137254902
Medium Salsa Organica,958,493,465,51.46137787056367
Diet Lemon Tea,643,451,192,70.13996889580093
Uncured Pepperoni Slices,57,24,33,42.10526315789473
Classic Seasoning with Lemon Skillet Crisp Tilapia,72,27,45,37.5
Sweet Potato (Yam),798,333,465,41.72932330827068
Wellness Formula Herbal Defense Complex,77,20,57,25.97402597402597
Ice Bag,4244,3005,1239,70.80584354382657
Reduced Fat Cream of Mushroom Condensed Soup,401,125,276,31.17206982543641
Banana Pudding,17,4,13,23.52941176470588
Relax Riesling,12,3,9,25.0
Plain Soymilk Creamer,2228,1834,394,82.31597845601436
Mint Teenage Mutant Ninja Turtle Mouthwash,11,6,5,54.54545454545454
Herba Tussin Tea Bags,4,0,4,0.0
Kids Soft and Chewy Candy,980,458,522,46.73469387755102
Vegan Nutritional Shake Sweet Vanilla Bean,1083,746,337,68.88273314866112
Veggie Spirals,32,7,25,21.875
Mini Cucumbers,7752,4752,3000,61.30030959752322
Dairy Free Coconut Milk Passionate Mango Yogurt Alternative,1088,642,446,59.00735294117647
"Family Style Pizza Dough, Classic Crust",3,0,3,0.0
"Hummus, Roasted Garlic",225,93,132,41.333333333333336
"Sauce with salt, spices and pepper Seasoning",19,5,14,26.31578947368421
Eggwhite Protein 100% Pure Powder,7,1,6,14.285714285714285
"Potato Pancake Mix, Vegetable",4,0,4,0.0
Premium Soy Sauce,11,0,11,0.0
Organic Caesar Dressing,1347,308,1039,22.865627319970304
2nd Foods - Green Beans,14,4,10,28.57142857142857
Nutri-Grain Crunch Chocolatey Chip Breakfast Bars,5,0,5,0.0
Spring Vanilla Cup Cake,8,0,8,0.0
Pearl Regular Unscented Tamponds,105,37,68,35.23809523809524
Canning Jar,17,3,14,17.647058823529413
Apple Quinoa Cinnamon Oatmeal Fruit Squeeze,204,121,83,59.31372549019608
100% Lactose Free Whole Calcium Enriched Milk,121,89,32,73.55371900826447
Light Buttermilk Ranch Salad Dressing,18,1,17,5.555555555555555
Real Ice Cream Peanut Butter Cup,13,7,6,53.84615384615385
Lemon Zest,326,159,167,48.77300613496933
Berries GoMega Smoothie Blend,392,256,136,65.3061224489796
Hawaiian Sweet Jalepeño Rolls,5,0,5,0.0
100% Natural Creamy Peanut Butter,509,266,243,52.25933202357563
Dry Roasted  Unsalted Peanuts,27,10,17,37.03703703703704
Original Citrus Tangy Punch,23,9,14,39.130434782608695
Organic Strawberry Yogurt,214,101,113,47.19626168224299
Jumbo Lump Crab Meat,16,3,13,18.75
Organic Italian Bread Crumbs,284,84,200,29.577464788732392
Regular Concentrated High Efficiency Bleach,27,4,23,14.814814814814813
Wild Cherry Juice Drink Blend Pouches,56,26,30,46.42857142857143
Skinny Girl Microwave Butter Popcorn,335,147,188,43.88059701492537
Men Clinical+ Clean Anti-Perspirant & Deodorant,71,31,40,43.66197183098591
Sparkling Probiotic Pomegranate Drink,582,373,209,64.08934707903781
Baby Dill,1277,439,838,34.37744714173845
Quinoa Cereal Honey Almond,7,2,5,28.57142857142857
Sea Salt Caramel Iced Coffee,12,1,11,8.333333333333332
Strawberry and Banana Fruit Puree,2221,1706,515,76.81224673570463
Feng Shui Rice Crackers Hot Wasabi,6,1,5,16.666666666666664
Light Pomegranate/Blueberry,56,23,33,41.07142857142857
Organic Olive Oil  Spray,1185,499,686,42.10970464135021
Organic Baby Lettuces,2144,1372,772,63.99253731343284
Optic White Fresh Mint Toothpaste,17,8,9,47.05882352941176
Firecracker  Ice Pops,384,122,262,31.770833333333332
Original Bobos Bites,482,331,151,68.67219917012449
Oops! All Berries Cereal,140,60,80,42.857142857142854
Lean Protein & Fiber Bar Honey Drizzle Peanut,506,308,198,60.86956521739131
Theraneem Neem Mouthwash - Herbal Mint,7,0,7,0.0
Coconut & Almond Candy Bar,13,6,7,46.15384615384615
Firm Pesto Tofu,101,82,19,81.1881188118812
Organic Caesar Premium Croutons,76,22,54,28.947368421052634
Banana Protein Kefir Nonfat Cultured Milk Smoothie Probiotic,17,6,11,35.294117647058826
Ice Pops Sugar Free Orange Cherry Grape,544,220,324,40.44117647058824
Gentle Glide 360 Ultra Absorbency,13,5,8,38.46153846153847
Restaurant Style Tortilla Rounds,222,88,134,39.63963963963964
Original Value Pack Sausage Patties,388,214,174,55.154639175257735
Gallon Freezer Reclosable Bags,73,12,61,16.43835616438356
Organic Milk,27992,22713,5279,81.14104029722779
Special k Protein Cereal,916,524,392,57.20524017467249
Original French Toast Sticks,237,158,79,66.66666666666666
Blended Breakfast Strawberry+Banana+Chia+Ancient Grains Superfood Smoothie,5,2,3,40.0
Mozzarella Ciliegine Fresh,842,437,405,51.9002375296912
Organic Peeled & Cooked Beets,5512,2912,2600,52.83018867924528
Royal Blend Brown and Red Rice,14,2,12,14.285714285714285
Elastic Bandage With Clips for Customized Compression,6,1,5,16.666666666666664
Gluten Free Brown Rice Crust Duo Cheese Pizza,213,126,87,59.154929577464785
Creamy with Wild Salmon & Whitefish Cat Food,43,25,18,58.139534883720934
Soft Frosty Lemon Cookies,58,27,31,46.55172413793103
"Wax Peppers, Sweet Banana",3,0,3,0.0
Light Body Fabric Finish Ironing Spray,17,7,10,41.17647058823529
Gummi Bears,487,238,249,48.870636550308014
Wild Mushroom Cauliflower Hempseed Burgers,45,19,26,42.22222222222222
Fat Free Ricotta Cheese,8,1,7,12.5
Jalapeno Dip,8,2,6,25.0
Ground Hazelnut Creme,11,5,6,45.45454545454545
Santa Fe Style Salad Cafe Bowl,484,316,168,65.28925619834712
Bath Tissue 1000 Sheets Per Roll,35,16,19,45.714285714285715
Pimento Martini Olives,705,275,430,39.00709219858156
Stool Softener & Stimulant Laxative Tablets,5,0,5,0.0
Pop-Tarts Frosted Strawberry Toaster Pastries,1538,883,655,57.41222366710013
Xlear Flouride Free Peppermint Toothpaste,81,37,44,45.67901234567901
Caesar Light Dressing,48,8,40,16.666666666666664
Dried and Unsulfured Organic Pineapple,71,30,41,42.25352112676056
Pimiento Stuffed Greek Olives,19,1,18,5.263157894736842
Organic Unsweetened Dark Chocolate Baking Chips,152,33,119,21.710526315789476
DailyAdvance Ultra Hydrating Lotion,12,3,9,25.0
Chocolate Instant Pudding & Pie Filling,255,58,197,22.745098039215687
Powder Bath With Hawaiian Kukui Oil Eucalyptus & Peppermint Scent,17,0,17,0.0
Petite Diced Hot with Green Chilies Tomatoes,71,18,53,25.352112676056336
Green Tea Triple Echinacea Tea Bags,70,9,61,12.857142857142856
Age Defying Resveratrol Q10 Night Repair Cream,23,2,21,8.695652173913043
Soft Caramels,17,9,8,52.94117647058824
Creamy Chicken & Dumplings Soup,899,440,459,48.9432703003337
Black Olive Spread,4,0,4,0.0
All Natural Chives,68,3,65,4.411764705882353
Mexican Blend,5,0,5,0.0
Acai Berry Lip Balm,5,0,5,0.0
Low Fat Cottage Cheese,2480,1444,1036,58.225806451612904
Goat Milk Cheese,140,95,45,67.85714285714286
Zero Calorie Fruit Punch Sports Drink,199,146,53,73.36683417085426
Sliced Baby Bellas Mushrooms,40,12,28,30.0
Positively Radiant Brightening Cleanser,16,1,15,6.25
Simply Delicious Gluten-Free Blissfully Berry Cereal,16,8,8,50.0
"Nibblers, Mini-Ears of Extra Sweet Corn-on-the-Cob",104,46,58,44.230769230769226
Movie Theater Butter Flavored Popcorn,7,0,7,0.0
2% Reduced Fat DHA Omega-3 Reduced Fat Milk,13397,10626,2771,79.3162648354109
Berry Flavor Children's Ibuprofen,3,0,3,0.0
Quick-Tie Strong Large 30 Gallon Trash Bags,48,14,34,29.166666666666668
Cracklin' Oat Bran Cereal,1273,801,472,62.9222309505106
"Preserves, Red Raspberry",60,20,40,33.33333333333333
Organic Acai Berry Smoothie Packs,4771,2416,2355,50.63927897715364
IncrediBites for Small Dogs With Real Beef Dog Food,68,41,27,60.29411764705882
Greens & Apple Organic Juice Blend,51,20,31,39.21568627450981
Thin Pizza Crust,405,154,251,38.02469135802469
"Rice Wine Vinegar, Seasoned",44,5,39,11.363636363636363
10 Grams Protein Cranberry Almond Instant Oatmeal,157,70,87,44.5859872611465
Steamers Cauliflower & Cheese Sauce,264,107,157,40.53030303030303
Organic Yellow Seed Mustard,34,5,29,14.705882352941178
Kettle Corn Popcorn,53,16,37,30.18867924528302
Borax All Natural Detergent Booster & Multi-Purpose Household Cleaner,496,164,332,33.064516129032256
60% Dark Stone Ground Chocolate,3,0,3,0.0
Gourmet Half And Half,13,1,12,7.6923076923076925
Sprinkles Decors,7,0,7,0.0
"Parsley, Italian (Flat), New England Grown",8736,3838,4898,43.93315018315018
Sage Honey,191,81,110,42.40837696335078
Air Effects Air Refresher Gain Moonlight Breeze,15,3,12,20.0
Deluxe Macaroni & Cheese Dinner,8,4,4,50.0
Organic 100% Juice Variety,33,16,17,48.484848484848484
10 Calorie Ginger Ale,147,89,58,60.544217687074834
Oxy Plus Power Degreaser Concentrated Dish Liquid,21,8,13,38.095238095238095
Flaked Tuna Feast Cat Food,468,317,151,67.73504273504274
Zip'n'Steam Medium Cooking Bags,32,6,26,18.75
Condensed Tomato Soup,88,30,58,34.090909090909086
Cauliflower head,50,21,29,42.0
Organic Southwest Taco Seasoning,1686,635,1051,37.66310794780546
Jumbo Grade A Eggs,1471,840,631,57.10401087695445
Mini Crispy Crabless Cakes,623,310,313,49.75922953451043
Sliced Ripe Olives,642,290,352,45.17133956386293
Active Hydrating Facial Moisturizer,8,0,8,0.0
"Healthy Grains Granola Bar, Vanilla Blueberry",604,295,309,48.841059602649004
Deluxe Red Raspberry Fruit Spread,1215,609,606,50.123456790123456
Cookie Bites Chocolate Chip Cookies,175,64,111,36.57142857142857
Organic Vanilla Soy Milk,46,29,17,63.04347826086957
Fragrance Free Original For Dry & Sensitive Skin Lotion,83,44,39,53.01204819277109
Mini Slant Pocket Tweezer,12,0,12,0.0
Nutri Grain Apple Cinnamon Harvest Bars,9,6,3,66.66666666666666
Nibs Cherry Candy,104,69,35,66.34615384615384
Seriously Sharp Cheddar Cheese Block,430,230,200,53.48837209302325
Salt Free Taco Seasoning Mix,37,15,22,40.54054054054054
Pierogi Potato & Cheddar,34,12,22,35.294117647058826
Wild Rice,697,239,458,34.28981348637016
Lite Blue Cheese Dressing,39,18,21,46.15384615384615
Beef Empanadas,209,132,77,63.1578947368421
Cherry Pomegranate Greek Yogurt,6858,5023,1835,73.24292796733741
Bag Of Ice,891,576,315,64.64646464646465
Original Shreds,3,1,2,33.33333333333333
Yellow Easter Basket Cakes,12,4,8,33.33333333333333
Hawaiian Breeze Aerosol Spray,115,27,88,23.47826086956522
Tomato Puree with Basil,40,16,24,40.0
Klondike Petite Potatoes,33,2,31,6.0606060606060606
Forty Spices Hummus,45,23,22,51.11111111111111
FreshMatic Ultra Fresh Waters Automatic  Spray Refill,23,10,13,43.47826086956522
Carpet Stain Eraser,21,3,18,14.285714285714285
Cold Shredded Chicken,67,48,19,71.64179104477611
Ranch Broccoli,39,14,25,35.8974358974359
Trading Company All Natural Black Bean Spicy Dip,118,53,65,44.91525423728814
Kids Purely Fun Detangler,11,1,10,9.090909090909092
Ultra Thin Regular Wrapped,55,18,37,32.72727272727273
Pepperoni Pizza Pockets,81,45,36,55.55555555555556
"Melba Toast, Classic",99,51,48,51.515151515151516
Cafe Domingo Coffee K-Cups,331,217,114,65.55891238670695
Unsweetened Whole Milk Peach Greek Yogurt,1922,1147,775,59.67741935483871
Apple Jacks Cereal,853,413,440,48.41735052754982
Sauce Oyster,109,8,101,7.339449541284404
High Performance Odor Elimination Power Rush  Clear Gel,4,0,4,0.0
Iced Tea with Lemon Flavor,365,227,138,62.19178082191781
Turkey Pepperoni Slices,1204,635,569,52.74086378737542
Complete Original Pancake & Waffle Mix,446,170,276,38.11659192825112
80 Calories & Delightful Wheat Hamburger Buns,5,0,5,0.0
Organic Poultry Seasoning,81,10,71,12.345679012345679
Brilliant Brunette Moisturizing Conditioner,33,14,19,42.42424242424242
S.O.S Steal Wool Soap,147,25,122,17.006802721088434
7 Ancient Grains with Hint of Sea Salt Crackers,94,59,35,62.76595744680851
100% Organic Hemp Seed Oil,25,4,21,16.0
Hershey Dark Chocolate Pretzel Dips,6,1,5,16.666666666666664
Redness Relief Cooling Eye Drops,18,5,13,27.77777777777778
Daily Moisture Conditioner,161,27,134,16.77018633540373
Scotch Reserve Scottish Smoked Salmon,48,19,29,39.58333333333333
Cheddar Bacon Mac & Cheese Flavored Potato Chips,10,2,8,20.0
Tradtional Hot Chocolate Mix,117,15,102,12.82051282051282
Anti Microbial Cotton Swabs,133,13,120,9.774436090225564
"Soy Sauce, Tamari, Organic, Gluten-Free, Less Sodium",30,8,22,26.666666666666668
"Maple Syrup, Organic",658,237,421,36.01823708206687
Cottonelle Fresh Care Flushable Cleansing Cloths,722,269,453,37.257617728531855
Mediterranean Orzo Salad,204,126,78,61.76470588235294
Loofah Body Scrubber,35,4,31,11.428571428571429
Death By Lavender Deodorant,76,29,47,38.15789473684211
Chocolate Fudge Ice Cream Bars,166,69,97,41.566265060240966
Harmony Travel Tin Candle Pure Lavender,56,5,51,8.928571428571429
Candy Dish Chocolate Assortment Candy Miniatures,108,50,58,46.2962962962963
"Yogurt, Coconut Non-Dairy, Low Fat, Blueberry",5,2,3,40.0
English Peas Pack,38,18,20,47.368421052631575
Disney Frozen Graham Crackers,5,1,4,20.0
"Egg, Uncured Bacon & Cheese Scramble Cups",156,83,73,53.205128205128204
S'mores Soft Baked Bars,47,24,23,51.06382978723404
Rice Vinegar 100% Natural,29,5,24,17.24137931034483
"Everything Bagel,kattle Boiled & Hearth Baked Slice",400,259,141,64.75
Lavender Mint Deodorant,11,0,11,0.0
Nibblers Corn on the Cob,348,103,245,29.597701149425287
Organic Light Sodium Creamy Sweet Potato Soup,8,2,6,25.0
Simply Granola,1019,533,486,52.30618253189402
Miracle 360°  Trainer Cup,10,1,9,10.0
"Lasagna, Vegetable, with Daiya Cheeze",1392,838,554,60.20114942528736
Lavender Seaweed Bath,6,0,6,0.0
Glazed Turkey Tenderloins,216,112,104,51.85185185185185
Organic Vitality Snack Chia Squeeze Strawberry Banana,520,311,209,59.80769230769231
11.5OZ PECAN COFFEE CK,8,0,8,0.0
Hot Nacho Sliced Jalapenos,15,4,11,26.666666666666668
Chocolate Cookies,6,2,4,33.33333333333333
Wild Alaskan Fish Oil 1000mg,10,2,8,20.0
Extra Virgin Sesame Cold Pressed Oil,5,0,5,0.0
Natural Odor Eliminating Air Freshener Lemon Raspberry,6,0,6,0.0
Orange Blossom Water,78,14,64,17.94871794871795
Migraine Caplets,87,23,64,26.436781609195403
Organic Chocolate & Cashew Live Food Bar,93,58,35,62.365591397849464
White Vinegar,789,297,492,37.6425855513308
"Skin Gel, Unscented",17,4,13,23.52941176470588
"Pancake & Waffle Mix, Almond Flour",486,234,252,48.148148148148145
One Top Tomato Pizza Sauce,89,46,43,51.68539325842697
Whole Cashews,81,29,52,35.80246913580247
Alive! Once Daily Multi Vitamin tablet,4,0,4,0.0
Turmeric Standardized 95% Curcuminoids Tablets - 60 CT,12,2,10,16.666666666666664
Teriyaki Chicken Flavor Chow Mein Noodles,56,19,37,33.92857142857143
Green Machine,766,295,471,38.51174934725849
Beyond Beef Fiesty Crumble,2433,1328,1105,54.582819564323884
Titanium Smooth Razors,15,3,12,20.0
Slow Kettle Southwest-Style Chicken Chili with Beans Soup,226,103,123,45.57522123893805
French Feta,610,274,336,44.91803278688525
Minis Size Chocolate Candy Bars Variety Mix,119,69,50,57.98319327731093
Creamed Corn,27,4,23,14.814814814814813
Smoked Ham Style Deli Slices,125,76,49,60.8
All-Natural Spice Rub Chicken,23,0,23,0.0
Chocolate Chip 1.4 oz Packs Cookies,309,187,122,60.517799352750814
Pretzel Snaps Bonus Bag,584,322,262,55.13698630136986
Simply Sensitive Cleansing Cloths,18,3,15,16.666666666666664
Go Bites Chocolate Graham Crackers,8,1,7,12.5
Marinara with Burgundy Wine,154,46,108,29.87012987012987
Organic Nibbly Fingers Stage 3 Bananas & Raisins,572,345,227,60.31468531468531
Black Truffle,44,17,27,38.63636363636363
Moderate Absorbency for Women  Underwear Large,6,0,6,0.0
Gentle Cleansing Milk,8,3,5,37.5
Kale & Quinoa Bites,6,0,6,0.0
"Double Superfine Mustard Powder, Original English",391,15,376,3.8363171355498724
Foil Baking Cups,18,2,16,11.11111111111111
Zinc Sunstick Spf30 - Coconut,4,0,4,0.0
Diced Peaches in Light Syrup Fruit Cups,483,244,239,50.5175983436853
Freshmatic Ultra Familiar Favorites Snuggle Fresh Linen Fragrance Automatic Spray Refill,6,0,6,0.0
Sausage Supreme Pizza with Fire Roasted Vegetables,69,37,32,53.62318840579711
Panama Extra Dark Chocolate,60,33,27,55.00000000000001
Low Sodium Veggie Natural Bouillon Cubes,146,50,96,34.24657534246575
100% Whole Grain Stone Ground Soy Flour,3,0,3,0.0
Refresh and Revive Dry Shampoo,18,5,13,27.77777777777778
Coconut & Pear Lip Balm,57,9,48,15.789473684210526
Simply Sea Salted Multigrain Snacks,32,15,17,46.875
"Dog Food, Adult, Lamb & Rice",116,80,36,68.96551724137932
Daily Multi-Purpose Mini Cups with Lids,75,37,38,49.333333333333336
English Cucumbers,15,2,13,13.333333333333334
Free Ride Hibiscus Brew Craft Brewed Kombucha,76,61,15,80.26315789473685
Moose Tracks Ice Cream,272,167,105,61.39705882352941
Thera Zinc Spray,21,8,13,38.095238095238095
Organic Raisin + Prune Baby Brekkie,12,6,6,50.0
Restorative Conditioner,11,1,10,9.090909090909092
French Lavender Body Lotion,56,11,45,19.642857142857142
Ultra Thin Crust Cheese Supreme Pizza,18,9,9,50.0
Men+Care Thickening Fortifying Shampoo,55,22,33,40.0
Premium Cut Green Beans,29,17,12,58.620689655172406
Pink Moscato,108,43,65,39.81481481481482
Toddler Chewable Children's Tablets Multivitamin Supplement,21,5,16,23.809523809523807
Stove Top Everyday Chicken Stuffing Mix,8,1,7,12.5
Clean Care 1-Ply Double Rolls Toilet Paper,649,367,282,56.548536209553156
Thai Style Spring Rolls with Sweet & Sour Sauce,52,16,36,30.76923076923077
Iodized Salt & Pepper Set,13,1,12,7.6923076923076925
Sea Salted Reduced Fat Potato Chips,1100,750,350,68.18181818181817
15 Grain Whole Grain Bread,2344,1559,785,66.51023890784982
Platinum Merlot,23,11,12,47.82608695652174
Choice Cuts In Gravy W/Beef Wet Dog Food,112,73,39,65.17857142857143
Organic Fair Trade 73% Dark Chocolate Bar,234,156,78,66.66666666666666
Natural Blue Eucalyptus & Lavender 42 Loads Liquid Fabric Softener,244,98,146,40.16393442622951
Chunky Chocolate Chip Cookies,418,225,193,53.827751196172244
Major Dickason's Blend Ground Coffee Dark Roast,5930,4011,1919,67.63912310286678
Honey Oat,71,57,14,80.28169014084507
Clean Breeze™ Fabric Softener Dryer sheets 105 count  Fabric Enhancers,23,9,14,39.130434782608695
Chick Pea Salad,7,0,7,0.0
Jumilla Red Wine,9,5,4,55.55555555555556
White Cheddar Popcorn,7788,4490,3298,57.6527991782229
Blarney Castle Smooth & Mild Gouda Style Cheese,34,6,28,17.647058823529413
Original Coconut Milk,848,491,357,57.90094339622641
Umeboshi Paste,32,2,30,6.25
100% Pure U.S. Honey,107,35,72,32.71028037383177
Disney Frozen Fruit Flavored Snacks,32,8,24,25.0
Reduced Sodium Worcestershire Sauce,122,11,111,9.01639344262295
3D White Foaming Clean Whitening Toothpaste,4,0,4,0.0
Dish Washer Liquid Detergent,19,1,18,5.263157894736842
Done Baby Wipes Cumber & Green Tea,418,193,225,46.172248803827756
Kombucha Gingerade,1712,1251,461,73.07242990654206
Beef Bulgogi With Brown Rice,256,81,175,31.640625
Pomegranate Blueberry Pistachio Plus Antioxidants Fruit & Nut Bar,1708,1006,702,58.89929742388759
100% Plant Protein Beastley Sliders,481,228,253,47.4012474012474
100% Cotton Swabs,70,9,61,12.857142857142856
Organic Honey Balsamic Dressing & Marinade,13,8,5,61.53846153846154
Baby Dry Pampers Baby Dry Diapers Size 5 78 Count Diapers,167,76,91,45.50898203592814
Very Dry Sherry,8,0,8,0.0
Broccoli Rabe Rapini Bag,5,0,5,0.0
Organic Ground Mustard Seed,340,12,328,3.5294117647058822
100% Pure Ginger Oil,5,0,5,0.0
Mirabelle Preserves Golden Plum,14,6,8,42.857142857142854
Fresh French Lavender Body Bar Soap,53,23,30,43.39622641509434
Lowfat 2% Milkfat Russian Yogurt,403,318,85,78.90818858560795
Coconut Lime Frozen Pop Dairy Free Gluten Free,21,6,15,28.57142857142857
Fix It Hot Or Mild Chili Kit,196,78,118,39.795918367346935
Fluoride Rinse - Mint,282,87,195,30.851063829787233
Poultry Variety Pack Cat Food,136,68,68,50.0
Organic Whole Wheat Stoneground Flakes Cereal,321,155,166,48.28660436137071
2% Lactose Free Milk,1762,1355,407,76.90124858115777
Dark Chocolate Layer Cake Mix,9,0,9,0.0
Terra Dolce Chiles Anchos,77,8,69,10.38961038961039
Organic Peach Pear Blueberry Apple Avocado,33,18,15,54.54545454545454
Mild Pineapple Salsa,6,1,5,16.666666666666664
"Diced Tomatoes with Chilies, Onion & Cilantro",19,4,15,21.052631578947366
Culinary Collection Monterey Jack Jalapeno Stuffed Pretzels,14,4,10,28.57142857142857
"Melatonin, Fast Dissolve, 5 mg, Tablets, Natural Strawberry Flavor & Sweeteners",64,21,43,32.8125
Popcorn Shrimp Oven Crispy,97,36,61,37.11340206185567
Johnson's White Baby Powder with Cornstarch,23,1,22,4.3478260869565215
Anaheim Peppers,15,2,13,13.333333333333334
Hawaiian Breeze Air Freshener Candle,50,24,26,48.0
Shea Butter,40,12,28,30.0
Onion Crispbread,10,4,6,40.0
Super Scoop Clumping Fragrance Free Cat Litter,185,131,54,70.8108108108108
Mint Chocolate Chip Protein Bar,1220,940,280,77.04918032786885
30 minute Marinade Honey Teriyaki,23,3,20,13.043478260869565
3 Oz Plastic Bathroom Cups,4,0,4,0.0
Teriyaki Beef Jerky,1448,886,562,61.187845303867405
Pasta Pick-ups - Cheese Ravioli,29,3,26,10.344827586206897
Organic Letter of the Day Oatmeal Cinnamon Cookies,1424,870,554,61.09550561797753
Simply Pure Hazelnut Coffee Creamer,10,0,10,0.0
Organic Orange Juice Concentrate,261,107,154,40.99616858237548
Mango Sorbet,2423,970,1453,40.0330169211721
Water Flosser Cordless,6,0,6,0.0
Folic Acid 400 Mcg,17,0,17,0.0
Dark Morning Joe Ground Coffee,75,37,38,49.333333333333336
Hawaiian Dinner Rolls,90,19,71,21.11111111111111
Organic Cashew Carrot Ginger Soup,1790,685,1105,38.26815642458101
Organic Clover Blossom Honey,20,11,9,55.00000000000001
Green Tea With Peach Tea Bags,4,0,4,0.0
Whole Wheat 100% Stone Ground Bread,61,21,40,34.42622950819672
Dry Gerwurztraminer,8,2,6,25.0
Homestyle Creamy Butter Instant Mashed Potatoes,67,19,48,28.35820895522388
Toasted Cheddar Ritz Chips,175,98,77,56.00000000000001
Unscented Body Soap,5,1,4,20.0
Reduced Sodium Beef Style Broth Concentrate,8,2,6,25.0
Maximum Strength Acid Reducer Cool Mint Tablets,88,29,59,32.95454545454545
Green with Citrus,118,56,62,47.45762711864407
Mango Lime Salsa,16,0,16,0.0
Walnut Spray Oil,4,0,4,0.0
Dark Chocolate Mint Candy,16,6,10,37.5
Pastry Variety Pack,31,18,13,58.06451612903226
Pomegranate Mineral Deodorant Roll-On,31,12,19,38.70967741935484
Whole Grain Extra Broad Noodles,12,4,8,33.33333333333333
Butter Pecan Ice Cream,1388,706,682,50.86455331412104
Caramel Macchiato Creamer,527,307,220,58.254269449715366
Thin & Crispy Margherita Frozen Pizza,194,84,110,43.29896907216495
Home Menu Beef with Broccoli,27,12,15,44.44444444444444
Pull-Ups Night‑Time Training Pants 2T‑3T,29,12,17,41.37931034482759
"Jam, Fig & Ginger",21,3,18,14.285714285714285
Maximum Absorbency Regular Length Incontinence Pads,39,26,13,66.66666666666666
"Highlighting Conditioner, Henna Gold",6,2,4,33.33333333333333
Dark & Mint Filled Chocolate Squares,504,289,215,57.341269841269835
Organic French Vanilla Almond Granola,1002,553,449,55.18962075848304
NUTrition Protein Mix Blueberry Nut,17,6,11,35.294117647058826
No Sugar Added Apple Butter,17,2,15,11.76470588235294
Cafe Carmelita Medium Roast Organic Coffee Beans,26,10,16,38.46153846153847
Thin Rice Noodles,1749,508,1241,29.045168667810177
Sugar Free Raspberry Preserves Sweetened with Splenda,133,46,87,34.58646616541353
Fruit Stem Cell Revitalize Serum,5,1,4,20.0
White Chocolate Peppermint,9,1,8,11.11111111111111
Sliced In Escabeche Jalapenos,3,0,3,0.0
Jarlsberg Cheese,16,2,14,12.5
"Citrus Beverage, Sparkling, with Natural Pulp",50,33,17,66.0
Vanilla  Almond Milk,95,41,54,43.15789473684211
Hot Roasted Green Salsa,10,0,10,0.0
Croissant,16,2,14,12.5
Antibacterial Soap Beige,10,2,8,20.0
Paso Robles Cabernet Sauvignon,30,19,11,63.33333333333333
Madagascar Vanilla Gelato Bars,35,15,20,42.857142857142854
3F Mixed Carrots Corn & Butternut Squash with Lil' Bits Purees Vegetable,11,3,8,27.27272727272727
Pomegranate Blueberry Pistachio Plus Antioxidants 1.4 oz Fruit & Nut Bars,174,78,96,44.827586206896555
Vitamin C-500 mg Tablets,8,1,7,12.5
Original Bagel Crisps Roasted Garlic,65,26,39,40.0
Baked White Cheddar Cheese Puffs,1805,1169,636,64.76454293628808
Organic Lemon Agave Ginger Super Juice,7,3,4,42.857142857142854
Strawberry Unsweetened Soft Drink Mix,15,6,9,40.0
Celery Seed,105,4,101,3.8095238095238098
Champagne,275,120,155,43.63636363636363
Slow Kettle Style Santa Fe Chicken Enchilada Soup With White Meat Chicken,17,8,9,47.05882352941176
Selected Italian Plum Tomatoes,30,13,17,43.333333333333336
Soft Honey Whole Wheat Bread,718,468,250,65.18105849582173
Sourdough Tomato Basil Cracker,15,8,7,53.333333333333336
Sodel Alm Mlk Wlnut 48,19,8,11,42.10526315789473
Austin's Own Goodflow Honey Green Tea,55,42,13,76.36363636363637
Parmigiano Reggiano Breadsticks,9,3,6,33.33333333333333
Outrageous Ginger Ale,38,22,16,57.89473684210527
Whole Grain Breaded Chicken Breast Chunks,113,50,63,44.24778761061947
Creamy Coconut & Peanut Spread,699,377,322,53.934191702432045
All Natural No Stir Creamy Almond Butter,2424,1193,1231,49.21617161716171
Organic Fusilli No. 34,146,57,89,39.04109589041096
Tropical Coconut Shampoo,33,14,19,42.42424242424242
Chocolate Mint Ganache Ice Cream Cones,265,162,103,61.13207547169811
Soft Eating Strawberry Flavored Licorice,378,218,160,57.67195767195767
"Frozen Desserts, Cookies and Cream",1455,865,590,59.450171821305844
Via Instant Ready Brew Pike Place Coffee,237,152,85,64.13502109704642
Spicy Jalapeno Cream Cheese Spread,975,633,342,64.92307692307693
Yams Cut Sweet Potatoes in Syrup,74,24,50,32.432432432432435
Organic Black Rice Noodles,87,41,46,47.12643678160919
Mint 72% Raw Cacao Chocolate Bar,10,1,9,10.0
Organic Almond Extract,698,49,649,7.020057306590258
Peach-Pear Sparkling Water,2878,1899,979,65.98332175121612
Moisture Milks Strawberries & Cream Moisturizing Conditioner,5,1,4,20.0
Zen Party Mix,70,30,40,42.857142857142854
Three Cheese Pasta Sauce,109,48,61,44.03669724770643
Caffeine Free Diet,601,422,179,70.21630615640599
Organic Steamable Mixed Vegetables,21,6,15,28.57142857142857
Original Low Pulp Orange Juice,24,9,15,37.5
All Natural Noodles,90,38,52,42.22222222222222
Deep Cleansing Toner Sensitive Skin Essentials Step 2,12,0,12,0.0
6-18 Months Natural Shape Orthodontic Silicone Pacifier,5,0,5,0.0
Raw Cacao Powder,292,87,205,29.794520547945208
Natural Free & Clear 70 Loads Laundry Detergent,13,0,13,0.0
Italian Meat Sauce,88,49,39,55.68181818181818
Tropical Pineapple Yogurt Alternative,20,3,17,15.0
Seedless Blackberry Jam,242,59,183,24.380165289256198
BoomChocoBoom Gluten Free Ricemilk Crunch Bar,499,313,186,62.725450901803605
Fondant & Icing,11,5,6,45.45454545454545
Rockin' Raspberry 3.1 Fl Oz,600,452,148,75.33333333333333
Ultra Fine Mist Aerosol Hairspray,52,11,41,21.153846153846153
Lasagna Bake with Meat Sauce,35,19,16,54.285714285714285
Mozzarella & Cheddar Cheese Twists Natural Cheese Snacks,56,34,22,60.71428571428571
Chef Blends Shredded 4 State Cheddar Cheese,88,56,32,63.63636363636363
"Fabric Softener Dryer Sheets, Outdoor Fresh scent",144,26,118,18.055555555555554
Pineapple Slices In Heavy Syrup,69,25,44,36.231884057971016
"1% Hydrocortisone Anti-Itch Cream, Tube Anti-Itch",64,9,55,14.0625
HPA Lanolin,4,0,4,0.0
Melon Liqueur,7,1,6,14.285714285714285
Toilet Bowl Cleaner Manual Fresh Scent,65,24,41,36.92307692307693
Chocolate Covered Peanuts,3,0,3,0.0
Invisible Solid Powder Fresh Antiperspirant/Deodorant,60,10,50,16.666666666666664
Sugar Ginger Snaps,39,15,24,38.46153846153847
Tuna Fillets in Olive Oil,937,541,396,57.73745997865528
Sparkling Lemon Ginger Black Tea,16,4,12,25.0
Mini Crunchy Vanilla Cookies,39,15,24,38.46153846153847
"Cookies, Ginger Snap",20,1,19,5.0
Organics Hawaiian Coconut Milk Facial Wash,36,6,30,16.666666666666664
9' Indoor White Extension Cord,6,0,6,0.0
Hearty Meals Beef Stew,316,173,143,54.74683544303798
Morning Sun Fabric Softener,32,14,18,43.75
Chipotle Black Bean Burger,313,140,173,44.72843450479233
Fish Sticks,461,197,264,42.73318872017354
Chewy Sandwich Peanut Butter & Chocolate Chip Granola Bars,12,0,12,0.0
Chocolate Protein Plus Smoothie,158,91,67,57.59493670886076
Men+Care Clean Comfort Dry Spray Antiperspirant,42,13,29,30.952380952380953
To Go Creamy Peanut Butter Cups,1706,1037,669,60.78546307151231
"Black Pepper, Medium Grind",14,4,10,28.57142857142857
"Juice Blend, Mega Antioxidant",160,101,59,63.125
"Peanut Butter, Creamy, No Salt Added",124,66,58,53.2258064516129
Seedlander Crispbreads,772,507,265,65.67357512953367
Olive Oil Rosemary Kettle Chips,99,67,32,67.67676767676768
Italian Style Meat Trio Pizza,65,24,41,36.92307692307693
Apricot Satin Shower Body Wash,56,6,50,10.714285714285714
Gelatin Free Snacks Natural Orange Gels,959,531,428,55.370177267987486
Immune Support Supplement Vitamin C Citrus,111,36,75,32.432432432432435
Gallon Storage Twist & Tie Bags,18,12,6,66.66666666666666
Sinusalia Sinus Relief,24,4,20,16.666666666666664
Fresh Cut Blue Lake French Style Green Beans,72,24,48,33.33333333333333
Reduced Sugar Dried Cranberries,135,52,83,38.51851851851852
Chunky Hearty Beef Noodle Soup,10,4,6,40.0
Organic Large Grade A Eggs,4739,3372,1367,71.15425195188858
Instant Coffee,2230,1189,1041,53.31838565022422
Baby's Vitamin D3,13,0,13,0.0
Chamomile Extract,6,1,5,16.666666666666664
Gluten Free Arrowroot Cookies,31,15,16,48.38709677419355
Orange Air Neutralizer,40,9,31,22.5
Organic Sensible Sipper Apple Juice,2435,1593,842,65.42094455852157
Yukon Gold Potatoes Bag,310,101,209,32.58064516129032
Organic Sweet Tea,104,53,51,50.96153846153846
Mini Carrots Bunch,7,1,6,14.285714285714285
Bath Laponge,31,5,26,16.129032258064516
Meringue Powder,4,1,3,25.0
Cookie Core Boom Chocolatta! Ice Cream,424,147,277,34.66981132075472
Chicken Noodle with Vegetables Soup,14,8,6,57.14285714285714
4 Pull-Apart Dipping Strips Pepperoni with Marinara Dipping Sauce Packet,26,8,18,30.76923076923077
Worcestershire Sauce,486,62,424,12.757201646090536
"Toothpaste, Fluoride-Free, Propolis & Myrrh, Fennel",80,30,50,37.5
Kiwi Spinach Peas & Green Apple,1013,591,422,58.341559723593285
Greek Blended Cherry Fat Free Yogurt,1,0,1,0.0
Gluten Free Pasta Penne Rigate,352,202,150,57.38636363636363
Feria Multi-Faceted Shimmering Color - 40 Deeply Brown,10,0,10,0.0
Peanut Butter Chocolate Chip Cookie Dough,138,54,84,39.130434782608695
Butter Pecan Super Moist Cake Mix,8,0,8,0.0
Organic 100% Whole Wheat Chiocciole,27,8,19,29.629629629629626
"Original Habanero Pepper Sauce, XXXTra Hot Sauce",78,28,50,35.8974358974359
Honey Pear Yogurt,114,72,42,63.1578947368421
Merlot Wine,114,88,26,77.19298245614034
Citrus Grove Vitamin C Drops,10,4,6,40.0
Original Medium Roast Coffee,81,59,22,72.8395061728395
Diet Mountain Zevia Soda,281,163,118,58.00711743772242
Platanos Maduros Ripe Plantains,31,12,19,38.70967741935484
Organic Montebello Farfalle Italian Pasta,10,5,5,50.0
Organic Super Hemp Hummus,22,6,16,27.27272727272727
Frozen Organic Red Raspberries,60,30,30,50.0
Long Grain Rice,312,130,182,41.66666666666667
Root Veggie Burger,561,273,288,48.663101604278076
2 In 1 Super Foam & Scrub Sponges,72,25,47,34.72222222222222
Cool Brew Peach Black Iced Tea,8,3,5,37.5
Organic Raw Cashew Butter,75,27,48,36.0
"Zucchini Squash, Baby Courgette",214,78,136,36.44859813084112
Chili & Lime All Natural Cantina Chips Organic,289,180,109,62.28373702422145
Happy Birthday Candles,90,3,87,3.3333333333333335
Soy Chorizo Vegetarian,242,138,104,57.02479338842975
Designer Bowl Brush & Caddy,16,0,16,0.0
Cheese Shredded Mozzarella Reduced Fat 2%,498,197,301,39.558232931726906
Whole Wheat Cookies Dark Chocolate,2396,1341,1055,55.968280467445744
"Diet Tangerine Lime Premium Soda, Zero Calories, Sugar Free, No Caffeine",158,130,28,82.27848101265823
Red Velvet Cake Slice,112,71,41,63.39285714285714
Beef Stew Meat,1454,489,965,33.63136176066025
Geranium Liquid Dish Soap,1851,696,1155,37.60129659643436
Organic 2% Reduced Fat Milk,23244,17968,5276,77.30166924797798
Sea Salt And Vinegar Roasted Corn,54,28,26,51.85185185185185
Aged White Wine Vinegar,1322,159,1163,12.027231467473525
Mango Premium Nectar,187,132,55,70.58823529411765
Natural Choice Uncured Hard Salami Gluten Free,48,20,28,41.66666666666667
BBQ Spiced Molasses,5,0,5,0.0
Natural Brown Cone Style Coffee Filters #4,68,8,60,11.76470588235294
Tulips 10 Stem,1356,697,659,51.40117994100295
Strawberry Twist Juice Drink,27,14,13,51.85185185185185
Amish Blue Cheese Wedge,18,7,11,38.88888888888889
Low Sugar Strawberry Preserves,297,142,155,47.81144781144781
La Cubana Meal,38,23,15,60.526315789473685
Pure Leaf Tea Unsweetened,212,107,105,50.47169811320755
Crispy Onions Garlic Pepper,35,12,23,34.285714285714285
Goat Cheese Pyramid,20,8,12,40.0
12 Ounce Plastic Bowls,81,24,57,29.629629629629626
Scallions,62,14,48,22.58064516129032
Fabric Softener Dryer Sheet Outdoor Fresh 160CT Fabric Enhancers,1543,551,992,35.70965651328581
Green Pepper Sauce,264,80,184,30.303030303030305
Original Biscuits for Large sized Dogs,33,13,20,39.39393939393939
Nonfat Light & Fit Blueberry Yogurt,38,16,22,42.10526315789473
Kombucha Beet,23,9,14,39.130434782608695
Chocolate Soy,211,159,52,75.35545023696683
Organic Pregnancy Tea,142,42,100,29.577464788732392
Lemon Pre-Moistened Wipes,121,42,79,34.710743801652896
Classic Baked Snack Crackers,85,57,28,67.05882352941175
Calcium 600mg + D3 Tablets,59,5,54,8.47457627118644
Big Spray & Play Volumizing Hairspray,13,2,11,15.384615384615385
Discreet Large Maximum Classic Cut Incontinence Underwear,22,14,8,63.63636363636363
Plain Cream Cheese,669,282,387,42.152466367713004
Chicken Enchiladas,588,234,354,39.795918367346935
Plum Jasmine Water,13,8,5,61.53846153846154
Havarti Cheese Dill,33,5,28,15.151515151515152
King Size Milk Chocolate Candy,102,29,73,28.431372549019606
Organic Yellow Mustard  Seed,74,9,65,12.162162162162163
Hand Cream Fragrance Free Norwegian Formula,55,20,35,36.36363636363637
Very emollient Mineral Sunscreen sport SPF 45,45,2,43,4.444444444444445
Macrobar with Granola And Coconut,14,9,5,64.28571428571429
Tender Favorites Tuna & Whole Shrimp Cat Food,30,16,14,53.333333333333336
Pure Coconut Milk,1809,633,1176,34.991708126036485
Oil-Free Acne Wash Daily Scrub Micro Clear,47,17,30,36.17021276595745
Organic Red Roasted Peppers,576,169,407,29.34027777777778
Steel Cut Quick Cook Oven Toasted Oats,65,16,49,24.615384615384617
Pure Coconut Water with Tropical Fruit,5,0,5,0.0
Splash Cooler,128,51,77,39.84375
Ready Crust Shortbread 9 Inch Pie Crust,11,1,10,9.090909090909092
Steamers Healthy Vision Vegetable Blend,112,41,71,36.607142857142854
Blackberry Lemonade,88,42,46,47.72727272727273
Original Sparkling Spring Water,50,28,22,56.00000000000001
Hard Candy Original Flavors Candy,123,37,86,30.081300813008134
Mellowcreme Pumpkins Candy,16,5,11,31.25
Organic Lemonade Fruit Juice Drink,194,128,66,65.97938144329896
Beef (101445) Summer Sausage,17,6,11,35.294117647058826
Cheesecake,405,176,229,43.45679012345679
Organic Gluten Free Quinoa Spaghetti,2078,831,1247,39.99037536092396
Gel Cleaner Bleach,66,9,57,13.636363636363635
"Soda, Cucumber",7,3,4,42.857142857142854
Moisturizing Shower Gel Vanilla,28,8,20,28.57142857142857
Unsweet Peach Sparkling Water,357,229,128,64.14565826330532
Organic Chicken Broth,11297,5287,6010,46.80003540763035
Premium White Chicken Breast Chunks,11,5,6,45.45454545454545
Casareccia,14,6,8,42.857142857142854
"The \""World's Best\"" Veggie Burger",2832,1533,1299,54.131355932203384
Easy Open Cap Ibuprofen,4,0,4,0.0
Calcium Gummies,131,52,79,39.69465648854962
Fresh Ground Turkey Breast,398,174,224,43.71859296482412
Creme Face Hair Remover Kit,10,3,7,30.0
Honeysuckle Liquid Soap for Hand & Body,155,55,100,35.483870967741936
"Apple, Carrot, & Spinach Super Smoothie",23,12,11,52.17391304347826
Sharp Cheddar Singles,205,87,118,42.4390243902439
Thirsty Ultra Big Roll towel White Vsa,808,399,409,49.38118811881188
Banana Peach & Raspberry,79,27,52,34.177215189873415
Smart Ones Classic Favorites Chicken Enchiladas Suiza,388,177,211,45.618556701030926
Sugar Free Chocolates,5,2,3,40.0
Low Fat Kefir Cultured Milk Smoothie Lowfat Probiotic Blueberry,2529,1591,938,62.91024120205615
Traditional 98% Fat Free,1462,588,874,40.21887824897401
Minzano Tomato,58,23,35,39.6551724137931
Organic Cherry Tomatoes On The Vine,82,24,58,29.268292682926827
Onion&Bacon Ketchup,9,3,6,33.33333333333333
Sparkling Grapefruit Seltzer,664,448,216,67.46987951807229
Organic Montebello Capellini Italian Pasta,10,4,6,40.0
Pearled Farro,147,45,102,30.612244897959183
Brut Cuvee Sparkling Champagne,604,327,277,54.13907284768212
Organic Stawberry Shortcake Sandwich Cookies,19,8,11,42.10526315789473
Organic Diced Tomatoes Fire Roasted with Medium Green Chilies,1822,608,1214,33.36992316136114
Special Bitter Premium Ale,6,1,5,16.666666666666664
Traditional Multipack,509,286,223,56.188605108055015
Whips! Peaches 'n Cream Flavored Lowfat Yogurt Mousse,51,31,20,60.78431372549019
Aspirin 325mg,40,9,31,22.5
Swirl Thick Slice Brown Sugar Cinnamon Bread,307,177,130,57.65472312703584
Apple Smoked Mozzarella Cheese,45,11,34,24.444444444444443
Regular Strength Liquid Gels,9,3,6,33.33333333333333
Chocolate Fudge Brownie Slices Ice Cream,4,0,4,0.0
"Smart Ones Egg, Sausage & Cheese Breakfast Wrap",191,123,68,64.3979057591623
Kettle Cooked 40% Less Fat Original Potato Chips,18,10,8,55.55555555555556
"Miniature Dog Treats, Chicken Formula",152,91,61,59.86842105263158
Mediterranean Scramble,12,6,6,50.0
O.Rosehip Hibiscus Tea,19,1,18,5.263157894736842
Green Tea with Ginseng and Honey,782,493,289,63.04347826086957
Raspberry Rain Shave Gel,79,25,54,31.645569620253166
Wrap Aluminum Foil Heavy Duty,336,72,264,21.428571428571427
Citrus Meadows Scent Disinfectant Spray,20,0,20,0.0
Salt Free Herbes De Provence Blend,14,3,11,21.428571428571427
Organic Cookies 'n Cream Ice Cream,943,493,450,52.27995758218452
Multi Surface Dusting Spray Lemon Zest,43,12,31,27.906976744186046
Multigrain Sandwich,12,8,4,66.66666666666666
Brown Sugar Hickory,29,3,26,10.344827586206897
Fudge Sticks Jumbo Peanut Butter Cookies,8,2,6,25.0
Natural Cranberry Sauce,24,3,21,12.5
Malbec Mendoza,37,8,29,21.62162162162162
Organic Berry Basket Blend,1310,549,761,41.908396946564885
Sunrise Crunchy Honey Cereal,299,158,141,52.84280936454849
"Potato Chips, Organic, Sea Salt",71,43,28,60.56338028169014
Organic Ground Coriander,244,6,238,2.459016393442623
Belgium Beer,874,440,434,50.34324942791763
Baby Cut Carrots Snack Size Bags,154,79,75,51.298701298701296
Beef Sirloin Tip Roast,29,9,20,31.03448275862069
Reduced Fat Swiss Deli-Thin Slices Cheese,426,276,150,64.7887323943662
4# Bag Navel Oranges,10,3,7,30.0
Biotin 1000 Mcg,3,0,3,0.0
Alphabet Cookies  Cinnamon Graham,8,4,4,50.0
Vanilla Maple Supershake,8,3,5,37.5
Good Life Organic Cherry Tomatoes,211,74,137,35.07109004739337
Fresh Ciliegine Mozzarella Cheese,2840,1522,1318,53.59154929577464
Toll House Dark Chocolate Morsels,688,237,451,34.44767441860465
Carb Smart Chocolate Ice Cream,69,34,35,49.275362318840585
"Body Wash, Nourishing, Classic Carrot Scent, For Normal to Dry Skin",3,1,2,33.33333333333333
Plus Cranberry Almond + Antioxidants with Macadamia Nuts Bar,3138,1902,1236,60.61185468451242
Greek Strawberry Yogurt,7,2,5,28.57142857142857
Salted Caramel Flavoring Syrup,6,1,5,16.666666666666664
Family Size Popcorn Shrimp,156,65,91,41.66666666666667
Bagels,13,2,11,15.384615384615385
Psyllium Husks Veg Caps 625 Mg,27,5,22,18.51851851851852
Tuna Salad with Crackers Snack,438,242,196,55.25114155251142
Sea Salt Melba Snacks,21,8,13,38.095238095238095
Serenity Ultimate Extrema Overnight Pads,87,81,6,93.10344827586206
Honey Smoked Sliced Turkey Breast,109,52,57,47.706422018348626
Light Frosted Amazon Flakes,469,238,231,50.74626865671642
Unsalted Pure Irish Butter,19846,13153,6693,66.27531996372065
Hommus Garlic Lovers,457,213,244,46.608315098468275
Original Aerosol Spray Starch Plus,8,3,5,37.5
Crispy Seasoned Potato Puffs with Roasted Garlic & Cracked Pepper,1416,671,745,47.38700564971751
Organic Valencia Orange,38,4,34,10.526315789473683
Lux German Style Lager,3,0,3,0.0
Red 2-Ply Dinner Napkins,18,5,13,27.77777777777778
Organic Grass Fed Whey Protein Unflavored,127,31,96,24.409448818897637
Sustainably Soft Bath Tissue,18231,10924,7307,59.91991662552795
"Crunchy Kale, Naked",569,244,325,42.88224956063269
Whole Wheat Pearl Couscous,298,97,201,32.5503355704698
100% Organic Chickpeas,128,51,77,39.84375
"Milk, Goat",218,181,37,83.02752293577981
Almond Nut & Rice Cracker Snacks,8775,5496,3279,62.63247863247863
Bengal Spice Herbal Tea,605,311,294,51.404958677685954
Neti Mist Sinus Spray,6,0,6,0.0
"Skin DeTox, Tea Bags",526,182,344,34.60076045627377
Apple Carrot & Pineapple Squeezable Fruit & Veggies,53,24,29,45.28301886792453
Anise Seed,13,0,13,0.0
Gallon Size Value Pack Storage Bags,243,67,176,27.572016460905353
Vegetable Burger Falafil Mix,13,1,12,7.6923076923076925
Natural Cane Turbinado Sugar,3606,1716,1890,47.587354409317804
Ultra Fusion Clean Lime Dish Detergent,12,0,12,0.0
Chicken & Mushroom Aussie Pies,222,97,125,43.69369369369369
Hash Browns Country Style,1170,449,721,38.37606837606838
ProteinPLUS Multigrain Penne Pasta,998,490,508,49.09819639278557
Healthy Kitten Formula Dry Cat Food,27,16,11,59.25925925925925
Salted Caramel Chocolate Cookie Dough,72,18,54,25.0
Earl Grey Decaffeinated Black Tea,316,165,151,52.21518987341772
Caramel Apple Filled Hard Candies,14,9,5,64.28571428571429
Pastured Eggs,976,681,295,69.77459016393442
Cat Litter Deodorizer with Activated Baking Soda,231,112,119,48.484848484848484
Green Bananas,385,263,122,68.31168831168831
Organic Cappuccino Protein Shake,168,74,94,44.047619047619044
"Peppercorns, Rainbow",16,2,14,12.5
Ultra Comfort Care Mega Roll Toilet Paper,534,283,251,52.99625468164793
Softly Facial Tissue,61,24,37,39.34426229508197
Slow Kettle Tomato & Sweet Basil Bisque Soup,259,91,168,35.13513513513514
Organic Maple & Onion Baked Beans,598,254,344,42.474916387959865
Natural Concord Grape Fruit Spread,72,21,51,29.166666666666668
Sweet Golden Potato Sandwich Buns,128,27,101,21.09375
Hollandaise Sauce Mix,181,56,125,30.939226519337016
Sauvignon Blanc,8246,5617,2629,68.11787533349502
Cheese Food Alternative American Flavor Slices,143,70,73,48.95104895104895
Super Scented Sport Tampons,5,0,5,0.0
Sensations Lemon and Pepper Seasoned Tuna Medley with Crackers,45,24,21,53.333333333333336
Cheese Ravioli,1798,866,932,48.16462736373748
Single Candle,5,1,4,20.0
Potato Blintzes,13,5,8,38.46153846153847
Salsa Con Queso,53,17,36,32.075471698113205
Authentic Recipe Guacamole,20,4,16,20.0
Sports Drink Tropical Infusion,32,18,14,56.25
Wasabi Peas,1048,581,467,55.43893129770993
All Natural Mediterranean Oregano,26,1,25,3.8461538461538463
Rosemary Olive Oil Bread,1400,901,499,64.35714285714286
Purina Beggin' Strips Dog Snacks Bacon Flavor,33,17,16,51.515151515151516
Count Chocula Cereal,16,5,11,31.25
5-Lettuce Mix,558,204,354,36.55913978494624
Dove Intensive Repair Shampoo,28,3,25,10.714285714285714
Granola Low Fat with Raisins,56,27,29,48.214285714285715
Whole Bay Leaves,176,4,172,2.272727272727273
Ruination Double India Pale Ale,35,27,8,77.14285714285715
Finely Shredded Cheddar Jack,60,22,38,36.666666666666664
Micro Brewed Cream Soda,680,382,298,56.1764705882353
Gourmet French Roast Ground Coffee,57,49,8,85.96491228070175
Rich & Hearty Steak & Roasted Russet Potatoes Soup,20,5,15,25.0
Doritos,435,157,278,36.0919540229885
Orange Flavor Vitamin C Gummies,4,0,4,0.0
Bread Original Crumpet,198,123,75,62.121212121212125
3D White Whitestrips Luxe Dental Whitening Kit,29,3,26,10.344827586206897
Water Crackers,143,73,70,51.048951048951054
Organic Vanilla Nut Herbal Coffee Alternative,34,11,23,32.35294117647059
"Sauvignon Blanc, Mendocino, 2007",225,131,94,58.22222222222222
Classic Vanilla Ice Cream Sandwiches,1123,490,633,43.63312555654497
Ultra Calming Makeup Removing Wipes,152,72,80,47.368421052631575
Sunflower Seed Bread,41,22,19,53.65853658536586
Homestyle Savory Chicken Bone Broth,1426,673,753,47.19495091164095
"Beauty Balm, All in One, Sheer Tint, with SPF 30",9,1,8,11.11111111111111
100% Organic Taco Seasoning,16,0,16,0.0
Detailer 2-Sided Shower Tool,36,16,20,44.44444444444444
#2 Cone White Coffee Filters,13,3,10,23.076923076923077
Chicken Flavored Stuffing Mix,5,1,4,20.0
Hard Cider Apple Ginger,19,7,12,36.84210526315789
Organic Gourmet Hazelnut & Fig Raw Chocolate Bark,5,1,4,20.0
Organic Wild Rumpus Avocado Babyfood,26,9,17,34.61538461538461
Organic Jammy Sammy Blueberry & Oatmeal Sandwich Bars,201,110,91,54.72636815920397
"Waffles, Sweet Belgian, Vanilla",1434,1024,410,71.40864714086472
Whitefish & Pike In Jelled Broth,13,6,7,46.15384615384615
Roarin' Waters Berry Flavored Water Beverage,19,10,9,52.63157894736842
Salt & Pepper Salmon Bar,81,21,60,25.925925925925924
Naked Pineapple Kale Coconut Water,44,19,25,43.18181818181818
Whole Grain White Hot Dog Rolls,53,24,29,45.28301886792453
Original Strawberry and Mixed Berry Variety Pack Low Fat Yogurt,284,183,101,64.43661971830986
Advanced Eye Relief Eye Wash,21,8,13,38.095238095238095
Oat Revolution! Thick & Hearty Apples & Cinnamon Instant Oatmeal,61,33,28,54.09836065573771
Soleil Bella Flexible Blades,21,6,15,28.57142857142857
Free Range Organic Brown Large Egg,20,0,20,0.0
Rich Chocolate Hot Cocoa Mix,150,61,89,40.666666666666664
Redenbacher Plain,175,52,123,29.714285714285715
Eye Drops for Contact Lenses,25,8,17,32.0
Natural Deli Slices Gouda Cheese,281,144,137,51.245551601423486
Crispy Mango Fruit,361,245,116,67.86703601108033
Angel Hair Pasta,6328,2573,3755,40.66055625790139
Sugar Free Power Peppermints,23,13,10,56.52173913043478
Angus Beef Hot Dogs,14,4,10,28.57142857142857
Meatless and Soy-Free Meatballs,197,87,110,44.16243654822335
Bare Naked Body Mist SPF 30,54,12,42,22.22222222222222
Sliced Carrots No Salt Added,27,15,12,55.55555555555556
Organic Harmony Blend Tri-Color,493,195,298,39.553752535496955
Strawberry Milk,882,616,266,69.84126984126983
Tubetti Rigati No 72 Pasta,53,13,40,24.528301886792452
Banana Low-Fat Greek Yogurt,46,27,19,58.69565217391305
Spicy Red Lentil Sauce,23,18,5,78.26086956521739
Cosmic Maple Masala Pecans,26,3,23,11.538461538461538
Bold & Crispy Zesties! Crispy Seasoned French Fried Potatoes,372,153,219,41.12903225806452
Complete Multi-Benefit Whitening+Scope DualBlast Fluoride Toothpaste Mint,3,0,3,0.0
Liquorice And Peppermint Tea Bags,42,15,27,35.714285714285715
Organic Rice Protein Vanilla Single,8,3,5,37.5
Deep Clean HE 66 Loads Detergent,6,1,5,16.666666666666664
Sparkling Pink Lemonade,8,2,6,25.0
Cold Brew Baridi Black,148,104,44,70.27027027027027
The Best Lip Balm Ever,42,6,36,14.285714285714285
Grape Licorice Twists,11,2,9,18.181818181818183
Stainless Steel Scrubbing Pads,72,7,65,9.722222222222223
98% Fat Free Condensed Soup Cream of Chicken,472,146,326,30.93220338983051
Mixed Fruit In Light Syrup,57,16,41,28.07017543859649
Milk Chocolate Dipped Marshmallows - 3 CT,4,1,3,25.0
3D White Arctic Fresh Toothpaste,1109,485,624,43.733092876465285
Crunch Mixed Nuts & White Chocolate Bar,8,2,6,25.0
Livewire Soda,7,1,6,14.285714285714285
Granola With Raisins,4,0,4,0.0
Rich Golden Layer Cake,19,5,14,26.31578947368421
Large Brown Grade AA Eggs,4325,3179,1146,73.5028901734104
Triple Enzyme Formula Spray Laundry Stain Remover,105,20,85,19.047619047619047
Complete Multivitamin Supplement Tablets for Children,63,27,36,42.857142857142854
Multi-Vitamin & Mineral Sour Gummy Bears,20,7,13,35.0
Power & Free Multi-Purpose Cleaner,172,40,132,23.25581395348837
Hairball Control Dry Cat Food,8,4,4,50.0
California Champagne,18,14,4,77.77777777777779
Tangerine And Lemongrass Room & Fabric Freshener,4,0,4,0.0
Fast-Max 2 Pack Day Time Severe Cold & Night Time Cold & Flu Liquid,3,0,3,0.0
Quartered And Marinated Artichoke Hearts,52,19,33,36.53846153846153
Daily Probiotic Supplement 250 mg Capsules,21,14,7,66.66666666666666
Single & Sparkling Natural Mineral Water,82,34,48,41.46341463414634
Natural Shape Orthodontic Pacifiers,4,0,4,0.0
Tangerine Flavor Slippery Elm Throat Lozenges with Rose Hips and Vitamin C,5,1,4,20.0
Mojo Bar® Dark Chocolate Almond Coconut,122,86,36,70.49180327868852
Angel Flake Sweetened Coconut,484,76,408,15.702479338842975
SunChips Mix variety,19,5,14,26.31578947368421
Family Recipe Oatmeal Chocolate Chip Cookies,21,9,12,42.857142857142854
Organic Frozen Mango Chunks,10584,5820,4764,54.98866213151927
Uncrustables Peanut Butter & Strawberry Spread Sandwich,1379,882,497,63.95939086294417
Power Source Grounding Strip Tap 6 Outlets,15,1,14,6.666666666666667
Whole Wheat Pita Pocket Bread 6 ct,215,87,128,40.46511627906977
Old World Style Meat Flavored Pasta Sauce,583,276,307,47.34133790737564
Natural Daily Clarify Shampoo,44,9,35,20.454545454545457
Lunchables Ham & Cheddar with Cracker Stackers,670,420,250,62.68656716417911
Peach Mango Green Tea Drink Mix,132,77,55,58.333333333333336
Fresh Scent Plus OxiClean Stain Fighters Liquid Laundry Detergent,57,33,24,57.89473684210527
Homemade Salted Butter,846,514,332,60.7565011820331
Vitamin C Super Orange Dietary Supplement,3012,1136,1876,37.71580345285525
Instant Carpet Spot Remover,93,18,75,19.35483870967742
Eggo Nutri-Grain Blueberry Waffles,1689,1186,503,70.21906453522794
Traditional Ricotta Cheese,22,9,13,40.909090909090914
Organic Ginger Lemonade,276,136,140,49.275362318840585
Mango Peach Goat Milk Yogurt Baby Food,142,76,66,53.52112676056338
Seasonal Flavor Rotation Hummus,11,4,7,36.36363636363637
Ultra Built Strong Paper Bowls,1425,825,600,57.89473684210527
Hydrate Plus Face Lotion,5,1,4,20.0
Kosher Dill Spears,106,58,48,54.71698113207547
Variety Pack Granola Bars,7,1,6,14.285714285714285
Powdered Grape Drink Mix,30,14,16,46.666666666666664
Milk Chocolate Giant Candy Bar,42,21,21,50.0
Ruby Port,8,0,8,0.0
Body Oil Fragrance-Free,5,0,5,0.0
Craisins Dried Cranberries Cherry Juice Infused,34,5,29,14.705882352941178
Chocolate Laurel Ice Cream,22,7,15,31.818181818181817
"Sesame Oil, Unrefined",31,11,20,35.483870967741936
Tissue Plus Lotion,254,139,115,54.7244094488189
Plus Antibiotic Brand Adhesive Bandages,116,30,86,25.862068965517242
Walnut Chocolate Chip Cookie Dough,39,17,22,43.58974358974359
"White Label Antiperspirant, Night",8,3,5,37.5
Rice Thins Rice Cakes Wholegrain,40,21,19,52.5
Light Agave Nectar,30,16,14,53.333333333333336
Chopped Collard Greens,113,52,61,46.017699115044245
"Arrabbiata Sauce, Hot",288,171,117,59.375
Milk Thistle Super Herb Tea,11,0,11,0.0
Lime Grain-Free Tortilla Chips,360,167,193,46.38888888888889
Brie Couronne,7,2,5,28.57142857142857
Dal Tadka Lentil Curry,6,1,5,16.666666666666664
Cider and Spice Juice,63,14,49,22.22222222222222
"Turkey Bar, Almond + Cranberry",746,452,294,60.58981233243968
Grapeseed Oil Vegenaise,895,439,456,49.050279329608934
Match Light Instant Charcoal Briquets,92,23,69,25.0
Peppermint,1934,668,1266,34.53981385729059
Sweet Mint Gum,98,56,42,57.14285714285714
Mammoth Pecan Halves,64,35,29,54.6875
Chicken Apple Sausage Egg White Breakfast Burrito,1373,833,540,60.67006554989075
Organic Sweet Mesquite Powder,8,0,8,0.0
Canine Cuisine Wet Dog Food Grilled Chicken Top Sirloin,180,131,49,72.77777777777777
Old No 7 Tennessee Whiskey,311,148,163,47.58842443729904
"Olive Oil, Extra Virgin, Organic",10,1,9,10.0
Ultra Downy Free & Gentle Liquid Fabric Conditioner 51 FL oz. Fabric Enhancers,530,267,263,50.37735849056604
Citrus & Light Multi-Purpose Cleaner With Febreze,14,1,13,7.142857142857142
"Macaroons, Dark Cacao",187,98,89,52.406417112299465
100% No Cholesterol Safflower Oil,32,7,25,21.875
Xylitol Spearmint Gum Bottle,25,5,20,20.0
Vegan Hot Chocolate,4,0,4,0.0
Cream Cheese With Jalapeño,12,8,4,66.66666666666666
Hydrating Mist,6,0,6,0.0
Real Coco Aloe Vera Drink,60,29,31,48.333333333333336
Quick 5-Minute Grits,54,15,39,27.77777777777778
3 Cheese Horn,19,7,12,36.84210526315789
Probiotic Supplement Capsules,15,5,10,33.33333333333333
Shoestring Beets,21,6,15,28.57142857142857
Quart Storage Reclosable,6,0,6,0.0
Apricot Nectar,59,17,42,28.8135593220339
Yellow Bell Pepper,25459,13777,11682,54.114458541183865
"Notebook, 3 Subject, College Rule, 120 Sheets",7,1,6,14.285714285714285
Cool Essentials Anti-Perspirant Deodorant,68,13,55,19.11764705882353
"Muffins, Mini, Flax, Chocolate Brownie",2754,2111,643,76.65214233841685
Chocolate Chip Peanut Butter Creamie,36,21,15,58.333333333333336
Cafe Steamers Rosemary Chicken & Sweet Potatoes,27,12,15,44.44444444444444
Beef Loin Porterhouse Steak,67,36,31,53.73134328358209
Cheddar + Roasted Tomato Baked Potato Chips,18,6,12,33.33333333333333
Non Scratch Dishwand Refills,6,2,4,33.33333333333333
Vanilla Frozen Dairy Dessert Sandwiches,247,127,120,51.417004048582996
Baby Persian Cucumbers,964,598,366,62.03319502074689
VentAire Wide Bottle,5,1,4,20.0
Pro-Health All-In-One Medium Toothbrushes,7,1,6,14.285714285714285
Bubblemint Gum,24,16,8,66.66666666666666
Organic Ground Flaxseed,2544,669,1875,26.297169811320753
Perfecto,171,88,83,51.461988304093566
Essential Greens with Lime Vegetable and Fruit Juice Blend,1145,735,410,64.19213973799127
Organic Miso Ginger Dressing,145,40,105,27.586206896551722
Butter Croissants,4,0,4,0.0
Whole Milk Ricotta Cheese,10434,4024,6410,38.566225800268356
Pullman Green Leaf Salad,84,18,66,21.428571428571427
Super Colossal Pimento Stuffed Spanish Queen Olives,151,56,95,37.086092715231786
Grands! Original Reduced Fat Flaky Big Biscuits,49,14,35,28.57142857142857
Japanese Organic Kukicha Twig Tea,3,0,3,0.0
Classic Roasted Chicken Stock,71,19,52,26.76056338028169
Original Sambucus Elderberry Syrup,286,130,156,45.45454545454545
Orange Halo,95,30,65,31.57894736842105
All American Classic Made with Non-GMO Soy Veggie Burgers,759,391,368,51.515151515151516
Rich Chocolate Flavored Milk Mix,177,85,92,48.0225988700565
Pull‑Ups Boys Learning Designs Training Pants 3T-4T,7,0,7,0.0
Hippie Hemp Truffles,17,2,15,11.76470588235294
Organic Blueberry Waffles,8202,5484,2718,66.86174103877103
Gourmet Naturals Classic Butter & Sea Salt Microwave Popcorn,340,163,177,47.94117647058824
Traditional Style Feta,57,23,34,40.35087719298245
Whole Grain Chicken Breast Strips,18,5,13,27.77777777777778
Prostate +,5,0,5,0.0
Complete Omega Lemon Softgels,6,0,6,0.0
Low Carb Whole Wheat Large Tortillas,292,109,183,37.32876712328767
Organic Cranberry Juice 100%,17,7,10,41.17647058823529
Organic Garam Masala,136,8,128,5.88235294117647
Organic Chopped BBQ Ranch Salad Kit,71,13,58,18.30985915492958
Pasta Sides- Parmesan Fettuccini & Spinach Pasta,151,36,115,23.841059602649008
Vanilla Flavor Tea Biscuits,72,32,40,44.44444444444444
Best Original Baked Beans,326,132,194,40.49079754601227
Organic Himalayan Sweetness Popcorn,587,320,267,54.5144804088586
Beef Stew Spices & Seasonings,53,13,40,24.528301886792452
Vegetable Soup,29,20,9,68.96551724137932
Salted Caramel Coffee,32,6,26,18.75
Aged Parmesan Ranch Dressing,14,3,11,21.428571428571427
Organic SprouTofu Savory Baked Tofu,3688,2473,1215,67.05531453362255
Raw Shea Butter Restorative Conditioner,23,2,21,8.695652173913043
Eye Liner Black,19,10,9,52.63157894736842
Premium Mo' Beta Fruit Smoothie Blend,6,0,6,0.0
Dandelion Caramel Nut Herbal Coffee,21,6,15,28.57142857142857
Pull Ups Girls Learning Designs Training Pants,135,70,65,51.85185185185185
60% Cacao Bittersweet Premium Baking Chips,3636,1736,1900,47.74477447744774
Sugar Free Whipped Topping,188,109,79,57.97872340425532
Canine Cuisine with Lamb in Meaty Juices,17,9,8,52.94117647058824
"Multivitamin, Kids Complete, Gummies",416,179,237,43.02884615384615
Sage Deodorant,41,5,36,12.195121951219512
Cushioned Nail Board,6,0,6,0.0
Sponge Bob Square Pants Fruit Snacks,27,18,9,66.66666666666666
Elbows Enriched Macaroni Product,57,25,32,43.859649122807014
Nourish & Volume Conditioner,12,1,11,8.333333333333332
Kosher Dill Wholes Pickles,220,82,138,37.27272727272727
Lorraine Quiche,542,293,249,54.05904059040591
Mint Chip,5502,2770,2732,50.345328971283166
"Pretzel Sticks, Thin",195,147,48,75.38461538461539
Brownie Chocolate Chip Mini Cake,37,16,21,43.24324324324324
Elegant Medleys Shredded Tuna Fare,109,87,22,79.81651376146789
Boneless Whole Pork Chops,49,32,17,65.3061224489796
PlugIns Scented Oil Refill Lavender & Vanilla,106,26,80,24.528301886792452
Variety Pack Instant Oatmeal,29,14,15,48.275862068965516
Vegan Oatmeal Raisin Cookies,400,249,151,62.25000000000001
Brownie Brittle Toffee Crunch,17,5,12,29.411764705882355
Parmesan & Garlic Kettle Chips,46,25,21,54.347826086956516
Natural Uncured Beef Hot Dog,201,60,141,29.850746268656714
Smores Drumstick,40,20,20,50.0
Blueberry B Juice Smoothie,31,10,21,32.25806451612903
100% Whole Wheat Pre-Sliced Bagel Thins,984,608,376,61.78861788617886
Three Cheese Pizza Pocket,15,7,8,46.666666666666664
Flaked Fish & Shrimp Feast Cat Food,313,175,138,55.91054313099042
Mister Salty Pretzels & Cheese Dip Handy Snacks,82,40,42,48.78048780487805
French Butter Cookies Coated in Dark Chocolate,203,130,73,64.03940886699507
Simply 100 Key Lime Blended Non-Fat Greek Yogurt,46,19,27,41.30434782608695
Cayenne Pepper,1683,105,1578,6.23885918003565
"Curry, Condensed, Mild, Korma Masala",5,2,3,40.0
Organic Eggnog,386,95,291,24.61139896373057
Vegan Made with Non-GMO Soy Soy Protein Burgers,759,449,310,59.15678524374176
Spicy Peanut Chicken & Broccolli,7,2,5,28.57142857142857
Onion Garlic Brown Rice Snaps,19,12,7,63.1578947368421
Passion Orange Guava Juice,622,407,215,65.43408360128618
Pinot Noir Monterey,13,3,10,23.076923076923077
Mission Chunky Salsa Med 16 Oz,255,89,166,34.90196078431372
Breakfast Hot & Spicy Sausage Patties,126,94,32,74.60317460317461
Pita Crisps Simply Naked,1760,978,782,55.56818181818181
Golden Maple Sweet Belgian Style Waffles,678,478,200,70.50147492625368
Sensor 2 Razors,37,12,25,32.432432432432435
Avocado & Olive Oil Super Potion Anti Frizz Binding Serum,12,1,11,8.333333333333332
Roasted Garlic BBQ Sauce,18,2,16,11.11111111111111
Organic Lightly Salted Bread Crumbs,93,25,68,26.881720430107524
Dual Pack Repair And Protect Shampoo + Conditioner,9,1,8,11.11111111111111
Caramel Sea Salt Macaroons,742,385,357,51.886792452830186
"Bean Threads, 3 Pack Tray",138,86,52,62.31884057971014
Organic Enchilada Red Sauce Medium,43,17,26,39.53488372093023
100% Pure Evening Primrose Oil,4,2,2,50.0
Organic Milk Chocolate Baking Wafers,7,0,7,0.0
Beef Lo Mein,9,3,6,33.33333333333333
"Almond Butter, Vanilla Espresso",13,2,11,15.384615384615385
Tamari Roasted Pumpkin Seeds,97,39,58,40.20618556701031
Organic Just Pears Sage 1 Baby Food,61,24,37,39.34426229508197
Pure Zero,30,26,4,86.66666666666667
Mild Smoked Snack Sticks,18,9,9,50.0
Feta Crumbled Traditional Cheese,1541,598,943,38.80597014925373
Oreo Mini 20 Count Multipack 20oz,99,40,59,40.4040404040404
Original Scent Liquid Fabric Softener,50,19,31,38.0
Acnedote Face & Body Scrub,142,42,100,29.577464788732392
"Dual Scented Oil Refill, Hawaiian Aloha",26,20,6,76.92307692307693
Carmel Apple Crisp Twist,233,124,109,53.21888412017167
Brisk Lemon Iced Tea,36,13,23,36.11111111111111
Sweet And Simple Sugar Cookies,20,3,17,15.0
Classic Crust Four Cheese Frozen Pizza,854,477,377,55.85480093676814
Even Advanced Sea Lettuce Cleansing Milk,4,0,4,0.0
Gluten Free Greek Plain Yogurt,32,21,11,65.625
Bristol Cream Sherry,17,4,13,23.52941176470588
"Poultry Grill & Broil, Blend",8,0,8,0.0
Organic Jelly Beans,942,547,395,58.067940552016985
Classic Meal For 2 Shrimp Scampi & Linguine,241,107,134,44.398340248962654
Milk Chocolate Mousse Supreme Instant Mix,7,1,6,14.285714285714285
SmartBlend Classic Ground Turkey & Barley Entree Adult Dog Food,11,3,8,27.27272727272727
Light Tuna Chunk In Water,926,379,547,40.92872570194385
Roasted Green Chile & Jack Cheese Tamales,1191,682,509,57.262804366078925
Blueberry Lemonade Liquid Water Enhancer,52,16,36,30.76923076923077
Half Time Turkey Breast & American Cheese,9,5,4,55.55555555555556
"Seriously Sharp Cheddar Cheese Cracker Cut Slices,",1150,781,369,67.91304347826087
Natural Floor Soap with Natural Linseed Oil,69,23,46,33.33333333333333
Organic Spicy Lemonade Juice Drink,415,232,183,55.90361445783133
Salt-Free Blend Pumpkin Pie Spice,357,34,323,9.523809523809524
Meyer Lemons,2594,1190,1404,45.87509637625289
Caramel Flavored Sundae Syrup,182,20,162,10.989010989010989
Teriyaki Meal Bowls,1409,762,647,54.08090844570618
Green Lentil Spaghetti Pasta,45,16,29,35.55555555555556
Healing Ointment Tube,160,39,121,24.375
Total Clean Mint Whitening Toothpaste,25,7,18,28.000000000000004
Gluten Free Muffin Mix,296,126,170,42.567567567567565
Hurt-Free Antiseptic Wash,7,0,7,0.0
Harvest Best In 100% Fruit Juice Mixed Fruit,8,2,6,25.0
Jalapeño Pepper Slices,14,6,8,42.857142857142854
Original Creole Seasoning,200,25,175,12.5
Mild Tandoori Marinade,11,3,8,27.27272727272727
Powerball Max in 1 Shine & Protect,7,2,5,28.57142857142857
Orange Cauliflower,249,78,171,31.32530120481928
3 lb Clementines,2761,1020,1741,36.94313654473017
Kids Anticavity Fluoride Rinse Kiwi Watermelon,6,0,6,0.0
"Tri Fun Pack Fruit Loops, Cocoa Krispies; Apple Jacks",644,269,375,41.77018633540372
Taco Seasoning,8992,4843,4149,53.85898576512456
Toasty Crackers Peanut Butter Sandwich Crackers,14,7,7,50.0
Naturals Chicken Nuggets,10462,6637,3825,63.439112980309694
Greek Style Kefir,176,126,50,71.5909090909091
Herbal Daily Cleansing Shampoo,18,7,11,38.88888888888889
Aromatherapaes Uplifting Energy Tangerine & Peppermint Spa Bath,5,0,5,0.0
Clump & Seal Multi-Cat Cat Litter,184,116,68,63.04347826086957
Variety Tea,630,478,152,75.87301587301587
Peppermint Gum,573,362,211,63.17626527050611
Quinoa and Banana Organic Baby Cereal,86,31,55,36.04651162790697
Dog Joy Turkey Bacon Treats,141,105,36,74.46808510638297
Crumbles Gorgonzola Cheese,6,1,5,16.666666666666664
Rainbow Trout Fillet,351,185,166,52.70655270655271
P3 Turkey Cheese Almonds,235,150,85,63.829787234042556
Kale Apple Greens,8,3,5,37.5
Peanut Butter Formula Miniature Dog Treats,32,20,12,62.5
Mild Sweet Mango Chutney,114,12,102,10.526315789473683
Mini-Brushes with Beads Peppermint,9,1,8,11.11111111111111
Organic Hibiscus Herbal Tea Bags,229,81,148,35.37117903930131
Italian Salad Blend,1423,727,696,51.08924806746311
Buckwheat Soba Pasta,1022,315,707,30.82191780821918
Organic Kale Combo,49,22,27,44.89795918367347
Sharp White Cheddar,16,4,12,25.0
West Soymilk,305,217,88,71.14754098360656
Force Dehydrated Dry Dog Food,5,0,5,0.0
Super Plus Cardboard Applicator Tampons,247,107,140,43.31983805668016
Gluten Free Apple Cinnamon Toaster Pastry,121,48,73,39.66942148760331
Organic Bananas Stage 2 Baby Food,196,108,88,55.10204081632652
"Miso, Dark Aged",48,2,46,4.166666666666666
Classic Coca Cola,12,6,6,50.0
Organic 85% Cacao Dark Chocolate Bar,5488,3320,2168,60.49562682215743
Natural Deli Style Sliced Swiss Cheese,2283,1173,1110,51.379763469119574
Protein Bar Lemon Cream Pie,309,134,175,43.36569579288026
Butterfinger Cup Ice Cream,13,6,7,46.15384615384615
"Organic Kiwi, Banana, & Apple with Super Grain Salba",2,1,1,50.0
"Tea, Mental Focus, Bags",7,0,7,0.0
Fresh'n Soft Clean Burst Scent Fabric Softener Sheets,20,8,12,40.0
GentleFloss Mint,48,10,38,20.833333333333336
Spicy Guacamole,424,187,237,44.10377358490566
Anti-Breakage Conditioner,167,39,128,23.353293413173652
Low Sodium Kluski Premium Enriched Egg Noodles,46,9,37,19.565217391304348
Star Crunch,24,11,13,45.83333333333333
Fresh Cured Green Ripe Medium Pitted Olives,38,14,24,36.84210526315789
Wild Cherry Drink,339,224,115,66.07669616519173
Copper Coated Scrubbing Pads,54,10,44,18.51851851851852
Original Liquid Laundry Detergent,771,337,434,43.7094682230869
Bockwurst,27,21,6,77.77777777777779
Gluten Free Devil Food Cake Mix,63,24,39,38.095238095238095
2nd Foods Sweet Potato & Turkey With Whole Grains Baby Food,148,48,100,32.432432432432435
Albacore Tuna in Yellow Coconut Curry,15,5,10,33.33333333333333
Cava,3,0,3,0.0
Bath Effervescents For Sore Muscles,7,0,7,0.0
Sundried Tomato & Basil Spreadable Cheese,34,16,18,47.05882352941176
Usda Prime Beef Top Sirloin Steak,54,12,42,22.22222222222222
"Bread, Watsonville Sourdough",174,124,50,71.26436781609196
Grill Shakers Steak Seasoning Blend,4,0,4,0.0
Fig Bars Multigrain,27,11,16,40.74074074074074
Savory Garlic & Herb Jack Snack Cheese,5,0,5,0.0
The Complete Cookie White Chocolate Macadamia,49,22,27,44.89795918367347
Tulsi Holy Basil Sweet Rose Infusion Bags 18 Count,326,132,194,40.49079754601227
Small Household Gloves,274,59,215,21.532846715328464
Organic Stevia All-Purpose Sweetener,5,0,5,0.0
99% Fat Free Chicken Broth,1656,592,1064,35.748792270531396
Steam In Bag Broccoli & Cauliflower,806,458,348,56.82382133995038
Extreme Clean Whitening Action Mint Blast Fluoride Toothpaste,77,24,53,31.16883116883117
"Evaporated Milk,",142,62,80,43.66197183098591
24 Hour Non-Drowsy Allergy Relief,339,98,241,28.908554572271388
Vanilla Animal Cookies,489,290,199,59.30470347648262
Smart Ones Broccoli & Cheddar Cheese Baked Potato,31,6,25,19.35483870967742
Rice Krispies Cereal,2751,1230,1521,44.711014176663035
Light Savory Vegetable Barley Soup,82,23,59,28.04878048780488
Flexible Fabric Assorted Posted 2/6/13 Premium,88,9,79,10.227272727272728
4 Cheese Sauce,255,104,151,40.78431372549019
Maximum Absorbency Long Length Incontinence Pads,107,65,42,60.747663551401864
Stax Sour Cream & Onion Potato Crisps,225,148,77,65.77777777777779
Warm & Ready Crusty Rolls,87,36,51,41.37931034482759
"Peanuts, Extra Large Gourmet Virginia, Salted",60,35,25,58.333333333333336
ProActive Health Adult Hairball Care Dry Cat Food,17,8,9,47.05882352941176
Cluckin' Good Stew,50,18,32,36.0
"Tortilla Sticks, Veggie",29,13,16,44.827586206896555
Pink Lemonade Unsweetened Soft Drink Mix,15,7,8,46.666666666666664
Organic Tamayokucha Whole Leaf Green Tea Sachets,21,13,8,61.904761904761905
Large Oven Cooking Bags,34,3,31,8.823529411764707
Sparkling Apple-Grape Organic 100% Juice,299,111,188,37.12374581939799
PM Acetaminophen Caplets,53,9,44,16.9811320754717
Shaved Parmesan,2130,1126,1004,52.86384976525822
Ultra Plush 3 ply Toilet Paper 12 Double Rolls,2221,1214,1007,54.66006303466907
Tomato Basil Marinara Sauce,3590,1802,1788,50.1949860724234
Roast Turkey Breast & Stuffing Dinner,711,429,282,60.337552742616026
Original Potato Salad,695,342,353,49.20863309352518
Organic Juliette Vanilla Ice Cream Sandwiches,998,612,386,61.32264529058116
100% Non-Pareil Capers,291,74,217,25.42955326460481
"Hand Wash, Foaming, Green Tea + Aloe",77,25,52,32.467532467532465
Crispy Rice Cereal,359,172,187,47.910863509749305
Zero Calorie Creamy Root Beer Stevia Soda,314,231,83,73.56687898089172
Gluten Free Chocolate Chunk Cookie Dough,763,305,458,39.973787680209696
Gluten Free Penne Rigate,8,0,8,0.0
Disinfecting Bathroom Cleaner - Lemongrass Citrus,585,117,468,20.0
Black Gram Lentils Curry,5,2,3,40.0
Light Buttery Spread,38,25,13,65.78947368421053
Bio Active 20+ Manuka Honey,76,33,43,43.42105263157895
Butterscotch Pudding Snacks,65,22,43,33.84615384615385
Organic Raw Pomegranate Kombucha,1399,926,473,66.19013581129379
Rosemary Flatbread Kamut,8,4,4,50.0
Snacking Lupini Beans Hot Pepper,6,2,4,33.33333333333333
Bread Bohemian Style Rye Unseeded,61,34,27,55.73770491803278
Yellow Mustard,474,102,372,21.518987341772153
Touch Of Phlly Shredded Sharp Cheddar Cheese,22,7,15,31.818181818181817
Organic & Fair Trade Green Tea with Jasmine Bags,26,11,15,42.30769230769231
Crisp Apple Sparkling Water,408,248,160,60.78431372549019
Witch Hazel USP,8,2,6,25.0
Restaurant Style Mild Salsa,44,23,21,52.27272727272727
Quick & Easy Steel Cut Irish Oatmeal,923,425,498,46.04550379198267
Roasted Garlic & Parmesan Baby Reds Mashed Potatoes,102,50,52,49.01960784313725
100% Tomato Juice,294,133,161,45.23809523809524
Guacamole Spicy,77,29,48,37.66233766233766
Mold and Mildew Remover with Bleach,352,74,278,21.022727272727273
Oil-Free Acne Wash Pink Grapefruit Facial Cleanser,67,13,54,19.402985074626866
Diced Yellow Onions,334,182,152,54.49101796407185
Cashmere Woods Candle,70,32,38,45.714285714285715
Joint Comfort Tea,16,4,12,25.0
Advanced Repair Fragrance Free Lotion,10,2,8,20.0
Hearth Baked Style Twin French Bread,29,7,22,24.137931034482758
Garlic Pepper Ramen,1212,480,732,39.603960396039604
Beef Stew Canned Dog Food,478,297,181,62.13389121338913
"Delights Chicken Sausage, Egg Whites, & Cheese English Muffin",249,123,126,49.39759036144578
Organic Gluten-Free Teriyaki Beef Jerky,8,1,7,12.5
2% Milk Fat Creamy Small Curd Cottage Cheese,17,4,13,23.52941176470588
Whole Grain Pancakes,82,48,34,58.536585365853654
Organic Freeze Dried Instant Decaf Coffee,604,291,313,48.17880794701987
"Beef Jerky, Grass-Fed, Spicy",207,80,127,38.64734299516908
Lavender Floral & Mint Natural Dish Liquid,3901,1607,2294,41.194565496026655
Soda Ginger Ale,191,73,118,38.21989528795812
Artichoke & Jalapeno Dip,10,3,7,30.0
Donut Sticks,65,47,18,72.3076923076923
Molasses Clove Cookies,133,81,52,60.902255639097746
Original Essence All Purpose Seasoning Blend,29,10,19,34.48275862068966
Everyday Coconut Super Hydrating Body Wash,322,80,242,24.84472049689441
Wild Wonders Medley Tomato,512,249,263,48.6328125
Three Grain Bread,301,164,137,54.48504983388705
Grand Brut Champagne,41,12,29,29.268292682926827
500 mg Vitamin C caplets,6,1,5,16.666666666666664
Maple Almond Bar,337,173,164,51.33531157270029
Organic Evaporated Milk,1666,528,1138,31.692677070828328
"Old World Gluten-Free Pizza Crust, Napoli Herb",40,10,30,25.0
"Tender white meat chicken, vegetables & rice in a cheddar cheese sauce Grandma's Chicken & Vegetable Rice Bake",38,22,16,57.89473684210527
Lemon Cake Ice Cream,2574,1020,1554,39.62703962703963
Fresh Pressed Virgin Coconut Oil,1377,514,863,37.32752360203341
Maui Cooler Big Pouch Juice Drink,3,0,3,0.0
Organic Garden Vegetables with Herbs Soup,13,7,6,53.84615384615385
Sugarfree Mint Flavor Gum,7,2,5,28.57142857142857
Lean Boiled Ham,93,69,24,74.19354838709677
Fusilli Pasta,88,44,44,50.0
Fashion Lashes - Natural Lashes 110,6,0,6,0.0
Lemon Zest Sorbetto,1027,435,592,42.356377799415775
Boiler Onions,7,2,5,28.57142857142857
Mr. Goodbar Milk Chocolate with Peanuts Candy Bar,6,1,5,16.666666666666664
Granulated Box Posted 5/7/2014 No Calorie Sweetener,23,2,21,8.695652173913043
Taste Of Asia Tonkotsu Pork,12,5,7,41.66666666666667
Newborn Bottles with Iron Infant Formula,133,86,47,64.66165413533834
Smoked Sun Dried Tomatoes  Julienne Cut,21,6,15,28.57142857142857
Gluten Free SpongeBob Spinach Littles,7083,4605,2478,65.01482422702244
Dry Cat Food Chicken & Turkey,122,64,58,52.459016393442624
Chicken & Cheese Nacho Bites,18,5,13,27.77777777777778
Tucks Medicated Cooling Pads,71,18,53,25.352112676056336
Almond Vanilla Fresh & Dry Deodorant,9,0,9,0.0
Liquid Upset Stomach Reliever/Anti-Diarrheal,253,56,197,22.134387351778656
Total Care Mouthwash Icy Clean Mint,41,13,28,31.70731707317073
Extra Hold Non-Aerosol Hair Spray,73,7,66,9.58904109589041
High Protein Bars Lemon Delight,22,10,12,45.45454545454545
Milk Stout,17,5,12,29.411764705882355
Relaxing Lavender Electric Aromatherapy Air Freshener Refill,12,3,9,25.0
Spicy Red Radish Kimchi,483,240,243,49.68944099378882
Mini Original Water Crackers,8,1,7,12.5
Herbal Breath Tonic Spray,9,4,5,44.44444444444444
Loaf Pans,31,3,28,9.67741935483871
Roasted Walnut Pecan Caramel Marshmallows,7,3,4,42.857142857142854
Ibuprofen 200 mg Pain Reliever/Fever Reducer Tablets,233,71,162,30.472103004291846
Traditional Original Amber Lager,96,76,20,79.16666666666666
Iced Tea with Raspberry Flavor,167,119,48,71.25748502994011
Hawaiian High Original Herbal Incense Sticks,26,12,14,46.15384615384615
Blueberry Figgies & Jammies,119,58,61,48.739495798319325
Extra Sharp White Cheddar Sticks,325,229,96,70.46153846153847
Advance Powder Infant Formula,293,172,121,58.703071672354945
Cereal Frosted Flakes Chocolate Choco Zucaritas,24,14,10,58.333333333333336
Ginger Brew Caffeine Free,408,264,144,64.70588235294117
Laxative Unflavored,229,69,160,30.131004366812224
Colby Pepper Jack Snack Bites,31,20,11,64.51612903225806
Steak Eater's Burgers,14,1,13,7.142857142857142
Lemon Blended Non-Fat Greek Yogurt,1698,1060,638,62.4263839811543
White Cheddar Crackers,63,22,41,34.92063492063492
Plus 3 In 1 With Baking Soda,26,17,9,65.38461538461539
Frozen Concentrated Orange Juice With Added Calcium,10,6,4,60.0
Organic Bagged Kale Salad Mix,1696,1023,673,60.318396226415096
Marketplace Chicken Pecan,96,57,39,59.375
Made Super B-Complex Tablets,3,0,3,0.0
Dairy Pure Heavy Whipping Cream,935,332,603,35.50802139037433
Original Chimichurri,37,7,30,18.91891891891892
Black Lumpfish Caviar,47,14,33,29.78723404255319
"Gnocchi, Garlic & Basil",89,20,69,22.47191011235955
LashBlast Volume Mascara - Black Brown 810,8,4,4,50.0
Mayonnaise,2464,830,1634,33.685064935064936
Chocolate Blend Granola,130,91,39,70.0
"Chik'n Cutlets, Cranberry & Goats Cheese",74,39,35,52.702702702702695
Fusion ProGlide Sensitive 2 in 1 Shave Gel Alpine Clean,5,1,4,20.0
Speed Stick Ocean Surf Deodorant,17,7,10,41.17647058823529
Original Pods,161,47,114,29.19254658385093
Wholesome Breakfast Apple Raisin Baby Food,626,350,276,55.91054313099042
Unsweetened Coconut Milk,1195,348,847,29.121338912133893
Cod Fillet,34,8,26,23.52941176470588
Pure Moist Rewetting Drops,11,2,9,18.181818181818183
Key Lime Pie Fruit & Nut Food Bar,832,382,450,45.91346153846153
Activated Quercetin,7,0,7,0.0
Free Range Chicken Broth,808,282,526,34.900990099009896
First Prunes,2962,1697,1265,57.29237002025659
Triple Zero Chocolate Greek Yogurt,61,29,32,47.540983606557376
Night Cream Argan Stem Cell + 2% CGF,50,5,45,10.0
Dual Action Wipes Citrus,92,32,60,34.78260869565217
Whips! Strawberry Mist Yogurt Mousse,759,488,271,64.29512516469038
Roasted Dandelion Spice Detox Tea,226,40,186,17.699115044247787
"Yogurt, Organic, Lowfat, Plain",716,460,256,64.24581005586593
Endless Kiss Body Wash,12,5,7,41.66666666666667
Grande Hard & Soft Taco Shells,10,2,8,20.0
Stage 2 Just Pinapple Pear Avocado Baby Food,4,1,3,25.0
Chocolate Chip & Pecan Cookies,14,8,6,57.14285714285714
Pale Ale,364,209,155,57.417582417582416
Finely Ground Potato Flour,33,2,31,6.0606060606060606
Yerba Mate Sparkling Classic Gold,1217,999,218,82.08709942481512
Sheer Floral Sensitive Skin Cleansing Cloths,202,86,116,42.57425742574257
Scented Oil Refill Essential Oils Apple Cinnamon Medley Fragrance,51,17,34,33.33333333333333
Leek Recipe Mix,53,21,32,39.62264150943396
Spray Bottle Glass Cleaner,8,0,8,0.0
Rosy Lip Therapy,20,1,19,5.0
Raspberry & Walnut Dressing,72,8,64,11.11111111111111
Pomodoro Fresco Marinara Tomato Sauce,24,7,17,29.166666666666668
Calming Everyday Lotion,18,1,17,5.555555555555555
With Chicken & Beef in Meaty Juices Wet Dog Food,18,10,8,55.55555555555556
Face & Body Charcoal Soap Bar,4,0,4,0.0
Very Emollient Fragrance Free Sunscreen SPF 30,16,2,14,12.5
Baked Lentil Cracked Pepper Chips,31,9,22,29.03225806451613
Chill Pill,6,0,6,0.0
Bbq Sauce,275,77,198,28.000000000000004
Creamy Peanut Butter Spread With Honey,376,220,156,58.51063829787234
The Big 16 Grain Sprouted Whole Grain Bread,593,367,226,61.88870151770658
Superberry Kombucha,825,526,299,63.75757575757576
Pro-V Classic Clean 2-in-1 Shampoo and Conditioner,23,5,18,21.73913043478261
Gluten Free Chocolate Brownies,42,17,25,40.476190476190474
Mendocino Chardonnay,5,1,4,20.0
Hazelnut K Cups,63,32,31,50.79365079365079
100% Cacao Cocoa Powder,41,7,34,17.073170731707318
Cold Brew  Iced Coffee Concentrate Bean Bags,74,36,38,48.64864864864865
"Uplift, Balance & Calm Essential Oils",11,1,10,9.090909090909092
Biscuits for Dogs less than 20 lbs,156,77,79,49.358974358974365
Air Effects Spring & Renewal Air Refresher,42,9,33,21.428571428571427
Tofu Rancheros,150,81,69,54.0
Organic Cat Nip,15,1,14,6.666666666666667
Hot Pepper Jelly,62,13,49,20.967741935483872
Complete™ ActionPacs™ Fresh Scent Dishwasher Detergent,2349,808,1541,34.39761600681141
Fruit By the Foot Variety Pack,1302,813,489,62.44239631336406
"Dijon Mustard Blend, Rich Country",10,4,6,40.0
Crushed Rosemary,10,0,10,0.0
Tomato Basil Gouda,2,0,2,0.0
Frozen Organic Peach Slices,383,138,245,36.0313315926893
Fresh Frozen Chopped Spinach,836,358,478,42.822966507177036
Handi-Snacks Ritz Crackers 'n Cheese Dip,156,76,80,48.717948717948715
Pineapple Enzyme Hawaiian Facial Scrub,29,2,27,6.896551724137931
Organic Greek Lowfat Yogurt With Strawberries,6311,4145,2166,65.67897322135953
Mango Sparkling Water,2842,1843,999,64.84869809992962
Instant Relief Shampoo,10,1,9,10.0
"Salad, Chopped, Garden Vegetable",92,49,43,53.2608695652174
Whole Milk Yogurt,935,606,329,64.81283422459893
California Madeira,6,1,5,16.666666666666664
Raw Probiotics Women probiotic 85 Billion 32 Strains capsules,934,326,608,34.90364025695932
"Pro Health Complete Crest Pro-Health Advanced Mouthwash with Extra Deep Clean, Clean Mint flavor 500 ML Oral Rinse",23,5,18,21.73913043478261
Quart Storage Reclosable Double Zipper Bags,17,1,16,5.88235294117647
Butter Pecan Nutrition Shake,24,8,16,33.33333333333333
"Ice Cream, Super Premium, Mint Chocolate Chip",1433,684,749,47.732030704815074
Poultry & Beef Feast Variety  Cat Food,210,135,75,64.28571428571429
Originale Amaretto,50,20,30,40.0
Diced Jalapenos,374,91,283,24.331550802139038
Deodorant Stick Blossom,39,4,35,10.256410256410255
White Revive Laundry Stain Remover 45 Loads,199,73,126,36.68341708542713
Gluten Free Pretzel Sticks,5118,3230,1888,63.11059007424775
Super Hip Chocolate Chip,25,16,9,64.0
French Green Clay Facial Treatment Mask Powder,10,1,9,10.0
Pork Loin Back Ribs,87,21,66,24.137931034482758
Rts Brown & Quinoa Rice,7,3,4,42.857142857142854
Sweet Orange & Silk Protein Styling Gel,3,0,3,0.0
Asian Chopped Salad,38,19,19,50.0
Organic Crystallized Ginger,55,9,46,16.363636363636363
Lemon & Eucalyptus Hand Soap,112,41,71,36.607142857142854
Organic Apricot Fruit Spread,213,55,158,25.821596244131456
Pearl Plastic Tampons,104,34,70,32.69230769230769
Organic Almonds Sprouted In Orange Juice,72,41,31,56.94444444444444
Pint Mason Jars,37,8,29,21.62162162162162
Strawberry Explosion/Banana Split Smoothie,1234,799,435,64.74878444084278
Organic Multi Color Carrots,41,9,32,21.951219512195124
Vanilla Moisturizing Body Wash,297,76,221,25.589225589225588
Organic Reduced Fat Omega-3 Milk,5159,4325,834,83.83407637138981
Deep Dish Pepperoni Pizza,32,11,21,34.375
Savory Turkey Breakfast Sausage Patties,1319,652,667,49.43138741470811
Authentic Chunky Style Refried Beans,41,21,20,51.21951219512195
Sweet Cut Basil Leaf & Sifted Mini Spice,18,1,17,5.555555555555555
Blueberry Drinkable Whole Milk Yogurt,105,38,67,36.19047619047619
Sweet Potato and Roasted Onion Brown Rice and Wheat Crackers,99,40,59,40.4040404040404
Gluten Free Old Fashioned Yellow Cake Mix,19,2,17,10.526315789473683
Pecan Nut Cakes,15,8,7,53.333333333333336
Almond Cashew Unsweetened Almondmilk Cashewmilk Blend,191,102,89,53.403141361256544
Black Forest Ham Vacuum Pack,49,25,24,51.02040816326531
Chicken Granulated Bouillon,125,30,95,24.0
Organic Apple Cinnamon Banana Bites,38,12,26,31.57894736842105
Tuscan Kale Pesto,25,9,16,36.0
Organic Vegetarian Chili Tame Tomato,23,11,12,47.82608695652174
Uncured Hickory Smoked Bacon,3382,1994,1388,58.959195742164404
Crispy Variety Pack Chicken,28,10,18,35.714285714285715
Ginger Citrus Guayusa Tea,9,1,8,11.11111111111111
Perfect Food Raw Organic Green Super Food,8,1,7,12.5
Organic Rosehip Oil,21,5,16,23.809523809523807
Lip Care Stick,68,32,36,47.05882352941176
Pappardelle Nests Pasta,1,0,1,0.0
Brownberry Natural Wheat Bread,2216,1580,636,71.29963898916968
Roasted Eggplant,31,18,13,58.06451612903226
Toll House Real Semi-Sweet Chocolate Morsels,502,162,340,32.27091633466135
Parmesan Garlic + Herb Pita Chips,97,33,64,34.02061855670103
Choice Cuts In Gravy with Chicken & Rice Dog Food,66,50,16,75.75757575757575
Vegan Celebration Roast,320,137,183,42.8125
High Fiber English Muffin,179,73,106,40.78212290502793
Flings! 3 In 1 Tropical Sunrise Scent Laundry Detergent Pacs 42 Count,19,4,15,21.052631578947366
Classic Chicken Parmigiana & Penne,145,69,76,47.58620689655172
Oat Revolution! Maple & Brown Sugar Steel Cut Oatmeal Pouches,178,97,81,54.49438202247191
Diced Red Onions,1727,962,765,55.70353213665315
Chipotle Lime Meat-Free Crispy Fingers,1432,849,583,59.287709497206706
Max Simply Clean & Fresh HE Liquid Laundry Detergent,33,14,19,42.42424242424242
Traditional Crostini,3,0,3,0.0
"Yogurt, Drinkable, Wild Blueberry",18,3,15,16.666666666666664
Stone Ground Cornbread & Cornmeal Muffin Mix,270,32,238,11.851851851851853
Facial Tissue,115,57,58,49.56521739130435
Creme Brulee Coffee Creamer,16,12,4,75.0
Unscented Foot Cream,8,0,8,0.0
Organic Sorrel,6,0,6,0.0
Organic Chicory Cold Brew Coffee,176,81,95,46.02272727272727
Organic SprouTofu Hickory BBQ Smoked Tofu,2,0,2,0.0
U Cubes Children's Multi Vitamin & Mineral Gummies,5,1,4,20.0
Body Wash Passion fruit,39,4,35,10.256410256410255
Sonoma Honey Apple Cider Vinegar,7,0,7,0.0
Refried Black Beans,86,25,61,29.069767441860467
American Blend,2,0,2,0.0
The Original Mild Picante Sauce,163,61,102,37.423312883435585
Shredded Four Cheese Blend,7,0,7,0.0
Mediterranean Coarse Sea Salt,223,16,207,7.174887892376682
Roll Fruit Rolls Candy,66,25,41,37.878787878787875
Bacon Cheeseburger Hamburger Helper,20,4,16,20.0
"Get Up, Stand Up K-Cup Pods Light Roast Coffee Mild, Bright, Floral",13,3,10,23.076923076923077
Black Food Color,5,0,5,0.0
Sport Performance Coolzone,7,0,7,0.0
Soy Chocolate Pudding,240,126,114,52.5
Toasted Artisan Mix Granola,272,188,84,69.11764705882352
Honey Garlic Marinated Grilled Flank Steak,20,4,16,20.0
Hair Balance Shampoo,13,2,11,15.384615384615385
Vegan Oatmeal Chocolate Chip Cookies,1374,794,580,57.78748180494906
Stain Remover & Color Booster Original Scent,198,94,104,47.474747474747474
Ground Almonds For Passover,3,0,3,0.0
Woodland Soap Bar,67,41,26,61.19402985074627
Whole Grain Angel Hair Pasta,116,28,88,24.137931034482758
Natural Raw Cane Turbinado Sugar,204,47,157,23.03921568627451
Special K Protein Greek Yogurt And Fruit Bar 4.76oz,88,47,41,53.40909090909091
Wellness Herbal Resistance Liquid,78,11,67,14.102564102564102
Liqui-Kelp Daily Iodine,2,0,2,0.0
Original Seven Nut & Seed Creamy Butter,67,23,44,34.32835820895522
"Tulsi-Holy Basil, Vegetarian Capsules",3,0,3,0.0
Francese Deli Rolls,575,287,288,49.913043478260875
Tuna Steaks,134,40,94,29.850746268656714
Organic Creamy Raw Almond Butter,1276,627,649,49.137931034482754
Whole Wheat Penne Rigate,337,148,189,43.916913946587535
Pressed Bold Beet Juice,27,8,19,29.629629629629626
Organic Original Hommus,13340,8687,4653,65.11994002998502
Blue Corn Chip Bowls,59,14,45,23.728813559322035
24 Hr Acid Reducer,53,34,19,64.15094339622641
Large Heavy Duty Drawstring 30 Gallon Trash Bags,19,3,16,15.789473684210526
"Organic Stage 2 Apple, Banana & Butternut Squash Baby Food",163,64,99,39.263803680981596
Sparkling Spring Water,524,376,148,71.7557251908397
Dijon Style Mustard,69,15,54,21.73913043478261
Organic Quinoa Hot Cereal Flakes,514,200,314,38.91050583657588
Citrus Zest Natural Confidence Deodorant Crystal,18,7,11,38.88888888888889
Sesame Oil Blend,22,2,20,9.090909090909092
Outshine Simply Yogurt Bars Strawberry,128,62,66,48.4375
No Calorie Sweetener,28,14,14,50.0
Unflavored Arctic Cod Liver Oil,5,0,5,0.0
Poppy Seed Dressing,2019,745,1274,36.89945517582962
Original Slices Pepperoni,381,101,280,26.509186351706038
Original A to Z's Pasta,47,32,15,68.08510638297872
8 Hot Dog Buns,187,83,104,44.38502673796791
Gluten Free Hazelnut Wafers,13,5,8,38.46153846153847
Pumpkin Popem,20,4,16,20.0
Lindor Assorted Chocolate Truffle Eggs Pouch,6,1,5,16.666666666666664
Black Currant & Rosewater Natural Hand Wash,13,0,13,0.0
Organic Green Onions,8138,4169,3969,51.22880314573606
50/50 Spring Mix And Baby Spinach,420,237,183,56.42857142857143
Strawberry Orange Banana Drink Mix,26,13,13,50.0
Ground Sirloin,14,3,11,21.428571428571427
U Curves Individually Wrapped Daily Panty Liners,16,2,14,12.5
Rolled Fillets of Anchovies with Capers In Pure Olive Oil,5,1,4,20.0
Sugar Free Low Calorie Syrup,192,116,76,60.416666666666664
Organic Blueberry Hemp Superfood Snack,126,58,68,46.03174603174603
King Size Peanut Butter Cups Candy,160,83,77,51.87500000000001
Organic Good Seed Bread,12705,9151,3554,72.02676111767022
Pure 100% Natural Vegetable Oil,111,36,75,32.432432432432435
Chocolate Almond Raisin Nutrition Bar,4,2,2,50.0
Fully Cooked Bacon 15 Slices,53,27,26,50.943396226415096
Flushable Wipes,84,38,46,45.23809523809524
Mozzarella Cheese Breadsticks,13,7,6,53.84615384615385
Therapeutic Shave Gel SHAVE GELS,121,44,77,36.36363636363637
Red Winter Wheat Wheat Berries,18,1,17,5.555555555555555
Organic Mango Nectar Juice,78,47,31,60.256410256410255
Freeze-Dried Asian Pear Crispy Fruit,76,18,58,23.684210526315788
Probiotics 100% Strawberry & Banana Juice,18,3,15,16.666666666666664
Organic Ground Chili Ancho,110,9,101,8.181818181818182
Fruitwater Sparkling Lemon Lime,10,2,8,20.0
Pure Butter Shortbread Highlanders,14,3,11,21.428571428571427
Black Cherry 0% Fat Oikos Greek Yogurt,93,30,63,32.25806451612903
"Clean Energy Drink, Lemon Lemongrass",42,31,11,73.80952380952381
White Chocolate Caramel Cappuccino,5,1,4,20.0
The Original Cream Bars Orange Raspberry Frozen Bars,571,212,359,37.127845884413304
Vanilla Macadamia Milk,7,1,6,14.285714285714285
"Melatonin, 3 mg, Vegetarian Capsules",10,2,8,20.0
"Cumin, 100% Organic, Ground",11,0,11,0.0
vitaminwater® XXX Acai Blueberry Pomegranate,1747,1057,690,60.503720663995416
Petit Pois Peas,14,5,9,35.714285714285715
Cutlery Apple Green - 8 PK,295,131,164,44.40677966101695
Bourboncito Coffee,630,395,235,62.698412698412696
Mini Chocolate Donuts,117,79,38,67.52136752136752
Gluten Free Ancient Grain Simply Sea Salt Crisps,4,1,3,25.0
Gentle Care Tissue Rolls,78,62,16,79.48717948717949
Spicy Jalapeño Chicken Sausage,97,45,52,46.391752577319586
Ice Cream Tahitian Vanilla,82,23,59,28.04878048780488
Organic Sweet Basil And Roasted Garlic Smoked Sausage,126,27,99,21.428571428571427
Strawberry Raspberry Blended Greek Yogurt,29,5,24,17.24137931034483
Sugar Free Honey Flavored BBQ Sauce,5,1,4,20.0
Almond Cocoa Spread,62,26,36,41.935483870967744
Cornish Game Hen,76,25,51,32.89473684210527
Reduced Fat Sour Cream & Onion Potato Chips,61,35,26,57.377049180327866
Buffalo Style Chicken With Creamy Noodles,10,3,7,30.0
"Ultimate Healing Lotion, Aloe",10,0,10,0.0
Vegan Gourmet Shreds Fiesta Blend,129,47,82,36.434108527131784
Raw Local Wildflower Honey Grade A,40,7,33,17.5
Fresh OXI Hand Wash Dish Soaps,7,1,6,14.285714285714285
Garlic And Herb Goat Cheese,43,15,28,34.883720930232556
Classic Mild Cheddar Macaroni & Cheese 25% Less Sodium,407,195,212,47.91154791154791
Greek Yogurt Strawberry Protein Chewy Bars,36,13,23,36.11111111111111
Astragalus Supreme Extract,16,10,6,62.5
Buffalo Style Strips,52,17,35,32.69230769230769
Merlot BellaVitano Cheese,92,54,38,58.69565217391305
Shitake Mushrooms,25,5,20,20.0
Sweet Red,37,11,26,29.72972972972973
USA Endive Lettuce,41,16,25,39.02439024390244
Always Apricot Fruit Spread,312,165,147,52.88461538461539
Saline Spray/Drops For Noses,78,11,67,14.102564102564102
with Lime Juice Mayonesa Mayonnaise,17,9,8,52.94117647058824
4x Concentrated Laundry Detergent,36,5,31,13.88888888888889
Sweet Baby Grains Organic Bread,8,2,6,25.0
Raw Meal Mini Vanilla,41,20,21,48.78048780487805
Vitamin D3 Vegan 1000 IU,8,1,7,12.5
Sensitive Complete Protection Mint Clean,15,2,13,13.333333333333334
Mango Tango Fruit Smoothie Blend,2482,1731,751,69.74214343271555
Ancho Chile Pepper,48,3,45,6.25
Cleansing Towelettes Night Calming Makeup Remover,443,207,236,46.72686230248307
Gluten Free Seeds & Grains Bread,9,3,6,33.33333333333333
Dungeness Crab Bisque With Pink Shrimp,99,26,73,26.262626262626267
Chili Seasoning Mix,22,2,20,9.090909090909092
Cracked Peppercorn Tilapia,28,3,25,10.714285714285714
Aged Mahon,69,21,48,30.434782608695656
Gourmet Chicken Tamales,17,8,9,47.05882352941176
"Bathroom Tissue, Unscented, Regular Rolls, 2-Ply",306,137,169,44.771241830065364
"Mighty 4 Essential Tots Spinach, Kiwi, Barley & Greek Yogurt Nutrition Blend",1340,848,492,63.28358208955224
Kalamata Olive Tapenade with Sundried Tomato,31,10,21,32.25806451612903
Thirsty Strong And Absorbent Paper Towels,124,76,48,61.29032258064516
Savory Teriyaki Rice Thins,17,12,5,70.58823529411765
Tartar Sauce Squeeze Bottle,203,48,155,23.645320197044335
Bean and Cheese Gorditas,72,52,20,72.22222222222221
Coconut Aminos Teriyaki Sauce,388,104,284,26.804123711340207
Classic Malt Mix,25,5,20,20.0
Sushi Chef Panko Bread Flakes,77,22,55,28.57142857142857
American Cheese Singles 16 Count,54,15,39,27.77777777777778
"Crunchy, Cocoa Dusted Banana Chips",104,31,73,29.807692307692307
Butternut Squash and Sage Ravioli,295,116,179,39.32203389830509
Classic Onion Pierogies,293,129,164,44.027303754266214
Golden Twirls French Fried Potatoes with Skins,102,35,67,34.31372549019608
Crema Casera,11,2,9,18.181818181818183
La Vodka Pasta Sauce,161,60,101,37.267080745341616
Cheddar Crunchin' Crackers,40,29,11,72.5
Vaporizing Decongestant Vicks Vaporub Lemon Scent Ointment,6,0,6,0.0
Broccoli Salad,21,5,16,23.809523809523807
B Complex With Vitamin C Stress Formula Tablets,10,0,10,0.0
"Low Fat, Small Curd 1% Milkfat No Salt Added Cottage Cheese",307,210,97,68.40390879478826
100% Organic Raw Coconut Butter,84,33,51,39.285714285714285
Preservative Free Stir Fry Sauce,42,6,36,14.285714285714285
LightWeight 4-in-1 Strength Cat Litter,37,17,20,45.94594594594595
"Tea, Woman's Moon Cycle, Caffeine Free, Bags",27,5,22,18.51851851851852
Treatment Shampoo Normalizing Tea Tree,45,3,42,6.666666666666667
Apple Pie Flavored English Muffins,223,92,131,41.25560538116592
All Natural Zaatar Seasoning,139,14,125,10.071942446043165
Chocolate Sea Salt Stars Shortbread Cookies,5,1,4,20.0
Cook and Serve Lemon Pudding and Pie Filling,9,3,6,33.33333333333333
Dark Chocolate Bars,301,172,129,57.14285714285714
Organic Diced Fire Roasted No Salt Added Tomatoes,1804,686,1118,38.02660753880266
Hummus Easy Southwest Black Beans,4,0,4,0.0
Angus Beef Meatballs,115,43,72,37.391304347826086
Cinnamon Rolls With Icing,16,3,13,18.75
Ramekin Dish,5,0,5,0.0
Freeze Dried Crispy Cantaloupe,35,12,23,34.285714285714285
Naturally Smoked Sliced Bacon,549,283,266,51.54826958105647
Pink Salmon,336,125,211,37.202380952380956
"Milk, Reduced Fat, 2% Milkfat",7558,6029,1529,79.76978036517596
Lemon Shortbread Cookies,39,9,30,23.076923076923077
100% Whole Soy Organic Gluten Free Tamari Soy Sauce,493,93,400,18.864097363083165
Sliced Crimini Mushrooms,165,73,92,44.24242424242424
Pure Coconut Water,18183,11762,6421,64.68679535830171
Voluminous Original Mascara - Waterproof Black 360,16,1,15,6.25
Honey Thats Nuts,68,33,35,48.529411764705884
Gluten Free Plain Tortillas,615,263,352,42.76422764227642
Optic White Power Soft Toothbrush,37,8,29,21.62162162162162
Mandarin Orange Essence Sparkling Natural Spring Water,469,320,149,68.23027718550107
Lotzza Motzza Cheese Pizza,167,110,57,65.86826347305389
Lexington Milk Chocolate Toffee Almond Crispy Cookies,45,16,29,35.55555555555556
Regular,2287,1202,1085,52.55793616090949
"Napkins, 2-Ply, Mega Pack",9,0,9,0.0
High Protein Advanced Formula Cat Food,9,1,8,11.11111111111111
Original 100% Orange Juice with Calcium & Vitamin D,694,414,280,59.654178674351584
Organic Coconut & Agave Nectar Live Food Bar,13,2,11,15.384615384615385
Beyond Beef Beefy Crumble,3870,2168,1702,56.020671834625325
Olive with Red Bell Pepper Cream Cheese Spread,15,4,11,26.666666666666668
Be Edgy Coconut Water & Freesia Candle,9,5,4,55.55555555555556
Natural Health Nut 100% All Natural Bread,914,658,256,71.99124726477024
Kosher Medium Cheddar Cheese,1182,705,477,59.64467005076142
Cool Fresh Mens Dry Spray Deodorant,29,14,15,48.275862068965516
Organic Turmeric Tonic Juice,542,300,242,55.35055350553506
Hemorrhoidal Ointment,30,3,27,10.0
with a Splash of Pineapple Coconut Water,53,25,28,47.16981132075472
Special K Fudge Mini Brownies,13,5,8,38.46153846153847
Sweet Marsala,10,0,10,0.0
Turkey and Vegetable Formula Cat Food,25,11,14,44.0
Organic Mushroom Pasta Sauce,50,28,22,56.00000000000001
Coco-Roons Vanilla Maple,150,59,91,39.33333333333333
Spanish Padron Peppers,68,18,50,26.47058823529412
"Sushi Nori, Pacific, Organic",564,169,395,29.9645390070922
Plusbar Protein Peanut Butter Chocolate Bar,91,65,26,71.42857142857143
Honeysuckle Hand Soap,1706,510,1196,29.89449003516999
Keurig Medium Roast Lively Colombian Coffee K Cups,84,33,51,39.285714285714285
Potatoes Yellow Organic Bag,25,6,19,24.0
13 Gal with Drawstring Closure White Tall Kitchen Bags,157,53,104,33.75796178343949
Milk Chocolate Speck-tacular Eggs,5,0,5,0.0
Coleslaw Dressing & Dip,14,3,11,21.428571428571427
Diced Celery & Onions,14,3,11,21.428571428571427
Ale Premier,31,17,14,54.83870967741935
Home Flex Large Garbage Bags Drawstring 30 gallon,21,5,16,23.809523809523807
Soak Proof Foam Plates,8,1,7,12.5
Original Vanilla Pudding,310,166,144,53.5483870967742
Natural Anticavity Silly Strawberry Fluoride Toothpaste for Children,2405,876,1529,36.42411642411643
Clara Beer,28,5,23,17.857142857142858
Bunny Shape Sugar Cookies,27,4,23,14.814814814814813
Whole Cardamom,31,0,31,0.0
Straight Cut Fries,31,10,21,32.25806451612903
Flings Original,17,5,12,29.411764705882355
Scented Antiperspirant Deodorant,13,5,8,38.46153846153847
Ibuprofen PM 200 Mg,7,2,5,28.57142857142857
Stewed Tomatoes Italian Recipe,63,19,44,30.158730158730158
Cornichons Gherkins,357,129,228,36.134453781512605
Travel Unscented Wipes,11,5,6,45.45454545454545
"Egg Noodles, Toasted Barley Shape",2,0,2,0.0
Organic Boneless & Skinless Chicken Breast,99,47,52,47.474747474747474
Broccoli & Apple Stage 2 Baby Food,6837,4353,2484,63.6682755594559
Chocolate Truffle Ice Cream,51,17,34,33.33333333333333
Semisweet Dark Chocolate Baking Bar,38,9,29,23.684210526315788
Club & Cheddar Sandwich Crackers,630,416,214,66.03174603174602
Meat Flavored Pasta Sauce,34,11,23,32.35294117647059
Cacao Sweet Raw Chocolate Nibs,575,235,340,40.869565217391305
Fruit Go Go SqueeZ Applesauce Pouches,6,2,4,33.33333333333333
Forest Deodorant Stick,34,7,27,20.588235294117645
"Thai Spice, Organic",12,5,7,41.66666666666667
Kosher Dill Relish,60,14,46,23.333333333333332
Organic Montebello Linguine Italian Pasta,19,11,8,57.89473684210527
100% Colombian Medium Roast K-Cup Packs Arabica Coffee,66,20,46,30.303030303030305
Liquid Stevia Extract Sweetener,74,44,30,59.45945945945946
Cough Suppressant Throat Drops Honey Lemon with Echinacea - 24 CT,72,9,63,12.5
Grilled Chicken & Beef Feast in Gravy Cat Food,150,64,86,42.66666666666667
"Mints, Sugar Free, Pep O Mint",38,22,16,57.89473684210527
Lacey Swiss Cheese,125,68,57,54.400000000000006
Nestle Drumstick Sundae,26,11,15,42.30769230769231
Premium Malt Beverage,94,62,32,65.95744680851064
Wild Cherry Cola,1375,879,496,63.92727272727273
Jellied Cranberry Sauce,922,285,637,30.911062906724514
Kosher Whole Baby Dills,21,5,16,23.809523809523807
S. Pellegrino Sparkling Natural Mineral Water,1287,654,633,50.815850815850816
Wooden Foot File,16,2,14,12.5
Original 100% Pure No Pulp Orange Juice,1669,1184,485,70.94068304373876
Complete Clean with Bleach Toilet Bowl Cleaner,261,67,194,25.67049808429119
Bowl Brush,2,0,2,0.0
All Natural Chocolate Moo-usse Hot Chocolate,38,6,32,15.789473684210526
Cafe Steamers Beef Teriyaki,68,29,39,42.64705882352941
"Fortifying, Sleek & Shine Conditioner",45,5,40,11.11111111111111
Cut Crystal 7 inch Plastic Plates,88,20,68,22.727272727272727
Chipless Wonder Cookies,10,5,5,50.0
Triple Action Booster,93,32,61,34.40860215053764
Hot & Spicy Chicken Flavor Ramen Noodle Soup,234,144,90,61.53846153846154
Decorating Black Icing,7,2,5,28.57142857142857
Original Chai Tea Latte,761,390,371,51.24835742444153
"Ravioli, Five Cheese, Value Pack",52,17,35,32.69230769230769
Fresh Mild Salsa,298,159,139,53.355704697986575
Sunscreen Lotion Face Oil-Free SPF 70+,21,4,17,19.047619047619047
Italian Bread Unseeded,13,8,5,61.53846153846154
Pepper Jack Cheese Slices,574,295,279,51.393728222996515
Swiss Rolls,1056,639,417,60.51136363636363
Bacon Ranch Salad Dressing,23,14,9,60.86956521739131
Calamansi Lime Nectar,47,27,20,57.446808510638306
Hydrating Day Creme,5,0,5,0.0
Pomegranate + Sunflower Shampoo,10,4,6,40.0
Organic Balance Milk Protein Shake Dark Chocolate,632,393,239,62.18354430379747
Spaghetti Rigati Pasta,25,7,18,28.000000000000004
White Pumpkin,41,2,39,4.878048780487805
Ginger/Garlic Vegetable Stir Fry Kit,241,61,180,25.311203319502074
Dish Liquid With Aloe,12,6,6,50.0
Extreme Clean Whitening Action Flouride Toothpaste - Mint Blast,327,107,220,32.7217125382263
Medium Green Salsa,33,8,25,24.242424242424242
Dry Pomegranate Soda,16,6,10,37.5
Seafood Sensations Dry Cat Food,69,39,30,56.52173913043478
All Natural Smart Classics Roasted Crinkle Cut with Sea Salt Fries,344,114,230,33.13953488372093
Cinnamon Flavor Freshly Popped Rice Cakes,20,11,9,55.00000000000001
Vegetarian Chili,14,3,11,21.428571428571427
Chicken Kabob,72,38,34,52.77777777777778
Gluten Free Cinnamon Rolls,73,13,60,17.80821917808219
Garden Fresh Vegetable Broth,29,13,16,44.827586206896555
"Organic Creamies Strawberry, Raspberry & Carrot Freeze-Dried Fruit Snacks",949,491,458,51.73867228661749
Peanut Butter M&Ms Milk Chocolate Candies,36,15,21,41.66666666666667
85% Dark Chocolate Bar,45,24,21,53.333333333333336
Opti-Free Express Mpds No Rub Formula,74,31,43,41.891891891891895
Cf Hny Almnd Granola 11,322,67,255,20.80745341614907
Sensitive Xtreme 3 Disposable Razors,7,3,4,42.857142857142854
Baby Dry Pampers Baby Dry Diapers Size 2,29,8,21,27.586206896551722
Italian Crushed Tomatoes With Basil,16,8,8,50.0
Organic Broccoli Casserole Bites,7,2,5,28.57142857142857
Very Berry Flavor Sparkling Mineral Water,1009,775,234,76.80872150644203
Organic Minneola,80,21,59,26.25
Sour Cherry Sour Licorice Twists,294,170,124,57.82312925170068
Pure Sesame Oil,284,23,261,8.098591549295776
Kale & Pinto Bean Pupusas,562,233,329,41.45907473309609
White Chocolate Mint Ice Cream,17,8,9,47.05882352941176
Men + Care Extra Fresh Body + Face Bar,52,16,36,30.76923076923077
Smoked Cheddar Cheese,48,10,38,20.833333333333336
Lavender Dish Soap,3462,1285,2177,37.11727325245523
Fresh Mint Toothpaste With Flouride,98,17,81,17.346938775510203
Olay Sugarberry Scent Women's Razor 1 count Fem Premium BladeRazor System,5,0,5,0.0
Stir-Fry Vegetables,49,7,42,14.285714285714285
"Potato Chips, Reduced Fat, Unsalted",43,22,21,51.162790697674424
Special Edition Hershey's Cookies 'n' Creme Cookies,5,0,5,0.0
Skin Therapy Sensitive Skin Lotionized Moisturizing Shave Gel,151,51,100,33.77483443708609
Cinnabon Classic Cinnamon Roll Coffee Creamer,127,72,55,56.69291338582677
Tellicherry Peppercorns,7,0,7,0.0
Fiber One Oat & Chocolate Bar,665,404,261,60.75187969924812
Original Lowfat Lemon Burst Yogurt,623,390,233,62.60032102728732
Onion Flavored Bissli,12,6,6,50.0
Smart Creations Crustless Chicken Pot Pie,22,3,19,13.636363636363635
Mango Habanero Master Brew Kombucha,121,74,47,61.15702479338842
Watermelon Green Superfood Energy Supplement,11,3,8,27.27272727272727
Bite Size Crisps,13,10,3,76.92307692307693
Frozen Classic Coconut Layer Cake,223,81,142,36.32286995515695
Raw Goat Milk Mild Cheddar Cheese,293,184,109,62.79863481228669
Organic Blue Tortilla Chips,40,33,7,82.5
Fruit Me Up!  Applesauce Pouches,1,0,1,0.0
Original Instant Grits,334,119,215,35.62874251497006
Bittersweet Chocolate Bar,38,27,11,71.05263157894737
Sweetango Apple,152,46,106,30.263157894736842
Original Coleslaw Mix,3,0,3,0.0
Special Reserve 12 Yr Old Scotch Whisky 80 Proof,37,21,16,56.75675675675676
"Niblets Whole Kernel Sweet Corn, Extra Sweet",17,6,11,35.294117647058826
Multi-Surface Cleaner Lemon Fresh,320,104,216,32.5
Raw Pistachios,15,2,13,13.333333333333334
Oreo Cookie n' Cream Yogurt,1231,890,341,72.29894394800975
Scented Kids De-tangler Original,4,1,3,25.0
Riced Cauliflower & Broccoli,35,7,28,20.0
Organic Kale Smoothie,36,16,20,44.44444444444444
Light Whipped Topping,9,0,9,0.0
"Take Alongs, Medium Bowls",11,2,9,18.181818181818183
Original Teriyaki Nori,19,10,9,52.63157894736842
Potatoes O'Brien With Onions And Peppers,5,1,4,20.0
Ghost Pepper Hot Sauce,16,1,15,6.25
Garlic & Herb Water Crackers,6,1,5,16.666666666666664
Flax Oil 1000 mg Softgels,10,5,5,50.0
Rich Chocolate Nutritional Drink,25,17,8,68.0
Extra Strength Pain Relief Acetaminophen Caplets,19,4,15,21.052631578947366
Probiotic Bio Kdz Vanilla,53,37,16,69.81132075471697
Organic Peach Blossom White Tea,3,1,2,33.33333333333333
Vitamin E 400 IU,5,1,4,20.0
Organic Short Grain Brown Rice,8138,3429,4709,42.13565986728926
Organic Seaweed Black Sesame Super Seed Crackers,669,362,307,54.11061285500748
Brown Sugar Whipped Cream,98,60,38,61.224489795918366
Plain Sweet Potato Chips,890,327,563,36.741573033707866
Sliced Sesame Bagels,273,160,113,58.60805860805861
Canning Jar Set,3,0,3,0.0
Ready Wipe Flushable Wipes,217,127,90,58.525345622119815
Meritage Wine,56,37,19,66.07142857142857
Frizz Ease Original Formula Medium To Coarse Frizzy Hair Serum,7,3,4,42.857142857142854
Super Tea Power Greens,460,273,187,59.34782608695652
Mixed Berry Juice Drink,86,36,50,41.86046511627907
Crushed Tomato,50,14,36,28.000000000000004
Bac-Os Bacon Flavor Bits,10,2,8,20.0
Foaming Scrub Pink Grapefruit Oil-Free Acne Wash,55,18,37,32.72727272727273
Organic Bancha Hojicha Green Tea,12,6,6,50.0
Grilled Tender Beef & Liver Feast in Gravy Cat Food,82,60,22,73.17073170731707
Oinkies Pig Skin Twists,9,4,5,44.44444444444444
Super Plus Unscented Tampons,5,0,5,0.0
Ultra Glued Invincible Styling Gel,11,1,10,9.090909090909092
Flake Style Imitation Crab,265,144,121,54.339622641509436
Organic Acacia Fiber,46,3,43,6.521739130434782
Natural Calm Anti-Stress Drink,138,55,83,39.85507246376812
100% Juice No Added Sugar Orange Tangerine,27,17,10,62.96296296296296
Sea Salt Toffee 31% Cacao Milk Chocolate Bar,9,3,6,33.33333333333333
Organic Vanilla Nonfat Yogurt,307,180,127,58.63192182410424
Creamy Supreme Frosting Chocolate,6,0,6,0.0
Glide Original Floss,53,10,43,18.867924528301888
Brown & Serve Original Breakfast Sausage Links,704,382,322,54.26136363636363
Humectress Restoring Conditioner,9,0,9,0.0
Beef Raviolis Pasta in Meat Sauce,15,8,7,53.333333333333336
Organic California Veggie Burger,874,375,499,42.90617848970252
Bleu Cheese Salad Dressing and Dip,8,2,6,25.0
Sprouted Tofu Plus Organic Super Firm,51,14,37,27.450980392156865
Orange Scent Triple Action Dish Liquid & Hand Soap,39,8,31,20.51282051282051
5 Meaty Flavors Variety Dog Snacks,305,162,143,53.11475409836065
Thick Spaghetti Pasta,922,382,540,41.431670281995665
"Healthy Trinity, 3 in 1, Capsules",34,16,18,47.05882352941176
Sugar Free Cherry Low Calorie Gelatin Snacks,754,430,324,57.02917771883289
Ultra Thin Crust Ultimate Combo Pizza,76,46,30,60.526315789473685
"Juice Cocktail, Cranberry Blood Orange",20,7,13,35.0
Soft & Crunchy Brown Rice Cracker Seaweed Roll,51,30,21,58.82352941176471
Casual White Napkins,41,12,29,29.268292682926827
Deli Fresh Smoked Ham,173,83,90,47.97687861271676
Shea & Cocoa Butter Baby Lotion,9,0,9,0.0
1893 Original Can,21,10,11,47.61904761904761
VIA Instant House Blend Instant Coffee,153,103,50,67.3202614379085
Chayote,531,241,290,45.38606403013183
Caramel Lovers Variety Candy Bars,32,5,27,15.625
Extra Crispy Seasoned Crinkles,26,11,15,42.30769230769231
Mocha Iced Coffee,208,135,73,64.90384615384616
Lean Ground Beef,622,314,308,50.482315112540185
Free & Clear Liquid,14,1,13,7.142857142857142
Coffee Chocolate Chunk Greek Nonfat Yogurt & Cinnamon Crisps Dippers,7,3,4,42.857142857142854
Kit Kat Minis White Pouch,71,32,39,45.07042253521127
Healthy Volume Shampoo,22,6,16,27.27272727272727
All Natural Basil,11,0,11,0.0
Pumpkin Spice Latte Iced Coffee Pure Cold Brew Coffee With Almondmilk,164,48,116,29.268292682926827
Confetti Sparkling Sugar,6,1,5,16.666666666666664
Mint Coconut 3 In 1 Wash,13,1,12,7.6923076923076925
Candle Blue Odyssey,13,3,10,23.076923076923077
The Original Maraschino Cherries,34,6,28,17.647058823529413
ProActive Health Adult Small Dog Biscuit Treats,9,3,6,33.33333333333333
Ignatia Amara 30 C,24,8,16,33.33333333333333
Original Pure Chocolate Whippet Cookies,34,14,20,41.17647058823529
Organic Chewy Granola & Seed,5,0,5,0.0
Simply 100 Crunch Strawberry Chocolate Truffle Non-Fat Greek Yogurt,254,121,133,47.63779527559055
24 Hour Protection Sweet Pea & Violet Invisible Solid,24,5,19,20.833333333333336
Itches & Rashes,24,5,19,20.833333333333336
Blended Plain Yogurt,5,1,4,20.0
Synergy Organic & Raw Green Chia Kombucha,1021,642,379,62.87952987267384
"Vinegar, Red Wine",238,29,209,12.184873949579831
Spicy Black Bean & Kale Organic Soup,828,324,504,39.130434782608695
Original Granola Cereal,55,27,28,49.09090909090909
Coastal Pinot Noir,65,23,42,35.38461538461539
Reduced Fat Shredded Mexican Four Cheese Blend,87,38,49,43.67816091954023
Organic Oven Toasted Oats Old Fashioned,137,64,73,46.715328467153284
Low Fat Marinara Sauce,60,43,17,71.66666666666667
Himalania Fine Pink Salt Glass Jar,638,177,461,27.74294670846395
Red Sugar Decorating Decors,35,1,34,2.857142857142857
Lactose Free Vanilla Ice Cream,357,154,203,43.13725490196079
Organic Pickled Beets,22,6,16,27.27272727272727
Garden Veggie Chips Sour Cream & Onion,39,16,23,41.02564102564102
Lavender Chamomile Body Wash,4,0,4,0.0
Risin' Raisin Ancient Grains Cereal,6,1,5,16.666666666666664
Unsalted Smooth All Natural Peanut Butter,223,148,75,66.3677130044843
Avocado Slicer,5,0,5,0.0
Szechuan,4,0,4,0.0
Rich & Hearty Chicken Corn Chowder Flavored with Bacon Soup,442,160,282,36.199095022624434
Rich & Creamy Plain Yogurt,55,33,22,60.0
Steamfresh Edamame Pods Frozen Vegetables,588,286,302,48.63945578231292
Fabric Softener Sheets Clean Breeze,12,1,11,8.333333333333332
"Organic Turkey with Rosemary, Sage & Thyme Bone Broth",846,360,486,42.5531914893617
Microwaveable Mac And Cheese Real Cheddar Cheese,5,2,3,40.0
Sriracha Flavor Tortilla Chips,403,250,153,62.03473945409429
Lemon Poppy Seed Muffins,24,14,10,58.333333333333336
Watercress,247,72,175,29.1497975708502
Chili Ready Diced Tomatoes,58,17,41,29.310344827586203
Ultra Liner Waterproof Liquid Eyeliner - 301 Black,5,0,5,0.0
Lactose Free Tofu Vegetable Frozen Lasagna,91,50,41,54.94505494505495
Greek Dressing,66,21,45,31.818181818181817
Mini Baking Cups,25,3,22,12.0
Red Onions,2463,1281,1182,52.00974421437271
Grilled Liver & Chicken Feast in Gravy Cat Food,145,99,46,68.27586206896552
Organic Stage 2 Apple Oatmeal With Cinnamon Baby Food,527,284,243,53.889943074003796
Organic Sweet Cream Honey Yogurt,30,9,21,30.0
Vegan Minestrone & Pasta Soup,91,38,53,41.75824175824176
Breakfast Burrito With Potatoes Jack & Cheddar Cheese & Meatless Chorizo,685,511,174,74.59854014598541
Medium Thick and Chunky Fiesta Salsa,5,2,3,40.0
3rd Foods Garden Vegetables & Beef,17,6,11,35.294117647058826
Mild Cheddar Macaroni & Cheese,11,3,8,27.27272727272727
Medium Green Chile Enchilada Sauce,669,207,462,30.94170403587444
Mango Berry Seltzer,39,19,20,48.717948717948715
Overnight Maxi Wrapped,74,46,28,62.16216216216216
Chicken Tikka Masala Samosas with Cilantro Chutney,139,64,75,46.043165467625904
Super Moist Lemon Cake Mix,184,43,141,23.369565217391305
Granola Pumpkin Spice Mix,7,2,5,28.57142857142857
Bar Pistachio Gelato Bar,64,32,32,50.0
Montreal Steak Seasoning,40,5,35,12.5
Chips Ahoy!/Nutter Butter/Oreo Cookies,373,202,171,54.15549597855228
Caffeine Free Roastaroma Herbal Tea,11,5,6,45.45454545454545
French Style Fresh Cut Green Beans,673,301,372,44.72511144130758
Stress Relief Lavender Body Wash,125,36,89,28.799999999999997
"Muesli, Bircher (Unsweetened)",38,10,28,26.31578947368421
Mini Seedless Watermelon Pack,5270,3090,2180,58.63377609108159
Organic Rainbow Chard Bunch,191,87,104,45.54973821989529
"Diet Root Beer, No Caffeine",185,106,79,57.2972972972973
Dish Soap Simply Citrus,9,0,9,0.0
Santa Cruz OG Blackberry Pom Fruit Spread,172,49,123,28.488372093023255
Chocolate Hazelnut Snack Pack,137,47,90,34.306569343065696
Bar-B-Q Jumbo Sunflower Seeds Roasted & Salted,14,5,9,35.714285714285715
"Pancake Batter, Original",197,116,81,58.88324873096447
Home Menu Orange Chicken,32,4,28,12.5
Black Tea Pyramids,2566,1175,1391,45.791114575214344
Mozzarella Log,101,28,73,27.722772277227726
Infusions Ultra Downy® Infusions™ Lavender Serenity™ Fabric Softener Sheets 90 count Fabric Enhancers,79,24,55,30.37974683544304
Overnight Diapers Sleepy Sheep Size 4,6,1,5,16.666666666666664
Primadophilus For Children,11,3,8,27.27272727272727
Spinach Ricotta Ravioli,14,7,7,50.0
Extra Firm Silken Tofu,231,52,179,22.51082251082251
Russet Potatoes Bag,36,2,34,5.555555555555555
Chips Ahoy! Original Chocolate Chip Cookies,117,61,56,52.13675213675214
Peanut Butter Creme Cookies,1483,974,509,65.67768037761294
Regular Relaxer Kit,7,2,5,28.57142857142857
Strawberry Squeeze Fruit Spread,823,287,536,34.87241798298906
"9\"" OvenFresh Pie Plate",5,0,5,0.0
Security Super Plus Tampons,8,3,5,37.5
Souper Meal Chicken Ramen Noodles,62,22,40,35.483870967741936
Organic Worcestershire Sauce,374,65,309,17.379679144385026
Indian Coconut Curry Simmer Sauce,368,155,213,42.119565217391305
Gluten Free Chocolate Chip Quinoa Cookies,23,12,11,52.17391304347826
HE Turbo Clean Plus Febreze Freshness Spring and Renewal Scent Liquid Laundry Detergent,70,32,38,45.714285714285715
Seasoned & Cooked Pulled White Meat Chicken with Jack Daniel's Barbeque Sauce,208,83,125,39.90384615384615
Mushroom Alfredo Sauce,55,17,38,30.909090909090907
Organic Mother's Milk Herbal Tea,1214,613,601,50.494233937397034
Nonfat Vanilla Fudge Swirl Frozen Yogurt,665,375,290,56.390977443609025
Salsa Del Rio Medium Green Salsa,65,25,40,38.46153846153847
Mozzarella String Cheese,10521,7476,3045,71.05788423153693
Red Velvet Cake,7,1,6,14.285714285714285
Mega Hold Sculpting Gel,17,2,15,11.76470588235294
Simply Traditional Pasta Sauce,9,5,4,55.55555555555556
Glazed Ham,4,0,4,0.0
Organic Mojo Berry Soda Single,7,2,5,28.57142857142857
"6\"" Apple Pie",49,5,44,10.204081632653061
Turkey Cranberr Sage Bone Broth,364,174,190,47.8021978021978
Mrs. Grass Soup Mix Homestyle Vegetable Chicken Noodle,3,1,2,33.33333333333333
Maple Flavored Sausage Patties,243,143,100,58.8477366255144
Original English Muffins,3134,2072,1062,66.11359285258456
Challah Bread Loaf,64,30,34,46.875
Hamburger Seasoning,29,0,29,0.0
Naproxen Sodium Liquid Gels,54,9,45,16.666666666666664
Deluxe Pistachio Mix Mixed Nuts,16,5,11,31.25
Old Fashioned Hot Dog Buns,93,33,60,35.483870967741936
Chicken Teriyaki,50,28,22,56.00000000000001
7 Whole Grain Flakes Cereal,74,33,41,44.5945945945946
Red Velvet Pastry Crisps,14,0,14,0.0
Chicken Carbonera Pizza,6,2,4,33.33333333333333
Cinnamon Swirl Raisin Bread,3976,2658,1318,66.85110663983903
Whole Cranberries,77,19,58,24.675324675324674
Acne Solutions Maximum Strength Spot Treatment Cream,4,0,4,0.0
Vanilla ... Ahhh Frozen Coconut Dessert,474,280,194,59.07172995780591
Liquid Stevia,34,16,18,47.05882352941176
Classic Catalina Dressing & Dip,206,77,129,37.37864077669903
Diablo Cabernet,69,43,26,62.31884057971014
Clean Linen Concentrated Splash-less Liquid Bleach,33,7,26,21.21212121212121
"Chocolate Candies, Peanut",112,55,57,49.107142857142854
Original Toasted Wheat Germ,185,69,116,37.2972972972973
Mini Glue Pen,7,0,7,0.0
Raspberry Mango Passion Fruit Jam,4,0,4,0.0
White Cheddar Snack Crackers Cheddar Bunnies,2238,1107,1131,49.46380697050938
Organic Ginger Ale,6,1,5,16.666666666666664
Matzo Ball & Soup Mix,278,59,219,21.223021582733814
100% Natural Coconut Water,77,54,23,70.12987012987013
Fruit Juicy Red Juice Drink,297,134,163,45.11784511784512
Organic Dark Chocolate,6,2,4,33.33333333333333
Fruit & Almond Butter Blueberry Cinnamon Walnut,27,12,15,44.44444444444444
Moist Supreme Strawberry Cake Mix,111,22,89,19.81981981981982
Rising Crust 5 Cheese Pizza,25,10,15,40.0
Organic Russet Potato Bag,5448,2630,2818,48.27459618208517
Amaretto Cafe Coffee Creamer,18,7,11,38.88888888888889
Porcini Mushroom And Truffle Triangles,29,11,18,37.93103448275862
Happy Hips Dog Food Duck & Sweet Potato Stew,32,15,17,46.875
Toasted Wheat Germ,13,3,10,23.076923076923077
Balsamic Vinaigrette Enhanced With Omega 3,329,118,211,35.86626139817629
Natural Herb Cough Drops,457,147,310,32.16630196936542
Cashew Chocolate Milk,4,1,3,25.0
Dairy Free 5X Protein Almond Plus Vanilla Almond Milk,127,62,65,48.818897637795274
Tuscan Tomato And Basil Bisque,186,102,84,54.83870967741935
Naturals White Cheddar Cheese Multigrain Cheese Puffs,9,1,8,11.11111111111111
Black Licorice Nibs,13,4,9,30.76923076923077
Fiesta Mix Snacks,27,12,15,44.44444444444444
Stage 1 Apple Spinach Rutabagas Organic Pureed Baby Food,57,21,36,36.84210526315789
Sweet Orange Rice Cake,24,10,14,41.66666666666667
Louisana Hot Sauce,57,9,48,15.789473684210526
Goldfish 9ct Wg Cheddar,17,6,11,35.294117647058826
Gluten Free Almond Horn Cookie,9,4,5,44.44444444444444
Nutrish Zero Grain Salmon And Sweet Potato Dog Food,6,1,5,16.666666666666664
"Rising Crust Supreme (Sausage, Pepperoni, Red Peppers, Green Peppers, Onions, Black Olives) Frozen Pizza",1833,868,965,47.35406437534097
Chocolate Chip Pancakes,41,26,15,63.41463414634146
Delicatessen Style Mustard,20,4,16,20.0
General Purpose Mini Hooks,10,3,7,30.0
Strawberry Cheesecake Protein Bar,360,163,197,45.27777777777778
Tuna Fillets In Garlic Olive Oil,41,13,28,31.70731707317073
Extra Strength Pain Cream,42,9,33,21.428571428571427
Salted Caramel Sweet & Simple Cookies,13,3,10,23.076923076923077
"Soup Mix, Sausage & Lentil, Indiana Harvest",11,1,10,9.090909090909092
Peppermint Mint Roll,79,59,20,74.68354430379746
Fat Free Mini Pretzel Thins,8,3,5,37.5
"Pinot Noir, Vin de Pays d'Oc, 2006",69,59,10,85.5072463768116
All Natural Gluten Free All Purpose Baking Mix,4,0,4,0.0
Fruit Smoothies SPF 15 Lip Protectant,31,7,24,22.58064516129032
"Original Unsweetened Coconut, Almond, and Chia Drink",38,26,12,68.42105263157895
Extra Strong Multipurpose Large Drawstring Bags,14,0,14,0.0
Sweet Potato,278,114,164,41.007194244604314
Ultratab® Tablets Allergy,320,66,254,20.625
Organic Whole Kernel Sweet Corn No Salt Added,12738,6281,6457,49.30915371329879
Mostaccioli Pasta,234,82,152,35.04273504273504
"Rescue Remedy for Pets, Dropper",33,7,26,21.21212121212121
Complete Fresh Scent Dish Detergent Action Pacs,3,0,3,0.0
Premium Dog Food Turkey & Chicken Formula,19,15,4,78.94736842105263
Vegetarian Baked Beans,652,313,339,48.00613496932515
Organic Eggplant,2509,847,1662,33.75846950976485
Spinach Pancakes,4,0,4,0.0
All Natural Crispy with Panko Breading & Sea Salt Onion Rings,340,111,229,32.64705882352941
Super Firm Tofu,38,8,30,21.052631578947366
"Coldpuree Organic Stage 2 Apple, Sweet Potato, Pineapple and Oat Baby Food",14,10,4,71.42857142857143
Organic Flying Insect Killer Spray,35,5,30,14.285714285714285
Organic Protein Shake French Vanilla,104,70,34,67.3076923076923
Diet Dr.Pepper Soda Pack,3644,2570,1074,70.52689352360045
Papaya,1919,1014,905,52.84002084418968
Invigorating Clean Rosemary + Mint Shampoo,67,11,56,16.417910447761194
Rainbow Peppercorns,208,16,192,7.6923076923076925
Apple Cheese Pretzel,15,8,7,53.333333333333336
Multicolor Chanukah Candles,7,0,7,0.0
Dark Chocolate 72% Cacao,75,31,44,41.333333333333336
Shells No 50 Pasta,274,98,176,35.76642335766424
Organic Lightly Salted Sea Salt Thin & Crispy Restaurant Style Tortilla Chips,4334,2602,1732,60.036917397323485
Dark Chocolate with Whole Hazelnuts,658,436,222,66.26139817629179
Pain Relief Tablets,716,184,532,25.69832402234637
Flip Pumpkin Harvest Crisp Lowfat Greek Yogurt,200,94,106,47.0
Blueberry Cinnamon Bread,73,27,46,36.986301369863014
Tofette,3,0,3,0.0
Half Caff K Cup,7,1,6,14.285714285714285
Real Cream of Coconut,51,10,41,19.607843137254903
Mushroom Spinach & Salsa Tamales With 2 Cheeses,332,167,165,50.30120481927711
Coconuts For Caramel,81,15,66,18.51851851851852
Reddi Wip Fat Free Whip Cream,1039,697,342,67.0837343599615
Shiitake Mushrooms Rice Noodle Soup Bowl,18,13,5,72.22222222222221
Total Raisin Bran Cereal,60,29,31,48.333333333333336
Low Fat Balsamic Vinaigrette Sauce and Marinade,4,0,4,0.0
Peanut Caramel Candy Bars,95,60,35,63.1578947368421
Original Thick & Smooth Hot Taco Sauce,60,18,42,30.0
Fudge Bars,460,260,200,56.52173913043478
VIA Instant White Chocolate Mocha,5,0,5,0.0
Arouses & Intensifies Personal Lubricant,4,1,3,25.0
Scented Oil Life Scents Paradise Retreat,25,7,18,28.000000000000004
Chocolate Creme Cookies,23,11,12,47.82608695652174
3D White Luxe Glamorous White Multi-Care Whitening Fresh Mint Flavor Mouthwash,36,14,22,38.88888888888889
Sausage & Mushroom Pizza,41,16,25,39.02439024390244
Raw Jack Style Cheese,460,274,186,59.56521739130435
Quark Peach,10,5,5,50.0
Grilled Sesame Beef & Broccoli Meal,31,9,22,29.03225806451613
Friskies Savory Shreds Cat Food Variety Pack,41,27,14,65.85365853658537
Pretzel Toffee Twirl Dark Chocolate,39,11,28,28.205128205128204
Classic Blend Medium Roast Ground Coffee,60,38,22,63.33333333333333
Organic Better Rest Tea Blend,1,0,1,0.0
All Natural Seasoning Kick'N Chicken,25,1,24,4.0
Skillet Meals For 2 Chicken Biryani,8,1,7,12.5
Still Artesian Water,61,22,39,36.0655737704918
Doubleshot Coffee & Protein Beverage Vanilla Bean,48,31,17,64.58333333333334
Squeezed Lemonade,1087,774,313,71.20515179392825
Plastic Coated Freezer Paper,27,2,25,7.4074074074074066
Sensitivity Ultra Thin Premium Lubricant Condoms,11,0,11,0.0
Coffee Mate Natural Bliss Sweet Creme Coffee Creamer,1548,1002,546,64.72868217054264
Bodegas,12,2,10,16.666666666666664
Egg Substitute,89,34,55,38.20224719101123
Melatonin Chewable Lozenges 3 Mg,2,0,2,0.0
Mild Banana Fresh Pack Pepper Rings,132,31,101,23.484848484848484
"Thick Sliced Canadian, Bacon Natural Hickory Smoked",114,48,66,42.10526315789473
Lemon Cayenne Caffeine Kick,5,2,3,40.0
Starlight Mints,41,12,29,29.268292682926827
Spectacular Ginger Beer,637,226,411,35.478806907378335
"Pardina!, Lentils",35,13,22,37.142857142857146
Grape Jammers,101,24,77,23.762376237623762
Lemon Pepper Seasoning,26,3,23,11.538461538461538
French Roast K Cup,14,3,11,21.428571428571427
Vegetarian Chili with Beans,98,49,49,50.0
Sweet Chili Chicken,2,0,2,0.0
Moisturizing Shampoo Unscented,27,8,19,29.629629629629626
Classic Cheddar Cheese Chickpea Pasta Mac and Cheese,18,4,14,22.22222222222222
Double Garlic Ginger and Lime Marinade,9,1,8,11.11111111111111
Southern Butter Pecan Gourmet Coffee Creamer,25,16,9,64.0
Dirty Chai Tea With Espresso,8,1,7,12.5
Panko Italian Style Crispy Bread Crumbs,232,51,181,21.982758620689655
Simply Homemade Cornbread Baking Mix,21,4,17,19.047619047619047
Organic Black Bean Lower Sodium Soup,70,27,43,38.57142857142858
Swedish Style Non-Fat Drinkable Yogurt Plain,754,488,266,64.72148541114059
Flip Greek Yogurt Tropical Escape,356,199,157,55.89887640449438
Guacamole Dips,985,437,548,44.36548223350254
50/50 Hydrating-Calming Balanced Conditioner,86,28,58,32.55813953488372
Organic Mendocino Cabernet Sauvignon,45,29,16,64.44444444444444
Animals Crackers Cookies,9,5,4,55.55555555555556
Twist 'n Loc Medium Round Containers + Lids,50,10,40,20.0
"Organic Butterhead (Boston, Butter, Bibb) Lettuce",12137,6155,5982,50.71269671253192
Luau Barbeque Potato Chips,204,110,94,53.92156862745098
70% Dark Chocolate With Orange Bar,1013,583,430,57.5518262586377
Odor Protector 13 Gallon Tall Kitchen Drawstring Bags,10,1,9,10.0
Hearty Cheeseburger Soup,18,8,10,44.44444444444444
Organic Vegetarian Mild Refried Beans With Green Chiles,1575,930,645,59.04761904761905
Newtons Triple Berry Fruit Chewy Cookies,63,39,24,61.904761904761905
Ultra Soft & Strong Bathroom Tissue,24,12,12,50.0
Salted Caramel Decadent Brownie Mix,49,13,36,26.53061224489796
Clementine Dish Soap,1127,464,663,41.171251109139305
Shredded Beef Taquitos,111,43,68,38.73873873873874
Cascara Sagrada Aged Bark Capsules,15,10,5,66.66666666666666
Authentic French Sliced Brioche,89,48,41,53.93258426966292
"Fruit & Veggie 1,2,3",13,3,10,23.076923076923077
"Designer Paper Plates, 10.25\""",11,3,8,27.27272727272727
Classic Whipped Cream,3202,1656,1546,51.71767645221736
Organic Sweet Corn,1171,455,716,38.85567890691716
Pineapple,7350,4082,3268,55.5374149659864
Organic Italian Volcano Lemon Juice,49,31,18,63.26530612244898
Peach Lemonade,21,13,8,61.904761904761905
Ham And Cheese Style Pocket,56,32,24,57.14285714285714
Berry Shot Dietary Supplement,140,95,45,67.85714285714286
Cinnamon Graham Crackers,300,149,151,49.666666666666664
Yum Yum Dophilus Natural Raspberry Chewables,168,85,83,50.595238095238095
Cherry Blintzes Filled Crepes 6 ct,9,0,9,0.0
Lemon Squeezer,26,1,25,3.8461538461538463
Organic 100% Durum Semolina Penne Rigate,154,71,83,46.103896103896105
Everyday Shea Lavender Bubble Bath,301,78,223,25.91362126245847
Prime Cuts in Gravy Beef & Lamb Variety Pack Wet Dog Food,12,8,4,66.66666666666666
Baby Red Potatoes,41,7,34,17.073170731707318
Matcha Powder,725,194,531,26.75862068965517
Creamy Caramel Filled Hard Candies,61,33,28,54.09836065573771
Pepperoni Ultra Thin Crust Pizza,31,15,16,48.38709677419355
"Grape Wine, Delicious Red",63,54,9,85.71428571428571
Cheesy Mix Variety Snack Pack,9,1,8,11.11111111111111
Peach Citrus Soda,569,395,174,69.42003514938489
Organic Frozen Concentrate Lemonade,139,31,108,22.302158273381295
Andouille Smoked Pork Sausage,12,4,8,33.33333333333333
Lavender Toilet Bowl Cleanser,35,4,31,11.428571428571429
Gentle Glide 360° Fresh Scent Regular/Super Absorbency Multi-Pack Tampons,24,7,17,29.166666666666668
Basil Chili Rice,23,9,14,39.130434782608695
Special K Red Berries Cereal Bars,34,17,17,50.0
Organic Melange Peppercorn,16,0,16,0.0
Cheddar Cheese Stuffed Jalapenos Poppers,40,16,24,40.0
Lime Air Neutralizer,5,0,5,0.0
Dark Chocolate Coconut Bites,106,72,34,67.9245283018868
Swedish Oatmeal Pancakes,41,33,8,80.48780487804879
VILLAGE HRTH 15OZ 8CT SESAME BUNS,55,31,24,56.36363636363636
Black Beans Reduced Sodium,2103,959,1144,45.60152163575844
Organic Blueberry,548,308,240,56.20437956204379
Tomato Sauce No Salt Added,85,32,53,37.64705882352941
Disinfecting Wipes Lemon,167,77,90,46.10778443113773
Sushi Spicy Tuna Roll Ready To Eat,47,22,25,46.808510638297875
Apple Fruit Filling & Topping,3,0,3,0.0
Dusters Cleaner Refills Unscented,264,66,198,25.0
100% Orange Juice No Pulp,357,220,137,61.62464985994398
Organic Vegan Caesar Salad Dressing,394,162,232,41.11675126903553
Cool Watermelon 2-In-1 Shampoo,44,21,23,47.72727272727273
Signature Recipes Fire Roasted Tomato & Garlic Pasta Sauce,528,214,314,40.53030303030303
"Dark Chocolate, Firecracker, 60% Cacao",104,58,46,55.769230769230774
Organic Chunky Style Crushed Tomatoes,27,7,20,25.925925925925924
"Organic Icelandic, Nonfat, Blueberry Yogurt",84,38,46,45.23809523809524
Coconut Pineapple Sparkling Water,805,475,330,59.006211180124225
Sorbet Pops Banana Coconut,342,159,183,46.49122807017544
Chicken Tamales,91,33,58,36.26373626373626
Fully Cooked Original Bacon,1764,1104,660,62.585034013605444
Children's Orange Cough Melts,7,0,7,0.0
"Couscous, Original Plain",13,3,10,23.076923076923077
Caramel Sea Salt Gelato,27,16,11,59.25925925925925
Triple Berry Muffin Mix,25,9,16,36.0
Comprehensive Immune Support,10,3,7,30.0
Lemon Cayenne Agave Juice Beverage,158,84,74,53.16455696202531
Ambar Lager Beer,8,1,7,12.5
Print Big Roll Paper Towels,69,23,46,33.33333333333333
Bay Area Blend Honey,5,1,4,20.0
Chocolate Dark Chocolate Ice Cream Bars,1610,947,663,58.81987577639751
Sun-Dried Tomatoes Julienne Cut,38,6,32,15.789473684210526
Nova Smoked Atlantic Salmon,411,212,199,51.58150851581509
Nopalitos Tender Cactus,5,0,5,0.0
Sriracha Roasted Broad Beans,233,138,95,59.227467811158796
Quartered Marinated Artichoke Hearts,214,81,133,37.850467289719624
Sun Dried Tomato Pesto,182,45,137,24.725274725274726
Organic Spelt Flour,454,135,319,29.735682819383257
Everyday Shea Passion Fruit Conditioner,4,0,4,0.0
Organic Pink Peppercorn,37,2,35,5.405405405405405
Magic Shell Caramel Flavored Topping,6,0,6,0.0
Organic Diced Fire Roasted Tomatoes,2311,796,1515,34.44396365209866
Organic Arrabbiata Pasta Sauce,122,41,81,33.60655737704918
"Bologna, German Brand",8,2,6,25.0
Kale Chicken Ceasar Bowl Non Gmo,12,5,7,41.66666666666667
Sea Salt Organic Popcorn,17,4,13,23.52941176470588
Pork Gravy Mix,55,18,37,32.72727272727273
Organic Mellow Miso Brown Rice,142,27,115,19.014084507042252
Parchment Lined 12.25 in x 8.25 in x 1.25 in Sheet Cake Pans,28,2,26,7.142857142857142
Sparkling Diet Cranberry Juice,33,16,17,48.484848484848484
Rebel IPA,47,14,33,29.78723404255319
Crispy Strips,332,191,141,57.53012048192772
Flat Fillets of Anchovies,946,343,603,36.25792811839324
Cinnamon Applesauce,1409,799,610,56.7068843151171
Half Pumpkin Pie,66,16,50,24.242424242424242
Jumbo Flaming Hot Cheetos,8,2,6,25.0
Original Kids Age 3 Months and Up Tooth Gel with Xylitol,28,7,21,25.0
All Natural Hemp Original Non Dairy Beverage,596,346,250,58.053691275167786
Apple Mango Passion Fruit Fruit Snack,24,16,8,66.66666666666666
"Quinoa Cluster, Almond",40,12,28,30.0
Maximum Alcohol Free Medicated Acne Pads,19,4,15,21.052631578947366
Real Sangria,16,5,11,31.25
Coconut & Hibiscus Curl & Style Milk,7,0,7,0.0
2-Step Vanilla Latte Single Serve Cups & Froth Packets Coffee,7,1,6,14.285714285714285
Organic Green Sauerkraut,306,161,145,52.614379084967325
TofuPlus Organic Extra Firm Tofu,224,94,130,41.964285714285715
Fit Kitchen Bourbon Steak,57,26,31,45.614035087719294
Cheddar Broccoli Soup Mix,39,4,35,10.256410256410255
Dairy Whipped Topping,189,76,113,40.21164021164021
Gentle Exfoliating Beauty Bar,134,46,88,34.32835820895522
Home Style Beefless Tips,870,461,409,52.98850574712644
Breaded Chicken Nuggets,5,1,4,20.0
"Ultra Stain Release Liquid Laundry Detergent, 92 oz, 48 loads Laundry",51,25,26,49.01960784313725
Organic Ground Chia Seed,223,38,185,17.040358744394617
Unsweetened Coconut Milk Beverage,7973,5158,2815,64.6933400225762
Grilled Ocean Whitefish & Tuna Feast in Gravy Cat Food,368,270,98,73.36956521739131
Exposed Pulp and Juice Original Aloe Vera + Honey,921,636,285,69.05537459283387
Total Whitening Toothpaste,257,79,178,30.739299610894943
Artisan Goat Cheese,5,0,5,0.0
Organic Tortilla Style Soup,40,14,26,35.0
Laundry Detergent Pods,16,4,12,25.0
Real Medleys Summer Berry Oatmeal Cup,545,317,228,58.1651376146789
Natural Orange Jel Dessert,101,14,87,13.861386138613863
Triple Meat Party Pizza,131,65,66,49.61832061068702
Double Zipper Gallon Storage Bags,1065,303,762,28.450704225352112
Milk Whole,2257,1525,732,67.56756756756756
Queso Quesadilla Part Skim Milk Cheese,49,15,34,30.612244897959183
Tender Favorites Poultry & Beef Variety Pack Wet Cat Food,124,91,33,73.38709677419355
Champagne Flute,73,16,57,21.91780821917808
Organic White Button Mushrooms,100,48,52,48.0
Baked Aged White Cheddar Rice and Corn Puffs,13691,8812,4879,64.36345044189613
Dark Chocolate Frosting Mix,59,7,52,11.864406779661017
Salsa Casera Mild,258,113,145,43.798449612403104
Cherry Juice Infused Craisins,9,4,5,44.44444444444444
Creamy Spinach Dip,275,84,191,30.545454545454547
Loofah Dishwand,10,1,9,10.0
Stain Remover Carpet Cleaner,278,57,221,20.503597122302157
Red Velvet Cream Cheese Flavor Cookies,68,21,47,30.88235294117647
Herb Seasoned Stuffing,150,19,131,12.666666666666668
Brie & Raspberry Bake & Serve Fillo Rolls,21,5,16,23.809523809523807
Turkey and Rice Baby Food,154,74,80,48.05194805194805
Graziers Raw Jalapeño Jack Cheese,28,19,9,67.85714285714286
Dark Chocolate & Mint Morsels,19,2,17,10.526315789473683
"Peperoncini, Golden Greek",34,10,24,29.411764705882355
Medium Tex Mex Salsa,112,55,57,49.107142857142854
Foldit 5 Grain Flax Flatbread,201,108,93,53.73134328358209
Real Vegetable Chips Original,13,3,10,23.076923076923077
Stove Top Stuffing Mix For Chicken,693,237,456,34.1991341991342
Jacked Ranch Dipped Hot Wings Tortilla Chips,170,73,97,42.94117647058823
Grilled Seafood Feast Variety Cat Food,441,267,174,60.544217687074834
Nestle Toll House Premier White Chocolate Morsels,525,103,422,19.61904761904762
Ground Jamaican Allspice,9,0,9,0.0
Apple Butter Spread,37,21,16,56.75675675675676
Cotes De Provence,101,64,37,63.366336633663366
Frank's Red Hot Buffalo Ranch Dressing,3,0,3,0.0
OTC™ Heartburn Capsules,29,23,6,79.3103448275862
"Original, Hummus Chips",13,5,8,38.46153846153847
Hickory Smoked Classic Cut Bacon,83,26,57,31.32530120481928
Organic Baby Corn Pieces,1425,592,833,41.54385964912281
Gluten Free Paleo Fettuccine,1679,1022,657,60.86956521739131
Febreze Freshness Meadow & Rain Fabric Softener,15,1,14,6.666666666666667
Organic Whole Milk French Vanilla Yogurt,3896,2719,1177,69.78952772073922
Kenwood Cabernet Sauvignon Sonoma Valley 750 Ml,34,16,18,47.05882352941176
White Eggplant,7,2,5,28.57142857142857
Krinkle Cut Classic Barbecue Potato Chips,1880,1157,723,61.54255319148936
Advanced Therapy Lotion,92,28,64,30.434782608695656
Wavy Original Potato Chips Party Size,13,5,8,38.46153846153847
Mandarin Box,41,6,35,14.634146341463413
Organic Original Panko,372,124,248,33.33333333333333
Waterproof Tough Strips Adhesive Bandages,19,2,17,10.526315789473683
Caesar Rules Dressing,120,31,89,25.833333333333336
3rd Foods Pear Apple Berry,15,4,11,26.666666666666668
flings! Original Laundry Detergent Pacs,12,0,12,0.0
Hair Repair Conditioner,35,8,27,22.857142857142858
Quart Size Mason Jars,12,0,12,0.0
Creamed Spinach,288,142,146,49.30555555555556
Eggo Breakfast Sandwich Bacon Egg Cheese,69,35,34,50.72463768115942
Soft Dinner 6 Ct White Rolls,51,11,40,21.568627450980394
Organic & Raw Grape Kombucha,119,84,35,70.58823529411765
Roasted Red Pepper Hummus with Pretzels,38,25,13,65.78947368421053
Calabrese Spicy Salami,8,1,7,12.5
Dairy Pure Fresh Half & Half,614,363,251,59.12052117263844
2nd Foods Sweet Potatoes & Corn,108,50,58,46.2962962962963
Maximum Absorbency Underwear for Men L/XL,5,1,4,20.0
Turkey Canine Cuisine Wet Dog Food,131,71,60,54.19847328244275
Organic Energy Drink Ruby Red,277,197,80,71.11913357400722
Premium Organic Quinoa,106,18,88,16.9811320754717
Gluten Free Pizza Shell,16,6,10,37.5
Chocolate With Fudge Low Fat Ice Cream Cones,445,282,163,63.370786516853926
Natural Goodness Chicken 100% Fat Free RTS Broth,2,0,2,0.0
Tostones Plantain Patties,48,21,27,43.75
S'mores Luna Bar,2677,1737,940,64.88606649234218
Smoked Shaved White Turkey,18,1,17,5.555555555555555
Mango Coconut Chia Squeeze Vitality Snack,392,217,175,55.35714285714286
Slim Can Lime Sparkling Natural Mineral Water,1354,872,482,64.40177252584934
Beef Feast in Roasted Beef Flavor Gravy Cat Food,313,223,90,71.24600638977637
Fiesta Blend Vegetables,31,7,24,22.58064516129032
Cold-Brew Vanilla Coffee,236,125,111,52.96610169491526
Zero Calorie Lemonade Strawberry Lemonade,5,1,4,20.0
Fresh Ground Chicken Breast,127,68,59,53.54330708661418
Organic Aduki Bean Miso,22,6,16,27.27272727272727
Moist & Meaty Burger with Cheddar Cheese Flavor Dog Food,66,49,17,74.24242424242425
Gourmet Mango Mochi Sherbet Bonbons,259,116,143,44.78764478764479
Cranberry Walnut Salad,26,9,17,34.61538461538461
Expeller Pressed Refined Grapeseed Oil,204,57,147,27.941176470588236
Soft & Strong Bathroom Tissue 2 Ply,315,170,145,53.96825396825397
Regular Cream Cheese Spread,625,414,211,66.24
Scratch Cover for Dark Woods Wood Furniture,14,0,14,0.0
Old Fashioned Pretzel Rods,167,111,56,66.46706586826348
"Olives, Hand Stuffed, Bleu Cheese",22,4,18,18.181818181818183
Strawberry Flavored Syrup,19,2,17,10.526315789473683
Coconut + Pink Guava Fruit Ice,58,37,21,63.793103448275865
Organic Roasted Red Pepper & Tomato Soup,2987,1383,1604,46.30063608972213
Salad Love Pomegranate Balsamic Vinaigrette,66,16,50,24.242424242424242
Gluten Free Ancient Grain Aged Cheddar Crisps,5,1,4,20.0
Unsweet Lemon Lime Drink Mix,24,14,10,58.333333333333336
Super Green Tea Lean Green for Weight Loss Dietary Supplement,17,2,15,11.76470588235294
Organic Mini Cucumber,33,12,21,36.36363636363637
Sea Veggies Seaweed Snack Sea Salt,31,13,18,41.935483870967744
Beef Broth,1475,428,1047,29.01694915254237
Fruitables Apple Harvest Fruits & Vegetables,168,97,71,57.738095238095234
Nourishing Moisture Conditioner,40,7,33,17.5
Michael Recchiuti Burnt Caramel Sauce,7,0,7,0.0
Cheese Cracker Sandwiches,412,229,183,55.582524271844655
Naproxen Sodium 220mg (NSAID) Pain Reliever/Fever Reducer,321,105,216,32.71028037383177
Powdered Sushi Wasabi,139,14,125,10.071942446043165
Original Baked Snack Crackers,3268,1949,1319,59.6389228886169
Spinach Hummus,197,125,72,63.45177664974619
Petite Snack Crunchers Kosher Dill Pickles,151,66,85,43.70860927152318
"Chard, Green, New England Grown",544,273,271,50.18382352941176
Organic Coconut Assam Whole Leaf Tea,31,13,18,41.935483870967744
In Escabeche Carrots,31,15,16,48.38709677419355
Mango Chips,31,3,28,9.67741935483871
"Plates, 10-1/16 Inch",129,45,84,34.883720930232556
Organic Bunny Butter Parmesan Pasta,328,103,225,31.402439024390244
Toilet Paper CleanCare Rolls,196,83,113,42.3469387755102
Sparkling Concord Juice Grape,88,34,54,38.63636363636363
Extreme Sport Styling Gel,16,7,9,43.75
"Lean Protein & Fiber Bars, Chocolate Almond Brownie",52,18,34,34.61538461538461
Glide Pro-Health Mint Floss,166,32,134,19.27710843373494
Activia Greek Nonfat Yogurt Blueberry,56,24,32,42.857142857142854
Aranciata Sparkling Orange Beverage,216,86,130,39.81481481481482
Grilled Marinated Artichoke Hearts,365,172,193,47.12328767123288
Cold Sore Cream,61,6,55,9.836065573770492
Almond Thins Almond Butter Cookies,248,118,130,47.58064516129033
California Sparkling Wine,38,11,27,28.947368421052634
Ratanhia Toothpaste,4,1,3,25.0
Cheese Enchilada Meal,2989,1743,1246,58.31381733021077
Dark Brown Henna Cream,7,1,6,14.285714285714285
Golden Delicious Apples,32,10,22,31.25
Unsweetened Green Tea,854,607,247,71.07728337236534
Skinny Vanilla Latte,58,37,21,63.793103448275865
Frozen Lemon Simply Yogurt Bars,4,0,4,0.0
Green House Grown Miraculously Sweet Tomatoes,227,46,181,20.26431718061674
Salted Caramel Peanuts,24,7,17,29.166666666666668
Freeze-Dried Chives,23,0,23,0.0
Creamy Almond Nut Butter,154,69,85,44.8051948051948
Cherry Vanilla Kettle Cooked Apples Fruit Pouch,4,0,4,0.0
Super Veggie,46,23,23,50.0
"Crumbled Feta Cheese, Fat Free",265,154,111,58.11320754716981
Organic Red Pepper,13,3,10,23.076923076923077
Grape 100% Juice,998,554,444,55.51102204408818
Daily Moisture Lotion with SPF 15,14,2,12,14.285714285714285
Organic Veggie Carnitas,3,0,3,0.0
Specialties Garlic Stuffed Queen Olives,18,2,16,11.11111111111111
Chicken Stew Dinner Canned Cat Food,8,1,7,12.5
Kids Mixed Berry Twisted Fruit,346,190,156,54.91329479768786
Calendula Baby Diaper Care,263,83,180,31.55893536121673
Organic Dry Roasted & Salted Cashews,45,18,27,40.0
Gluten Free Fire-Roasted Vegetable Pizza,1092,497,595,45.51282051282051
Ibuprofen Infants' Berry Pain Reliever/Fever Reducer,7,0,7,0.0
Sport Blast Shower Gel,39,18,21,46.15384615384615
Dragon Fruit Mango Flavored Fruit Juice Cocktail Blend,33,16,17,48.484848484848484
Dark Italian Roast Ground Coffee,314,186,128,59.23566878980891
Cabernet Sauvignon Alexander Valley,16,9,7,56.25
Reduced Fat Creamy Peanut Butter To Go,14,4,10,28.57142857142857
PM Extra Strength Caplets,36,8,28,22.22222222222222
"Pure Care Dry Oil for Dull, Dry Hair, Non-Greasy Conditioner",21,3,18,14.285714285714285
Woman's Energy Tea,22,6,16,27.27272727272727
"Tea Tree Oil, 100% Australian",22,0,22,0.0
English Double Devon Cream,169,37,132,21.893491124260358
Original Whole Bean Coffee,104,62,42,59.61538461538461
Anticavity Smart Rinse,27,11,16,40.74074074074074
Gimbi Pink Grapefruit,134,64,70,47.76119402985074
Ultra Soft & Strong With Clean Stretch Unscented Bathroom Tissue,74,29,45,39.189189189189186
0% Fat Blueberry Greek Yogurt,529,309,220,58.41209829867675
Large Gluten-Free Coconut Macaroons,8,0,8,0.0
Quenching Coconut Curls Conditioner,18,2,16,11.11111111111111
Smoked Salt Caramels in Milk Chocolate,10,0,10,0.0
Peppercorn Sauce,9,2,7,22.22222222222222
Country Peach Passion Herbal Tea,526,166,360,31.55893536121673
Table Blend Salt-Free Seasoning Blend,42,3,39,7.142857142857142
VS Cognac,24,9,15,37.5
Cinnamint Toothpicks,13,4,9,30.76923076923077
Original Whole Fat Lactose Free Milk,4964,3818,1146,76.91377921031426
Fragrance Free Baby Wipes,5,2,3,40.0
"Deodorant, Tea Tree Oil",32,7,25,21.875
Natural Blend Oil,25,5,20,20.0
Organic Mini Peanut Butter Crackers,53,24,29,45.28301886792453
Moisturizing Shave Cream Raspberry Mist,12,1,11,8.333333333333332
Organic Low Sodium Super Veggie Juice,58,48,10,82.75862068965517
Rejuvenating Apricot Natural Kernal Skin Care Oil,16,2,14,12.5
Organic Ginger Juice,416,188,228,45.19230769230769
NUT-rition Chocolate Nut Mixed Nuts,146,74,72,50.68493150684932
"Ham Steak, Boneless, Honey Cured",30,10,20,33.33333333333333
Chocolate Chip Waffles,381,224,157,58.79265091863517
Yellow Onion Bag,48,16,32,33.33333333333333
All Natural Spanish Saffron,28,0,28,0.0
Mango Fruit Spread,36,13,23,36.11111111111111
Bioactive Manuka 24+ Honey,94,36,58,38.297872340425535
Sheer Moisture Lip Tint - Adorn,6,0,6,0.0
"Bread, Jewish Rye",837,490,347,58.54241338112306
Dairy Free Cashew Milk Creamy Chocolate Frozen Dessert,123,31,92,25.203252032520325
Large Pasteurized Eggs,142,80,62,56.33802816901409
NyQuil Cold & Flu Nighttime Relief Cherry Flavor Liquid 8 fl oz  Respiratory Care,31,9,22,29.03225806451613
Red Sugar Sprinkles,36,2,34,5.555555555555555
Garlic & Herb Butter Stick,807,389,418,48.20322180916977
Strawberry 100 Calorie Cottage Doubles,33,13,20,39.39393939393939
0% Fat Superfruits Greek Yogurt,713,403,310,56.52173913043478
Pickled Crispy Aparagus,52,11,41,21.153846153846153
Vegan Alfredo Red Pepper Sauce,82,24,58,29.268292682926827
Whole Baby Sweet Corn,102,38,64,37.254901960784316
Honey Grahams Graham Style Crackers,855,417,438,48.771929824561404
Pimiento Stuffed Spanish Olives,7,0,7,0.0
Oven Roasted Chicken,5,0,5,0.0
Ranchero Braised Beef,359,177,182,49.30362116991643
Swiss Cheese Singles,58,27,31,46.55172413793103
Pink Lady Apples,4975,3360,1615,67.53768844221105
Maximum Strength Anti-Itch Creme,23,2,21,8.695652173913043
Hampshire 100% Natural Sour Cream,3269,1727,1542,52.829611501988374
Classic Cheddar Potatoes Pierogie,706,368,338,52.124645892351275
White Meat Chicken Cat Food,122,77,45,63.114754098360656
Extra-Thick Scrubber Sponge,56,25,31,44.642857142857146
Homestyle Healthy Request Mexican Style Chicken Tortilla Soup,115,48,67,41.73913043478261
Orange Honeydew Melon,121,27,94,22.31404958677686
"Homestyle Meals Pumpkin, White Beans & Kale Organic Baby Food",273,157,116,57.509157509157504
Chocolate Peanut Butter Non Dairy Frozen Dessert,614,309,305,50.3257328990228
Olive Oil Cooking Spray,2327,745,1582,32.015470562956594
Salted Caramel Bar,19,14,5,73.68421052631578
Eco-Foil Loaf Pans (8 in x 3 7/8 in x 2 15/32 in),93,26,67,27.956989247311824
Sliced Strawberries,15,4,11,26.666666666666668
Chocolate Fudge Topping,12,0,12,0.0
Green Apple Scent Dishwashing Liquid,7,2,5,28.57142857142857
Special K Chocolatey Chip Protein Meal Bar,28,14,14,50.0
"Worcestershire Sauce, Bourbon Barrel Aged",48,7,41,14.583333333333334
Gray Sea Salt 66% Dark Chocolate Covered Caramels,17,5,12,29.411764705882355
Southern Style Sweet Tea,42,27,15,64.28571428571429
Organic Chipotle Roasted Seaweed Snacks,202,90,112,44.554455445544555
Organic Mocha Coffee Concentrate,1655,1178,477,71.17824773413898
Double Chocolate Flavor Reduced Calorie Pudding Snacks Sugar Free,254,147,107,57.874015748031496
Hair Color 10N Light Dawn Blonde,20,6,14,30.0
Green Magic Chia Squeeze,1002,712,290,71.05788423153693
Aerosol Powder Dry Antiperspirant & Deodorant,7,0,7,0.0
Turmeric Supreme Extra Strength,124,31,93,25.0
Yopa! Greek Nonfat Yogurt With Lowfat Granola & Strawberries,26,10,16,38.46153846153847
Hemp & Greens Burger,441,237,204,53.74149659863946
Apple Pie Fruit & Nut Bars,223,86,137,38.56502242152467
Midnight California Dark Red Wine Blend,124,76,48,61.29032258064516
Organic Spicy Ginger Herbal Tea,718,264,454,36.768802228412255
Country Fried Chicken Tenders,13,3,10,23.076923076923077
Jamaican Allspice,1,0,1,0.0
Cranberry Ginger Fruit and Root Juice,2,0,2,0.0
Quart Bags,3,0,3,0.0
70% Cocoa Chocolate Bar,20,7,13,35.0
"Coconut Water, Pure Organic",2837,1954,883,68.8755727881565
Spinach And Artichoke Hummus,672,258,414,38.392857142857146
Lemon Drop Cookie Bites,55,16,39,29.09090909090909
Organic Jumbo Sunflower Seeds,11,4,7,36.36363636363637
Black Cherry Cider,30,24,6,80.0
Grinder Himalayan Salt Pink,796,174,622,21.85929648241206
Color Reflect Deep Shampoo,9,2,7,22.22222222222222
Strawberry Dark Chocolate Gelato Bars,6,1,5,16.666666666666664
Organic Brussels Sprouts,2417,1022,1395,42.28382292097642
Snackimals Chocolate Chip Cookies,570,331,239,58.07017543859649
Organic Just Sweet Potato & Barley,47,19,28,40.42553191489361
Fresh Air Fabric Softener,17,5,12,29.411764705882355
Original Whole Grain English Muffins,1028,518,510,50.38910505836576
Security Regular & Super Security Tampons Multi-Pak Unscented,53,14,39,26.41509433962264
Organic Sprouted English Muffin,6258,3911,2347,62.49600511345478
Snowflake Crackers,20,2,18,10.0
All Natural Hot & Spicy Southwest Cheddar Baked Fries,11,2,9,18.181818181818183
Peppered Smoked Wild Mackerel,122,51,71,41.80327868852459
Stir Fry Sauce Szechuan Pepper,5,1,4,20.0
Liquid Fabric Softener Original Fabric Enhancers,188,90,98,47.87234042553192
White Hot Dog Rolls,1277,532,745,41.660140955364135
Deli Fresh Smoked Turkey Breast,3901,2223,1678,56.985388361958464
Gluten Free Cowgirl Cookies Chocolate Chip,12,2,10,16.666666666666664
2nd Foods Chicken & Gravy,511,330,181,64.57925636007828
Stage 2 Apple Turkey Cranberry Baby Food,90,38,52,42.22222222222222
Antioxidant Super Tea Pomegranate Peach Passion White Tea,184,107,77,58.152173913043484
Fresh Mushroom  Pasta Sauce,713,340,373,47.68583450210379
Light & Fit Non Fat Blueberry Greek Yogurt,60,24,36,40.0
Crunchy Kale Nacho,146,50,96,34.24657534246575
Light Smoked Portuguese Sardines in Tomato Sauce,146,39,107,26.71232876712329
Pulled Pork with Barbecue Sauce,64,17,47,26.5625
Calendula Baby Bath Wash,48,28,20,58.333333333333336
"Antiperspirant Deodorant, Fresh",17,14,3,82.35294117647058
White Beauty Bar,1449,573,876,39.54451345755693
Organic Sweet Relish,2145,529,1616,24.662004662004662
Signature Angel Food Cake Mix,30,10,20,33.33333333333333
Blackhead Eliminating Daily Scrub,60,20,40,33.33333333333333
Organic Greek Yogurt Peach,102,44,58,43.13725490196079
Mountain Spring Water,4315,2905,1410,67.32329084588645
Organic Stage 2 Pears Baby Food,1356,761,595,56.120943952802364
"Cough & Bronchial Syrup with Zinc Formula, Maximum Strength",5,0,5,0.0
Sofia Blanc De Blancs Sparkling White Wine,131,71,60,54.19847328244275
"Sauvignon Blanc, Monterey, 2011",4,0,4,0.0
Magic Velvet Mango Organic Food Smashup,15,5,10,33.33333333333333
Organic Bananas Beet & Blueberry Baby Food,126,59,67,46.82539682539682
Corn Maize Tortillas,3655,1905,1750,52.1203830369357
Outshine Watermelon Fruit Bars,99,34,65,34.34343434343434
Beef Chili with Beans,12,4,8,33.33333333333333
Chicken Fingers,96,52,44,54.166666666666664
Organic Plain Unsweetened Nondairy Cashew Yogurt,868,488,380,56.22119815668203
Crinkle Cut Carrots,695,421,274,60.57553956834533
Organic Maple Brown Sugar Granola,211,74,137,35.07109004739337
"Raw Honey, Organic",319,73,246,22.884012539184955
Organic Chile Lemon Pistachio,291,206,85,70.79037800687286
"Tomatoes, Crushed",7,2,5,28.57142857142857
Organics Carrot Juice,152,91,61,59.86842105263158
Pearl Plastic Unscented Multipack,60,13,47,21.666666666666668
No-Scratch Refills,116,39,77,33.62068965517241
Hazelnut Dairy Free Creamer,168,85,83,50.595238095238095
Frosted Granny's Apple Pie Toaster Pastries,387,216,171,55.81395348837209
Lasagna With Meat & Sauce,13,3,10,23.076923076923077
Organic Honey Sweet Whole Wheat Bread,11705,9396,2309,80.27338744126442
Reduced Bitterness Brewer's Yeast,43,3,40,6.976744186046512
Organic Rosemary Potato Chowder,307,119,188,38.762214983713356
Chocolate Fudge Bite-lettes,239,135,104,56.48535564853556
Organics Cornmeal Muffin Mix,39,4,35,10.256410256410255
Flintstones Plus Immunity Support Multivitamin Supplement,17,4,13,23.52941176470588
Classic Green Chickpea Natural Hummus,9,2,7,22.22222222222222
Triple Nutrition Fortifying Shampoo For Dry & Damaged Hair,58,12,46,20.689655172413794
Soft Works Pop Container,6,0,6,0.0
Square Extra Small Containers + Lids,109,14,95,12.844036697247708
Super Fruit,26,15,11,57.692307692307686
Perfect Pinch Garlic & Herb Salt Free Seasoning,16,4,12,25.0
Original Cactus Water,35,13,22,37.142857142857146
Meaty Selections Chicken & Turkey Flavors Adult 1+ Yrs Dry Cat Food,13,5,8,38.46153846153847
Tumeric Cinnamon Tea,56,7,49,12.5
Mens Complete Gummy Vitamins,8,2,6,25.0
Advanced Solid Odor Protection Sport Triumph Anti-Perspirant & Deodorant,11,5,6,45.45454545454545
Original Unfiltered Ginger Ale,902,550,352,60.97560975609756
Meatballs Italian Style,297,132,165,44.44444444444444
Lemon & Lime Flavor Soda,4,0,4,0.0
Organic Super Cotton Tampons With Applicator,360,140,220,38.88888888888889
Flaxmilk 1200 mg Omega-3 Vanilla,1131,652,479,57.64809902740937
Hummus Tahini,281,154,127,54.804270462633454
Hearty Grains 100% Whole Wheat English Muffins,4486,2745,1741,61.19037004012483
Organic Cotton Liners,9,1,8,11.11111111111111
"2nd Foods Organic Fruit & Veggies - Apples, Zucchini, Spinach & Strawberries",122,55,67,45.08196721311475
Seabass & Shrimp Cat Food,57,39,18,68.42105263157895
"Cashew, Sesame & Pimento Spread",38,24,14,63.1578947368421
"Yogurt, Creamline, Orange Creme",10,3,7,30.0
Coarse Crystals Sea Salt,20,0,20,0.0
Chocolate Yogurt Fat-Free Frozen Bar,19,14,5,73.68421052631578
Hair Pomade,20,3,17,15.0
Diced Mango Fruit,137,74,63,54.01459854014598
Apple Fruit & Grain Cereal Bars,14,2,12,14.285714285714285
Original All Good Lips Lip Balm,12,6,6,50.0
Sweet & Spicy Tuna Creations,205,121,84,59.02439024390244
Wasabi,70,5,65,7.142857142857142
Grater,10,0,10,0.0
Glass Bottles 6pk 8oz,46,33,13,71.73913043478261
Organic Coconut Milk Non-Dairy Frozen Dessert Butter Pecan,234,71,163,30.34188034188034
Blueberry Vanilla Graham Greek Frozen Yogurt,65,25,40,38.46153846153847
Ultimate Lithium AAA Batteries,11,1,10,9.090909090909092
"Vanilla Extract, Organic",51,9,42,17.647058823529413
MarroBone Real Beef Flavor Dog Care & Treats,32,10,22,31.25
Nonfat Cottage Cheese,123,74,49,60.16260162601627
Crystal Clear  40 Watt Ceiling Fan Bulb,10,1,9,10.0
Bittersweet Chocolate Sauce,37,5,32,13.513513513513514
Yogurt Peanut Clusters,25,11,14,44.0
"Dog Chew, USA Rawhide, Chicken Flavored, 7 Inch",196,118,78,60.204081632653065
Gelato Pop Coffee dipped in chocolate,7,1,6,14.285714285714285
Homemade Ice Cream Balls Chocolate Espresso,44,26,18,59.09090909090909
Outshine Fruit Bars Pineapple,659,341,318,51.74506828528072
Advanced Care Beauty Finish Antiperspirant Deodorant,21,0,21,0.0
Blend of 12 Aged Rums,11,2,9,18.181818181818183
L-Lysine With B6 500 Mg,16,6,10,37.5
Carrot and Broccoli Baby Food Puree,1781,1053,728,59.12408759124088
Organic Broccoli Crowns,18341,12208,6133,66.5612562019519
Kids Soft & Chewy Candy,495,187,308,37.77777777777778
Tasty Treasure Turkey Dinner in Gravy,40,19,21,47.5
Chinese Style Salad Kit,68,39,29,57.35294117647059
Water Chestnuts,35,11,24,31.428571428571427
100% Raw Coconut Water,37973,29939,8034,78.84286203355015
Dairy Free Cultured Chocolate Coconut Milk,36,11,25,30.555555555555557
Bacon Caesar Kit,397,220,177,55.41561712846348
Quietude Quick Dissolving Tablets,71,18,53,25.352112676056336
9 Inch Pie Pan,20,1,19,5.0
Tater Puffs,2356,1253,1103,53.183361629881155
Pureed Baby Food Pears Beans,124,35,89,28.225806451612907
Prepared Meals Simmered Beef Entree Dog Food,66,36,30,54.54545454545454
Organic Sweet Peas with Onions in Parmesan Herb Sauce,14,5,9,35.714285714285715
Clean Individual Wipes,36,12,24,33.33333333333333
Cherry Soda,493,254,239,51.52129817444219
Vegetable Stand Combinations Ultimate Southwest Blend,132,50,82,37.878787878787875
Bliss Milk Chocolate Candy,23,16,7,69.56521739130434
Organic Shiitake Sesame Dressing,501,229,272,45.70858283433134
Organic Pear,27,22,5,81.48148148148148
Grill Mates Steak Rub,19,1,18,5.263157894736842
Organic Sprouted Vegetable Fried Rice,47,3,44,6.382978723404255
Megaflora Plus High Potency Probiotic,10,3,7,30.0
Multi Purpose Scrub Sponge,14,2,12,14.285714285714285
Green Blueberry Slim Life Tea,497,187,310,37.62575452716298
Whole Milk Ricotta Con Latte,892,315,577,35.313901345291484
Carolina Honey,41,20,21,48.78048780487805
Rawhide Chip Rolls,15,9,6,60.0
Malbec 2013,2,0,2,0.0
Cucumber Flavor Soda,94,35,59,37.234042553191486
Whole Cantaloupe,83,41,42,49.39759036144578
Skillet Sauce Chicken Marsala,27,14,13,51.85185185185185
Cherry Bites,13,2,11,15.384615384615385
Volum' Express® The Colossal Glam Black Waterproof Mascara,7,1,6,14.285714285714285
Belgian Crepes,6,3,3,50.0
Four Cheese & Olive Crisps,7,1,6,14.285714285714285
Roasted Salted Peanuts,3492,1684,1808,48.22451317296678
Parmesan and Roasted Garlic Dressing,220,75,145,34.090909090909086
Natural Sharp Cheddar Sliced Cheese,7508,4273,3235,56.912626531699516
Moms Macaroni Salad,270,157,113,58.14814814814815
California Diced Peaches Packed in Water No Sugar Added,677,316,361,46.67651403249631
Ice Peppermint Menthol Drops Cough Suppressant/Oral Anesthetic,9,0,9,0.0
Max Bed Bug and Flea Killer,10,1,9,10.0
Penne pasta with a spicy tomato basil sauce & parmesan cheese Spicy Penne Arrabbiata,34,13,21,38.23529411764706
Diced Pears In Light Syrup Fruit Cups,670,351,319,52.38805970149254
Simply Sea Recipe Dry Dog Food,31,13,18,41.935483870967744
No Beans Plain Chili,53,16,37,30.18867924528302
Bosc Pear,5711,3075,2636,53.84345998949396
Brazil Minas Naturais Medium Roast Ground Coffee,90,36,54,40.0
Probugs Strawnana Split Frozen Ypgurt,866,500,366,57.736720554272516
Mango Ginger + Carrot 100% Fruit & Vegetable Juice,39,21,18,53.84615384615385
White Large Roll,170,93,77,54.70588235294118
Whole Water Chestnuts,144,39,105,27.083333333333332
Sea Minerals Dish Soap,371,158,213,42.58760107816711
Hazelnut Spread With Skim Milk & Cocoa,6202,2910,3292,46.920348274750076
Adhesive Bandages Activ Flex Regular Advanced Healing,46,8,38,17.391304347826086
Fat Free Seasoned Croutons Restaurant Style,16,4,12,25.0
Organic Sparkling Apple Peach  Juice,49,3,46,6.122448979591836
"Dish Brush, Soap Dispensing",7,0,7,0.0
Colby Jack,266,129,137,48.49624060150376
Orange Decorating Icing,2,0,2,0.0
Organic Black Currant Probiotic Elixir,195,143,52,73.33333333333333
ProHealth Whitening Toothpaste,18,1,17,5.555555555555555
Mint Cookie Filled Milk Chocolate,3,0,3,0.0
Popped Snack Bites Dark Chocolate with Sea Salt,19,6,13,31.57894736842105
Butternut Squash Yogurt,58,25,33,43.103448275862064
Vanilla Iced Coffee,14,4,10,28.57142857142857
Organic Indulgent Chocolate Spice Tea,17,3,14,17.647058823529413
Gentle Skin Cleanser,331,89,242,26.888217522658607
"Patties, Beef, Quarter Pound",13,2,11,15.384615384615385
Italian Peeled Tomatoes,106,39,67,36.79245283018868
SauceSations with Salmon & Tuna in Creamy Sauce Cat Food,41,28,13,68.29268292682927
Hi Caf Teas Breakfast Black Tea Bags,7,2,5,28.57142857142857
SPF 30 Brush-On Sun Defense,15,2,13,13.333333333333334
"Honey Patties, Chocolate Almond",12,6,6,50.0
Union Jack IPA,4,1,3,25.0
Organic Roasted Hojicha Green Tea,4,0,4,0.0
"Organic Corn Thins, Original",1572,1134,438,72.13740458015268
Egg Roll Wraps,429,116,313,27.03962703962704
Unsulphured Blackstrap Molasses,686,47,639,6.851311953352769
Acid Reducer Omeprazole Tablets,32,22,10,68.75
Nightly Calm Herbal Tea K-Cup Pods,16,9,7,56.25
Mushroom Ravioli,511,274,237,53.62035225048923
Herring in Dill Marinade,79,22,57,27.848101265822784
Arnica Montana 30X Homeopathic Pellets,13,3,10,23.076923076923077
Blackberry Preserves,1609,529,1080,32.877563704164075
Healthy Shape Fiber Supplement,8,2,6,25.0
Tempt Original Hemp Milk,700,498,202,71.14285714285714
Tortilla Verde Chip,7,2,5,28.57142857142857
"Melatonin Adult Gummies, White Tea & Passion Fruit, Sugar Free",13,2,11,15.384615384615385
Chicken Curry with Seasoned Basmati Rice,265,145,120,54.71698113207547
Thai Chili Peppers,11,0,11,0.0
Odorshield Tall Kitchen Drawstring Fresh Clean Trash Bags,419,123,296,29.355608591885442
Medium Combo Ranchero Salsa,156,94,62,60.256410256410255
Flour Churros Mix,2,0,2,0.0
Milano,455,321,134,70.54945054945055
Duck Leg Confit,7,2,5,28.57142857142857
No Wheat Chocolate Chip Cookies,11,6,5,54.54545454545454
Burdock Root Herbal Supplement Drops,18,12,6,66.66666666666666
Enriched Parboiled Long Grain Rice Original,42,21,21,50.0
Lemon Juice,148,42,106,28.37837837837838
Fancy Feast Appetizers White Meat Chicken & Flaked Tuna Cat Food,44,21,23,47.72727272727273
Boil In Bag Rice,274,106,168,38.68613138686132
Sushi Nori,40,23,17,57.49999999999999
Gluten Free Almond Flour,402,91,311,22.63681592039801
Oreo Instant Cookies 'n Cream Pudding & Pie Filling,26,3,23,11.538461538461538
Mild Fire Roasted Diced Green Chiles,619,160,459,25.848142164781905
"6\"" Skewers",42,4,38,9.523809523809524
Strawberry Light & Fit Nonfat Yogurt,49,24,25,48.97959183673469
Spinach And Cheese Pizza With Rice Crust,36,14,22,38.88888888888889
Green Tulsi Tea,84,38,46,45.23809523809524
Turkey Ham,53,25,28,47.16981132075472
Vanilla Coffee Drink,19,10,9,52.63157894736842
"Bean, Cheese, Rice, Salsa Wrap",180,143,37,79.44444444444444
Organic Red Heirloom Pasta Sauce,2355,1224,1131,51.97452229299363
Sour Gold-Bears,72,26,46,36.11111111111111
Children's Allergy Relief Chewable Grape Tablets,21,5,16,23.809523809523807
Woolite 12 floz Fresh Carpet And Rug Cleaners,97,12,85,12.371134020618557
Popped Rice Crisps Caramel Corn,77,34,43,44.15584415584416
Organic Lemongrass Ginger Ramen,781,302,479,38.668373879641486
Happy Go Snacky Non-GMO Chocolate Croissants,5,1,4,20.0
Limited Edition Pumpkin Spice Instant Oatmeal,15,1,14,6.666666666666667
Sparkling Lemon Ice Tea,8,2,6,25.0
White Asparagus Peeled Spears,29,20,9,68.96551724137932
Chipotle Habanero Hot Sauce,35,12,23,34.285714285714285
"Cola, Agave",2,0,2,0.0
Grain Free Ocean Whitefish & Spinach Cat Food,76,47,29,61.8421052631579
Tequila Anejo,51,22,29,43.13725490196079
Diced White Onion,40,13,27,32.5
On the Go Natural Lemonade Drink Mix,618,346,272,55.98705501618123
"Hearts of Palm, Sliced",6,3,3,50.0
BoomChickaPop Holidrizzle White Chocolate Peppermint Kettle Corn,9,3,6,33.33333333333333
"Pain Relieving Rub, Topical Analgesic Cream",16,2,14,12.5
Chocolate Peanut Butter Nutrition Bar,294,230,64,78.2312925170068
Mint,10347,4504,5843,43.529525466318745
Boneless & Skinless Chicken Thighs,45,23,22,51.11111111111111
American Singles,109,69,40,63.30275229357798
Unsalted Vegetable Cooking Stock,409,132,277,32.27383863080684
Strawberry White Tea,43,25,18,58.139534883720934
Kosher Whole Dill Pickles,865,380,485,43.93063583815029
Vanilla Bean Macaroons,7,1,6,14.285714285714285
Gillette Sensor 3 Disposable Razors,24,9,15,37.5
Lean Gourmet Five Cheese Lasagna,122,53,69,43.44262295081967
Island Pineapple Gelatin Dessert Mix,10,2,8,20.0
"Piquante Peppers, Hot, Sweet, Whole",70,13,57,18.571428571428573
Whole Grain Loaf,2885,2106,779,72.99826689774697
Havarti Dill Cheese,398,217,181,54.52261306532663
Original Scent Powder Laundry Detergent 15 Loads,9,0,9,0.0
Organic Dark Roast,419,326,93,77.80429594272077
Horseradish Cheddar,15,9,6,60.0
Hot Kid Organic Baby Mum-Mum Original Rice Rusks,1129,658,471,58.28166519043402
Original Turkey Burgers Smoke Flavor Added,238,65,173,27.310924369747898
Nu Scoop Creamy Coffee Ice Cream,2,0,2,0.0
Ion4 Mountain Berry Blast,172,88,84,51.162790697674424
Just Strawberries 'N Bananas,59,34,25,57.6271186440678
Crispy Samosas with Saag Paneer,21,2,19,9.523809523809524
"Almonds, Marcona",20,3,17,15.0
Three Cheese Hamburger Helper,33,6,27,18.181818181818183
Tomato Meatball Soup,3,1,2,33.33333333333333
Toasted Onion Dip Mix,50,28,22,56.00000000000001
Chopped Salad Bowl Italian Salad with Salami & Turkey,36,17,19,47.22222222222222
Fat Free Tuna Salad With Crackers Snack on the Run!,80,39,41,48.75
McVities Digestives The Original,149,91,58,61.07382550335571
Gluten Free Southwest Hash Browns,157,47,110,29.936305732484076
Newman-O's Wheat Free Creme Filled Chocolate Cookies,155,67,88,43.225806451612904
Spa Breeze Women's Razor Refills,79,21,58,26.582278481012654
Complete Gummies Children's Multivitamin Supplement,114,52,62,45.614035087719294
Prunes in 60 Smart Calorie Packs,64,25,39,39.0625
"Royal Tea, Organic Black Tea",10,1,9,10.0
Organic Red Delicious Apples,56,19,37,33.92857142857143
Omega-3 Fish BOdy Oils 1000 mg,10,1,9,10.0
"Light Wheat Muffin Sandwiches With Egg Whites, Turkey Sausage & Cheese",10,2,8,20.0
Lemonade Sports Drink,74,27,47,36.486486486486484
Grapefruit Sparkling Juice Beverage,684,274,410,40.058479532163744
Slow Churned Yogurt Blends Chocolate Vanilla Swirl,5,1,4,20.0
Orange Chicken Sauce,16,2,14,12.5
Zesty Gumbo W/Chicken & Sausage Soup,4,1,3,25.0
Mighty Veggie Carrot Pear Pomegranate & Oats Vegetable & Fruit Smoothie,54,29,25,53.70370370370371
Peanut Butter Cacao Chia Protein Bar,409,183,226,44.743276283618584
Smartblend True Instinct Turkey & Venison Dog Food,11,6,5,54.54545454545454
100% Grapeseed Oil,267,57,210,21.34831460674157
Leafy Romaine Salad Blend,66,35,31,53.03030303030303
Organic Stone Ground Tortillas,213,128,85,60.093896713615024
Organic Jicama,38,13,25,34.21052631578947
Living Herbs Potted Living Basil,1149,499,650,43.429068755439516
Whole Grain Oat Cereal,6132,3301,2831,53.832354859752115
Arancita Rossa,6986,3809,3177,54.5233323790438
Ultimate Flora Adult 15 Billion,25,11,14,44.0
Carrot Peach Mango Yogurt Blends Snack,34,20,14,58.82352941176471
Golden Kiwi,131,25,106,19.083969465648856
Trilogy Kombucha,1874,1392,482,74.27961579509072
Organic Chia Cheeze,183,96,87,52.459016393442624
Optive Lubricant Eye Drops,10,1,9,10.0
Organic Chicken Breast In Water,881,533,348,60.499432463110104
Berry Punch Flavored Fruit Drink,300,171,129,56.99999999999999
Concentrated Splash-less Bleach Fresh Meadow,26,6,20,23.076923076923077
Cheese Explosion Mix Tortilla Snacks,20,7,13,35.0
Frozen Organic Blueberries,6423,3797,2626,59.11567803207224
Premium Genoa,8,1,7,12.5
Spicewood Decaffeinated Whole Bean Coffee,28,16,12,57.14285714285714
Rice Vermicelli,15,4,11,26.666666666666668
Pink Rosa Beauty Soap Bars,28,5,23,17.857142857142858
Savory Vegetable Soup,47,14,33,29.78723404255319
"Creme Pie, Chocolate",16,3,13,18.75
7-Up,28,5,23,17.857142857142858
Japanese Green Tea Bags With Real Matcha,4,1,3,25.0
Volumizing Shampoo,37,7,30,18.91891891891892
Sicilian Extra Virgin Olive Oil,71,23,48,32.3943661971831
Orange Mexican Soda,54,23,31,42.592592592592595
Fresh Waters Scented Oil Refill,289,129,160,44.636678200692046
Organic Thai Coconut Curry Hummus,1264,619,645,48.971518987341774
Spanish Rice Pilaf Mix,4499,1978,2521,43.965325627917316
Rioja Tempranillo,25,11,14,44.0
1% Lowfat Vanilla Milk,72,36,36,50.0
Beer Bratwurst,98,30,68,30.612244897959183
Organic Green Goddess Dressing,235,53,182,22.5531914893617
Rutabaga Organic,665,263,402,39.54887218045113
Original Pork Sausage,167,63,104,37.72455089820359
"Cereal, Veganic Sprouted, Spelt Flakes",2,0,2,0.0
Organic Sliced Colby Cheese,3,0,3,0.0
Threader Floss,47,21,26,44.680851063829785
1942 Tequila Mexico,13,2,11,15.384615384615385
Rich & Creamy Fat-Free Half & Half Ultra-Pasteurized,535,297,238,55.51401869158879
Iced Lemon Pound Cake,495,284,211,57.37373737373738
Loaded! Potato Skins Cheddar & Bacon,248,126,122,50.806451612903224
Nutrish Chicken Purrcata Cat Food,10,5,5,50.0
Queso Stuffed Nachos,30,7,23,23.333333333333332
Saffron Pistachio Ice Cream,14,2,12,14.285714285714285
On The Go Peach Iced Tea Drink Mix,174,77,97,44.252873563218394
Ibuprofen 200mg Gel Caplets Pain Reliever/Fever Reducer,5,1,4,20.0
Natural Delights Medjool Dates,78,45,33,57.692307692307686
Punjab Red Tandoori Medium Heat Indian Seasoning,4,0,4,0.0
"Pepper, White",8,0,8,0.0
Butter Ghee,39,7,32,17.94871794871795
10 oz Paper Bowls,252,106,146,42.06349206349206
Everyday Bowls Soak Proof Foam Bowls,218,86,132,39.44954128440367
"Premium Marinara Sauce, Original Recipe",10,2,8,20.0
"Yogurt, Goat Milk, and Fruit, Banana & Natural Vanilla Bean with Pear, 2+",123,63,60,51.21951219512195
Jammers Grape Juice Drinks,63,30,33,47.61904761904761
Almond Cake,38,21,17,55.26315789473685
Hardwood Smoked Peppered Thick Sliced Bacon,269,139,130,51.6728624535316
"Ravioli, Spinach & Cheese",2662,1258,1404,47.257700976709245
California Organic Unfiltered Extra Virgin Olive Oil,76,25,51,32.89473684210527
Dark Chocolate Fudge Family Size Brownie Mix,165,53,112,32.121212121212125
Brownie Crunch High Protein Bars,74,43,31,58.108108108108105
100% Natural Diced Tomatoes No Salt Added,58,19,39,32.758620689655174
"Dishwasher Detergent, Lemon Scent with Clorox",170,67,103,39.411764705882355
"Organic Turkey, Brown Rice & Chicken Adult Wet Cat Food",21,5,16,23.809523809523807
60 Watt Crystal Clear Bulbs,5,0,5,0.0
Turkey Formula Cat Food,24,10,14,41.66666666666667
Cookie Crisp Cereal,41,11,30,26.82926829268293
Original Shave Gel,24,7,17,29.166666666666668
Crisp & Thin Sea Salt With Vinegar Potato Chips,3,1,2,33.33333333333333
Bonded Filters Natural Squares,95,29,66,30.526315789473685
Refreshers Revitalizing Energy Blueberry Acai Sparkling Coffee Energy Beverage,49,20,29,40.816326530612244
Shampoo Nourishing Lavender,199,29,170,14.572864321608039
Pink Lemonade Vitamin C 1000mg Drink Mix Dietary Supplement,94,22,72,23.404255319148938
All Natural Sriracha Popcorn,48,8,40,16.666666666666664
Whole Milk,35633,27749,7884,77.87444223051666
Sport Fresh Clear Gel Antiperspirant & Deodorant,18,5,13,27.77777777777778
High Gravity Lager,37,33,4,89.1891891891892
"Delights Turkey Sausage, Egg Whites, & Cheese English Muffin",25,6,19,24.0
Green Energy Tea,411,171,240,41.605839416058394
Coconut Water with Orange Mango,6,2,4,33.33333333333333
Light Banana Cream Pie Fat Free Yogurt,494,291,203,58.906882591093115
Dutch Cocoa Flavor Crunchy Nuggets,643,362,281,56.298600311041994
Royale Deluxe Liqueur,14,0,14,0.0
Instant Bouillon Beef Flavor Cubes,52,3,49,5.769230769230769
Hot & Spicy Tomato Ketchup,33,12,21,36.36363636363637
Gluten Free Thai Sticky Purple Rice,90,12,78,13.333333333333334
Small Spinach And Artichoke Flatbread,55,14,41,25.454545454545453
Raisin Brown Bread,10,2,8,20.0
Smooth Collection Lisse Conditioner,46,13,33,28.26086956521739
Veggie Bows Pasta,10,5,5,50.0
Black Pepper Turkey Breast,24,7,17,29.166666666666668
Newman-O's Chocolate Creme Filled Chocolate Cookies,166,106,60,63.85542168674698
Flying Insect Killer Outdoor Fresh Scent,16,3,13,18.75
Sauce with Italian Herbs,64,21,43,32.8125
"Leave-In Conditioner, Argan Oil Plus +, Moisture Rich",12,2,10,16.666666666666664
Advanced Haircare Color Vibrancy Conditioner,36,8,28,22.22222222222222
"Ambrosia, Medium Roast",1270,877,393,69.05511811023622
No Salt Added Whole Kernel Corn,84,23,61,27.380952380952383
Liquid Eggs 99% Real Egg Product,65,32,33,49.23076923076923
Ready to Bake Sugar Cookie Dough,496,146,350,29.435483870967744
Endurance Cool Wave Clear Gel Anti-Perspirant & Deodorant,114,31,83,27.192982456140353
"Pinot Noir, California, 2011",72,33,39,45.83333333333333
Mixed Fruit Chewy Mints,32,16,16,50.0
Olive Oil Nourishing Sheen Spray,8,0,8,0.0
Professional Dual Clean Electic Toothbrush Refill Heads,15,0,15,0.0
Casual Foam Bowls,9,0,9,0.0
Wagon Wheels Dry Pasta,99,47,52,47.474747474747474
Ibuprofen 200 Mg,134,29,105,21.641791044776117
MSM Sulfur Capsules,8,3,5,37.5
Pinto Bean Multigrain Bean Chips,44,3,41,6.8181818181818175
Morsels Healthy Indulgence With Tuna in Savory Sauce Natural Food for Adult Cats,4,1,3,25.0
Peppermint Stick 70% Dark Chocolate,56,15,41,26.785714285714285
Brie Cheese Wedge,22,4,18,18.181818181818183
Organic Sliced Jalapeños,179,31,148,17.318435754189945
Maple Breakfast Sausage Links,24,2,22,8.333333333333332
Beef Lasagna Family Size,66,16,50,24.242424242424242
The Greek Burrito,192,91,101,47.39583333333333
French Onion Dip Potato Crisps,71,23,48,32.3943661971831
Wild Blueberries,48,19,29,39.58333333333333
Black Ink Medium 1.2 mm Grip Ball Pens,17,4,13,23.52941176470588
Skinny Natural Whipped Topping,422,193,229,45.7345971563981
Tilapia Fish Fillets,11,6,5,54.54545454545454
Aquarium Series Liquid Hand Soap Refill,753,269,484,35.723771580345286
Snacking Chocolate Dark Chocolate Gingerbread,20,4,16,20.0
Dry Cranberry Lime,13,2,11,15.384615384615385
All Natural Whole Strawberries,863,348,515,40.32444959443801
Triple Protect Face Lotion SPF 20 Men,19,7,12,36.84210526315789
Allergy Relief Tablets,17,10,7,58.82352941176471
Organic Sweet Pepper Medley,386,114,272,29.533678756476682
Chocolate Covered Gluten Free Wafer Bites,86,51,35,59.30232558139535
Vintage English Cheddar Cheese,20,12,8,60.0
Fruitables Fruit Punch Juice Boxes,106,62,44,58.490566037735846
Spot's Stew Chicken Cat Food,288,206,82,71.52777777777779
Mild Cheddar Cheese,4705,2692,2013,57.215727948990434
Gluten Free Naturally Delicious Whole Grain Waffles,4,1,3,25.0
Whole Wheat Cereal,8,1,7,12.5
Papaya Velvet Moisture Body Wash,27,12,15,44.44444444444444
Roasted Garlic & Herb Brown Rice Medley,2,0,2,0.0
Vegan Cheddar Style Cheese Slices,2706,1603,1103,59.238728750923876
4 Kids Complete Allergy Medicine,13,3,10,23.076923076923077
Sea Salt Lentil Chips,567,322,245,56.79012345679012
Honey Mustard Squeeze,223,42,181,18.83408071748879
Herring In Real Sour Cream,16,8,8,50.0
Cheese Blintzes,130,63,67,48.46153846153846
Cheese Ravioli With Peas,31,6,25,19.35483870967742
Garden Veggie Medley Flavored Pita Crisps,174,72,102,41.37931034482759
Smoke & Stout Caramel Bar,27,4,23,14.814814814814813
Ginger Brew Soda,17,3,14,17.647058823529413
Daily Silk Beauty Bar,94,38,56,40.42553191489361
"Sangria, Tradicional, Fresh Citrus",36,16,20,44.44444444444444
Savory Black Bean Soup,82,35,47,42.68292682926829
Organic Pure Blueberry Juice,138,79,59,57.2463768115942
Gluten Free Cafe Chicken Noodle Soup,1247,618,629,49.55894145950281
15 Calories Light Lemonade,1782,1310,472,73.51290684624018
Slim Cut Reduced Fat 2% Milk Sharp Cheddar Cheese,335,190,145,56.71641791044776
Ultimate Apricots,138,51,87,36.95652173913043
Lemon Verbena Toilet Bowl Cleaner,186,30,156,16.129032258064516
Sliced Jalapenos in Escabeche,23,3,20,13.043478260869565
Spicy Salmon Avocado Roll,1869,1086,783,58.10593900481541
Squeeze Reduced Sugar Fruit Spread Strawberry,91,45,46,49.45054945054945
Cleaner + Bleach Citrus,56,11,45,19.642857142857142
Cool Mint Chocolate,1963,1230,733,62.65919510952623
Vintage Extra Sharp White Cheddar Cheese,177,65,112,36.72316384180791
Organic Original Lip Balm,4,1,3,25.0
Pineapple Orange Guava Fruit Juice,14,9,5,64.28571428571429
Laxative Powder,59,15,44,25.423728813559322
Artichoke Hearts,2772,1138,1634,41.05339105339105
Vanilla Absolute with Jojoba Precious Essential Oil,7,0,7,0.0
Chopped Curly Kale,355,145,210,40.845070422535215
Black Tea Variety Pack,784,326,458,41.58163265306122
Simply Naked Pita Chips,1747,812,935,46.47967945048655
Whole Green Chiles,10,3,7,30.0
Organic Chicken Pho Soup Starters,58,13,45,22.413793103448278
Giorgio Sliced Mushrooms,20,7,13,35.0
Tranquil Sleep Chewable Tablets,28,13,15,46.42857142857143
1000 Sheets Per Roll Bath Tissue,91,53,38,58.24175824175825
Hash Brown Patties,469,227,242,48.40085287846482
Star Wars Italian Sweet Creme Creamer,1862,1251,611,67.1858216970999
Chai Vanilla Protein Protein Shake,399,266,133,66.66666666666666
Honeycrisp Apple Wheat Beer,8,1,7,12.5
Cheese Trio Quiche,36,22,14,61.111111111111114
Solid White Albacore Tuna In Water,3152,1465,1687,46.47842639593909
Radiant Plastic Duopack (Regular & Super) absorbencies unscented tampons,77,18,59,23.376623376623375
Dye-Free Pain Reliever/Fever Reducer Berry Flavor Infants Drops,19,5,14,26.31578947368421
Bento Box,6,1,5,16.666666666666664
California Endive Farms,366,207,159,56.557377049180324
Cup Noodles Ramen Noodle Soup with Shrimp,56,17,39,30.357142857142854
Coffee Chocolate & Cream Pops,12,7,5,58.333333333333336
Sliced Extra Sour French Bread,18,9,9,50.0
Bread & Butter Sandwich Slices,7,1,6,14.285714285714285
Shredded Gouda,76,23,53,30.263157894736842
Organic Total Body Cleanse,7,0,7,0.0
Bacon & Pepperoni Pizza Rolls,30,4,26,13.333333333333334
Yellowfin Tuna in Pure Olive Oil,1014,582,432,57.396449704142015
RAW Meal Beyond Organic Meal Replacement Formula,9,1,8,11.11111111111111
Premium Deli Smoked Ham,14,5,9,35.714285714285715
Kettle Cooked Jalapeno Potato Chips,1082,656,426,60.62846580406654
Imperial  Victory at Sea Porter,15,4,11,26.666666666666668
Flu Symptom Relief Pellets,206,67,139,32.5242718446602
Heavy Duty Paper Plates,420,189,231,45.0
Avocado & Olive Oil Dual Action Protective Leave-In Spray,8,1,7,12.5
Immune C Gummies,16,2,14,12.5
Fruit Flavored Snacks Assorted Flavors,133,47,86,35.338345864661655
Pure Camomile Herbal Tea Bags,288,84,204,29.166666666666668
Unstopables Spring In-Wash Fabric Enhancer,7,0,7,0.0
Lavender Conditioner,380,42,338,11.052631578947368
Drain Cleaner,15,2,13,13.333333333333334
"Hot Cocoa Mix, Milk Chocolate Flavor",136,31,105,22.794117647058822
Ciabatta Bread,624,310,314,49.67948717948718
Dippers Honey Graham Snacks,14,1,13,7.142857142857142
Fast Hand Absorb,6,0,6,0.0
Extralean Ground Turkey Breast,3637,2055,1582,56.502612042892494
"Golden Berries, Vine Ripened, Organic",103,60,43,58.252427184466015
Chunky Chicken Pot Pie Soup Bowl,23,11,12,47.82608695652174
Mushroom And Ricotta Ravioli,974,453,521,46.50924024640657
Best Enriched Bread Flour,59,9,50,15.254237288135593
Beverage Tab Wild Berry,79,36,43,45.56962025316456
Canine Carry Out Beef Chicken Bone,7,5,2,71.42857142857143
Original No Pulp Orange Juice,699,512,187,73.24749642346208
Greek Nonfat Vanilla Yogurt with M&M's,31,18,13,58.06451612903226
Danish Havarti Cheese,10,2,8,20.0
Organic Chocolate Almondmilk Pudding,3498,2465,1033,70.46883933676386
"Crispbreads, Thick Cut, Smoked Dutch Gouda and Garlic",23,4,19,17.391304347826086
River Ale,5,0,5,0.0
Original Veal Cooking Stock,3,1,2,33.33333333333333
Nasal Cleansing Salt Packets,5,0,5,0.0
Whole Grain Melba Toast,113,63,50,55.75221238938053
Ambrosia Apples,435,156,279,35.86206896551724
Creamy Vanilla Pudding Super Snack Pack,13,3,10,23.076923076923077
Hummus With Roasted Garlic,239,98,141,41.00418410041841
Multi-Grain Sea Salt Crackers,1592,969,623,60.86683417085427
Garlic & Fine Herbs Gournay Cheese,8082,4226,3856,52.28903736698837
Emery Boards Value Pack,7,1,6,14.285714285714285
American Potato Salad,28,17,11,60.71428571428571
Ranch Baked Croutons,7,2,5,28.57142857142857
Whiskas® Temptations® Mix Ups Backyard Cookout® Pet Treat,18,10,8,55.55555555555556
Hot Guacamole,612,364,248,59.47712418300654
Rustic Ciabatta Loaf,125,46,79,36.8
Ultra Soft Bathroom Tissue Double Rolls,1702,845,857,49.64747356051704
Regenerist Regenerating Cream Facial Cleanser,22,7,15,31.818181818181817
Coconut Kale & Cacao Organic Superfoods Bar,935,349,586,37.32620320855615
Bag of Oranges,2327,1457,870,62.61280618822518
Moringa V Capsules,18,6,12,33.33333333333333
Tandoori Chicken Samosa,14,3,11,21.428571428571427
Cube Stuffing Herb Seasoned,45,6,39,13.333333333333334
Sippy Cap Set,6,1,5,16.666666666666664
Bliss Chocolate Toffee Truffle,102,65,37,63.725490196078425
Sugar Free Pecan Shortbread Cookies,3,0,3,0.0
California Select Extra Virgin Olive Oil,6,2,4,33.33333333333333
Mozzarella Cheese Sticks,5,1,4,20.0
Plastic Measuring Spoons,23,1,22,4.3478260869565215
Home Style Meals Beef Steak & Noodles,51,18,33,35.294117647058826
Vitamin D3 2000 IU,92,8,84,8.695652173913043
Party Mix Crunch Treasure Island Cat Treats,11,4,7,36.36363636363637
Calcium Plus Vitamin D Vegetable Oil Spread,692,243,449,35.115606936416185
Coffee Chocolate Chip Gelato,589,209,380,35.483870967741936
Lavender Fabric Softening Dryer Sheets,989,215,774,21.73913043478261
Chewy Fruit & Veggie Snacks,71,41,30,57.74647887323944
Art's Original Blend Bar,63,22,41,34.92063492063492
Dentastix Daily Oral Care Large Fresh Dog Care & Treats,5,0,5,0.0
Oven Roasted Sea Salt Almonds,102,56,46,54.90196078431373
"Eye Makeup Remover, Chamomile & Green Tea",54,6,48,11.11111111111111
Longboard Island Lager,676,364,312,53.84615384615385
Uncrustables Peanut Butter & Strawberry Jam Sandwich,190,111,79,58.42105263157895
Core Salmon Whitefish & Herring Canned Cat Food,63,30,33,47.61904761904761
Saffron,120,24,96,20.0
Fresh Always Ultra Thin Fresh Active Overnight Pads With Wings 24 count Feminine Care,30,12,18,40.0
Cinnamon French Toast Stick,6,1,5,16.666666666666664
"Le Bon Basil, Zucchini & Parmesan Dip",5,1,4,20.0
Limited Moka Coaster Coffee Cocoa Brew,91,54,37,59.34065934065934
Delhi Saag,98,56,42,57.14285714285714
Saw Palmetto Berries,6,1,5,16.666666666666664
Organic Poultry Mix Herbs,68,14,54,20.588235294117645
Hair Pomade Signature Mint,8,0,8,0.0
Organic Flax Plus Multibran Flakes,2479,1563,916,63.04961678096006
Artisan Style Corn & Whole Wheat Blend Tortillas,201,97,104,48.258706467661696
Complete Prenatal System Food-Based Multivitamin,7,1,6,14.285714285714285
Organic  Patchouli Lime Hand & Body Lotion,6,1,5,16.666666666666664
Total 0% with Raspberry Nonfat Greek Strained Yogurt,110,55,55,50.0
Dishwashing Booster 125 Washes,2,0,2,0.0
Peach Parfait Breakfast Smoothie,57,36,21,63.1578947368421
Organic Veggie Ground,1,0,1,0.0
Ultra Infusions Honey Flower Liquid Fabric Softener,94,44,50,46.808510638297875
Mini Duck Rillette,50,23,27,46.0
Regular Sliced Bacon,3,2,1,66.66666666666666
Organic Beef Uncured Hot Dogs,12230,6701,5529,54.7914963205233
Optic White Sparkling Mint Toothpaste,451,152,299,33.70288248337029
Radiant Regular Tampons,102,38,64,37.254901960784316
Light Pear Halves,6,3,3,50.0
Corn Whole Kernel,19,7,12,36.84210526315789
Raw Breaded White Chicken Patty Filled With Broccoli & Cheese,11,6,5,54.54545454545454
"Figs, Black Mission",34,12,22,35.294117647058826
Organic Mushroom & Olive Pizza,3717,2165,1552,58.245897228948074
Gluten Free Chicken Dumplings,1585,989,596,62.397476340694006
"Macaroons, Coconut Vanilla",89,36,53,40.44943820224719
Freeze Dried Organic Tropical Fruits,48,10,38,20.833333333333336
Tortilla Crusted Tilapia,88,51,37,57.95454545454546
Crispy Chicken,43,19,24,44.18604651162791
Floravital Iron + Herbs Liquid Extract,54,15,39,27.77777777777778
Shoga Gari Pickled Ginger,9,1,8,11.11111111111111
Mach3 Turbo Cartridges,37,16,21,43.24324324324324
"Cardamom, Ground",18,9,9,50.0
Pomegranate Black Tea,10,3,7,30.0
Ultimate Flex Tall Kitchen Drawstring Lavender 13 Gallon Garbage Bags,21,4,17,19.047619047619047
Triple Berry Chewing Gum,72,33,39,45.83333333333333
Premium No Pulp & Calcium Orange Juice,19,6,13,31.57894736842105
Spinach Plus Powergreens!,316,152,164,48.10126582278481
House Blend Medium Dark Roast Ground Coffee,358,182,176,50.83798882681564
"Clotted Cream, English Luxury",184,67,117,36.41304347826087
Chamomile Herbal Tea,785,272,513,34.64968152866242
Raw Probiotic Kids,199,44,155,22.110552763819097
Berries 'n Cherries Fruit Snacks,1373,783,590,57.028404952658406
Mild Korma Curry Simmer Sauce,122,29,93,23.770491803278688
Valerian Poppy Supreme,4,0,4,0.0
Salisbury Steaks & Brown Gravy Frozen Dinner,110,54,56,49.09090909090909
Organic Skim Milk with DHA Omega-3,4748,3769,979,79.38079191238417
Fearless Uncured Beef Franks,282,170,112,60.28368794326241
Duck Sauce,10,1,9,10.0
Room Spray Pure Vanilla Joy Air Freshener,7,1,6,14.285714285714285
Raspberry Cereal,1872,1225,647,65.4380341880342
Klassic 3 Seed Snackers,72,42,30,58.333333333333336
Double Chocolate Happiness Cookies,20,10,10,50.0
Hot & Fit Mayan Blend Cereal,12,10,2,83.33333333333334
Gourmet Fat Free Marinade,11,3,8,27.27272727272727
Non Gmo Snickerdoodle Protein Bar,30,11,19,36.666666666666664
Organic Raw Unfiltered Apple Cider Vinegar,8408,2176,6232,25.88011417697431
Pink Lady Apple Kombucha,4953,3193,1760,64.46598021401171
Large AA Eggs,66,47,19,71.21212121212122
"Fruit Spread, Deluxe, Golden Peach",186,62,124,33.33333333333333
Ataulfo Mangos,16,6,10,37.5
Umcka FastActives Cold & Flu Relief Powder Packets Berry,36,16,20,44.44444444444444
Strawberry Blueberry Drinkable Yogurt,18,8,10,44.44444444444444
Spicy Honey Bbq,21,11,10,52.38095238095239
Mandarin Oranges In Light Syrup,223,108,115,48.4304932735426
Cherry Liquid Drink Mix,69,32,37,46.3768115942029
Mozzarella Finely Shredded Shredded Cheese,368,164,204,44.565217391304344
Toasted Coconut Almondmilk Blend,12749,9206,3543,72.20958506549533
Organic Sprouted Whole Grain Bread,528,345,183,65.3409090909091
Premium Dog Food with Chicken & Rice in Gravy Classic Pate,22,10,12,45.45454545454545
Reclosable Snack Bags,155,50,105,32.25806451612903
Walnut Halves And Pieces,357,161,196,45.09803921568628
Samosa - 4 CT,324,166,158,51.23456790123457
Chocolate Fudge Brownie Frozen Yogurt,631,269,362,42.63074484944532
Fair Trade Level 4,25,13,12,52.0
Kettle Cooked Party Size Original Potato Chips,53,12,41,22.641509433962266
Mrs. Grass Soup Mix Noodle Soup,143,59,84,41.25874125874126
Low Fat Coffee Ice Cream Bars,268,140,128,52.23880597014925
Japanese Soba Buckwheat Noodle,22,9,13,40.909090909090914
Tomato Pesto Swirl Hummus,4,1,3,25.0
Cinnamon Raisin Granola,426,294,132,69.01408450704226
Organic Dark Salted Burnt Caramel Chocolate Bar,817,433,384,52.998776009791925
Vegetarian Organic Golden Corn,2789,1311,1478,47.00609537468627
Every Man's One Daily 40 Plus Tablet,5,0,5,0.0
Browning & Seasoning Sauce,57,6,51,10.526315789473683
"Toothpaste, Fluoride-Free, Antigingivitis, Peppermint Sage",14,7,7,50.0
Coconut Creme Eggs,3,0,3,0.0
Weightless Hydration Coconut Water Shampoo,20,7,13,35.0
Italian Sparkling Pomegranate And Orange Soda,2071,1077,994,52.00386286817963
Chocolate Chip Brownie Brittle,10,3,7,30.0
Chicken Parmesan,115,52,63,45.21739130434783
Beyond Grain Free Chicken Cat Food,47,26,21,55.319148936170215
Pasta Sides Chicken Flavor,358,173,185,48.324022346368714
Maple Granola Cereal,193,75,118,38.860103626943
Organic Berry Squeezable Fruit,32,16,16,50.0
Chimichanga Chicken & Cheese,163,80,83,49.079754601226995
12 Hour Pain Relief Tablets,67,9,58,13.432835820895523
Broccoli Beef Stir Fry Seasoning Mix,8,1,7,12.5
Organic High Heat Sunflower Spray Oil,65,17,48,26.153846153846157
Hand Stuffed Garlic Olives,16,6,10,37.5
Espresso Chocolate Creamer,38,17,21,44.73684210526316
"Rick Sticks, Vermicelli",158,24,134,15.18987341772152
Pill Pouches Chicken Flavor,10,4,6,40.0
Spinach & Cheese Pupusas,559,300,259,53.66726296958855
Simply Good Banana Instant Pudding Mix,5,1,4,20.0
Arnicare Cream,70,12,58,17.142857142857142
Multi-Purpose Un-Petroleum Jelly,88,34,54,38.63636363636363
"Legal Pads, Canary, 3 Pack",13,4,9,30.76923076923077
Organic Fennel Seeds,95,5,90,5.263157894736842
Reduced Fat Colby-Jack Cheese Sticks,500,308,192,61.6
Brownberry Oroweat Potato Hot Dog Roll,167,71,96,42.51497005988024
Vegetable Classics Minestrone Soup,521,194,327,37.23608445297505
Sausage Pizza Rolls,95,51,44,53.68421052631579
Organic Pomegranate,1109,386,723,34.80613165013526
Chillin' Chicken Recipe,169,120,49,71.00591715976331
Vanilla Cake Mix,30,4,26,13.333333333333334
Hot Cross Buns,10,2,8,20.0
Dill Veggie Dip,109,41,68,37.61467889908257
Calamari Tubes & Tentacles,13,3,10,23.076923076923077
Zesty Pizza Sprouted Flax Snax,265,111,154,41.88679245283019
Classic Seasoned Dressing Mix,50,2,48,4.0
1 Cup Measuring Cup,17,1,16,5.88235294117647
Chicken Quesadillas,43,13,30,30.23255813953488
Lectric Shave Ultra Smooth Original with Green Tea Complex,6,0,6,0.0
Nexcare Gentle Paper Hospital Tape,8,1,7,12.5
Fortunate Islands,13,6,7,46.15384615384615
"Ice Cream, Chocolate",14,6,8,42.857142857142854
Reduced Fat Garlic & Herbs Spreadable Cheese,95,32,63,33.68421052631579
Butternut Squash Souffle,803,523,280,65.1307596513076
Greek Yogurt Flip Salted Caramel Crunch,536,280,256,52.23880597014925
Colby & Monterey Jack Marbled Chunk Cheese,22,4,18,18.181818181818183
Original Smoked Snack Sticks,65,48,17,73.84615384615385
Enriched Jumbo Buns,53,25,28,47.16981132075472
Gluten Free Big Pretzels,268,138,130,51.49253731343284
Santa Fe Caesar Complete Salad Kit,145,83,62,57.24137931034483
Almond Squirt + Mop Wood Floor Cleaner,248,80,168,32.25806451612903
Rainier Cherries,2938,1086,1852,36.963921034717494
Diaper Rash Ointment,9,4,5,44.44444444444444
16 oz Cups & Lids,95,38,57,40.0
High Heat Canola Spray Oil,1308,387,921,29.587155963302752
Light Supreme Caesar Dressing,3,0,3,0.0
Organix Butcher & Bushel Grain Free Shredded Chicken Dog Food,316,181,135,57.27848101265823
High Protein Advanced Formula Dog Food,11,4,7,36.36363636363637
Blueberries Age Refresh Cleansing Facial Towelettes - 30 CT,54,25,29,46.2962962962963
Umcka Elderberry Intensive Cold + Flu Berry Flavor,138,48,90,34.78260869565217
Vanilla Grahams,22,7,15,31.818181818181817
Cherry Berry Topped with Cinnamon Sugar Fruit Pie,10,2,8,20.0
All Natural Teriyaki Beef Jerky,142,70,72,49.29577464788733
Exfoliating Renewal Wet Cleansing Towelettes,13,3,10,23.076923076923077
Garbage Disposal Freshener And Cleaner Tangerine w/ Lemon Grass,32,9,23,28.125
Non Drowsy 24 Hour Allergy Relief,12,2,10,16.666666666666664
Philips Sonicare e-Series Standard Replacement Brush Heads,18,4,14,22.22222222222222
Mango Peach Salsa,814,341,473,41.891891891891895
"Sleep Aid, Calms Forte, Tablets",1,0,1,0.0
Vanilla Frosting,65,5,60,7.6923076923076925
Greek 100 Calories Whips! Strawberry Fat Free Yogurt Mousse,106,49,57,46.22641509433962
Deep Action Exfoliating Scrub Oil Free Cleansers,21,8,13,38.095238095238095
English Seedless Cucumber,13034,7305,5729,56.045726561301215
100 Calorie Mini Bag Butter Microwave Popcorn,4,0,4,0.0
Pasilla Pepper,909,372,537,40.92409240924093
Baked Snack Crackers Original,2924,1642,1282,56.15595075239398
Syrup,24,4,20,16.666666666666664
Pecorino Romano Cheese,85,27,58,31.76470588235294
Security Regular/Super Unscented Multi-Pak Tampons,32,10,22,31.25
Mini Crunchy Chocolate Chip Cookies,48,17,31,35.41666666666667
Sugar Free Vanilla Wafers,55,19,36,34.54545454545455
California Lemon Peel,5,0,5,0.0
Chocolate Chip Cookie Dough Sundae Tasty American Favorites,5,1,4,20.0
"Gum, Sugarfree, Winterfrost",47,27,20,57.446808510638306
Organic Fat Free French Vanilla Yogurt,358,201,157,56.14525139664804
"Beef Jerky, Teriyaki",63,37,26,58.730158730158735
Mango Sorbet Pops,2005,1056,949,52.66832917705736
"Spaghetti O's, Meatballs",561,335,226,59.71479500891266
Frozen Hot Cocoa Ice Cream Bar,31,15,16,48.38709677419355
Bottled Root Beer Soda,310,136,174,43.87096774193549
Scooby-Doo! Cinnamon Sticks Graham Crackers,176,90,86,51.13636363636363
McCormick Minced Onion,6,0,6,0.0
Breaded Vegan Coconut Shrimp,36,8,28,22.22222222222222
Mixed Berry,16,9,7,56.25
Deli Deluxe American Cheese Product,78,35,43,44.871794871794876
Hot and Spicy Crispy Pickled Beans,41,26,15,63.41463414634146
Rustic Tomato Salsa,98,47,51,47.95918367346938
Double Chocolate Brownie Twin Packs - 6 CT,25,5,20,20.0
Oral B Glide Cool Mint Deep Clean Floss,239,75,164,31.380753138075313
Fresh Fettuccini,785,390,395,49.681528662420384
Fentimans Curosity Cola,109,77,32,70.64220183486239
Quick 1 Minute Oatmeal,2335,848,1487,36.3169164882227
Monterey Jack Cheese With Jalapeños Slices,128,55,73,42.96875
Gluten Free Pancake & Waffle Mix,225,94,131,41.77777777777778
Elbows Gluten Free Pasta,17,4,13,23.52941176470588
Italian Dry Salame,4126,2301,1825,55.768298594280175
Dark Chocolate Almondmilk,29,10,19,34.48275862068966
"Organic Tempeh, Garden Veggie",575,299,276,52.0
"Toilet Bowl Cleaner, Automatic, Bleach",54,12,42,22.22222222222222
Phish Food Ice Cream,7,2,5,28.57142857142857
All Natural French Toast Sticks,2625,1694,931,64.53333333333333
Sparkling Peach Juice,292,82,210,28.08219178082192
Lucky 13 Ale,36,14,22,38.88888888888889
Organic Emerald Matcha Whole Leaf Tea,62,36,26,58.06451612903226
Cannoli,7,2,5,28.57142857142857
Yellow Onions,73167,43269,29898,59.137316003116155
Sweet Chipotle Beef Jerky,557,311,246,55.83482944344704
Marshmallow Lovers Hot Cocoa Mix,14,1,13,7.142857142857142
Very Vanilla Soymilk Singles,173,105,68,60.69364161849711
Sweet Baby Lettuce,36,8,28,22.22222222222222
Country Sourdough Bread,112,55,57,49.107142857142854
Fair Trade Blackberry Premium Spread,6,0,6,0.0
2nd Foods Prunes with Apples,91,38,53,41.75824175824176
Touch Oven Glove,5,0,5,0.0
Burrata alla Panna,1447,729,718,50.38009675190048
Sensitive Skin Nourishing Body Wash,57,26,31,45.614035087719294
Vitamin C Raspberry,50,15,35,30.0
California Vegetables,26,7,19,26.923076923076923
Geranium Scent Liquid Hand Soap Refill,257,55,202,21.40077821011673
Original Scent Extra Strength Fabric Refresher Spray,588,133,455,22.61904761904762
Ginger Root,1078,448,630,41.55844155844156
Organic Granny Smith Apple Bag,24,9,15,37.5
Diet White Tea Raspberry Iced Tea,5,0,5,0.0
Vegetable Lasagna Party Size,100,45,55,45.0
Cherrytree Cola,9,6,3,66.66666666666666
Beef Stock,21,1,20,4.761904761904762
Master Blend Ground Coffee,1,0,1,0.0
V Fusion Berry Vegetable & Fruit Beverage,20,10,10,50.0
Thin Crust with Mozzarella Pizza,40,28,12,70.0
Delight Sea Salted Caramel Popcorn,35,26,9,74.28571428571429
Baby Dry Pampers Baby Dry Newborn Diapers Size 1 44 Count Diapers,10,1,9,10.0
Lip Rescue with Eco - Harvest Tea Tree Oil,22,7,15,31.818181818181817
Organic Ground Sage,22,2,20,9.090909090909092
Chocolate Fudge Pudding Snack,5,1,4,20.0
Oatmeal Variety Pack,301,167,134,55.48172757475083
Microwaveable 100% Beef Cheeseburgers,1185,624,561,52.65822784810127
Greek Style Honey Yogurt,49,31,18,63.26530612244898
Triple Chocolate Almonds,30,20,10,66.66666666666666
Lunchables Uploaded 6-inch Turkey & Cheddar Sub Sandwich,232,137,95,59.05172413793104
Crumbled Bacon,608,337,271,55.42763157894737
American Cheese Singles 24 Count,44,17,27,38.63636363636363
Whole Kernel Popcorn Jar,56,7,49,12.5
K-Toos Chocolate Sandwich Cream Cookies,436,292,144,66.97247706422019
Almond and Shea Butter Shampoo,33,9,24,27.27272727272727
Passion Fruit and Plumeria Dish Liquid,70,22,48,31.428571428571427
Queso Blanco Medium Dip,263,84,179,31.93916349809886
Pink Geranium Dish Soap,119,40,79,33.61344537815126
Original Salt-Free Seasoning Blend,297,55,242,18.51851851851852
Fruit Punch 100% Juice,45,23,22,51.11111111111111
Extra Soft Bathroom Tissue,429,148,281,34.4988344988345
Butter Rum Individually Wrapped Hard Candy,2,0,2,0.0
Pre-Cut Hearts of Palm,28,14,14,50.0
Semi-Sweet Baking Chocolate Bar,228,42,186,18.421052631578945
Gel Scar Treatment,20,1,19,5.0
Banana Nut Muffin & Quick Bread Mix,132,36,96,27.27272727272727
Natural Saline Sinus Care Solution Packets Fast Relief,10,1,9,10.0
Raspberry Preserves,9989,4911,5078,49.164080488537394
"Disinfectant, Botanical, Citrus Scent",46,7,39,15.217391304347828
Imported Mineral Water,3397,2515,882,74.03591404180159
Organic Sloppy Joe Seasoning,361,132,229,36.56509695290859
Sausage Pizza,344,181,163,52.616279069767444
Aloe Vera Gel (Whole Leaf),27,11,16,40.74074074074074
The Original Thick Slice with Real Cheese Texas Toast,151,60,91,39.735099337748345
Oatmeal Dark Chocolate Cookies,749,441,308,58.87850467289719
Peppermint Bark Gelato,331,64,267,19.335347432024168
Sweet & Creamy Regular Medium Roast Iced K-Cups Arabica Coffee,16,9,7,56.25
Large Shin Dog Bone,24,7,17,29.166666666666668
Mozzarella Fine Cut Shredded Cheese,67,37,30,55.223880597014926
Sun Ripened Dried Pesto,44,10,34,22.727272727272727
Pure Rewards Beef Jerky Bits Dog Treats,48,19,29,39.58333333333333
Organic Lavender Shaving Gel,41,2,39,4.878048780487805
Red Cabbage,2431,825,1606,33.93665158371041
Nesquik Chocolate Flavor Powdered Drink Mix,4,0,4,0.0
Comfort Steak Portabella,514,254,260,49.416342412451364
Cherry Limeade,589,379,210,64.34634974533107
Boniato Sweet Potato,1808,772,1036,42.69911504424779
Lime Turbo Power Cleaner,9,0,9,0.0
Soft Baked Peanut Butter,5,1,4,20.0
All Natural Easy Quinoa Garden Vegetable,36,12,24,33.33333333333333
Carob Chips,82,22,60,26.82926829268293
Organic Date Syrup,29,3,26,10.344827586206897
On the Go Raspberry Lemonade,320,149,171,46.5625
Delmonicos Dress Pepper Rnch,6,0,6,0.0
Crumbled Feta Cheese,363,105,258,28.92561983471074
100% Pineapple Slices,13,5,8,38.46153846153847
Instant Aka Miso Soup,14,2,12,14.285714285714285
Chewy Chicken Flavor Dog Treats,57,40,17,70.17543859649122
Arnold Palmer Lite Half & Half Iced Tea Lemonade,722,516,206,71.46814404432132
Organic Sparkling Grapefruit Juice,180,87,93,48.333333333333336
Mini Vegan Terrine,9,2,7,22.22222222222222
Lamb Breast Riblets,5,0,5,0.0
Creme Sandwich Cookies,28,10,18,35.714285714285715
Organic Vanilla Bean Greek Yogurt,625,386,239,61.760000000000005
Oatmeal & Almond Bar Soap,37,12,25,32.432432432432435
Milano Minis Dark Chocolate Cookies,75,38,37,50.66666666666667
Mango Apple Twist Purees-Desserts,24,9,15,37.5
Sliced Dried Beef,5,0,5,0.0
"Eggs, Cheese & Turkey Sausage Breakfast Burrito",1722,1132,590,65.73751451800233
Oscillo Oscillococcinum Quick-Dissolving Pellets,933,293,640,31.404072883172564
"Refried Beans, Green Chile & Lime",113,73,40,64.60176991150442
100% Whole Wheat 8 Hot Dog Rolls,548,278,270,50.72992700729927
Acai Machine Juice Smoothie,88,35,53,39.77272727272727
Tranquil Rose Massage Oil,8,0,8,0.0
Fresh Garlic & Herb Goat Cheese,21,0,21,0.0
Pineapple Sausage,128,66,62,51.5625
Premium Crisp Sauerkraut,22,2,20,9.090909090909092
Classic Almond Snack Pack,123,48,75,39.02439024390244
Numbers Birthday Candle Pick Set,10,0,10,0.0
Strawberry Banana Nectar,76,32,44,42.10526315789473
Organic Saltine Crackers,6,1,5,16.666666666666664
San Marzano Blend Tomato Basil Pasta Sauce,18,2,16,11.11111111111111
Sweet Peas Single Serve Bags,220,145,75,65.9090909090909
Organic Ground Mustard,112,3,109,2.6785714285714284
Natural Chicken Breast Cutlets,874,499,375,57.09382151029748
Dark Chocolate Crunch,99,42,57,42.42424242424242
"Kitchen Cleaner + Bleach, Fresh Scent",152,31,121,20.394736842105264
Original Whole Dill Pickles,55,16,39,29.09090909090909
Power & Fresh Country Scent Toilet Bowl Cleaner,18,7,11,38.88888888888889
Salad Love Fresh Tomato Italian Dressing,24,3,21,12.5
"Quinoa & Brown Rice, Garlic and Herb",27,2,25,7.4074074074074066
Red Wine & Olive Oil Dressing,12,4,8,33.33333333333333
Smoked White Turkey Franks,87,37,50,42.5287356321839
Slow Churned French Vanilla Light Ice Cream,121,47,74,38.84297520661157
Antiseptic Liquid Bandage,31,0,31,0.0
Broccoli Florettes,7311,4818,2493,65.90069757899056
"Organic 3rd Foods Apples, Prunes & Oranges with Yogurt Baby Food Organic Purees Fruit with Yogurt",5,0,5,0.0
Original Bread Sticks with Real Garlic,367,156,211,42.50681198910082
Mild Fajita Seasoning,41,11,30,26.82926829268293
"Color Vibrancy Nourishing Conditioner, Anti-Oxidant (UV) Daily Care for Color-Treated Hair",6,1,5,16.666666666666664
Organic Salted Caramel Ice Cream,147,73,74,49.65986394557823
Original Toothbrush Soft Right,36,6,30,16.666666666666664
Classic Roast,1286,874,412,67.96267496111975
Macaroon Truf,32,6,26,18.75
Cavity Protection Toothpaste,66,22,44,33.33333333333333
Turkey Feast Cat Food,332,217,115,65.36144578313254
Ricotta,137,50,87,36.496350364963504
Extra Fresh Body and Face Wash,332,88,244,26.506024096385545
Kikkoman Soy Sauce,2,0,2,0.0
Berry Almond Milk Juice Smoothie,54,17,37,31.48148148148148
Whole Chipotle Chili,267,146,121,54.68164794007491
Decoy Red,12,3,9,25.0
Bag of Gala Apples,17,2,15,11.76470588235294
Odor Block Lavender & Vanilla 13 Gallon Tall Kitchen Drawstring Bags,9,0,9,0.0
Yellow Corn Organic Tortilla Chips,55,21,34,38.18181818181819
Teriyaki Sesame Brown Rice Crackers,5,2,3,40.0
Good Grips Smooth Potato Masher,14,1,13,7.142857142857142
Sea Salt  Garden Veggie Chips,70,42,28,60.0
Lavender Scented Nasal Strips,8,1,7,12.5
Paradise Punch Frozen Juice Concentrate,11,2,9,18.181818181818183
Chewy Dipps Peanut Butter Granola Bar,399,215,184,53.88471177944862
Core Grain Free Ocean Formula For Adult Dogs,16,11,5,68.75
Cling Wrap,162,21,141,12.962962962962962
Cream Havarti Cheese,41,23,18,56.09756097560976
Organic Apple Raisin & Quinoa Stage 2 Baby Food,1277,776,501,60.767423649177765
Cavity Protection Great Regular Flavor Toothpaste,10,2,8,20.0
"Palmetto Cheese, Pimiento Cheese with Bacon",26,20,6,76.92307692307693
White Chocolate Macadamia Nut Cookies,979,571,408,58.324821246169556
The Original Thick Slice with Garlic Texas Toast,46,9,37,19.565217391304348
Total Care Fresh Mint Anticavity Mouthwash,74,33,41,44.5945945945946
Yellow Corn Meal,250,32,218,12.8
Fleur De Sel Bar,5,3,2,60.0
Strawberry Smoothers 2 in 1 Shampoo and Conditioner,21,6,15,28.57142857142857
Organic Onion Granules,49,1,48,2.0408163265306123
Pork Potstickers,144,71,73,49.30555555555556
Merlot & Sharp Cheddar Cheese,11,4,7,36.36363636363637
"Salami, Italian Dry",11,4,7,36.36363636363637
Gain Original Noticeables Scented Air Freshener With Oil Warmer,9,3,6,33.33333333333333
Unscented Ant & Roach Killer,4,0,4,0.0
Triple Chocolate Morsels,8,1,7,12.5
All Natural Sweetener,88,34,54,38.63636363636363
Nantucket Mini Chocolate Chunk Cookies,79,45,34,56.9620253164557
NOTICEables Linen & Sky Dual Scented Oil Refill,74,30,44,40.54054054054054
Complete Fresh Scent ActionPacs Dishwasher Detergent,11,0,11,0.0
"Dry Valencia Orange Soda, Lightly Sweetened",65,41,24,63.07692307692307
Whole Grain Rye Crisp Bread,29,14,15,48.275862068965516
Whole Grain Lasagne Pasta,12,1,11,8.333333333333332
Sparkling Mountain Spring Water Watermelon Lime,476,330,146,69.32773109243698
Exfoliating Body Sponge,35,6,29,17.142857142857142
Wheat Thins Reduced Fat Crackers,3744,2163,1581,57.77243589743589
Muesli,597,341,256,57.11892797319933
Greek Nonfat Yogurt Vanilla,22,12,10,54.54545454545454
Original Coconut Milk Creamer,5120,3399,1721,66.38671875
Organic Turn Up Da Turkey Recipe,126,95,31,75.39682539682539
Green Super Food Pineapple Lemongrass Packet,34,5,29,14.705882352941178
Instant Sea Vegetable Wakame,14,5,9,35.714285714285715
Coconut Crisp,13,0,13,0.0
Sweet Cream Butter Salted,43,16,27,37.2093023255814
"Ravioli, Italian Sausage",112,52,60,46.42857142857143
Expert Care Neosure Infant Formula Powder,9,4,5,44.44444444444444
Hand Moisturizing Dish Liquid,40,5,35,12.5
Organic Unsweetened Original Non Dairy Almond Beverage,1804,1075,729,59.589800443458984
Ice Cubes Bubble Breeze Sugar-Free Gum,63,38,25,60.317460317460316
Panda Puffs Peanut Butter Cereal,4739,2681,2058,56.57311669128509
Wild Berry Smoothie,8043,6388,1655,79.4231008330225
"Pure Vegetable Oil Soap, Original Wood Cleaner, Concentrated",59,9,50,15.254237288135593
Cool Blue Sports Drink,489,245,244,50.10224948875256
Baby Portabella Mushrooms,5671,3285,2386,57.92629165931934
Organic Cold Brew Coffee Plus Protein Iced Mocha,101,45,56,44.554455445544555
Top Chef Ravioli & Chicken Marinara,327,149,178,45.56574923547401
Shredded Parmesan,36365,23371,12994,64.26783995600165
Amazing Minerals Dead Sea Bath Salts,81,24,57,29.629629629629626
Ginger Sesame Miso All Natural Dressing,6,0,6,0.0
"Sesame Oil, Pure",242,31,211,12.8099173553719
Organic Insecticide Ant & Cockroach Killer,14,0,14,0.0
Multigrain Cereal Baby Food,16,1,15,6.25
Simply 100 Mixed Red Berry Blended Non-Fat Greek Yogurt,8,2,6,25.0
Oat Milk Soap,13,3,10,23.076923076923077
Breaded Chicken Patties,253,124,129,49.01185770750988
Seafood Stock,274,59,215,21.532846715328464
Greek Whole Milk Blended Blueberry Yogurt,2648,1912,736,72.20543806646525
Heavy Duty Patterned Sponge Scrubber,16,6,10,37.5
Grape Juice with No Sugar Added,14,9,5,64.28571428571429
Stage 1 Apples & Strawberries Organic Pureed Baby Food,3218,2279,939,70.82038533250467
Original Acai Juice,461,357,104,77.44034707158352
"Salad Kit, Light Caesar",215,131,84,60.93023255813953
Vegan Creamy Coconut & Peanut Spread,32,9,23,28.125
"Red, White & Blue Pop'ems",6,2,4,33.33333333333333
Cinnamon Apple Sauce,245,111,134,45.30612244897959
Classic Vanilla Coffee Creamer,396,271,125,68.43434343434343
Rapid Relief Sensitive Toothpaste Fresh Mint,43,13,30,30.23255813953488
Seasonal Shocks Pumpkin Wheat,20,10,10,50.0
Tropical Mix,331,206,125,62.2356495468278
Coco Butter Formula With Vitamin E Moisturizing Body Oil,6,0,6,0.0
Regional Kansas City Style Barbecue Sauce,101,25,76,24.752475247524753
Floravital Iron + Herbs Liquid Extract Formula,222,76,146,34.234234234234236
Paleo Granola Cranberry Lemon,145,96,49,66.20689655172414
GFB The Gluten Free Bar Dark Chocolate Coconut,11,3,8,27.27272727272727
Off the Block Shredded Mozzarella Cheese,70,17,53,24.285714285714285
Krave Double Chocolate Cereal,216,168,48,77.77777777777779
Life Wheat + Protein Bread,9,3,6,33.33333333333333
Coated Matzot Chocolate Flavor,16,3,13,18.75
"Sparkling Water, Orange",92,49,43,53.2608695652174
2% Milk American Cheese Singles,181,101,80,55.80110497237569
Lite Sliced Yellow Cling in Extra Light Syrup Peaches,389,194,195,49.87146529562982
"Garlic, Elephant",179,50,129,27.932960893854748
Strong Thai Sweet Chili Energy Bar,174,84,90,48.275862068965516
Honey Wheat Flatbread Egg White With Spinach & Mozzarella Style Cheese Product,460,220,240,47.82608695652174
Fresh Squeezed Orange Juice,178,90,88,50.56179775280899
Original Blackberry Harvest Low Fat Yogurt,62,22,40,35.483870967741936
13 Gallon Tall Kitchen Elastic Fit Drawstring Odor Control Trash Bags,16,1,15,6.25
Sponge Scrubber - 3 CT,103,31,72,30.097087378640776
Pitted Greek Medley,6,0,6,0.0
"Cannellini Beans, White Kidney Beans",97,32,65,32.98969072164948
Rye Whiskey,228,106,122,46.49122807017544
Gotta Have Vanilla Organic Frozen Nonfat Yogurt,1292,737,555,57.04334365325078
Spring Fresh Dryer Sheets,3,0,3,0.0
Weight Watchers Three Cheese Ziti Marinara,672,366,306,54.46428571428571
Organic Low-Fat Medium Black Bean Chili,995,529,466,53.16582914572864
Deodorant Beauty Bar with Odor Fighting Sage,115,52,63,45.21739130434783
Pure Patterson Apricot Preserves,9,0,9,0.0
Original Scent Ultra Dishwashing Liquid,6,1,5,16.666666666666664
Chicken Florentine Farfelle,33,26,7,78.78787878787878
NOTICeables French Lavender & Riviera Nights Scented Oil Refill,5,0,5,0.0
Broccoli Rabe,3253,1464,1789,45.00461112818937
Cheese Creations Creamy Tomato Cheese Sauce,18,7,11,38.88888888888889
Diced Butternut Squash,1790,873,917,48.770949720670394
Honey Banana Chips,18,7,11,38.88888888888889
"Chardonnay, Central Coast",11,3,8,27.27272727272727
Crab Cakes,56,25,31,44.642857142857146
Solar Salt Water Softening Crystals,15,3,12,20.0
Sesame Bagel,61,36,25,59.01639344262295
Orange Scent Dish Washing Liquid,6,2,4,33.33333333333333
Raw Coconut Vinegar,227,55,172,24.229074889867842
Naturals Stage 2 Just Pear & Blueberry,6,2,4,33.33333333333333
"Milk, 2% Reduced Fat, Chocolate",8,4,4,50.0
100% Cranberry Mango Juice,47,25,22,53.191489361702125
Chocolate Covered Biscuit Sticks,83,35,48,42.168674698795186
Gone Nuts!  Raw & Sprouted White Chocolate Cashews and Almonds,8,0,8,0.0
Caraway Seeds,32,3,29,9.375
White Standard Baking Cup,26,0,26,0.0
Golden Chai Black Tea,423,174,249,41.13475177304964
Good Buddy USA Rawhide Braid Dog Chews,413,261,152,63.19612590799032
Organic Pepper Jack Cheese,275,112,163,40.72727272727273
Lite Reduced Calorie Syrup,83,35,48,42.168674698795186
Sweet Cream & Coffee Caramel Ice Cream,147,65,82,44.21768707482993
Buffalo Wing Sauce,202,62,140,30.693069306930692
Chunky Fajita Chicken with Rice and Beans Soup,32,10,22,31.25
All Natural Jamaican Style Ginger Ale,56,20,36,35.714285714285715
Spicy Ranch Salad Dressing & Seasoning Mix,23,6,17,26.08695652173913
"Milk, Fat Free",1411,925,486,65.55634301913537
Milk & Caramel Mini Squares,135,71,64,52.59259259259259
Diet Ginger Ale Slim Cans,22,5,17,22.727272727272727
Tape,8,1,7,12.5
Holiday Milk Chocolates,82,19,63,23.170731707317074
Roasted Chestnuts,15,8,7,53.333333333333336
91% Isopropyl Alcohol,44,17,27,38.63636363636363
100% Natural Squeezed Lemon Juice,41,6,35,14.634146341463413
Early Harvest Supersweet Petite Corn,71,27,44,38.028169014084504
Chocolate Caramel Flavored Sauce,48,7,41,14.583333333333334
Mini Peeled Carrots,2785,1538,1247,55.22441651705565
Itsy Bitsy Cheese Ravioli,71,14,57,19.718309859154928
Gluten Free Shortbread Cookies,103,53,50,51.45631067961165
Wedge Roquefort,15,5,10,33.33333333333333
Quick Enriched Hominy Grits,164,58,106,35.36585365853659
Medium Thick'n Chunky Salsa,87,34,53,39.08045977011494
Orange Mango Sparkling Water,1472,976,496,66.30434782608695
"Premium Dog Treats Peanut Butter Flavor, Medium Size",345,123,222,35.65217391304348
Facial Tissue Cube,375,164,211,43.733333333333334
Vitamin C 250 mg 60 Gummies,108,57,51,52.77777777777778
Eat Your Vegetables Korean Barbecue Veggie Chips,50,34,16,68.0
Roasted Vegetable Ravioli,142,71,71,50.0
Ultra Colloidal Silver,3,1,2,33.33333333333333
Really Raspberry Danish,17,10,7,58.82352941176471
2 In 1 Ocean Lift Dandruff Shampoo + Conditioner,20,3,17,15.0
Whisk Broom with Dust Pan,11,0,11,0.0
Liquid Soap Iowa Pine,40,6,34,15.0
Orange Cranberry Fiber d'Lish Bar,14,3,11,21.428571428571427
Diced Potatoes with Onion,145,41,104,28.27586206896552
Smooth & Silky Head and Shoulders Smooth & Silky 2-in-1 Dandruff Shampoo + Conditioner 13.5 Fl Oz Female Hair Care,1,0,1,0.0
Sweet Hot Mustard with Honey,52,13,39,25.0
Glow in the Dark Sandwich Cookies 2 ct Multipack,6,1,5,16.666666666666664
"Stage 2 Apple, Cinnamon, & Granola Baby Food",8,2,6,25.0
Pure Tapioca Flour,13,2,11,15.384615384615385
Table Water Crackers,952,367,585,38.55042016806723
Original Almond Chai Ready to Drink,44,26,18,59.09090909090909
Smoothie,21,14,7,66.66666666666666
Disney Frozen Berry Cherry Raspberry Ice Pops,137,44,93,32.11678832116788
Buttermilk Ranch Pretzel Pieces,24,10,14,41.66666666666667
Pure & Free™ Baby Sunblock Sunscreen Lotion SPF 60+,17,3,14,17.647058823529413
Unscented Dishwasher Detergents,75,43,32,57.333333333333336
Seedless Red Grapes,82689,55177,27512,66.72834355234674
Organic Roasted Garlic Mushroom Lentil Soup,565,219,346,38.76106194690265
Summer Sausage Beef Premium,6,1,5,16.666666666666664
"Organic Pear, Strawberry, Beet & Kiwi Fruit & Veggie Twist",9,3,6,33.33333333333333
Homestyle Baked Beans,266,86,180,32.33082706766917
Ginger Twist Tea,141,45,96,31.914893617021278
Chicken & Broccoli Linguine Pasta,46,6,40,13.043478260869565
Organic Mint Dark Chocolate Bar,1421,879,542,61.857846586910625
Black Chia Seeds,266,46,220,17.293233082706767
Jamaican Style Lager,55,20,35,36.36363636363637
Extra Creamy Vanilla Ice Cream,49,12,37,24.489795918367346
Sesame Sticks,428,175,253,40.887850467289724
Vanilla Bean Ice Cream,4474,2207,2267,49.32945909700492
with Olive Oil Mayonnaise,611,135,476,22.0949263502455
Rosemary & Thyme Olive Oil Tortas,19,7,12,36.84210526315789
"Choco Chews, Organic",34,20,14,58.82352941176471
Nordic Omega-3 Tangerine Gummies,64,9,55,14.0625
100% Cotton Rounds,126,41,85,32.53968253968254
Steak Strips,1626,1095,531,67.34317343173431
Ciabatta Rolls Take & Bake,157,79,78,50.318471337579616
Organic Plain Greek Yogurt,485,290,195,59.79381443298969
Fresh Lavender Super Odor Neutralizer Long Last Adjustable Air Freshener,105,57,48,54.285714285714285
Vanilla Almond Breeze,7860,5638,2222,71.73027989821882
Birthday Cake Ice Cream,22,11,11,50.0
Organic Whole Raw Cashews,18,9,9,50.0
Large Pineapple Chunks,5485,4033,1452,73.5278030993619
Pineapple Vodka,25,11,14,44.0
Lafayette Butter Lettuce & Radicchio Salad Blend,1863,1371,492,73.59098228663447
Diet Green Tea,122,65,57,53.278688524590166
Adult Soft Natural Bristle Toothbrush,23,3,20,13.043478260869565
Tots Greek Banana Pumpkin/Mango Spinch,117,86,31,73.50427350427351
Basil Scent Fabric Softener,50,16,34,32.0
Unsweet Peach Water,1781,1298,483,72.88040426726559
Chocolate Almond Fudge Ice Cream,7,2,5,28.57142857142857
Multi Kids Complete + Fiber Gummies,16,7,9,43.75
Minestrone Soup Mix,54,18,36,33.33333333333333
White Beauty Bar Soap,152,49,103,32.23684210526316
Total 2% Lowfat Greek Strained Yogurt With Blueberry,20758,15593,5165,75.11802678485402
Disney Pixar Cars Pasta & Broccoli with a Cheese Sauce Entree,59,24,35,40.67796610169492
Jumbo Topping Maraschino Cherries,7,0,7,0.0
Three Cheese Mini Pizza Bagels Frozen Snacks,1816,790,1026,43.502202643171806
Thai Rice Stir-Fry Noodles,15,6,9,40.0
Yotoddler Organic Pear Spinach Mango Yogurt,6125,4928,1197,80.45714285714286
Organic Opal Apple,47,19,28,40.42553191489361
Aleppo Pepper,12,0,12,0.0
Original Popcorn and Peanuts,118,33,85,27.966101694915253
37% Less Sodium Soy Sauce,2713,552,2161,20.346479911537045
"Granola Bars, Crunchy, Macaroon Crunch",291,151,140,51.890034364261176
Almond Flavor Extract,27,9,18,33.33333333333333
Squirt Rub R 12 Floz 12 Pk 144 Floz,15,8,7,53.333333333333336
"Little Bites Seasonal Favorites, Pumpkin Muffins",133,60,73,45.11278195488722
Vitaminwater® Focus Kiwi-Strawberry,910,598,312,65.71428571428571
Mediterranean Fine Sea Salt,277,29,248,10.469314079422382
Feisty Buffalo Poppers,91,30,61,32.967032967032964
Potted Flat Parsley,159,27,132,16.9811320754717
New York Cheesecake Slice,437,256,181,58.58123569794051
Hot Banana Pepper Rings,48,8,40,16.666666666666664
Mushroom Barley Soup,596,289,307,48.48993288590604
Pull-Ups Training Pants Learning Designs,84,32,52,38.095238095238095
Herb Grinder Oregano,4,0,4,0.0
Matzo S'mores,5,1,4,20.0
Parmesan and Rosemary Microwave Popcorn,301,154,147,51.162790697674424
Organic Stoneground Flakes Cocoa Clusters Cereal,598,295,303,49.331103678929765
Sweets Medley Sea Salt Sweet Potato Chips,1319,642,677,48.6732373009856
Flackers Sun Ripened Tomato & Basil Flax Seed Crackers,97,40,57,41.23711340206185
Homestyle Some Pulp Orange Juice,489,270,219,55.21472392638037
Light Butter with Canola,1383,687,696,49.67462039045553
"Hint of Mint, Rich Chocolate with a Splash of Mint Fit Frozen Dessert",594,385,209,64.81481481481481
Light Cranberry & Raspberry Juice Drink,283,163,120,57.59717314487632
Organic Raspberry Passion Chia Beverage,775,523,252,67.48387096774194
Blood Oranges Olive Oil,5,1,4,20.0
Dairy Farms Cottage Cheese,49,38,11,77.55102040816327
Vidalia Onion,36,12,24,33.33333333333333
Cold & Sinus Coated Caplets Pain Reliever/Fever Reducer/Nasal Decongestant,20,3,17,15.0
gelato Coffee Toffee,225,52,173,23.11111111111111
Bottled Imported Premium Light Lager Beer,213,107,106,50.23474178403756
Angel Baby Bottom Balm,27,9,18,33.33333333333333
Old Fashioned Peppermint Bon Bon,20,8,12,40.0
Cinnamon Red Maca Almond Butter,38,25,13,65.78947368421053
Dirt Cake,8,3,5,37.5
Hearty Teriyaki Chicken Skillets for Two,29,7,22,24.137931034482758
Sliced Sweet Sandwich Rolls,82,31,51,37.80487804878049
Organic Iced Oatmeal Cookie ZBar,582,354,228,60.824742268041234
Jumbo Wieners,55,26,29,47.27272727272727
Original Regular To Go Fresh Scent Pantiliners,24,13,11,54.166666666666664
Coconut Cacao Drink,87,58,29,66.66666666666666
Cornmeal Medium Grind,737,62,675,8.412483039348711
Keratin Smooth Shine Serum,12,4,8,33.33333333333333
Porcini Mushroom Israeli Couscous,13,6,7,46.15384615384615
Yuba Tofu Skin,164,111,53,67.6829268292683
Vaginal Gel,9,0,9,0.0
100% Natural Whole Peeled Plum Tomatoes,855,285,570,33.33333333333333
Honey Pomegranate Greek Yogurt,20,11,9,55.00000000000001
Nutty for 'Nana Low-Fat Greek Yogurt,1472,926,546,62.90760869565217
Organic White Corn Tortilla Chips,245,109,136,44.48979591836735
Organic Cottage Cheese Classic,2495,1728,767,69.25851703406813
Melatonin 5mg Tablets,10,2,8,20.0
Cinnamon Lemongrass Guayusa Tea Focused Energy,3,0,3,0.0
Orange Sherbet,79,37,42,46.835443037974684
Nourish & Moisturize Shampoo,101,27,74,26.732673267326735
Organic  Sweet & Salty Peanut Pretzel Granola Bars,2202,1327,875,60.26339691189827
Heat-N-Go! Blueberry Mini Pancakes,23,11,12,47.82608695652174
Apricot,1512,688,824,45.5026455026455
Sweeper Dry Sweeping Cloths Refill,346,140,206,40.46242774566474
Dark Red Kidney Beans No Salt Added,3553,1457,2096,41.007599211933574
Green Onions,26536,13787,12749,51.955833584564374
Bistro Blend Kettle Potato Chips,10,4,6,40.0
Reduced Sodium Fajita Seasoning Mix,49,17,32,34.69387755102041
Strawberry Twizzlers,185,86,99,46.48648648648649
Chocolate Chip With Vanilla Bean Ice Cream,54,29,25,53.70370370370371
Lightly Breaded Breast Tenders,5,0,5,0.0
Medium Salsa Roja,6141,3669,2472,59.74596971177333
Cucumber Lime,5,0,5,0.0
California Pitted Prunes,94,27,67,28.723404255319153
"P3 Smoked Ham, Cheese & Cashews Portable Protein Packs",17,8,9,47.05882352941176
Walnut Oil,279,83,196,29.749103942652326
13 Gallon Apple Scented Tall Drawstring Bags,33,3,30,9.090909090909092
Double Fiber Whole Grain Bread,38,19,19,50.0
Eggs,339,180,159,53.09734513274337
Daily Facial with Sunscreen Moisturizer,56,15,41,26.785714285714285
"All-Purpose Sauce, Kale Tahini",24,3,21,12.5
Chicken Margherita,178,107,71,60.1123595505618
Nighty Night Tea Bags,430,163,267,37.906976744186046
Daily Intimate Wash pH Balance,52,18,34,34.61538461538461
Chocolate Ganache Cupcake,13,1,12,7.6923076923076925
Oregon Oatmeal Cookies,245,148,97,60.40816326530612
Vanilla Chocolate Peanut Butter Ice Cream Bars Multi-Pack,114,60,54,52.63157894736842
Easy Open TabsBags,2691,641,2050,23.82014121144556
Baby Moisture Wash,30,12,18,40.0
Marionberries,34,22,12,64.70588235294117
Raspberry Nectar Vinaigrette with Omega 3,82,36,46,43.90243902439025
Rosemarry Me & Olive Oil Sprouted Barley Crackers,49,26,23,53.06122448979592
Pumpkin Spice,11,0,11,0.0
Dark Chocolate Mint Ice Cream Bars,23,3,20,13.043478260869565
Organic Kabocha Squash,151,73,78,48.34437086092716
Ultra Strength Pain Relieving Cream,25,1,24,4.0
"Bar-B-Que Sauce, Roasted Garlic Honey",38,15,23,39.473684210526315
Original Crescent Rounds,8,0,8,0.0
Lucuma & Cacoa Chocolate Bar,37,14,23,37.83783783783784
Organic Sprouted Wheat Flour,14,3,11,21.428571428571427
BLUEBERRIES,112,27,85,24.107142857142858
Traditional Breadsticks,106,48,58,45.28301886792453
Ginger Peach Large Black Tea Pouches,15,3,12,20.0
Maple & Pecan Granola Gluten Free,663,518,145,78.12971342383108
Scar Gel,11,2,9,18.181818181818183
Authentic Chinese Noodles,407,192,215,47.174447174447174
"2\"" x 6\"" Unscented White Pillar Candle",19,7,12,36.84210526315789
Original Syrup,3949,1306,2643,33.07166371233224
Cauliflower Florets,8135,4625,3510,56.85310387215734
Danimals Strawberry Explosion & Strikin' Strawberry Kiwi Smoothies,1037,744,293,71.74541947926711
Breaded Nuggets Chicken Breast,64,21,43,32.8125
Organic Caffeine Free Chai Tea Latte Concentrate,17,7,10,41.17647058823529
Dark Chocolate Raspberry Ice Cream Bars,155,68,87,43.87096774193549
Kombucha  Bilberry No. 9,1127,649,478,57.58651286601597
Frozen Five Cheese Ravioli,67,26,41,38.80597014925373
"Olives, Gourmet Black, Kalamata, Halved",12,0,12,0.0
Orange Ginger Mint Tea Bags,31,4,27,12.903225806451612
100% Whole Wheat Bread,60816,44834,15982,73.72073138647724
"Soap, French Milled Oval, Climbing Wild Rose",18,6,12,33.33333333333333
Roasted and Salted Pistachios,36,11,25,30.555555555555557
Unsweetened Oolong Tea Shot,73,47,26,64.38356164383562
Deep Clean Cleanser & Mask,1,0,1,0.0
Russian Style Gluten Free No Salt Added Farmers Cheese,278,195,83,70.14388489208633
98% Fat Free Premium Ham With Natural Juices,153,105,48,68.62745098039215
Turk'y Roast,196,86,110,43.87755102040816
Organic Stage 1 First Peas Baby Food,1358,614,744,45.21354933726068
"Almondmilk, Pure, Chocolate Protein",1049,615,434,58.627264061010486
72% Dark Chocolate with Pistachios Almond & Walnuts,4,2,2,50.0
Numeral 2 Birthday Candle,17,1,16,5.88235294117647
Meat Lovers Lasagna,302,122,180,40.397350993377486
Marketplace Sweet Sriracha Braised Beef,125,59,66,47.199999999999996
Organic Iced Tea Variety Pack,232,159,73,68.53448275862068
Crayons - 24 CT,37,4,33,10.81081081081081
Lactose Free Shredded Cheese Cheddar,12,6,6,50.0
Chocolate Truffles,62,2,60,3.225806451612903
"PODS Laundry Detergent, Spring Meadow, 72 count, Designed for Regular and HE Washers Laundry",258,98,160,37.98449612403101
Sweet Green Peas,4,0,4,0.0
Mexican Style Taco Shredded Cheese,3357,1400,1957,41.70390229371463
Golden Brown Pure Cane Sugar,1356,313,1043,23.08259587020649
Black Bean with Onion & Garlic Crackers,12,5,7,41.66666666666667
"Coffee, Coffee BuzzBuzzBuzz!® Ice Cream",361,143,218,39.612188365650965
Lean Sweet Italian Turkey Sausage,780,332,448,42.56410256410256
Signature Shredded Steak & Three–Cheese Chimichangas,28,14,14,50.0
Blueberry & Purple Sweet Potato  Super Puffs,973,437,536,44.91264131551901
Pacific Coast Blend Ground Coffee,13,5,8,38.46153846153847
Jasmine Green Tea Bags,190,107,83,56.315789473684205
Rocks N Rolls Orange Chocolate Chip French Munching Cookies,46,33,13,71.73913043478261
Unstoppables Air Fresheners,6,0,6,0.0
Whole Milk Bulgarian Yogurt,66,56,10,84.84848484848484
Smoked Turkey Rope Sausage,96,46,50,47.91666666666667
7 Up Lemon Lime Soda,347,139,208,40.05763688760807
Whole Cranberries Dipped in Dark Chocolate,71,43,28,60.56338028169014
Danimals Swingin' Strawberry Banana Smoothie,759,506,253,66.66666666666666
Pre-Workout Energizer Acai Berry,13,1,12,7.6923076923076925
"Peach,  Apricot & Banana Stage 2 Baby Food",5097,3139,1958,61.585246223268584
Organic Medium Brown Eggs,3358,2602,756,77.48659916617035
Tropical Natural Stress Relief Drink,107,86,21,80.37383177570094
"Cloves, Ground",11,0,11,0.0
Cranberry Blueberry Blackberry Flavor 100% Juice,34,21,13,61.76470588235294
Pineapple in Lime Gel,43,19,24,44.18604651162791
Organic Vanilla Soymilk,5294,3998,1296,75.51945598791085
Natural Gourmet Medley,5,2,3,40.0
Reduced Fat Midnight Chocolate Milk,35,19,16,54.285714285714285
Pork Sausgae Patties Original,26,14,12,53.84615384615385
"Freshly made pasta layered with seasoned meat sauce, tomato sauce and Real low-fat Ricotta cheese Lasagna Italiano",261,106,155,40.61302681992337
Meaty Ground Dinner Variety Pack,62,38,24,61.29032258064516
Smoothing Coconut Body Wash,97,9,88,9.278350515463918
Glutenfree Brownie Mix,531,186,345,35.02824858757062
Paper Towel,1194,649,545,54.355108877721946
Almond Bark,100,23,77,23.0
Organic Herb Blend,1647,865,782,52.519732847601695
Superfood Slam Bar,482,284,198,58.921161825726145
Made Good Chocolate Chip Granola Bars,905,637,268,70.38674033149171
Organic Pastry Circles,105,42,63,40.0
Organic Thompson Seedless Raisins,12430,7519,4911,60.49074818986323
Fuzzy Navel Orange Frozen Fruit Bar,28,16,12,57.14285714285714
Blueberry Blintzes Filled Crepes,72,42,30,58.333333333333336
Original Fruits Flavored Candies,24,7,17,29.166666666666668
Chenin Blanc Viognier,77,33,44,42.857142857142854
"Anti-Gas, Ultra Strength, 180 mg, Softgels",14,4,10,28.57142857142857
Lean & Fit Coconut Lemongrass Chicken,122,53,69,43.44262295081967
Organic Iced Black Tea,674,483,191,71.66172106824926
Mocha Flavored Coffee Creamer,7,5,2,71.42857142857143
PODS Plus Febreze Botanical Rain Scent Laundry Detergent Pacs,2,0,2,0.0
Mango Probiotic Juice Drink,1178,795,383,67.48726655348048
Blue-Berries Blend Lozenges,4,0,4,0.0
Gold Rum,82,24,58,29.268292682926827
No Bake Real Cheesecake Dessert,28,5,23,17.857142857142858
Strawberry Baby Yogurt Blends,97,47,50,48.45360824742268
Natural Cellulose Euro Sponge,25,3,22,12.0
Unsalted Organic Microwave Pop's Corn,99,46,53,46.464646464646464
Lemon Ginger Caffeine Free Herbal Tea Bags,643,260,383,40.43545878693624
Body Wash & Shampoo Orange Vanilla,10,0,10,0.0
Sleepytime Honey,14,1,13,7.142857142857142
Pump 'N Clean Crisp Citrus Scent Multi-Purpose Kitchen & Dish Cleaner,5,1,4,20.0
Odorless Fish Oil Dietary Supplement,15,1,14,6.666666666666667
Gochujang Sauce,42,5,37,11.904761904761903
Orange 100% Juice,344,175,169,50.872093023255815
Classic Mix Cookies & Crackers,299,146,153,48.82943143812709
Crossovers Cocnt Curry Cashew,40,11,29,27.500000000000004
Soda Bottles,280,175,105,62.5
Dried Mango,10150,7583,2567,74.70935960591133
Total Advanced Pro-Shield Peppermint Mouthwash,165,63,102,38.18181818181819
Premium Super Sweet Corn Bi-Color,181,47,134,25.96685082872928
Hint Of Sea Salt Almonds Mini Nut-Thins,369,205,164,55.55555555555556
Organic Basil Garlic Polenta Pre-Cooked,358,162,196,45.2513966480447
Gluten Free Banana Bread Mix,81,27,54,33.33333333333333
100% Pressed Apple  Fruit Juice,35,11,24,31.428571428571427
Ginger ener'Gizer,55,38,17,69.0909090909091
Medium Chunky Salsa,186,79,107,42.473118279569896
Lil Bits Apple Blueberry,15,6,9,40.0
Facial Tissues,481,234,247,48.64864864864865
Original Croccantini,130,80,50,61.53846153846154
Onion & Chive Cream Cheese Spread,13,3,10,23.076923076923077
Mayonnaise Pouch,6,1,5,16.666666666666664
Blueberry Acai Lip Balm,12,0,12,0.0
Baby 2nd Foods Apples & Chicken,251,125,126,49.800796812749006
"Kettle Chips, Sweet Potato, Sea Salt",20,7,13,35.0
Large White Sage Smudge Stick,76,26,50,34.21052631578947
"Spoon, Melamine",4,1,3,25.0
Newman-O's Creme Filled Chocolate Cookies,125,72,53,57.599999999999994
Air Effects Linen & Sky Scent Air Freshener Spray,498,160,338,32.1285140562249
"Flour, TigerNut",25,5,20,20.0
Sesame Chicken,392,200,192,51.02040816326531
Organic Red Grape Tomato,1814,649,1165,35.777287761852264
100% Litchi Juice,96,49,47,51.041666666666664
No Pulp Calcium + Vitamin D 100% Orange Juice,49,36,13,73.46938775510205
Black Truffle & Olive Oil Potato Chips,67,24,43,35.82089552238806
Fruit Juicy Red Punch,39,22,17,56.41025641025641
Jack's Special Mild Salsa,666,290,376,43.54354354354354
Wrigley's Orbit Cinnamint Sugarfree Gum - 14 CT,43,24,19,55.81395348837209
Flintstones Toddler Gummies,13,5,8,38.46153846153847
Vegetable Chicken Nutritious Dinner,171,66,105,38.59649122807017
Organic Multi Grain Omega 3 Bread,26,14,12,53.84615384615385
Organic Bunny Fruit Snacks Berry Patch,13372,7954,5418,59.48250074783129
Everyday Shea Foaming Hand Soap Unscented,42,14,28,33.33333333333333
Gluten Free Marketplace Spicy Beef and Bean Enchilada,163,73,90,44.785276073619634
Light & Fit Greek Yogurt,75,38,37,50.66666666666667
Broccoli au Gratin,310,113,197,36.45161290322581
Variety Pack Pudding,87,32,55,36.7816091954023
Tuscan Garlic & Herb Tilapia,28,6,22,21.428571428571427
Apple Turnover,184,100,84,54.347826086956516
Natural Relief Baby Teething Tablets,68,16,52,23.52941176470588
Instant Butterscotch Pudding & Pie Filling Mix,35,4,31,11.428571428571429
Passionate Spell Body Wash,13,4,9,30.76923076923077
Tamarind Stir-Fry Paste,195,38,157,19.48717948717949
Organic Infant Formula With Iron,2406,1670,736,69.40980881130507
Raspberry Fudge Chunk Greek Frozen Yogurt,54,25,29,46.2962962962963
2 in 1  Cavity and Enamel Protection Strawberry Flavor Kids Toothpaste,8,1,7,12.5
Moisturizing Shampoo Strawberries & Cream,17,6,11,35.294117647058826
Original Baked Beans,1667,703,964,42.17156568686263
Gift Sleeve Valentine Chocolate Hearts,43,0,43,0.0
Watermelon Chunks,24534,18166,6368,74.04418358196789
Halloween Cake Mix,6,0,6,0.0
Organic Corn Flakes Fruit Juice Sweetened Cereal,533,289,244,54.22138836772983
Beef Cube Steak,27,14,13,51.85185185185185
Pickled Jalapeno Nacho Slices,51,18,33,35.294117647058826
Acti-Fresh Body Shape Regular To Go Pantiliners,33,10,23,30.303030303030305
Black Bean Chipotle Vegan,148,47,101,31.756756756756754
Ninja Turtles Kids Power Toothbrush Extra Soft,6,0,6,0.0
Candles,5,0,5,0.0
Stevia Extract Liquid Sweetener,103,56,47,54.36893203883495
Organic Beef & Burger Rub,7,0,7,0.0
Fruit & Cream Variety Pack,764,362,402,47.38219895287958
Organic Stoneground Mustard,108,7,101,6.481481481481481
Supreme Vegan D 2000 IU,6,0,6,0.0
Gluten Free Hard Candies Honey,25,6,19,24.0
"Deodorant, Natural, Fragrance-Free",6,1,5,16.666666666666664
All Natural Sea Fresh Antiplaque & Strengthening Toothpaste Deep Sea Spearmint,565,228,337,40.35398230088496
Classic Clean 2in1 Shampoo Plus Conditioner,44,19,25,43.18181818181818
Watermelon Luau Bowl,156,38,118,24.358974358974358
Whole Care Natural Cinnamon Clove Fluoride Toothpaste,154,62,92,40.25974025974026
Vanilla Mint Moisturizing Conditioner,21,1,20,4.761904761904762
Flaky Cinnamon Rolls  With Butter Cream Icing,199,81,118,40.7035175879397
Herb Seasoned Restaurant Style Croutons,28,7,21,25.0
Just Italian Dressing,115,30,85,26.08695652173913
Tiny Whole Green Beans,238,98,140,41.17647058823529
Miso Mayo,111,49,62,44.14414414414414
Original Flatbread,174,52,122,29.88505747126437
Feria Multi-Faceted Shimmering Color - V48 Intense Medium Violet,12,4,8,33.33333333333333
Spaghetti  No 12,8153,3924,4229,48.129522875015326
Gluten Free Uncured Bacon Breakfast Burrito,279,108,171,38.70967741935484
Chocolate Semi Sweet Mini Chips,300,101,199,33.666666666666664
Big Cup Noodles Homestyle Shrimp Flavor,17,4,13,23.52941176470588
Devil's Food Cookie Cakes,196,100,96,51.02040816326531
Fruit & Honey Triple Berry Fruit Spread,24,13,11,54.166666666666664
Mango Jalapeno Quinoa Meal,27,6,21,22.22222222222222
Zero Cola,190,96,94,50.526315789473685
Hot Roll Sausage,908,453,455,49.88986784140969
Unwaxed Dental Floss 100 Yards,6,1,5,16.666666666666664
Blueberry Muffin Bar,5751,3388,2363,58.91149365327769
Shaved Brussel Sprouts,1357,639,718,47.0891672807664
"Champagne, Sparkling, California, Brut Cuvee",16,7,9,43.75
Storage Bags with Click 'n Lock Double Zipper (7 in x 7.75 in),9,0,9,0.0
Milk Chocolate Sea Salt Cashew,18,7,11,38.88888888888889
Chardonnay Carneros,1,0,1,0.0
"Fruit Spread, Concord Grape",92,35,57,38.04347826086957
Body Butter Shea & Almond Oil Moisturizing Body Wash,93,17,76,18.27956989247312
Sparkling Water,12321,8531,3790,69.23950978005033
Condensed Chicken Noodle Soup,994,426,568,42.857142857142854
Alkaline Sports Drink,5,1,4,20.0
Traditional Black Beans,7,1,6,14.285714285714285
Brown Extra Large Grade AA Eggs,2206,1596,610,72.34814143245694
Angel Hair Nests,13,7,6,53.84615384615385
Simply Dressed All Natural Caesar Dressing,87,39,48,44.827586206896555
Sparkling Apple,58,23,35,39.6551724137931
Fish Sauce,1263,137,1126,10.847189231987333
Sweet Cherry Lime Ice Cream,4,0,4,0.0
Bagel Bites Three Cheese Mini Bagel Pizzas,1350,781,569,57.851851851851855
Mild Pork Sausage Patties,80,34,46,42.5
Up Beat Craft Brewed Kombucha,76,54,22,71.05263157894737
Diced Peaches Fruit Bowl,85,22,63,25.882352941176475
Ultra Thin Pads Regular With Wings  - 18 CT,19,7,12,36.84210526315789
Organic Rough Cut Sugar Cubes,2,0,2,0.0
Brocolie Cauliflower Steamables,31,8,23,25.806451612903224
Mexican Style Rice & Pasta,331,101,230,30.513595166163142
Guajillo Chili Pods,21,2,19,9.523809523809524
Pepperidge Farm® Goldfish Grahams Tray,55,20,35,36.36363636363637
Superfruit And Greens Snack Bar,30,12,18,40.0
Organic Pinto Beans Can,103,52,51,50.48543689320388
Southwest Chopped Salad,47,16,31,34.04255319148936
Heavy Duty Fabric Refresher - Crisp Clean,15,0,15,0.0
Medium Jalfrezi Curry Indian Simmer Sauce,185,73,112,39.45945945945946
"Lager, Jamaican Style",64,32,32,50.0
Joyful Greens Ginger & Lemongrass Chia Beverage,46,22,24,47.82608695652174
Lemon and Strawberry Real Italian Ice,267,118,149,44.19475655430712
Rose Hips Tangerine Slippery Elm Lozenges,14,0,14,0.0
Gluten Free Penne and Cheese,78,35,43,44.871794871794876
Country Wheat Bread,78,41,37,52.56410256410257
Tea Douglas Fir Spring Tip,7,1,6,14.285714285714285
"Cheese, Smoked Provolone",29,5,24,17.24137931034483
Oxygen Bleach Plus,168,50,118,29.761904761904763
Magnesium Calcium+ Multi-Mineral Supplement Tablets - 180 CT,4,0,4,0.0
Eduardo's Orzo Melon Seeds Enriched Egg Pasta,7,2,5,28.57142857142857
Guava Yogurt Smoothie,11,2,9,18.181818181818183
Frozen Mixed Vegetables,102,37,65,36.27450980392157
Roasted Salted Almonds,2373,1266,1107,53.35018963337548
Marshmallow Root,4,0,4,0.0
30 Minute Marinade Herb & White Wine With Lemon Juice & Garlic,39,8,31,20.51282051282051
"Coffee, Gourmet, All Purpose Grind, Medium, Hawaiian Blend",17,10,7,58.82352941176471
Premium Organic Spread Wild Blueberry,15,5,10,33.33333333333333
Free & Clear Liquid Laundry Detergent,25,11,14,44.0
Large Shells Pasta,107,38,69,35.51401869158878
Organic Roasted Seaweed Snacks Teriyaki,1624,1021,603,62.86945812807881
Red Cake Icing,17,0,17,0.0
Classic Deluxe Nonstick Grater,8,0,8,0.0
Salad Dressing & Marinade Classic Vinaigrette,318,169,149,53.144654088050316
Scratch Free Sponges,24,2,22,8.333333333333332
Chocolate Banana Snack Bar,3,1,2,33.33333333333333
Immune Plus Citrus Drink Mix Dietary Supplement 1 Packet,55,13,42,23.636363636363637
Omega Zyme Digestive Enzyme Blend,11,3,8,27.27272727272727
Everyday Soak Proof  Foam Plates,63,33,30,52.38095238095239
Coconut Cookie Thins,331,164,167,49.546827794561935
Spicy Barbecue Sauce,262,66,196,25.190839694656486
"Supremely Spicy Hummus, Family Size",546,277,269,50.73260073260073
Fettuccine Pasta,1180,302,878,25.593220338983052
Bounty 6 Dr 140ct Paper Towel,48,9,39,18.75
Ruled White Index Cards,11,5,6,45.45454545454545
Organic Ginger Beet Kraut,5,0,5,0.0
Organic Chocolate Sauce,5,0,5,0.0
"Sausage, Parm & Ravioli",5,0,5,0.0
Monterey Jack Sliced Cheese,185,97,88,52.43243243243243
Gluten Free Dark Chocolate Chunk Chewy with a Crunch Granola Bars,10701,6934,3767,64.79768245958321
Organic Strawberry Lowfat Yogurt Smoothie,792,545,247,68.81313131313132
Peach Cobbler,5,0,5,0.0
Salsa Verde Medium Salsa,13,2,11,15.384615384615385
White Anchovies In Water,208,34,174,16.346153846153847
All Natural Chicken Pot Pie,140,71,69,50.71428571428571
Tropical Kombucha,390,261,129,66.92307692307692
3Dwhite action Power Toothbrush,107,38,69,35.51401869158878
Organic Bramblewine Green Tea 20 ct,72,33,39,45.83333333333333
Chocolate Peanut Butter Toffee Fiber Bar,218,121,97,55.5045871559633
Turbinado Sugar,45,15,30,33.33333333333333
Organic Pumpkin Pie Mix,387,84,303,21.705426356589147
Blue Eucalyptus & Lavender Natural Laundry Detergent,972,367,605,37.757201646090536
Organic Fresh Pressed Apple Juice,92,65,27,70.65217391304348
2chic Avocado & Olive Oil Conditioner Travel Size,35,4,31,11.428571428571429
Monterey Jack Cheese,6543,3655,2888,55.86122573742931
Chocolatey Covered Chocolate Chip Granola Bars,127,55,72,43.30708661417323
Hot 'N' Spicy Chicharrones Fried Pork Skins,49,25,24,51.02040816326531
"Turkey Jerky, Lemon Garlic",223,149,74,66.81614349775785
Cool Aloe Burn Relief Formula with Lidocaine HCl Pain Relieving Gel,15,0,15,0.0
Gift With Flask,52,23,29,44.230769230769226
Cashews Roasted Sprinkling Of Salt,68,39,29,57.35294117647059
POW! Pasta Meals Power Protein Complete Meal Italiano With Red Beans And Peppers,5,0,5,0.0
Tea Get Happy,8,1,7,12.5
Mochi Ice Cream,162,64,98,39.50617283950617
"Adults MultiGummies, Cherry, Berry, Orange",5,1,4,20.0
Oxylent  Multivitamin Drink Powder 5-in-1 formula Sparking Mandarin,7,1,6,14.285714285714285
Original Plus Vitamins & Minerals Cat Food,156,91,65,58.333333333333336
1% Lowfat Chocolate Milk,269,175,94,65.05576208178438
Smoked Whitefish Salad,525,356,169,67.80952380952381
"Medium Nails, Assorted Sizes & Types",4,0,4,0.0
Two Organic Cornmeal Pizza Crusts,1363,887,476,65.07703595011006
Honey Bunches of Oats with Almonds Cereal,39,16,23,41.02564102564102
Happy Baby Stage 1 Sweet Potato Organic Baby Food,256,141,115,55.078125
All Natural Unbleached Waxed Paper,86,10,76,11.627906976744185
"Organic Spelt Mini Pretzels, Low Sodium",102,51,51,50.0
Lemongrass Basil Chicken With Jasmine Rice,796,336,460,42.211055276381906
Sea Mist Sea Salt Spray With Lavender,12,0,12,0.0
BioKefir Pomegranate & Blueberry Flavor Cultured Milk,755,593,162,78.54304635761589
100% Beeswax Hand Dipped Tapers,34,6,28,17.647058823529413
Children's Honey Cough Syrup,76,6,70,7.894736842105263
Blue Corn Tortilla,188,110,78,58.51063829787234
Muffin Pan 12 Cup Non Stick,73,2,71,2.73972602739726
Glycerin Hand Soap Lemon,17,2,15,11.76470588235294
Organic Superfood Peanut Butter Spread,37,8,29,21.62162162162162
Liv A Littles Wild Salmon Treats,73,22,51,30.136986301369863
"Healthy Smile Ridges, Large Dental Dog Snacks",74,41,33,55.4054054054054
Dandelion Greens,100,51,49,51.0
Slow Roasted Thai Basil Chick'n,167,100,67,59.88023952095808
All Natural Thai Dumplings,123,58,65,47.15447154471545
Oats Apple Cinnamon Blended Low-Fat Greek Yogurt,145,89,56,61.37931034482759
Organic No Salt Added Diced Tomatoes,10303,5065,5238,49.160438707172666
Ultra Soft & Strong Double Roll Toilet Paper,339,121,218,35.693215339233035
Sweet Apple Slices,451,259,192,57.42793791574279
Mango Gelatin Dessert Mix,6,0,6,0.0
Angel Hair Nests Pasta,47,15,32,31.914893617021278
Professionals Sleek Conditioner,15,4,11,26.666666666666668
Dead Sea Minerals Shea Butter Bar Soap,64,16,48,25.0
Organic Mint Bunch,3067,1601,1466,52.200847733941956
Plain Crumpets,25,14,11,56.00000000000001
Water Maple,45,25,20,55.55555555555556
Organic Capellini,2804,1452,1352,51.78316690442225
Strawberry Banana Smoothie,479,286,193,59.707724425887264
Country White Bread,4440,2897,1543,65.24774774774775
Strawberry,611,327,284,53.51882160392799
In-Wash Scent Booster - Shimmer,15,1,14,6.666666666666667
Country French Bread,838,502,336,59.90453460620525
Circus Animal Cookies,136,61,75,44.85294117647059
Boneless Beef Chuck Roast,3656,1441,2215,39.41466083150985
2x Ultra Gentle Care Laundry Detergent,36,22,14,61.111111111111114
Ground Coffee and Chicory,289,123,166,42.56055363321799
Organic Whole Chocolate Milk,1424,1086,338,76.26404494382022
Organic Pure Cane Sugar,48,15,33,31.25
Water Resistant Mascara (black),3,0,3,0.0
Breaded Vegan Shrimp,67,25,42,37.3134328358209
Plus SuperFresh EverFresh Scent Dryer Sheets Fabric Softener,41,7,34,17.073170731707318
Organic Red Pear,12,1,11,8.333333333333332
"Liquid Laundry Detergent, Mountain Spring scent",35,10,25,28.57142857142857
Coconut Flavor,16,0,16,0.0
Extra Body Volumizing Conditioner,26,10,16,38.46153846153847
Immune Support Supplement Vitamin C Effervescent Orange,40,12,28,30.0
White Paper Towels Giant Rolls,12,2,10,16.666666666666664
Dark Red Kidney Beans Reduced Sodium,428,107,321,25.0
Chipotle Hot Sauce,751,261,490,34.753661784287615
"Triple Zero Vanilla, Blended Greek Nonfat Yogurt",211,126,85,59.71563981042654
Honey I'm Strong Strengthening Shampoo,10,2,8,20.0
Sam E 400 MG Tablets,40,18,22,45.0
Replenishing Argan Oil With Pomegranate & Rosehip,9,1,8,11.11111111111111
Scent Expressions Invisible Solid Pasion De Tango Antiperspirant & Deodorant,5,1,4,20.0
P3 Portable Protein Pack Chicken Cheddar Peanuts,87,39,48,44.827586206896555
Exam Glove Latex Osfm,130,43,87,33.07692307692307
Enriched White Corn Meal,8,2,6,25.0
Sweet Black Cold Brew Coffee,9,3,6,33.33333333333333
Organic Grade A Raw Honey,540,282,258,52.22222222222223
Cheesy Puffcorn,51,27,24,52.94117647058824
Sheer  Blonde Dark Shade Conditioner,8,2,6,25.0
Wake Up Roast Medium Coffee,35,25,10,71.42857142857143
Assorted Food Colors & Egg Dye,31,1,30,3.225806451612903
V Fusion Pomegranate Blueberry 100% Vegetable & Fruit Juice,267,177,90,66.29213483146067
Peach 0% Fat Oikos Greek Yogurt,191,135,56,70.68062827225131
Deluxe Everything Bagels,2272,1503,769,66.15316901408451
Zebra Cake Rolls,69,42,27,60.86956521739131
Spinach & Kale Corn Chips with Sea Salt,24,4,20,16.666666666666664
Large Round Containers & Lids,50,7,43,14.000000000000002
"Chocolate, 40%, Creamy Milk",404,259,145,64.10891089108911
"Cheese, Marinated, Sheep & Goat Blend",214,155,59,72.42990654205607
1 Liter,4080,3010,1070,73.77450980392157
Shrimp Egg Roll,9,3,6,33.33333333333333
Gold Antiseptic Adult Mouthwash,44,11,33,25.0
Guerrero 10 Ct 15 Oz Fresquirica,91,53,38,58.24175824175825
Umcka Cold Care Chewable Tablets Cherry Flavor,83,37,46,44.57831325301205
Superfood Bar Maca Maple Organic,25,6,19,24.0
Melatonin 300 mcg Tablets,13,5,8,38.46153846153847
Melatonin 1 Mg Peppermint Sublingual Tablets,103,22,81,21.35922330097087
Diced Green Chiles,448,157,291,35.044642857142854
Seasonal Fruit Salad,29,12,17,41.37931034482759
Prosciutto,5135,2577,2558,50.18500486854918
Cream of Mushroom Soup,185,28,157,15.135135135135137
Twin Cookie Bars,18,4,14,22.22222222222222
Artichoke Hearts Quartered,112,48,64,42.857142857142854
Instant Brightening Facial Mask,92,20,72,21.73913043478261
Almond Oil Refined,7,3,4,42.857142857142854
Little Snugglers Jumbo Pack Size 2 Disney Diapers - 36 CT,8,2,6,25.0
Protein Zone Protein Juice Smoothie,1309,772,537,58.97631779984721
Apple Pie Spice,13,0,13,0.0
Starbucks Iced Coffee Vanilla Drink,44,16,28,36.36363636363637
Migraine Headache Relief Tablets,32,1,31,3.125
Margherita Pizza,6700,4058,2642,60.56716417910448
Small Hass Avocado,49021,32924,16097,67.16305256930704
Organic Zucchini Spirals,4953,2986,1967,60.28669493236423
Squeeze Cellulose Sponge Cloths,4,0,4,0.0
"100% Juice, Organic, Pomegranate",13,3,10,23.076923076923077
Black Cherry New York Seltzer Water,60,39,21,65.0
Spectacular Tonic Water,47,7,40,14.893617021276595
Green Tea With Ginseng and Honey,11079,6550,4529,59.12085928332882
Classic Carbonated Natural Mineral Water,87,75,12,86.20689655172413
Soft Optic White Toothbrush + Whitening Pen,5,0,5,0.0
Chamomile Tea,274,151,123,55.1094890510949
Butter,7503,4129,3374,55.03132080501133
Organic Tamari Soy Sauce,50,8,42,16.0
Smoked Paprika Tin,119,9,110,7.563025210084033
Original Oat Bar,806,541,265,67.12158808933002
Demerara Sugar,148,33,115,22.2972972972973
Facial Tissue With Aloe Lotion,14,7,7,50.0
Crispy Fruit Freeze-Dried Tangerine,65,26,39,40.0
Spinach & Cheese Enchilada Verde Meal,468,190,278,40.598290598290596
Brown N Serve Turkey Sausage Patties,83,32,51,38.55421686746988
Organic Nuts And Vanilla Nut Milks Blend,41,13,28,31.70731707317073
Tequila Reposado,99,71,28,71.71717171717171
Cheddar Holiday Promo Brats,99,30,69,30.303030303030305
Hawaiian Sweet Rolls,54,31,23,57.407407407407405
Ultimate Flora Vaginal Support Probiotic Supplement Vegetable Capsules,130,51,79,39.23076923076923
"Crackers, Puffed, Lightly Salted Corn",204,124,80,60.78431372549019
Organic Blue Agave,1407,541,866,38.45060412224591
Original Effervescent Tablets Antacid,23,3,20,13.043478260869565
Roasted Pine Nut Hommus,364,218,146,59.89010989010989
Dark Chocolate Coconut Fruit & Almond Butter,32,14,18,43.75
Italian Sparkling Mineral Water,30937,25173,5764,81.36858777515596
Major Grey's Mango Chutney,20,2,18,10.0
Gluten Free Sweet Potato Baked Nuggets,42,8,34,19.047619047619047
Strawberry Shortcake,50,16,34,32.0
Organic Flax Oil Supplement,123,51,72,41.46341463414634
Hibiscus Mint Frozen Pops,1039,479,560,46.102021174205966
Pumpkin Seeds,479,184,295,38.413361169102295
Feminine Wipes Refill,53,18,35,33.9622641509434
Unsweetened Strawberry Kiwi Water,1661,1155,506,69.5364238410596
With Pineapple Pulp Free Orange Juice,948,540,408,56.9620253164557
High Protein Smoothie Strawberry Raspberry,21,1,20,4.761904761904762
Creamy Mushroom Chicken Pot Pie,142,48,94,33.80281690140845
Stage 1 Apples Sweet Potatoes Pumpkin & Blueberries Organic Pureed Baby Food,5581,3936,1645,70.52499552051603
Deluxe Honey Roasted Whole Cashews,70,55,15,78.57142857142857
Organic Whole Grain Mustard,471,65,406,13.800424628450106
"Egg, Basil Pesto, & Cheese Scramble",68,29,39,42.64705882352941
Cake Batter Ice Cream,46,8,38,17.391304347826086
Cold Brew Coffee Can,985,696,289,70.65989847715736
Madagascar Vanilla Bean Gelato,15,3,12,20.0
Unblanched Almond Flour/Meal,41,5,36,12.195121951219512
Organic Cream Of Chicken Condensed Soup,1530,588,942,38.43137254901961
"Blended Juice Beverage, Mango Orange",6,2,4,33.33333333333333
California Cabernet Sauvignon Wine,68,21,47,30.88235294117647
Organic Gluten Free Linguine,219,92,127,42.00913242009132
100% Juice Peach Mango Juice,18,8,10,44.44444444444444
Daily Newspaper,7,2,5,28.57142857142857
Cook & Serve Chocolate Pudding & Pie Filling,109,38,71,34.862385321100916
Pumpkin & Apple Flavor Dog Treats,19,4,15,21.052631578947366
100% Raw Apple Ginger Juice,38,29,9,76.31578947368422
Turkey Sausage English Muffin Sandwich Tasty American Favorites,141,76,65,53.90070921985816
Popcorn with Peanut Buttery Toffee,24,12,12,50.0
Congestion Relief Extreme No-Drip Liquid Nasal Gel,4,0,4,0.0
Extra Light Tasting Organic Olive Oil,8,0,8,0.0
Compact Fluorescent Bulbs 60 Watt,4,1,3,25.0
Grooves Zesty Cheddar Ranch Crackers,209,140,69,66.98564593301435
Organic Homogenized Whole Milk,3970,3405,565,85.76826196473552
"Energy Lightly Carbonated, Blackberry Cranberry",7,2,5,28.57142857142857
Bread Machine Yeast,345,59,286,17.101449275362317
Krinkle Cut Dill Pickle Potato Chips,375,203,172,54.13333333333333
Punjabi Tikka Masala Rich Creamy Tomato Cooking Sauce,47,34,13,72.3404255319149
Cinnamon Bun Cookies,8,2,6,25.0
Small Trash Bags,39,10,29,25.64102564102564
Delice De Bourgogne Soft Ripened Cheese,7,1,6,14.285714285714285
Sweet Cream Butter,52,21,31,40.38461538461539
"Super C, 1000 mg, Tablets",33,8,25,24.242424242424242
Oatmeal Raisin Cookie Gelato,43,5,38,11.627906976744185
Tofu,222,127,95,57.20720720720721
Grass-Fed Beef with Mushroom Sauce,4,0,4,0.0
Plus Cherry Menthol Drops,8,0,8,0.0
HUMMUS 10OZ  WHITE BEAN EAT WELL,191,96,95,50.26178010471204
Original White Popcorn,23,13,10,56.52173913043478
Original Reduced Fat Potato Chips,14,9,5,64.28571428571429
Cool Mint Chocolate Energy Bar,141,73,68,51.77304964539007
Kettle Korn Microwave Popcorn,151,72,79,47.682119205298015
Washing Machine Cleaner,48,3,45,6.25
Simply Venus Pink Women's Disposable Razor,215,63,152,29.30232558139535
Large Brown Free Range Eggs Grade A,2470,1778,692,71.9838056680162
Sugar Free Sliced Lemon Creme Cake,21,9,12,42.857142857142854
Dairy Free Coconut Milk Frozen Dessert Minis,675,380,295,56.2962962962963
Pain Reliever and Fever Reducer Gels,63,13,50,20.634920634920633
Organic SprouTofu Silken Tofu,2428,1401,1027,57.701812191103784
"Chili with Beans, Vegetarian",8,1,7,12.5
Sensitive Eye Cream,4,0,4,0.0
Earl Grey Tea Loose Tea Tin,18,4,14,22.22222222222222
Toasted Rice And Wheat Flakes Cereal,2,0,2,0.0
"For Dry, Damaged Hair Triple Nutrition Conditioner",21,9,12,42.857142857142854
Cage Free Real Egg Product,527,363,164,68.88045540796965
Roasted Peanut Protein Bar,157,79,78,50.318471337579616
Roasted Sesame Seaweed Snacks,3479,2301,1178,66.13969531474562
Optic White Enamel White Toothpaste Luminous Mint,31,12,19,38.70967741935484
Clary Sage & Citrus Cleaning Wipes,40,13,27,32.5
YoBaby Peach Pear Yogurt,8641,6016,2625,69.62157157736372
Butternut Squash Chunks,28,6,22,21.428571428571427
Toasted Almond Gelato,926,417,509,45.032397408207345
Restaurante Style Bite Size Nacho Tortilla Chips,9,1,8,11.11111111111111
Noni Liquid Supplement,29,18,11,62.06896551724138
"Pretzels, 100% Whole Wheat",22,12,10,54.54545454545454
Organic Tuscan Italian Dressing,10,0,10,0.0
100% Pure Eucalyptus,10,1,9,10.0
Watermelon Lip Shimmer,10,0,10,0.0
Cream Of Mushroom Soup,129,53,76,41.08527131782946
Mesquite Liquid Smoke,11,0,11,0.0
Conditioner Pomegranate + Sunflower,6,1,5,16.666666666666664
Real Greek Feta Cup,7,2,5,28.57142857142857
Chicken & Broccoli Pasta Bake,113,73,40,64.60176991150442
Original Unsweetened Dairy-Free Beverage,1222,856,366,70.04909983633388
Picante Hot Saucee,57,10,47,17.543859649122805
Caesar Supreme Salad Kit,1104,581,523,52.62681159420289
Milk Free Ricotta Cheese,41,7,34,17.073170731707318
Lunchmeat,44,11,33,25.0
White Cran-Peach Juice Drink,166,99,67,59.63855421686747
Coffee Rich Original Non-Dairy Creamer,73,36,37,49.31506849315068
Organic Red Pepper Hummus,148,66,82,44.5945945945946
Kellogg's Frosted Mini Wheats Maple Brown Sugar Cereal,85,47,38,55.294117647058826
Liquid Personal Lubricant,9,0,9,0.0
Pineapple Orange Guava Juice Cocktail,61,29,32,47.540983606557376
Cheddar Puffs,2285,1523,762,66.65207877461707
"Deli Fresh Maple Honey Ham, Bold, 97% Fat Free, Gluten Free",114,48,66,42.10526315789473
Micro Mint Dental Flossers,8,1,7,12.5
Okra,2490,1399,1091,56.184738955823285
Chocolate Cherry Chia Paleo Muffins,63,34,29,53.96825396825397
Smart Ones Tasty American Favorites Tuna Noodle Casserole,27,14,13,51.85185185185185
Anejo Tequila,110,63,47,57.27272727272727
Greener Clean Heavy Duty Scrub Sponge,53,13,40,24.528301886792452
Kentucky Whisky,7,3,4,42.857142857142854
"Vitamin D3 Gummies, 1000 IU, Great Wild Berry Taste!",109,44,65,40.36697247706422
Premium Quinoa,20,2,18,10.0
Original Glass Cleaner,1906,479,1427,25.131164742917107
Jalapeño Pumpkin Seeds,13,2,11,15.384615384615385
Organic Saffron,370,64,306,17.2972972972973
Tangerine Fruit Juice,555,349,206,62.88288288288288
Oatmeal Cereal,90,31,59,34.44444444444444
Melatonin 3 Mg Strawberry Flavored Dietary Supplment,8,0,8,0.0
Moisturizing Dandruff Shampoo,60,14,46,23.333333333333332
Renew Life Total Body 7-Day Rapid Cleanse,33,1,32,3.0303030303030303
Mini Egg Rolls Vegetable - 8 CT,89,28,61,31.46067415730337
Almond Joy Creamer,199,111,88,55.778894472361806
Homestyle Chicken Stuffing,4,0,4,0.0
"Deep Green Blends, Kale",649,313,336,48.228043143297384
Organic Tamari Almonds,117,62,55,52.991452991452995
Roll On Deodorant Crystal,18,3,15,16.666666666666664
Fig Bar,80,42,38,52.5
Soothing Baby Shampoo & Wash,9,2,7,22.22222222222222
Organic Dark Rye Flour,149,37,112,24.832214765100673
Organic Green Peas,2940,1314,1626,44.69387755102041
Idaho Potatoes,13,4,9,30.76923076923077
Sesame Seed,1968,155,1813,7.8760162601626025
Gluten-Free Supergrain Pasta Garden Pagodas,809,371,438,45.85908529048208
Set & Refresh Linen & Sky Scent Air Freshener Refill,66,23,43,34.84848484848485
SafeSound Ultra Soft Foam Earplugs,19,4,15,21.052631578947366
Nesquick Chocolate Flavor Drink Mix,198,43,155,21.71717171717172
SmartBlend Chicken & Brown Rice Entree Wet Dog Food,27,17,10,62.96296296296296
Essentials Foaming Facial Cleanser For Sensitive Skin,18,8,10,44.44444444444444
Reduced Fat Milk,9514,6463,3051,67.9314694134959
Butter Top Whole Grain Wheat Bread,198,127,71,64.14141414141415
Grape Fruit Roll,11,2,9,18.181818181818183
White Miso Soup Mix,221,117,104,52.94117647058824
Mexican Papaya,640,384,256,60.0
Original Style Spaghetti Sauce Spices & Seasonings,72,33,39,45.83333333333333
Cauliflower,6127,2380,3747,38.844458952178876
Organic Turkey Paté Canned Cat Food,118,77,41,65.2542372881356
100% Recycled 1 Ply White Napkins,243,82,161,33.744855967078195
Sea Salt Fine Crystals,4626,715,3911,15.456117596195417
Cocktail Tomatoes on the Vine,291,192,99,65.97938144329896
"Dentastix® Original, Treats for Toy/Small Dogs",45,14,31,31.11111111111111
Chipotle Peppers,261,62,199,23.754789272030653
Bag 'N Season Cooking Bag and Pot Roast Seasoning Mix,30,6,24,20.0
Silky Touch Shavers,74,23,51,31.08108108108108
Our Veteran Heroes  Adhesive Bandages,16,3,13,18.75
"Rhodiola Rosea, Standardized, Premium Extract, Vegetarian Vcaps",8,3,5,37.5
Bag of White Round Eastern Potatoes,17,3,14,17.647058823529413
"Soft Wraps, Gourmet, Multigrain, Extra Virgin Olive Oil",54,17,37,31.48148148148148
Frashmatic Air Freshener Starter Kit,12,2,10,16.666666666666664
Lime Gelatin Mix,177,18,159,10.16949152542373
Spicy Kung Pao Stir Fry Sauce,13,1,12,7.6923076923076925
Organic Pasture Raised Local Eggs,203,125,78,61.57635467980296
IncrediBites With Salmon Tomatoes Carrots & Wild Rice Dog Food,18,12,6,66.66666666666666
Vanilla and Chocolate Low Fat Ice Cream Sandwiches,1181,667,514,56.47756138865368
Sun-Dried Goji Berries,59,24,35,40.67796610169492
Soft Ripened Mini Bucheron Goat Cheese,10,2,8,20.0
"Goji Berries, Yogurt Covered",53,20,33,37.735849056603776
Vanilla Soy Creamer,4000,2997,1003,74.925
Cinnamon Cardamon And Ginger Cultured Butter,10,3,7,30.0
Organic Stage 3 Spaghetti with Cheese 6 Ounce Jar,456,236,220,51.75438596491229
Spicy Black Bean Veggie Burger,2,0,2,0.0
Fine Fragrance Love Forever™ Body Wash,6,2,4,33.33333333333333
Meatless and Soy Free Sausage Patties,239,143,96,59.83263598326359
Organic Turkey Bacon,15302,9712,5590,63.46882760423475
Latex Disposable Gloves,14,1,13,7.142857142857142
100% Recycled 1-Ply Bathroom Tissue,371,249,122,67.11590296495957
La Vodka Cooking Sauce,1215,552,663,45.4320987654321
Inversion IPA,7,2,5,28.57142857142857
Cane Sugar Cream Soda,7,3,4,42.857142857142854
Organic Red Potatoes,8550,3570,4980,41.75438596491228
Chicken Curry Salad,990,665,325,67.17171717171718
Splash Watermelon Cherry Juice,4,0,4,0.0
Plus Lotion Boxed Tissues,310,125,185,40.32258064516129
Baby Roma Tomatoes,33,8,25,24.242424242424242
Baby Dry Diapers  Size 5,77,39,38,50.649350649350644
1st Foods Peaches,103,28,75,27.184466019417474
Herb Popcorn,166,102,64,61.44578313253012
Storage Containers,5,0,5,0.0
Instant Mashed Potato,60,27,33,45.0
Line Express™ Eyeliner - Soft Black 902,5,0,5,0.0
Chocolate Energy Supplement,239,158,81,66.10878661087865
Lucky Candy Bar,8,3,5,37.5
Original Soft & Chewy Candy,129,72,57,55.81395348837209
Frizz Ease Secret Weapon Touch-up Crème,22,5,17,22.727272727272727
100% Chelated Magnesium,8,0,8,0.0
Lasagna No. 80,33,4,29,12.121212121212121
Sunflower Kernels Roasted & Salted,5,0,5,0.0
Broccoli Pancakes,752,301,451,40.02659574468085
Organic Light In Sodium Creamy Garden Broccoli Soup,196,90,106,45.91836734693878
Color Treated Herbal Essences Color Me Happy Hair Conditioner for Color-Treated Hair 23.7 Fl Oz Female Hair Care,53,12,41,22.641509433962266
Chana Saag With Cumin Rice,55,20,35,36.36363636363637
Chicken Gravy,47,15,32,31.914893617021278
Extra Strength Hair Skin and Nails,5,0,5,0.0
"Freshmatic Automatic Ultra Spray Refill, Lavender & Chamomile",48,18,30,37.5
Children's Silly Strawberry Fluoride Free Toothpaste,785,261,524,33.2484076433121
Deil Style Kosher Dill Relish,25,5,20,20.0
Strawberry Yogurt Melts,508,293,215,57.677165354330704
All Natural Homogenized Vitamin D Milk,270,211,59,78.14814814814814
Country Bread,172,122,50,70.93023255813954
Taro Puffs,63,13,50,20.634920634920633
Ultra Soft & Strong 2-Ply Facial Tissues,38,15,23,39.473684210526315
Gluten Free Multi Seed Rice Thin Crackers,2872,1614,1258,56.19777158774373
Get Clean Cleansing Teas,19,1,18,5.263157894736842
Organic Vegi-D Zing Salad Salt Free,9,2,7,22.22222222222222
Multi Cat Unscented Scoopable Cat Litter,52,30,22,57.692307692307686
Organic Tofu Veggie Burger,128,88,40,68.75
Every Man's One Daily Tablet,13,0,13,0.0
Organic Tangellos,746,289,457,38.73994638069705
White Corn Chips Tortilla Chips,129,73,56,56.58914728682171
Cinnamon & Spice Instant Oatmeal,1879,1093,786,58.16923895689197
Kit's Organic Cashew Fruit & Nut Bar,365,225,140,61.64383561643836
Organic & Fair Trade Certified Camomile with Mint & Lemon,31,6,25,19.35483870967742
Real Bread,276,220,56,79.71014492753623
Soothing Aloe Vera Liquid Hand Soap Refill,190,47,143,24.736842105263158
Italian Pasta Sauce Puttanesca Tomato & Sliced Olives,284,155,129,54.5774647887324
Pineapple Gold Organic,62,25,37,40.32258064516129
Gluten Free Mushroom Risotto Bowl,3285,1722,1563,52.42009132420091
Sugar Free Black Currant Lozenges,52,21,31,40.38461538461539
White Whole Wheat Flour,9,2,7,22.22222222222222
Mach 3 Turbo Refill Cartridges,81,19,62,23.456790123456788
Tamari Peanut Asian Dressing,12,2,10,16.666666666666664
Light Deluxe French Salad Dressing,5,0,5,0.0
Minis Fudge Dipped Pretzels,37,13,24,35.13513513513514
10 Tostada Shells,21,4,17,19.047619047619047
Dark Chocolate Cinnamon Pecan Bar,1198,690,508,57.595993322203675
Original Turkey Jerky,1219,731,488,59.96718621821165
Ester-C Plus 500 Mg Vegicaps,15,1,14,6.666666666666667
Fresh Care* Flushable Cleansing Cloths Refill,524,236,288,45.038167938931295
Mandarin Orange Sparkling Water,177,98,79,55.367231638418076
Cashew Almond Breakfast Bar,19,1,18,5.263157894736842
Original Ranch Salad Dressing,893,225,668,25.195968645016798
Dr. Ohhira's Probiotics Original Formula,35,17,18,48.57142857142857
Lowfat Kefir Peach,75,43,32,57.333333333333336
Original Buttery Spread,1335,626,709,46.89138576779026
Organic Greek Blueberry Whole Milk,142,79,63,55.633802816901415
Balsamic Capers,84,16,68,19.047619047619047
Soft Ripened Cheese Log Brie,40,12,28,30.0
Original Chik Patties,144,68,76,47.22222222222222
Vintner's Reserve Zinfandel 2012,64,49,15,76.5625
Strawberry Banana Gelatin Dessert,13,3,10,23.076923076923077
Popped Corn Chips Kettle,419,256,163,61.09785202863962
Omeprazole,43,19,24,44.18604651162791
Black Pearls Medium Pitted Ripe Olives,527,266,261,50.47438330170778
Intense Fresh Laundry Detergent,10,3,7,30.0
Sandwich Potato Bread,886,513,373,57.90067720090294
Traditional Kettle Style Tofu,122,85,37,69.67213114754098
Sea Salt Popcorn,632,402,230,63.60759493670886
Plus Soft Toothbrush,141,40,101,28.368794326241137
Rice Candy,11,7,4,63.63636363636363
Medium Salsa Con Queso,867,244,623,28.143021914648216
Alpo Prime Cuts Stew with Beef & Vegetables in Gravy Dog Food,10,5,5,50.0
Pizzeria-Style Crust Supreme Speciale Pizza,321,138,183,42.99065420560748
Spicy Harissa Sauce,550,86,464,15.636363636363637
Grapefruit Contour Soda,32,21,11,65.625
Reduced Sugar Tomato Ketchup,683,360,323,52.7086383601757
Gluten Free Multi Purpose Flour Blend,21,4,17,19.047619047619047
Ultra Strength Antacid/Dietary Supplement Chewable Assorted Fruit Tablets,54,13,41,24.074074074074073
Yellow Cling Diced Peaches in 100% Fruit Juice,57,25,32,43.859649122807014
100% Pure Texas Cedarwood Essential Oil,22,2,20,9.090909090909092
Caramel Flavored Topping,166,25,141,15.060240963855422
ProActive Health Large Breed Adult Dog Food,54,31,23,57.407407407407405
Unsalted Chicken Stock,1373,540,833,39.32993445010925
"Black & Green Tea, Organic, Chai, Bags",10,1,9,10.0
Heavy Cream,4927,2678,2249,54.35356200527705
Organic Nighty Night Valerian Herbal Tea,270,114,156,42.22222222222222
Free and Gentle High Efficiency Liquid Laundry Detergent,2358,1136,1222,48.17642069550466
Frankincense Myrrh Zum Mist,7,0,7,0.0
Total Plain Greek Strained Yogurt,5095,3081,2014,60.471050049067706
Pecan Praline Ice Cream,5,2,3,40.0
"Organic Qi'a Superfood Oatmeal, Cinnamon Pumpkin Seed",118,36,82,30.508474576271187
Homestyle Fruit & Nut Granola,52,27,25,51.92307692307693
Chianti Riserva Wine,16,10,6,62.5
"Ground Cinnamon, 100% Organic",11,0,11,0.0
"Cloves, Whole, 100% Organic",19,0,19,0.0
"Nuts & Spices, Dark Chocolate Mocha Almond",1181,766,415,64.86028789161728
"Cranberry Sauce, Whole Berry",20,4,16,20.0
Pro-V Classic Clean Daily Conditioner,16,1,15,6.25
Natural Gluten-Free Beef Corn Dogs,439,197,242,44.874715261959
G Series Lemon-Lime Sports Drink,3,0,3,0.0
Chocolate Silk Peanut Butter Spread To Go,5,0,5,0.0
Rich & Creamy Cold Brew Coffee Milk & Sugar,64,31,33,48.4375
Organic SprouTofu Teriyaki Tofu Cutlets,3720,2497,1223,67.1236559139785
4 Oz. Kellogg's Special K Cracker Chips Southwest Ranch,7,5,2,71.42857142857143
Honey & Oat Blenders,32,26,6,81.25
Advanced Healing Blister for Finger & Toes Super Premium,26,3,23,11.538461538461538
Acetaminophen Extra Strength Caplets,16,5,11,31.25
Organic Chicken Stock,10521,4892,5629,46.49748122802015
97% Fat Free Beef Franks,1262,610,652,48.335974643423135
Blueberry Muffin Fruit and Nut Bar,640,408,232,63.74999999999999
Glazed Cake Doughnut Holes,10,1,9,10.0
Lactose & Soy Free Cheddar Shreds,15,2,13,13.333333333333334
Crema Supremo,21,7,14,33.33333333333333
"Pinot Noir, California 2010",26,13,13,50.0
Lubricant Eye Drops,78,19,59,24.358974358974358
Ritz Bacon Crackers,22,12,10,54.54545454545454
Ultra Hydrating Coconut Lime Body Lotion,26,3,23,11.538461538461538
Dubliner 100% Natural Cheese Reduced Fat,187,103,84,55.080213903743314
Head To Toe Baby Wash,116,31,85,26.72413793103448
"Rice Vegan Slices, Cheddar Flavor",47,23,24,48.93617021276596
Grade A Large White Eggs,12441,7917,4524,63.63636363636363
Mixed Berry Bites,17,2,15,11.76470588235294
Piquillo Roasted Peppers,7,1,6,14.285714285714285
Organic Reduced Fat 2% Milk,47839,38544,9295,80.57024603357094
Fruit Punch Super Drink,32,16,16,50.0
Age Defying Olay Age Defying Body Wash With Vitamin E,125,49,76,39.2
Jumbo Restaurant Style Beef Franks,125,51,74,40.8
Apple Cinnamon Solid Air Freshener,16,4,12,25.0
"Sugar Free Chocolate Flavored Sundae Syrup, No Mess Cap!",13,3,10,23.076923076923077
"Cabbage, Napa, Table Cut",445,182,263,40.89887640449438
Gluten Free Chocolate Chip Cookie Dough,182,77,105,42.30769230769231
Rehab Tea + Lemonade + Energy,298,242,56,81.20805369127517
House Blend Deep Roast Ground Coffee,3772,2400,1372,63.62672322375398
Light Classic Lime Margarita Mix,26,16,10,61.53846153846154
Low Sodium Stuffing Mix for Chicken,74,10,64,13.513513513513514
Easy Ups Boys' Training Pants Size 4T/5T,37,19,18,51.35135135135135
Pick-A-Size Giant Roll Paper Towels,241,95,146,39.41908713692946
Mint Chocolate Gelato,34,5,29,14.705882352941178
Natural Mango Essenced Sparkling Water,18,4,14,22.22222222222222
"Turkey, Pepperoni & Cheese Ready to Eat Meal Kit",67,40,27,59.70149253731343
Stems & Pieces Mushrooms,127,88,39,69.29133858267717
Fresh Tilapia Fillets,364,176,188,48.35164835164835
Organic Chicken Flavor Dog Cookies,109,55,54,50.45871559633027
Stage 2 Chicken Casserole with Vegetables & Rice Organic Baby Food,542,357,185,65.86715867158671
Premium Chow Mein Teriyaki Beef Flavor,92,53,39,57.608695652173914
Original Baby Powder,79,12,67,15.18987341772152
Turkey Pastrami,900,604,296,67.11111111111111
"Cheese, Soft Ripened, Camembert",65,23,42,35.38461538461539
"Chianti Classico, 2006",4,0,4,0.0
Grunge Buster Grout And Tile Brush,21,0,21,0.0
Natural Calm Magnesium Supplement,300,90,210,30.0
Clean Day Dish Soap Iowa Pine,45,5,40,11.11111111111111
Chunky Jammin' Jerk Chicken with Rice & Beans Soup,13,3,10,23.076923076923077
Oil-Free Eye Makeup Remover Liquid,7,0,7,0.0
Fresa Strawberry Premium Ice Cream Bars,15,5,10,33.33333333333333
Maifun Rice Sticks,183,50,133,27.322404371584703
White Onion,16155,8891,7264,55.035592695759824
Baby Carrots,2649,1407,1242,53.11438278595696
"Black Tea, Organic, Masala Chai, Bags",61,26,35,42.62295081967213
Asian Noodles Teriyaki,103,33,70,32.038834951456316
Chicken with Rice Soup Bowl,102,50,52,49.01960784313725
Tiramisu Torte,20,4,16,20.0
Mexican Lime & Cilantro Diced Tomatoes,170,72,98,42.35294117647059
Organic Celery,2115,883,1232,41.74940898345154
Organic Mint Confetti Ice Cream,568,314,254,55.28169014084507
Sweet White Corn,49,10,39,20.408163265306122
Powder Fresh Roll-On Antiperspirant Deodorant,32,11,21,34.375
Totally Twisted Curl Scrunching Gel,22,10,12,45.45454545454545
Thick Cut Sea Salt Potato Chips,7,3,4,42.857142857142854
Genuine Cookies 'n Creme Non Dairy Protein Shake,48,32,16,66.66666666666666
Large Tall Kitchen Bags,23,1,22,4.3478260869565215
"Conditioner, Fortifying, Sleek & Shine, Frizzy, Dry Unmanageable Hair",4,0,4,0.0
Light Balsamic Vinaigrette W/ Extra Virgin Olive Oil Dressing,119,20,99,16.80672268907563
Italian Style Roast Beef,84,33,51,39.285714285714285
Arctic D Cod Liver Oil Lemon,13,3,10,23.076923076923077
Collard Mustard Turnip Greens Southern Blend,15,2,13,13.333333333333334
"Turmeric, Non-GMO Vegetarian Capsules",9,2,7,22.22222222222222
Honey Chipotle Beef Jerky,33,13,20,39.39393939393939
Purely Coconut Lip Balm,33,3,30,9.090909090909092
Dark Velvet Organic Chocolate,176,97,79,55.11363636363637
Hazelnut Dairy Free Almond Milk Creamer,7,3,4,42.857142857142854
Cold 'n Cough 4 Kids Night Time Syrup,138,27,111,19.565217391304348
Lime Ice Cubes,98,69,29,70.40816326530613
Lighty Salted Potato Chips,318,211,107,66.35220125786164
Cashew Coconut Bar,28,15,13,53.57142857142857
Ultra Sensitive Hydra Gel,23,1,22,4.3478260869565215
"Nice 'n Easy Root Touch-Up Kit, 004 Dark Brown",71,42,29,59.154929577464785
Fit Cool Mint Chip Frozen Desserts,17,8,9,47.05882352941176
Power Unscented Antiperspirant Deodorant,16,0,16,0.0
Kettle Cooked Mesquite BBQ Potato Chips,22,8,14,36.36363636363637
Organic Lollipops,15,5,10,33.33333333333333
Ho Hos Cakes,246,106,140,43.08943089430895
Diced Red Onion,87,44,43,50.57471264367817
Whole American Red Snapper,263,96,167,36.50190114068441
Dish Soap Lime Zest,279,104,175,37.27598566308244
Pickles Kosher Dills,447,222,225,49.664429530201346
Three Sisters Chili,416,178,238,42.78846153846153
Dishmate Ultra Grapefruit Dishwashing Liquid,785,299,486,38.089171974522294
Sweet Chili Pistachios,104,69,35,66.34615384615384
Smoked Polish Sausage,63,13,50,20.634920634920633
Re:Find Rye Whiskey,35,4,31,11.428571428571429
Cheesy Taco Seasoning Mix,22,14,8,63.63636363636363
Organic Green Apple Greens Juice Blend,22,11,11,50.0
Classic Cheddar Popcorn,128,83,45,64.84375
Bianco Organic Whole Peeled Tomatos,165,54,111,32.72727272727273
Gluten Free Popped Apple Cinnamon Rice Crisps,125,47,78,37.6
Russian River Valley Reserve Pinot Noir,30,27,3,90.0
Unsweetened Carob Chips,111,50,61,45.04504504504504
Orange & Spice Herbal Tea,57,14,43,24.561403508771928
Organic Montebello Penne Rigate Italian Pasta,9,1,8,11.11111111111111
Triple Zero Greek Salted Caramel Nonfat Yogurt,11,3,8,27.27272727272727
Old Fashioned Crunchy Peanut Butter With No Salt Added,13,3,10,23.076923076923077
Nourishing Lavender Shampoo,50,3,47,6.0
Roasted Garlic & Gruyere Cheese Smoked Chicken Sausage,281,121,160,43.06049822064057
Organic Lemon,87746,60536,27210,68.99003943199689
Organic Rose Maqui & Cocao Bar,44,23,21,52.27272727272727
Organic Ground Cardamom,799,52,747,6.508135168961202
Almond Dairy-Free Yogurt Alternative Strawberry,14,4,10,28.57142857142857
White Balsamic Vinegar Light & Crisp,11,0,11,0.0
Brown N Serve Hot & Spicy Sausage Links,3,1,2,33.33333333333333
Viola! Family Size Alfredo Chicken,60,18,42,30.0
Organic Strawberry Lemonade,2565,1451,1114,56.56920077972709
Royal Gala Apples,2845,1980,865,69.59578207381371
Nourish Shampoo,12,2,10,16.666666666666664
Cinnamon Toast Organic Rice Cakes,1512,680,832,44.97354497354497
Nut Goodie Bag,6,1,5,16.666666666666664
Farmstand Strawberry Banana Juice,21,8,13,38.095238095238095
Crunchy Tuna Flavor Cat Treats,40,12,28,30.0
Kind Organics Plant Calcium,24,6,18,25.0
Santa Fe Enchilada,164,87,77,53.04878048780488
LLF QUINOA BURGER,31,11,20,35.483870967741936
Probiotic Gummies,3,1,2,33.33333333333333
Natural Whole Steamed French Ardeche Chestnuts,2,0,2,0.0
White Asparagus,137,36,101,26.277372262773724
Tropical Flavor Dairy-Free Probiotic Kefir,148,59,89,39.86486486486486
Baby Dry Diapers Size 3,73,23,50,31.506849315068493
Organic 100% Durum Semolina Rigatoni,29,7,22,24.137931034482758
Organic Kalamata Olive Spread,313,83,230,26.517571884984026
Fresh Cut Sliced New Potatoes,47,21,26,44.680851063829785
Sea Salt Butter,6,4,2,66.66666666666666
"Rice Crackers, Original",690,451,239,65.36231884057972
Whoppers Robin Eggs,38,10,28,26.31578947368421
Water Limonatas,30,7,23,23.333333333333332
The People's Daily Green Tea Bags,41,7,34,17.073170731707318
Oregon Marion Blackberry Preserves,12,2,10,16.666666666666664
Apple Cinnamon Fig Bar,550,334,216,60.72727272727273
Security Ultra Thin Regular Pads,38,5,33,13.157894736842104
Lemon Verbena Hand Wash,87,35,52,40.229885057471265
Vegetable Broth 100% Fat Free,290,82,208,28.27586206896552
Hand Soap Lavender & Coconut,1275,441,834,34.588235294117645
Organic Tarragon,2551,682,1869,26.734613876911016
Lite Coconut Milk,723,210,513,29.045643153526974
Organic Grapefruit Honey Lightly Sweetened Iced Green Tea,253,159,94,62.845849802371546
Romano Cheese Wedge,70,9,61,12.857142857142856
Fruitwood Smoked Uncured Bacon,71,45,26,63.38028169014085
Craveables Supreme Pizza,440,268,172,60.909090909090914
Single Serve Cheese Pizza,2498,1698,800,67.97437950360288
"Juice, Pineapple Coconut",88,37,51,42.04545454545455
Instant Espresso Powder,9,1,8,11.11111111111111
"Deodorant, Liquid Rock, Sport, Tube",7,0,7,0.0
"Honest Face, Hand, & Baby Wipes",2907,1907,1000,65.60027519779842
Traditional Favorites Four Cheese Pasta Sauce,1255,585,670,46.613545816733065
Pearls Elite Extra Strength Probiotics Dietary Supplement,10,3,7,30.0
Fruit & Nut Granola Cereal,15,7,8,46.666666666666664
Gluten Free Penne,23,10,13,43.47826086956522
High Protein Smoothie Banana Peanut Butter,23,5,18,21.73913043478261
Grillers Original Burgers,491,270,221,54.989816700610994
Baby Florets Broccoli,31,14,17,45.16129032258064
Pieces Peppermint - 16 CT,212,82,130,38.67924528301887
Organic Sparkling Pomegranate Energy Water,8,4,4,50.0
All Natural Extra Fancy Pine Nuts,128,36,92,28.125
Wild Caught Frozen Sockeye Salmon Fillet,2941,764,2177,25.97755865351921
153; Double Chocolate Brownie Bites 5.3 Oz,44,14,30,31.818181818181817
Blood Orange Cocktail Mixer,5,0,5,0.0
Milk Chocolate Truffle Brûlée,2,0,2,0.0
Pact Cranberry Cherry Blueberry,10,0,10,0.0
Savory Salmon,491,345,146,70.26476578411406
Light Sodium Brown Rice and Vegetable Bowl,477,203,274,42.55765199161425
Homestyle Chicken Noodle Family Size R&W Condensed Soup,5,0,5,0.0
G2 Low Calorie Fruit Punch Drink,461,278,183,60.30368763557483
Extra Dry Gin,23,7,16,30.434782608695656
Himalayan Pink Sea Salt Organic Brown Rice Chips,119,80,39,67.22689075630252
Cashew Milk Cappuccino Non-Dairy Frozen Dessert,139,37,102,26.618705035971225
Sweet Pepper Harissa Organic Spread,14,1,13,7.142857142857142
Glass Mixing Bowl,3,0,3,0.0
"Hot Pocket  Applewood Bacon, Egg and Low Fat Cheese Breakfast Sandwich",340,175,165,51.470588235294116
Whole Green Beans Steam in Bag,5,0,5,0.0
Mexicane Cola,44,23,21,52.27272727272727
Bagel,29,12,17,41.37931034482759
Living Butter Lettuce,263,119,144,45.247148288973385
Cajun Style Chicken Alfredo,7,2,5,28.57142857142857
"Zin, Old Vine, Lodi, 2008",10,2,8,20.0
Tequila 100% De Agave Anejo,33,12,21,36.36363636363637
Naturals Balsamic Vinaigrette,442,126,316,28.50678733031674
Non-Dairy Sea Salt Caramel Gelato,5,0,5,0.0
Naturals Roast Beef,282,140,142,49.645390070921984
Rainbow Chard,94,23,71,24.46808510638298
Four Cheese Thin Crust Pizza,6066,3772,2294,62.18265743488296
Herbal Corn Popcorn,104,76,28,73.07692307692307
Sliced Black Olives To Go,82,36,46,43.90243902439025
Teriyaki Chicken,358,115,243,32.122905027932966
Green Lentil Rotini With Garlic Herb Sauce,67,14,53,20.8955223880597
Super Premium White Paper #4 Size Cone Coffee Filters,51,20,31,39.21568627450981
Barolo Salami,238,96,142,40.33613445378151
Organic Chicken Meatballs,162,76,86,46.913580246913575
Five Cheese Garlic Toast,88,43,45,48.86363636363637
Crushed Tomatoes in Rich Puree,95,29,66,30.526315789473685
Black Bean Tortilla Chips,916,420,496,45.851528384279476
Whole Grain White Bread,1087,689,398,63.38546458141674
Salt & Pepper Pistachios,1048,640,408,61.06870229007634
Whole Golden Zahidi Dates,7,2,5,28.57142857142857
Spicy Avocado Hummus,3373,1662,1711,49.27364364067596
Organic Montebello Whole Wheat Spaghetti Italian Pasta,161,64,97,39.75155279503105
Thai Red Curry Spicy Simmer Sauce,3,0,3,0.0
Veggie Lover's Salad Blend,1247,657,590,52.68644747393745
Rinse Sinus Care Set,9,0,9,0.0
Decorating Green Cake Icing,21,0,21,0.0
100% Organic Ground Fennel,4,0,4,0.0
Olive & Avocado Hair Masque,85,44,41,51.76470588235295
Honeysuckle Rose Long Lasting Deodorant,44,8,36,18.181818181818183
Hot Insanity Sauce,33,12,21,36.36363636363637
Unsalted Whipped Butter,233,118,115,50.64377682403433
Clam Juice,147,21,126,14.285714285714285
Red Bell Peppers,1920,1158,762,60.3125
Oil Basic Cleansing Facial Cleanser,7,0,7,0.0
Mandarins,271,96,175,35.42435424354243
Early To Rise Shower Gel Wild Mint & Citrus,4,0,4,0.0
Sliced Tamed Jalapeno Peppers,1615,746,869,46.191950464396285
"Mustache & Beard Brush-In Color Gel, Medium Dark Brown M-40",6,1,5,16.666666666666664
Bok Choy,6165,2602,3563,42.20600162206002
Revitalizing Oil Furniture Spray,36,5,31,13.88888888888889
Dishwashing Liquid Original Scent,133,53,80,39.849624060150376
Traditional Refried Beans,4925,2626,2299,53.319796954314725
Asiago Pressato,182,34,148,18.681318681318682
Salsa de Tomate Con Jalepeno,49,12,37,24.489795918367346
Cranberry with Calcium Juice Cocktail,40,30,10,75.0
Fructis Style Sleek & Shine Anti-Humidity Aerosol Hairspray,54,19,35,35.18518518518518
"Semi-Soft Cheese, Ripened",106,55,51,51.886792452830186
Organic Baby Romaine,2797,1664,1133,59.49231319270647
Morning Vanilla Almond Oat Crunch,120,67,53,55.833333333333336
Sweet & Sour Sauce with Pineapple,8,1,7,12.5
Berry Valley Blueberries,786,295,491,37.531806615776084
Mango Protein Plus Shake,64,27,37,42.1875
Draft Root Beer,93,35,58,37.634408602150536
Good Buddy Meaty Center Bone,201,100,101,49.75124378109453
Original Pepperoni & Sausage Pizza,317,171,146,53.94321766561514
Organic Apples,553,298,255,53.8878842676311
Natural Delights Pitted Medjool Dates,65,27,38,41.53846153846154
Liquid Hand Soap With Aloe,10,1,9,10.0
2 In 1 Thickening Shampoo & Conditioner,23,3,20,13.043478260869565
Original Mindful Mayo Dressing & Sandwich Spread,56,16,40,28.57142857142857
Organic Sun Dried Dates,212,78,134,36.79245283018868
Sweet Potato Carrot and Mango,26,5,21,19.230769230769234
Milk Chocolate Sea Salt Caramels,1055,539,516,51.09004739336493
"Sausage, Egg, & Cheese Croissant",642,316,326,49.22118380062305
Black Label Real Bacon Pieces,33,10,23,30.303030303030305
Sea Salt Lentil Crackers,147,45,102,30.612244897959183
Calming Tea Tree & Sea Buckthorn Shampoo,4,0,4,0.0
Organic Crushed Red Pepper,1441,118,1323,8.188757807078417
Baby And Me 2 Tablets,22,9,13,40.909090909090914
Shredded Sharp Cheddar,240,136,104,56.666666666666664
Watermelon Lime Sparkling Mountain Spring Water,407,253,154,62.16216216216216
InstaCool Peppermint Chewable Tablets Upset Stomach Reliever/Anti-Diarrheal,3,0,3,0.0
Spring Roll Wrappers,274,65,209,23.722627737226276
Dark Chocolate Chunk Cookies,128,62,66,48.4375
Organic Berry Medley,31,7,24,22.58064516129032
Organic Matcha Cooking Grade,4,1,3,25.0
Damage Therapy Intensive Repair Shampoo,14,1,13,7.142857142857142
Original Large Dentastix Oral Care Dog Treats,85,56,29,65.88235294117646
Ultra Half & Half,233,84,149,36.05150214592275
Hawaiian Cocktail Exfoliating Lava Flow Body Wash,9,0,9,0.0
Graduates Lil' Entrees Cheese Ravioli In Tomato Sauce With Mixed Vegetables,71,33,38,46.478873239436616
Italian Peeled Tomatoes With Basil,17,4,13,23.52941176470588
Vegan Smores,31,9,22,29.03225806451613
Cinnamon French Toast Sticks,446,277,169,62.10762331838565
Neti Pot,10,1,9,10.0
Sheer Blonde Dark Shade Shampoo,6,0,6,0.0
Chromium Picolinate - 500mcg,7,2,5,28.57142857142857
Fruit Gushers Hawaiian Punch Fruit Flavored Snacks,11,6,5,54.54545454545454
Oatmeal Stout Beer,16,6,10,37.5
No More Tangles Leave-in Conditioner,30,7,23,23.333333333333332
Blueberry Vanilla Polar Puffs Cereal,74,24,50,32.432432432432435
Island Fruits,11,3,8,27.27272727272727
Kick Ass Sinus Drops,7,0,7,0.0
Boneless Skinless Chicken Breast,22590,14998,7592,66.39220894200973
100% Vegetable Juice,497,259,238,52.112676056338024
Mixed Vegetables & Chicken Dinner,10,4,6,40.0
Wild Berry Organic Sparkling Energy Drink,8,1,7,12.5
Organic Whole Wheat Fillo Dough,69,26,43,37.68115942028986
Flamin' Hot Cheese Flavored Puffs,14,6,8,42.857142857142854
Eggo Chocolate Chip Waffles,3268,2261,1007,69.18604651162791
Mini Apple Pie Pre Priced $3.99,30,15,15,50.0
Refried Pinto Beans,47,27,20,57.446808510638306
"Tomato, Garlic & Onion Pasta Sauce",58,32,26,55.172413793103445
Living Basil,13,3,10,23.076923076923077
Certified Gluten-Free Oats Natural Oatmeal Packets - 8 CT,295,188,107,63.72881355932203
Cabernet Sauvignon Sonoma County,168,69,99,41.07142857142857
Ground Brazil Minas Naturais Medium Roast Coffee,17,6,11,35.294117647058826
Turkey Salami Slices,5,1,4,20.0
Wax Paper,815,83,732,10.184049079754601
Multigrain Penne Rigate,1,0,1,0.0
"Pregnancy Test, Test & Confirm",4,0,4,0.0
"Happy Tot Greek Yogurt Pomegranate, Apple & Beet Organic Superfoods",24,11,13,45.83333333333333
Plastic Cups,81,20,61,24.691358024691358
Mini Moo's Real Cream Half & Half,581,434,147,74.69879518072288
Grilled Chicken Quesadilla with Guacamole,30,7,23,23.333333333333332
"Black Pepper, Fine Grind",17,5,12,29.411764705882355
Maple Pumpkin Seeds with Sea Salt Chewy with a Crunch Granola Bars,3918,2409,1509,61.4854517611026
Sesame Ginger Teriyaki Sauce,41,9,32,21.951219512195124
Pomegranate Sunflower Body Wash,18,1,17,5.555555555555555
Chunky Sausage & Pepper Rigatoni Soup,11,2,9,18.181818181818183
Vanilla Yogurt Rasins,396,192,204,48.484848484848484
Mixed Fruit,357,157,200,43.977591036414566
Lipton Diet Citrus Iced Green Tea,223,142,81,63.67713004484305
Quantum Power Gel Dishwasher Detergent,75,36,39,48.0
"Traditional Crust Supreme (Sausage, Pepperoni, Green Peppers, Red Peppers, Onions) Pizza",90,24,66,26.666666666666668
Jumbos Buttermilk Biscuits,5,2,3,40.0
Multipurpose Pan with Lid,11,5,6,45.45454545454545
Organic High Protein Blueberry Harvest Granola,89,60,29,67.41573033707866
Chocolate Almond Crunch Ice Cream,239,72,167,30.125523012552303
Artisan Ginger Molasses Cookie Ice Cream,18,9,9,50.0
Vanilla Rice Ice Cream,23,5,18,21.73913043478261
Dark Blue Pitcher,7,0,7,0.0
Chopped Chicken Meaty Ground Dinner Wet Dog Food,61,45,16,73.77049180327869
Bleach,446,278,168,62.33183856502242
Fresh Goat Cheese,1726,907,819,52.549246813441485
Berry Grape Liquid Water Enhancer,56,28,28,50.0
Super Chunk Extra Crunchy Natural Peanut Butter Spread,350,176,174,50.28571428571429
Organic Dark Cacao Raw Coconut Water,22,4,18,18.181818181818183
Oatmeal Squares Hint Of Brown Sugar Cereal,159,88,71,55.34591194968554
Parmesan Herb Encrusted Frozen Chicken Strips,30,3,27,10.0
Roma Tomatoes,33,10,23,30.303030303030305
Sandwich Spread,58,13,45,22.413793103448278
"Yogurt, Greek, Traditional, Honey Flavored",127,73,54,57.48031496062992
Long Ultimate Absorbency,50,37,13,74.0
Plant Based Mango Cashew Lucuma Paleo Print Cookie,11,4,7,36.36363636363637
Organic Iced Cafe Mocha Nutritional Shake,207,141,66,68.11594202898551
Keurig Nantucket Blend Medium Roast Coffee K Cups,120,74,46,61.66666666666667
Healthy Smile Ridges Small/Medium Dental Dog Snacks,20,7,13,35.0
Farfalle No. 93,3279,1503,1776,45.83714547118024
Organic Smokey Chipotle Crunchy Kale,22,5,17,22.727272727272727
Mixed Fruit Bites,27,12,15,44.44444444444444
Whole Milk Plain Yogurt,15267,11012,4255,72.12942948843911
Junmai Sake,204,104,100,50.98039215686274
Philadelphia Garden Vegetable Light Cream Cheese,234,128,106,54.700854700854705
Gourmet Jelly Beans 30 Flavors,281,134,147,47.686832740213525
Honey Nut Os,61,25,36,40.98360655737705
New Orleans Style Yellow Rice,180,88,92,48.888888888888886
Maifun Brown Rice Noodles,614,178,436,28.990228013029316
Mediterranee Strawberry Yogurt,2108,1203,905,57.06831119544592
Special K Caramel Nut Flavor Protein Bites,7,2,5,28.57142857142857
"Natural Food Color Packets, Beet Red",55,1,54,1.8181818181818181
Fat Free Refried Pinto Beans,70,17,53,24.285714285714285
Heavy Plus Spray Starch,18,4,14,22.22222222222222
Hazelnut Non-Dairy Coffee Creamer,4,1,3,25.0
Maximum Strength Daytime Cough & Bronchial Syrup,4,0,4,0.0
"Plus Downy Clean Breeze Scent Liquid Laundry Detergent, 92 oz, 48 loads Laundry",13,4,9,30.76923076923077
G Series Perform Low Calorie Fruit Punch Sports Drink,377,216,161,57.294429708222815
Roasted Mole Sauce,4,0,4,0.0
Broccoli Medley,312,178,134,57.05128205128205
Organic Tomato Soup,79,19,60,24.050632911392405
Organic Raspberry Cultured Soy,37,15,22,40.54054054054054
Premium Banana Vanilla Frozen Yogurt,25,5,20,20.0
Scrub Sponge Heavy Duty,66,12,54,18.181818181818183
Gluten Free Rice Crusted Fishies,115,31,84,26.956521739130434
Lite Chunky Blue Cheese Dressing and Dip,50,13,37,26.0
Original Fresh Stack Crackers,5055,2856,2199,56.49851632047478
Golden Flaxseed,144,31,113,21.52777777777778
Christmas Peanut Butter M&Ms,7,1,6,14.285714285714285
Fresh Cut Sweet Peas,854,359,495,42.03747072599532
Lemon Tulsi Tea,173,130,43,75.14450867052022
"Ice Cream, Natural, French Vanilla",4,0,4,0.0
Aloe Vera Juice Inner Fillet Dietary Supplement,11,2,9,18.181818181818183
Cream Of Tartar,908,66,842,7.268722466960352
Veggie Egg White English Muffin,35,24,11,68.57142857142857
Merlot,1477,967,510,65.47054840893703
Corn Oil,131,35,96,26.717557251908396
Original Restaurant Style Party Size Tortilla Chips,904,392,512,43.36283185840708
Whole Bean Coffee French Roast,12,2,10,16.666666666666664
Low Sodium Beef Broth,3539,916,2623,25.88301780163888
Roasted Garlic Family Size Hummus,847,344,503,40.61393152302244
Apple Berry Twist Dishwashing Liquid,68,31,37,45.588235294117645
Tomato & Basil Pizza Veggie Burgers,103,43,60,41.74757281553398
Catfish Fillets,8,4,4,50.0
Zero Root Beer,478,324,154,67.78242677824268
Toaster Strudel S'mores Limited Edition Toaster Pastries,6,2,4,33.33333333333333
Pieces & Srems Mushrooms,48,8,40,16.666666666666664
Turtle Trails Soymilk Frozen Dessert,17,3,14,17.647058823529413
California Diced Pears Bartlett Pears in Light Syrup,123,58,65,47.15447154471545
98% fatfree smart classics roasted Tri-Cut Potatoes with sea salt,226,105,121,46.46017699115044
Cilantro Green Olive Salsa with Charred Tomatilla,30,6,24,20.0
All Natural Curry Powder,54,3,51,5.555555555555555
ForceFlex Odor Shield Tall Kitchen Drawstring Bags Febreze Fresh Clean Scent Mega Pack,73,17,56,23.28767123287671
Original String Cheese,1536,888,648,57.8125
Bold & Crispy Garlic and Black Pepper Steakhouse Fries,22,1,21,4.545454545454546
Berlin Style Sauerkraut,40,15,25,37.5
Vegetarian Soup Mix,19,5,14,26.31578947368421
Soap Dispensing Dish Brush - Black,24,2,22,8.333333333333332
Tea Tree Essential Oil,183,31,152,16.939890710382514
Snickerdoodle Cookie Mix,39,5,34,12.82051282051282
Small Square Containers & Lids,243,53,190,21.810699588477366
Balance Lubricant Eye Drops,11,5,6,45.45454545454545
Swiss Chunk Cheese,103,58,45,56.310679611650485
Light Thousand Island Dressing,7,0,7,0.0
Baked Whole Grain Wheat Cracked Pepper & Olive Oil Crackers,1715,915,800,53.352769679300295
Green Apple Sparkling Soda,28,4,24,14.285714285714285
Punjabi Style Butter Chicken Cooking Sauce,7,0,7,0.0
Artichoke Truffle Sauce,2,0,2,0.0
Simple Styles™ Spin Pins 2ct - Assorted Colors,7,1,6,14.285714285714285
Crunchy Butterfly Shrimp,15,5,10,33.33333333333333
Honey Pure Wildflower,17,5,12,29.411764705882355
Pitted Castelvetrano Olives,526,270,256,51.33079847908745
Corn Flakes Crumbs,180,74,106,41.11111111111111
Coconut Cashew Snack Bar,29,10,19,34.48275862068966
Splash Tropical Blend,9,4,5,44.44444444444444
Dijon Mustard Squeeze Bottle,1831,477,1354,26.051338066630258
Apple Pie,638,218,420,34.1692789968652
Berries & Cherries Paleo Granola,168,87,81,51.78571428571429
Fit Popcorn Extra Virgin Olive Oil,3,0,3,0.0
Classic Dark Chocolate Fudge Deliciously Moist Cake Mix,33,4,29,12.121212121212121
Natural Artesian Bottled Water,4855,3799,1056,78.24922760041194
Wide Mouth Lids,4,0,4,0.0
Clementines,30843,23430,7413,75.9653730181889
Sharpened No. 2 Pencils,32,3,29,9.375
Black Chilli Beans With Onion Garlic & Chilli Spices,18,7,11,38.88888888888889
Raisin Bran Cereal,15415,9389,6026,60.90820629257217
Organic Apple & Butternut Squash Baby Food,1913,993,920,51.90799790904339
Meat Snacks Sriracha Beef Jerky,8,4,4,50.0
Whipped Shea Butter For Lips With Raspberry Seed,13,2,11,15.384615384615385
Tostada Shells,52,22,30,42.30769230769231
Vegetable Classics Tomato Rotini Soup,96,45,51,46.875
Organic Fancy Shredded Mozzarella Cheese,4819,2475,2344,51.359203154181365
Organic Red Kidney Beans,502,130,372,25.89641434262948
Eggo Mini Homestyle Waffles,779,470,309,60.33376123234917
Berries GoMega Premium Fruit Smoothie Blend,9,1,8,11.11111111111111
Chicken Tikka Masala,400,173,227,43.25
Soft Ripened Brie Cheese Double Creme,87,43,44,49.42528735632184
At-Home Dry Cleaner,28,5,23,17.857142857142858
Organic Daikon Radish Bunch,5,0,5,0.0
Bite Size Tortilla Chips,2095,1157,938,55.226730310262525
Get Burning Hot Cinnamon Ginger Tea for Metabolism,65,21,44,32.30769230769231
Mojo Marinade,55,21,34,38.18181818181819
Original Smoked Snack Stick Giant Slim,78,43,35,55.12820512820513
Pistachios Roasted & Salted,82,39,43,47.5609756097561
Calcium Magnesium Zinc Tablets,11,2,9,18.181818181818183
Imported Perfectly Salted Butter,7,0,7,0.0
Organic French Vanilla Protein Shake,5,0,5,0.0
TAB,155,129,26,83.22580645161291
Kitchen Scrubber Sponge,2616,1259,1357,48.12691131498471
G Series Lemon Lime Sports Drink,47,34,13,72.3404255319149
"White meat chicken, shredded cabbage, julienne yellow carrots and spicy red coconut flavored curry Thai-Style Chicken Spring Rolls",362,207,155,57.182320441988956
Kellogg's Corn Flakes Cereal,754,301,453,39.92042440318303
Signature Shredded Steak & Cheese Chimichanga,41,12,29,29.268292682926827
Cheese & Garlic Italian Dressing,14,4,10,28.57142857142857
Condensed Chicken Broth,246,99,147,40.243902439024396
Pumpkin Spice Protein Bar,339,178,161,52.50737463126843
Organic Avocados,3276,1629,1647,49.72527472527473
Turkey Breast Medallions,21,10,11,47.61904761904761
Organic Harvest Vegetable Hummus,81,26,55,32.098765432098766
Fish Nuggets,580,287,293,49.48275862068965
Allergy Rescue,3,0,3,0.0
Original Almond Coconut Blend,35,17,18,48.57142857142857
Simply Clean Fragrance Free Wipes,629,267,362,42.4483306836248
Baked Pizza Goldfish Crackers,187,110,77,58.82352941176471
Alcohol-Free Peppermint Flavor Extract,39,2,37,5.128205128205128
Farmer's Market Berry Crumble Protein & Fiber Hot Oatmeal,321,188,133,58.56697819314641
Cardamom SmartFloss,260,120,140,46.15384615384615
Organic Tapioca Starch,252,32,220,12.698412698412698
Organic Hemp Hearts,164,42,122,25.609756097560975
Clean Linen Solid Air Freshener,184,76,108,41.30434782608695
Minced Onions,106,18,88,16.9811320754717
Diced No Salt Added Tomatoes,55,21,34,38.18181818181819
All Natural Sodium Free Whole Wheat Bread,185,108,77,58.37837837837838
Gluten Free Vegan Chocolate Chocolate Chip Protein Bar,899,663,236,73.74860956618465
BBQ Ranch Chopped Salad,707,366,341,51.76803394625177
Black Professional Electrical Tape,5,1,4,20.0
Lettuce Red Butter Organic,1758,606,1152,34.470989761092156
100% Juice Sparkling Kosher Grape,33,12,21,36.36363636363637
Green Tea Pomegranate,37,3,34,8.108108108108109
"Snacks, Original Mix",61,37,24,60.65573770491803
All Natural Boneless & Skinless Chicken Breasts Family Pack,188,120,68,63.829787234042556
Extra Creamy Chocolate Ice Cream,40,6,34,15.0
Club Soda Lower Sodium,1169,563,606,48.16082121471343
Baby Vegetable Medley Steamers,519,220,299,42.38921001926782
Healthy Brain Bagels,37,27,10,72.97297297297297
Original Wafer Thin Crackers,24,8,16,33.33333333333333
Breakfast Blend Medium Roast Keurig Brewed K-Cups Ground Coffee,109,58,51,53.21100917431193
Vidalia Onion and Cilantro Dressing Marinade,44,14,30,31.818181818181817
Uber Roasted Nut Roll Fruit & Nut Bars,79,42,37,53.16455696202531
Whole Button Mushrooms,54,30,24,55.55555555555556
Frijoles Negros Black Beans,734,448,286,61.03542234332425
Assorted Food Coloring,10,0,10,0.0
Cut Green & Wax Beans,3,0,3,0.0
Multi-Grain Cheerios Dark Chocolate Crunch Cereal,130,60,70,46.15384615384615
Muffin Tops Chocolate Chip - 4 CT,62,37,25,59.67741935483871
Raw Organic Cacao Powder,8,0,8,0.0
Fit Triple Berry Crunch Whole Grain Granola,314,146,168,46.496815286624205
Cast Iron Skillet 8 In.,6,0,6,0.0
Handmade Pennsylvania Dutch Pretzels,68,48,20,70.58823529411765
Spanish Rice Mix,146,63,83,43.15068493150685
Pomegranate Dried Cranberries,22,5,17,22.727272727272727
Vinter's Collection Chardonnay,272,153,119,56.25
Lady Stella Cookies,11,5,6,45.45454545454545
Fruit Gushers Fruit Flavored Snacks Variety Pack,780,440,340,56.41025641025641
Mediterranean Herb with Oregano & Basil Seasoning Salt,5,0,5,0.0
Good Mood Tonic,2,0,2,0.0
Pain Rustique French Bread,221,82,139,37.10407239819005
Brisling Sardines In Water,197,112,85,56.852791878172596
Chunk Light in Oil Tuna,12,1,11,8.333333333333332
Original Havarti Cheese,514,235,279,45.719844357976655
Light Sun Dried Tomato Salas Dressing,8,1,7,12.5
Blissful Chocolatey Brownie Cookies,10,3,7,30.0
Squeeze Pouch Sour Cream,1698,741,957,43.639575971731446
Simply Maize Cereal,18,6,12,33.33333333333333
Cranberry Chia Crunch Granola Bars,141,80,61,56.73758865248227
Dark Chocolate Yogurt Raisins,144,75,69,52.083333333333336
Coconut Cream,246,79,167,32.113821138211385
Warrior Blend Vanilla Raw Vegan Protein,47,6,41,12.76595744680851
Recipe Ready Sliced Broccoli Stir Fry,19,3,16,15.789473684210526
Chunky Garden Combination Pasta Sauce,384,190,194,49.47916666666667
Gluten Free Baguettes,66,34,32,51.515151515151516
Greek Yogurt Dressing Cucumber Dill,25,3,22,12.0
Super Clump Unscented Cat Litter,75,51,24,68.0
Garden Vegetable Crackers,5,0,5,0.0
Half and Half,2295,1842,453,80.26143790849673
Organic & Raw Strawberry Serenity Kombucha,7018,5137,1881,73.1974921630094
Ground Cloves,647,16,631,2.472952086553323
Melting Wafers White Chocolate,34,5,29,14.705882352941178
Cranberry Almond Breakfast Bars,103,56,47,54.36893203883495
Ezekiel 4:9 Flax Sprouted Grain Bread,1968,1217,751,61.83943089430895
Organic Fire Roasted Corn,2708,1233,1475,45.53175775480059
Dailyfoods Vitamin D-3 1000 Iu,5,0,5,0.0
Peanut Caramel Candy Bar,16,2,14,12.5
Serrano Peppers,15,4,11,26.666666666666668
Farmhouse-Style Sausage Scramble,118,77,41,65.2542372881356
Cheese Puffs Original,3621,2405,1216,66.4181165423916
"Control Plus Scope Flavor Fixodent Plus Scope Superior Hold Adhesive Cream, 2 oz Denture Care",20,10,10,50.0
"Peppers, Organic Piquillo",10,3,7,30.0
Light & Lean Pasta & Veggie Bowl,2577,1387,1190,53.82227396197129
Vitamin C-1000 with Rose Hips,7,1,6,14.285714285714285
Red Pepper Corn Chowder Mix,3,0,3,0.0
Raspberry Ginger Clusters & FLakes,7,4,3,57.14285714285714
Coarse Ground Dijon Mustard,49,8,41,16.3265306122449
Toasted Sesame Crackers,51,27,24,52.94117647058824
Shampoo - More Moisture Baobab,14,1,13,7.142857142857142
Citrus Ginger Kraut Pickles,122,89,33,72.95081967213115
Single-Use Super Glue - 4 CT,5,0,5,0.0
Greek Yogurt Flip Smore Smore's Sweet Vanilla Low Fat,98,39,59,39.795918367346935
Chicken & Wild Rice Soup,290,75,215,25.862068965517242
PS Genoa Salami,26,10,16,38.46153846153847
Deer Garden Low Temp Ground Tahini,28,11,17,39.285714285714285
Creamy Supreme Frosting Cream Cheese,104,13,91,12.5
Italian Sausage Homestyle Pasta Sauce,15,6,9,40.0
Reusable Hot & Cold Therapy Sports Pack,21,1,20,4.761904761904762
Grillin' Beans Southern Pit Barbecue Beans,53,22,31,41.509433962264154
Vanilla Sandwich Creme Cookies,1996,1103,893,55.260521042084164
Oikos Triple Zero Greek Vanilla Yogurt Cups,445,262,183,58.876404494382015
"Sweet, Peeled Red Pimientos",27,1,26,3.7037037037037033
Spinach Cheese Rice Palak Paneer Dinner,1,0,1,0.0
Smooth & Silky Anti-Dandruff Conditioner,12,1,11,8.333333333333332
Organic Raw Whole Milk,93,58,35,62.365591397849464
Pumpkin Bar,9,1,8,11.11111111111111
Whole Tellicherry Peppercorns,301,43,258,14.285714285714285
Everyday Shea Vanilla Citrus Mint Bubble Bath,12,1,11,8.333333333333332
Extreme Dark Chocolate,197,107,90,54.314720812182735
Le Bon Coffee Chicory Concentrate,107,75,32,70.09345794392523
Casera Medium Salsa,1216,633,583,52.05592105263158
Organic Round Udon Asian Pasta,173,58,115,33.52601156069364
Thin to Thick Extra Volume Hair Spray,6,0,6,0.0
Homestyle Salsa Medium,57,25,32,43.859649122807014
Organic Sliced Portobello Mushrooms,128,38,90,29.6875
Organic Regular Cotton Tampons,33,3,30,9.090909090909092
Roasted Turkey and Vegetables,320,171,149,53.43750000000001
Lettuce Romaine Hearts,68,14,54,20.588235294117645
Organic Soft White Bread,1968,1360,608,69.10569105691057
Chewable Vanilla Twist Lactase Enzyme Supplement,17,2,15,11.76470588235294
"Red Classic, Sugar-Free",192,105,87,54.6875
Pro-V Smooth and Sleek Conditioner 28 fl oz with Pump - Smoothing Conditioner  Female Hair Care,8,2,6,25.0
Frosted Flakes Cereal,1858,985,873,53.0139935414424
Brown Eggs,4063,2471,1592,60.81713019936008
Santa Cruz OG Apricot Fruit Spread,292,109,183,37.32876712328767
"Pizza Poppers, Three Cheese",3279,1485,1794,45.28819762122598
Spicy Pickle Spears,407,185,222,45.45454545454545
Gray Salt Caramels in Dark Chocolate,13,4,9,30.76923076923077
Men's Full & Thick Shampoo & Conditioner,22,4,18,18.181818181818183
Unsweetened Almond Milk,6486,5265,1221,81.17483811285847
Mini Original Babybel Cheese,15377,10340,5037,67.24328542628601
Lint Roller,54,4,50,7.4074074074074066
Fettuccini with Chicken Broccoli,705,436,269,61.843971631205676
Shortbread & Caramel Dark Chocolate Squares,12,6,6,50.0
Triple Zero Peach Oikos Greek Yogurt,111,60,51,54.054054054054056
"Natural Multi-Purpose Cleaner, Valencia Orange",10,0,10,0.0
Medicated Cold Sore Treatment With Drying Action Maximum Strength Pain Reliever & Antiseptic Gel,3,0,3,0.0
Whole Wheat Pizza Dough,91,48,43,52.74725274725275
Hot & Spicy Shiitake Mushroom Meatless Jerky,94,32,62,34.04255319148936
Raspberry Iced Tea Mix,16,8,8,50.0
Natural Artichoke Hearts Quartered,479,160,319,33.40292275574113
Mango Nectar with Alphonso Mangos,392,263,129,67.09183673469387
"Mouthwash, Tea Tree Oil",189,54,135,28.57142857142857
Soft Potato Bread,3721,2807,914,75.43671056167696
Sea Algae Serum,11,3,8,27.27272727272727
Smalls Peppermint Sugar-Free Mints,42,14,28,33.33333333333333
Pronto Spaghetti,112,36,76,32.142857142857146
USDA Organic Pomegranate Lip Balm,8,1,7,12.5
Ultra Plush® 3 Ply Double Toilet Paper Rolls,450,287,163,63.77777777777778
Sugar Free Concord Grape Jam,35,8,27,22.857142857142858
Sour Cream And Onion Potato Chips,113,73,40,64.60176991150442
Chunky Peanut Butter,1287,696,591,54.07925407925408
Cherry & Wild Berries Energy B12 1000 Mcg Adult Gummies,18,6,12,33.33333333333333
Fresh Frozen Strawberries,215,112,103,52.093023255813954
Low Sodium  Spanish Style Tomato Sauce,24,3,21,12.5
Plenty Roots Kimchi,26,7,19,26.923076923076923
Cat Treats Temptations Seafood Medley,510,340,170,66.66666666666666
High Protein Bar Creamy Peanut Butter,817,547,270,66.95226438188494
White Tea Peach Mango Tea Bags,7,2,5,28.57142857142857
Raspberry Chocolate Chip Gelato,1249,489,760,39.151321056845475
Seasonal Lager,21,6,15,28.57142857142857
Magnesium Citrate Oral Solution Lemon Flavor Saline Laxative,8,1,7,12.5
Everyday Coconut Hydrating Conditioner,81,6,75,7.4074074074074066
Grillers Prime Burgers,399,195,204,48.87218045112782
Rosemary Lapazena Crackers,6,0,6,0.0
All Whites 100% Egg Whites,3390,2231,1159,65.81120943952803
Almond Chia Granola Clusters,430,235,195,54.65116279069767
3 Ply White Tissues Go Packs,439,145,294,33.029612756264235
Buckwheat Hulled Whole Grain,119,60,59,50.42016806722689
Classics Meat Lovers Lasagna,176,77,99,43.75
Organic Cocoa Powder,560,131,429,23.392857142857142
Freshly Squeezed Lemonade,37,25,12,67.56756756756756
Organic Vitality Snack Green Magic Chia,822,509,313,61.92214111922141
Organic Cake Mix Vanilla,171,31,140,18.128654970760234
English Tea No. 1,6,1,5,16.666666666666664
Protein Plus Mango Protein Shake,71,29,42,40.845070422535215
Go Chu Jang Sweet and Spicy Sauce,40,5,35,12.5
Spearmint Xylitol Sweetened  Gum,97,69,28,71.1340206185567
Potato Wedges,320,213,107,66.5625
"Hand Soap, Refill Size, Lemon & Eucalyptus",28,8,20,28.57142857142857
"Pizza Sauce, Premium, Pizzeria Style",59,20,39,33.89830508474576
Sliced Bamboo Shoots,181,51,130,28.176795580110497
Almond Acai Lite Bar,627,367,260,58.53269537480064
Tender Care Diapers Jumbo Pack - Size 4,40,23,17,57.49999999999999
Sprouted Whole Grain & Seed English Muffins,526,268,258,50.950570342205324
Slow Churned Light Mint Cookie Crunch Ice Cream,154,60,94,38.961038961038966
Hickory Smoked Bacon,8,0,8,0.0
30% Less Sodium Chili Seasoning Mix,87,23,64,26.436781609195403
Halved Brussels Sprouts,150,99,51,66.0
Jambalaya Soup,26,12,14,46.15384615384615
"Redenbachers Popping Corn Gourmet Light Butter, Bonus Pack!",32,23,9,71.875
100% Juice Cranberry,17,8,9,47.05882352941176
Oral Electrolyte Maintenance Solution Grape,412,160,252,38.83495145631068
"Delights Honey Wheat Flatbread Turkey Sausage, Egg & Cheese",89,36,53,40.44943820224719
Hello Hydration Moisturizing Condtitioner with Coconut Essences,26,9,17,34.61538461538461
Peppermint Foot Lotion,6,0,6,0.0
Clean Care Big Roll Toilet Paper,1060,577,483,54.43396226415095
Color Reflect Intensive Repair Conditioner,8,0,8,0.0
Little Bites Fudge Brownies,605,384,221,63.47107438016529
Black Elderberry,8,0,8,0.0
Yams,19,2,17,10.526315789473683
African Black Soap Tangerine Body Wash,45,11,34,24.444444444444443
Gluten Free Pizza Dough Almond Flour Mix,104,23,81,22.115384615384613
4.5 Oz. Special K Popcorn Chips Butter,7,2,5,28.57142857142857
Big Roll White Paper Towels,395,185,210,46.835443037974684
Fruit Roll-Ups Tropical Tie-Dye Fruit Flavored Snacks,128,62,66,48.4375
"Hearts of Palm, Whole",35,11,24,31.428571428571427
Everyone's Favorite Chocolate Chip Cookie Mix,28,13,15,46.42857142857143
Timeless Love,5,0,5,0.0
Mini Swirls Birthday Party Ice Cream Cones,112,49,63,43.75
Cedar Grilling Planks,5,0,5,0.0
Organic Accents Sprouted Rice Trio,28,9,19,32.142857142857146
Organic White Nectarine,59,14,45,23.728813559322035
Chicken Burgers,86,52,34,60.46511627906976
Enliven 12 Fruits & Vegetables Aloe Juice,11,4,7,36.36363636363637
Raw Veggie Wrappers,68,64,4,94.11764705882352
Grapefruit Scented Foaming Hand Soap,106,51,55,48.113207547169814
Wild Cherry Blossom Body Wash,17,3,14,17.647058823529413
Pearl Super Absorbancy Tampons,217,56,161,25.806451612903224
Rosewater & Glycerin,38,6,32,15.789473684210526
Light Original Almond Milk,471,279,192,59.23566878980891
Raspberry Ginger Ale,30,16,14,53.333333333333336
100% Organic Tarragon,17,0,17,0.0
Alpine Milk Chocolate,80,54,26,67.5
Central Coast Chardonnay,327,194,133,59.32721712538226
Concentrated Produce Wash,11,5,6,45.45454545454545
Liquid Cane Sugar,29,3,26,10.344827586206897
Gold Blend Tea Bags,6,3,3,50.0
Low Dose Aspirin,4,0,4,0.0
All Natural Bar Peach,176,108,68,61.36363636363637
Smartfood White Cheddar Cheese Popcorn,3287,1802,1485,54.82202616367508
Organic Peppermint with Thyme Hand Sanitizing Spray,46,6,40,13.043478260869565
Skinless Boneless Chicken Thighs,214,127,87,59.345794392523366
Peanut Butter Pretzels,6,1,5,16.666666666666664
Organic Berry Strawberry Flax Plus Chewy Yogurt Granola Bars,570,325,245,57.01754385964912
V Fusion Cranberry Blackberry,3,0,3,0.0
Whole Wheat Bread Loaf,133,91,42,68.42105263157895
Organic Magic Muesli,120,73,47,60.83333333333333
Ice Breakers Ice Cubes Wintergreen Sugar-Free Gum,36,18,18,50.0
Organic Koala Crisp Chocolate Cereal,323,185,138,57.27554179566563
Sweet 'n Salty Honey Nut Snack Mix,210,108,102,51.42857142857142
100% Pure Lavender Oil,337,59,278,17.50741839762611
Baby's DHA With Vitamin D3,67,31,36,46.26865671641791
Roasted Vegetable & Goat Cheese Flatbread Crust Pizza,8,2,6,25.0
Fava Beans,183,62,121,33.87978142076503
Cream Style Horseradish,79,7,72,8.860759493670885
Texas Toast Butter & Garlic Croutons,4,2,2,50.0
Scented Wax Melts Refill 8 ct - Pure Vanilla Joy,9,3,6,33.33333333333333
Baked apples seasoned with cinnamon Harvest Apples,30,12,18,40.0
Camelina EverCreme Intense Nourishing Shampoo,38,8,30,21.052631578947366
I Can See Clearly Wow! Glass Cleaner,115,42,73,36.52173913043478
Deep Dish Pizza,12,6,6,50.0
Simple Favorites Fettuccini Alfredo,506,257,249,50.790513833992094
Creamy Italian Garlic Dressing,35,8,27,22.857142857142858
Mini Quiche Florentine,145,48,97,33.10344827586207
Bag of Lemons,3835,1687,2148,43.98956975228162
Organic Sparkling Cider,1528,623,905,40.77225130890053
Limonata Sparkling Lemon Beverage,1319,591,728,44.806671721000754
Black Cherry Juice Concentrate,21,8,13,38.095238095238095
Tea+Pink Lemonade+Energy Rehab Drink,24,15,9,62.5
Better Than Cream Cheese - Plain Imitation Cream Cheese,232,126,106,54.310344827586206
Oil Free Moisturizer,4,0,4,0.0
"Brewed Bars, Specialty, Craft Brewed Root Beer Float",72,31,41,43.05555555555556
Vanilla Almond Coffee Creamer,416,247,169,59.375
Olive Oil Baked Potato Chips,497,289,208,58.14889336016097
Sliced Salmon Canned Catfood Entree,106,67,39,63.20754716981132
Sponge Regular,63,20,43,31.746031746031743
Jarro-Dophilus + FOS Probiotic Supplement,51,11,40,21.568627450980394
Pate De Champagne,15,2,13,13.333333333333334
Skin Clearing Acne Wash Oil-Free Men,7,0,7,0.0
Grape Water Enhancer,2,0,2,0.0
Backyard Barbeque Potato Chips,8329,5025,3304,60.33137231360307
Vitamin D3 1000 IU in Extra Virgin Olive Oil Softgels,12,4,8,33.33333333333333
Hommus Roasted Eggplant,208,118,90,56.730769230769226
Gluten Free Multigrain Baked Crackers,264,165,99,62.5
Thai Jasmine Rice,297,106,191,35.69023569023569
Chocolate Snakaroons,366,224,142,61.20218579234973
Yogurt Blends Sweet Potato Pear,5,1,4,20.0
Vanilla Sundae Cones,10,4,6,40.0
Chocolate Sandwch,148,85,63,57.432432432432435
Sweet Bell Pepper and Roasted Chicken Ravioli Refrigerated Pasta,4,0,4,0.0
100 Calorie Vanilla Ice Cream Bar,46,16,30,34.78260869565217
Lightly Breaded Panko Crusted Alaskan Pollock Fillets Fish Sticks,148,63,85,42.567567567567565
"Decorating Icing, Pink",12,2,10,16.666666666666664
Mediterranean Lavender Scent Fabric Refresher Spray,27,3,24,11.11111111111111
Ground Coriander Seed,140,3,137,2.142857142857143
Bags Freezer Resealable Quart,5,0,5,0.0
Fat Free Sour Cream & Onion Potato Crisps,24,13,11,54.166666666666664
Snacks Sharp Cheddar Sticks Cheese,368,220,148,59.78260869565217
Key Lime Oikos Greek Yogurt,295,187,108,63.389830508474574
Oh My Yog! Madagascar Vanilla Trilayer Yogyurt,2569,1507,1062,58.66095757103932
Organic Apple Turnovers,5,0,5,0.0
Milk Chocolate,910,486,424,53.40659340659341
"Rooibos Tea, Moroccan Pomegranate Red",9,3,6,33.33333333333333
Clear Measuring 2 Cup with Measurements,22,0,22,0.0
Custard Yogurt Vanilla Flavored with Other Natural Flavor,20,4,16,20.0
Diet Lemon Iced Tea,9,2,7,22.22222222222222
All Natural Cocoa Powder Unsweetened,359,71,288,19.77715877437326
Ham & Swiss On Rye,10,4,6,40.0
Vitaminwater Zero Glow Strawberry Guanabana,95,54,41,56.84210526315789
California Blend Vegetables,329,149,180,45.2887537993921
Hot Cocoa Mix,751,189,562,25.166444740346204
Nasal Spray With Grapefruit Seed Extract,10,0,10,0.0
Organic Chocolate Layer Cake Sandwich Cookies,52,29,23,55.769230769230774
Vanilla Soymilk,951,652,299,68.55941114616193
100% Pure Organic Coconut Water,14,5,9,35.714285714285715
"Moscato, D'Asti, DOCG, 2011",14,11,3,78.57142857142857
"Seasoning, Poultry",5,0,5,0.0
Garlic Parmesan Breadsticks,30,13,17,43.333333333333336
Petite Whole Onions,81,12,69,14.814814814814813
Green Pigeon Peas,74,21,53,28.37837837837838
Organic Organi Ruby Sensation Potatoes,23,7,16,30.434782608695656
Organic Popped Corn Simply Salted,60,40,20,66.66666666666666
Organic Smoothie Pineapple/Banana/Spinach,60,19,41,31.666666666666664
Organic YoKids Very Berry Smoothies,7329,5494,1835,74.96247782780733
1% Lowfat Organic Milk,330,257,73,77.87878787878788
Steamfresh Sriracha Green Beans,8,1,7,12.5
Meatless and Soy-Free Turk'y Burger,10,3,7,30.0
Multi-Surface Concentrate Basil,43,2,41,4.651162790697675
Cool Aloe Burn Relief Formula with Lidocaine Pain Relieving Spray,8,2,6,25.0
Vanilla Coffee Creamer,18,7,11,38.88888888888889
Country Fried Pork Chops & Gravy Frozen Dinner,32,12,20,37.5
Grapeseed Natural Skin Care Oil,40,13,27,32.5
Organic Baby Food Banana Beet & Blueberry,2005,1211,794,60.399002493765586
"Protein Chips, BBQ Flavor",7,0,7,0.0
"Garam Masala, Organic",727,94,633,12.929848693259974
Garlic Rosemary Citrus Sauce,14,2,12,14.285714285714285
Lemon Verbana Votive Candle,7,3,4,42.857142857142854
Real Coco 100% Organic Coconut Water,5,3,2,60.0
Alaskan Cod Fillet,19,5,14,26.31578947368421
"Oat Revolution Steel Cut, Maple & brown Sugar",11,5,6,45.45454545454545
Oat Bran Gluten Free,294,122,172,41.49659863945578
Fridge and Freezer Baking Soda Pack,2101,681,1420,32.41313660161828
Denture Adhesive Cream,5,1,4,20.0
Crunchy Chocolate Chip Chia Granola & Seed Bars,1228,734,494,59.77198697068404
"Laundry Detergent, 2X Power, Lavender Scent",69,31,38,44.927536231884055
"3\"" x 2.5\"" Medium Kling Design Rolled Gauze",3,0,3,0.0
Parmesan Beef Meatballs,350,168,182,48.0
Organic Cookies Shortbread,38,12,26,31.57894736842105
Pork Sausage Savory Sage ID 203-PF Rolls,17,4,13,23.52941176470588
Cracked Pepper Turkey Breast,29,7,22,24.137931034482758
Balm,2,0,2,0.0
Macadamia Oil Hydrating Conditioner,5,1,4,20.0
Sriracha Chili Ketchup,5,0,5,0.0
Breath Savers Wintergreen Sugar-Free Mints,32,21,11,65.625
Organic Hard Candy Pomegranate & Nectarine,68,18,50,26.47058823529412
Organic Chocolate Coconut Bliss Live Food Bar,89,36,53,40.44943820224719
Collezione Spaghetti alla Chitarra Pasta,12,3,9,25.0
Sharp Shredded Cheddar Cheese,14,3,11,21.428571428571427
Chocolate Peanut Butter Protein Bar,1425,801,624,56.21052631578948
Snacks Mango,2609,1621,988,62.131084706784215
Old World Eggnog Gelato,220,46,174,20.909090909090907
Kale & Mint Juice,60,25,35,41.66666666666667
Kaedama Ramen Noodles,197,96,101,48.73096446700508
Motion Sickness Tablets,7,0,7,0.0
Full Volume Shampoo Lavender & Biotin,64,7,57,10.9375
Lasagna Bake,12,5,7,41.66666666666667
Peach Mango Water Drops Stevia Water Enhancer,12,1,11,8.333333333333332
White Cheddar Baked Snack Crackers,1480,797,683,53.851351351351354
Sense & Spray Str Clean Linen Scent Air Freshener,6,1,5,16.666666666666664
SPF 30 Sunscreen Lotion,46,10,36,21.73913043478261
Marula Oil Treatment for all Skin Types,44,14,30,31.818181818181817
Kali Bichromicum 30 C,7,1,6,14.285714285714285
Cucumber,135,52,83,38.51851851851852
Sweet Heat Kombucha,34,12,22,35.294117647058826
Oraganic Lemon Elation Yerba Mate Drink,769,630,139,81.92457737321196
Organic Semi Sweet Chocolate Beverage,11,4,7,36.36363636363637
100% Pure Organic Apple Juice,1515,1071,444,70.6930693069307
Super Garlic Croutons,606,340,266,56.10561056105611
Lightly Salted Chips,843,540,303,64.05693950177937
V Fusions Apple Vegetable & Fruit Juice,8,2,6,25.0
Natural Whole Grain Instant Brown Rice,155,51,104,32.903225806451616
Chocolate Chip Granola Bar,9,2,7,22.22222222222222
Vitamin C 500 mg,11,3,8,27.27272727272727
Premium Light Beer,265,148,117,55.84905660377358
Geranium Scented Multi-Surface Everyday Spray Cleaner,385,120,265,31.16883116883117
Diet Zero Calorie Ginger Soda,39,17,22,43.58974358974359
Sourdough Garlic Bread,15,7,8,46.666666666666664
Vitamin Code Raw B-12,53,22,31,41.509433962264154
with Pump Rebalancing Shampoo,17,2,15,11.76470588235294
Butternut Spirals Organic,750,345,405,46.0
Pink Grapefruit Scented Natural Air Freshener,40,9,31,22.5
Sun Blossom Liquid Fabric Conditioner 60 loads,12,4,8,33.33333333333333
Spirulina Organic Gluten Free Bread,49,33,16,67.3469387755102
Hair Repair Shampoo,18,4,14,22.22222222222222
Organic Marshmallow Root,4,0,4,0.0
"Streak-Free Clean + Protect, Stainless Steel",179,17,162,9.497206703910614
Ultra Downy® Mountain Spring™ Liquid Fabric Conditioner 51 Fl oz. 60 loads Fabric Enhancers,20,4,16,20.0
Gluten Free Garden Vegetable Lasagna,1005,454,551,45.17412935323383
Organic Blueberry Fruit Spread,81,13,68,16.049382716049383
Instant Coconut Cream Pudding,10,4,6,40.0
Pasta Sides Butter & Herb Fettuccini,117,45,72,38.46153846153847
Mild Hand Picked Miniature Extra Tender Imported Pepperoncini,30,7,23,23.333333333333332
Reese's Pieces Carrot,14,1,13,7.142857142857142
Men's Health NUT-rition Mix,122,58,64,47.540983606557376
Belgian Mini Cream Puffs,174,44,130,25.287356321839084
Scent Expressions Cocoa Butter Kiss Clear Gel Antiperspirant & Deodorant,15,4,11,26.666666666666668
Mozzarella Cheese,6558,3608,2950,55.016773406526376
Raspberry Dark Chocolate bar,300,160,140,53.333333333333336
Organic 2nd Foods Veggies Sweet Potato Squash & Pumpkin Baby Food,100,46,54,46.0
Classic Bologna,85,41,44,48.23529411764706
Isopropyl Alcohol,49,14,35,28.57142857142857
Age Defying Classic Night Cream,4,0,4,0.0
"Melatonin, 1 mg, Liquid",32,1,31,3.125
Honey Vanilla Flavored Low Fat Cultured Kefir,7,2,5,28.57142857142857
Lunchables Uploaded Deep Dish Pizza with Pepperoni,173,107,66,61.849710982658955
Milk Chocolate Caramel Sea Salt Bar,24,14,10,58.333333333333336
Bacon & Cheese Biscuit,12,3,9,25.0
Real Medleys Summer Berry Granola,33,6,27,18.181818181818183
First Defense Immune Formula Dietary Supplement,59,22,37,37.28813559322034
Lemon Verbena Fabric Softener,131,63,68,48.091603053435115
Mangolicious,97,48,49,49.48453608247423
Home Style French Toast,25,13,12,52.0
No Pulp Calcium & Vitamin D Pure Orange Juice,8825,6012,2813,68.12464589235128
Brown Rice Salmon Avocado Roll,10,3,7,30.0
Rainbow Berry Sour Candy,29,11,18,37.93103448275862
Alcohol Free Witch Hazel Toner Unscented w/ Aloe,26,4,22,15.384615384615385
Toilet Paper Double Rolls,242,102,140,42.14876033057851
Organic Power Blend Mixed Vegetables,453,165,288,36.423841059602644
Ranch Popcorn Seasoning,45,12,33,26.666666666666668
Organic Brown Rice Crisps Cereal,2149,1066,1083,49.604467194043735
Brie Soft-Ripened Cheese Wheel,22,1,21,4.545454545454546
Radical Resurfacing Treatment,7,0,7,0.0
Premium Spun Honey,69,28,41,40.57971014492754
Plain Soymilk,16,8,8,50.0
Family Recipe Spelt Ginger Snap Cookies,14,6,8,42.857142857142854
Mozzarella Di Bufala,411,244,167,59.36739659367397
Bag Clips,28,2,26,7.142857142857142
Garlic & Parmesan Plentils,378,218,160,57.67195767195767
Navel Orange,1327,684,643,51.54483798040693
Fat Free Yogurt Light Raspberry Cheesecake,26,4,22,15.384615384615385
Organic Oil Canola,1458,304,1154,20.85048010973937
Iced Latte,20,5,15,25.0
Organic Spelt English Muffins,1084,686,398,63.284132841328415
ECOS Dishmate Free & Clear Dish Liquid,383,154,229,40.2088772845953
Farmer's Pick Concord Grape Juice,9,3,6,33.33333333333333
Classic Sliced Bologna,11,2,9,18.181818181818183
Almond Milk Vanilla Frozen Dessert Sandwich,951,424,527,44.58464773922187
Organic California Style Sprouted Bread,5403,3931,1472,72.75587636498241
"Almond Butter Protein +, Vanilla",6,0,6,0.0
Plain Kefir,65,36,29,55.38461538461539
Hello Morning Pears & Quinoa Stage 1 Baby Food,61,38,23,62.295081967213115
Steakhouse Seasoned Diced Potatoes,25,8,17,32.0
Sweet Spirulina Sprouted Bar,251,151,100,60.1593625498008
Sliced Red Beets,3,0,3,0.0
Pompelmo Sparkling Grapefruit Beverage,181,61,120,33.70165745856354
Organic Whole Peeled Plum Tomatoes,1289,302,987,23.429014740108613
White Grapefruit Dish Soap,113,45,68,39.823008849557525
Sparkling Vanilla Bean,63,42,21,66.66666666666666
9oz Paper Cold Cups,122,48,74,39.34426229508197
Square Dessert Plates,152,74,78,48.68421052631579
Breakfast Scramble Wrap,850,533,317,62.70588235294118
Medium Cheddar Cheese Slices,80,33,47,41.25
Dandelion & Burdock Soda,2,0,2,0.0
St. John's Wort Extract,9,1,8,11.11111111111111
White Hamburger Buns,237,95,142,40.08438818565401
2nd Foods Applesauce,9,3,6,33.33333333333333
Extra-Dry Skin Advanced Therapy Moisturizing Lotion,2,0,2,0.0
Fish Oil,22,1,21,4.545454545454546
Organic Whole Mushrooms,125,28,97,22.400000000000002
Recloseables California Ripe Sliced Olives,41,14,27,34.146341463414636
"Organic 2nd Foods Apples, Blueberries & Spinach Baby Food",379,225,154,59.36675461741425
Potato Gnocchi,1431,656,775,45.84206848357792
11.3 Oz. Oreo Fudge Creme Double Chocolate,1,0,1,0.0
California Apricots,206,102,104,49.51456310679612
Raspberry Energy Shot,3,0,3,0.0
Energy 3-in-1 Body Wash,8,3,5,37.5
Coconut Lemon Bars,11,5,6,45.45454545454545
Beddar with Cheddar Smoked Sausage,897,511,386,56.96767001114827
Chunky Mushroom Swiss Burger Soup,70,35,35,50.0
Vanilla Bean Greek Nonfat Yogurt Honey Oat Crisps Dippers,3,0,3,0.0
Complete Clean Power Toilet Bowl Cleaner Value Pack,724,189,535,26.10497237569061
Assorted Bites,91,45,46,49.45054945054945
Hard Boiled Eggs Peeled & Ready To Eat,131,59,72,45.038167938931295
Lightly Seasoned Chick'n Scallopini,1577,948,629,60.1141407736208
Classic Decaf Medium Roast Ground Coffee,91,29,62,31.868131868131865
Spicy Orange Tofu,27,5,22,18.51851851851852
Crunchy Spread,48,22,26,45.83333333333333
"Cooking Wine, White",6,1,5,16.666666666666664
Lemon Creme Cake,3,1,2,33.33333333333333
Chocolate Chip Muffin & Quick Bread Mix,114,51,63,44.73684210526316
Salted Caramel High Protein,89,54,35,60.67415730337079
Garlic Flavored Olive Oil,11,3,8,27.27272727272727
Chips Ahoy! Brownie Filled Chocolate Chip Chewy Cookies,84,33,51,39.285714285714285
Hot Cereal Honey,4,0,4,0.0
Tuscan Style Savory Grounds,23,9,14,39.130434782608695
Coconut Oil,208,38,170,18.269230769230766
Crunchy Pumpkin Spice Flax Granola Bars,258,154,104,59.68992248062015
White Cone Style Coffee Filters Size 2,5,1,4,20.0
Bermuda Onion Snack Dip,29,10,19,34.48275862068966
Orange Navel,23,13,10,56.52173913043478
Reduced Fat Mozzarella String Cheese,11,5,6,45.45454545454545
Basics Hypo Allergenic Soap Bars,27,12,15,44.44444444444444
"Chocolate, Butterfinger, Butterfinger Fudge Frozen Dairy Dessert Cones",57,26,31,45.614035087719294
PODS Free & Gentle HE Turbo Laundry Detergent Pacs 66-load Tub Laundry,19,3,16,15.789473684210526
Organic Super Tampons No Applicator,21,2,19,9.523809523809524
Aged Coupole Goat Cheese,70,37,33,52.85714285714286
Grinder Sea Salt,140,33,107,23.57142857142857
Children's Pain and Fever Grape Splash Liquid,241,39,202,16.182572614107883
Deep Cleansing Nose/Face Combo Pore Strips,5,0,5,0.0
Fire Roasted Veggie Crackers,193,60,133,31.088082901554404
Mini Babybel White Cheddar Cheese,1055,574,481,54.40758293838862
White Chocolate Chips,52,9,43,17.307692307692307
Organic Mushroom Broth,810,334,476,41.23456790123457
Roasted Jalapeno Tortilla Chips,92,58,34,63.04347826086957
"Palmiers, Petite",71,54,17,76.05633802816901
Dark Chocolate Cocoa Roast Almonds 100 Calorie,330,181,149,54.848484848484844
Day/Night Cold Formula Effervescent Tablets Multi-Symptom Relief,104,15,89,14.423076923076922
Organic Ground Paprika,34,6,28,17.647058823529413
Fresh High Endurance Deodorant,75,17,58,22.666666666666664
Fun Size Chocolate Candy,5,2,3,40.0
Cookie Tray,1209,693,516,57.32009925558312
Buffalo Style  Boneless Chicken Bites,51,18,33,35.294117647058826
Ultra Sensitive Hydra Gel Men's Shave Gel,117,38,79,32.47863247863248
Naturally Sparkling Mineral Water,52,27,25,51.92307692307693
Sausage and Jalapeno Mac & Cheese,2,0,2,0.0
Black And White Cold Brew Coffee With Almondmilk,920,462,458,50.21739130434783
Applesauce On The Go Apple Cinnamon Pouches,403,215,188,53.349875930521094
Moisturizing Cucumber Melon Shower Gel,67,19,48,28.35820895522388
Chocolate Creme Cake,14,2,12,14.285714285714285
Session IPA,52,36,16,69.23076923076923
Smooth Metamucil Psyllium Fiber Supplement by Meta Orange Smooth Powder 30.4 oz 72 doses Laxative,80,23,57,28.749999999999996
Organic Braeburn Apple,9720,5432,4288,55.884773662551446
"Organic Chocotal, Ground",12,1,11,8.333333333333332
Graduates Vanilla Wheat Lil' Biscuits,109,27,82,24.770642201834864
Original Oven Roasted Turkey,41,22,19,53.65853658536586
"Shikakai Soap, Organic Hand & Body, Spearmint Peppermint",87,30,57,34.48275862068966
Ultimate Flora Vaginal Support Probiotic Capsules,28,5,23,17.857142857142858
"Vanilla Extract, Pure",19,2,17,10.526315789473683
Sea Minerals Foaming Hand Wash,617,227,390,36.790923824959485
Original Recipe Tapioca Pudding,896,500,396,55.80357142857143
Clasico Dark Roasted Sticks,61,16,45,26.229508196721312
Cheese Ravioli with Sauce Bowls,3569,2259,1310,63.29504062762679
"Drink Tabs, Strawberry Lemonade",2,0,2,0.0
"Taper Candles 8\""",5,1,4,20.0
Rippled Red Heirloom Potato Chips,9,1,8,11.11111111111111
Oatmeal Muffin Mix,106,50,56,47.16981132075472
Organic Whole Husk Psyllium Dietary Supplement,5,0,5,0.0
Nature's Colors Decorating Sugars Periwinkle Blue,23,1,22,4.3478260869565215
Beer Lager,158,65,93,41.139240506329116
Hearts Of Palm,1632,1104,528,67.64705882352942
Smoked Atlantic Salmon,8,3,5,37.5
Organic Iced Green Tea,2763,1900,863,68.76583423814694
Tart Cherry Scones,3,0,3,0.0
Italian Sausage Ravioli,5,0,5,0.0
Cappuccino with Milk  Espresso Drink,12,3,9,25.0
Original Vegetarian Formula Papaya Enzyme Chewable Tablets,16,2,14,12.5
Flat Fillets Anchovies,1005,246,759,24.47761194029851
Vitamin B12 500 mcg Sublingual Lozenges,16,1,15,6.25
Organic Berry Goodness Juice,94,44,50,46.808510638297875
Sweet Onion Flatbread Crisps,25,14,11,56.00000000000001
Breaded Vegan Fish Fillets,111,38,73,34.234234234234236
Stone Fired Pepperoni Pizza,81,56,25,69.1358024691358
Pork Spice Rub,3,0,3,0.0
Totopos Chips,460,323,137,70.21739130434783
Onions,26,9,17,34.61538461538461
Brown Fertile Large Grade AA Eggs,4419,3405,1014,77.05363204344874
Amish Gorgonzola Cheese,6,0,6,0.0
OPA Greek Yogurt Kalamata Feta Dressing,6,1,5,16.666666666666664
Original Gluten Free Rice Thins,275,151,124,54.90909090909091
"Soup, Golden Quinoa and Kale",278,84,194,30.215827338129497
Traditional Favorites Italian Sausage with Peppers & Onions Pasta Sauce,285,137,148,48.07017543859649
Blood Builder,19,2,17,10.526315789473683
Gala (3 Lb),52,20,32,38.46153846153847
2-In-1 Ocean Charge Shampoo & Conditioner,31,3,28,9.67741935483871
Mint Mouth Wash,5,1,4,20.0
Steel Wool Soap Pads Lemon Scent,7,1,6,14.285714285714285
Baking Soda Cream Cleaner Lemon Verbena,34,0,34,0.0
Anjou Pear Hand Soap,1,0,1,0.0
Vegan Kettle Corn Pop Corn,51,31,20,60.78431372549019
Antimo Caputo Flour,93,36,57,38.70967741935484
Whole Mushrooms,740,459,281,62.027027027027025
Lite Luncheon Meat,186,68,118,36.55913978494624
Low Fat Blueberry Goat Milk Yogurt,30,13,17,43.333333333333336
French Style Green Beans No Salt Added,8,1,7,12.5
Mozzarella Sticks,458,200,258,43.66812227074236
Thin Regular Liners,12,0,12,0.0
Organic Garlic Granules,887,269,618,30.32694475760992
Restaurante Style Sea Salt & Lime Tortilla Chips,28,11,17,39.285714285714285
Boneless Pork Shoulder,16,1,15,6.25
18-in-1 Hemp Eucalyptus Pure Castile Soap,42,9,33,21.428571428571427
Revive Zero Vitamin Water,1978,1303,675,65.87462082912032
Sprouted Quinoa Flakes Baby Cereal,8,3,5,37.5
Family Pack Bites Juicy Red & Green Apple Mixed,446,258,188,57.847533632286996
"Toothpaste for Sensitive Teeth and Cavity Protection, Maximum Strength Prevent & Repair Gentle Mint Paste",73,31,42,42.465753424657535
Rose Lemonade,47,30,17,63.829787234042556
Natural Hawaiian Facial Mask Papaya Enzyme,6,0,6,0.0
Raspberry Ginger Brew,22,10,12,45.45454545454545
Iced Gingerbread Energy Bar,65,20,45,30.76923076923077
Pancake Syrup,4,0,4,0.0
Organic Spinach & Cheese Tortellini,575,350,225,60.86956521739131
Berry Bunnies Cereal Organic,577,231,346,40.03466204506066
Raspberry Goji Paleo Prints,14,5,9,35.714285714285715
Ultimate Omega D3,49,13,36,26.53061224489796
Smothered Turkey,6,1,5,16.666666666666664
Ultra Strong Bathroom Tissue,711,370,341,52.03938115330521
Steamers Tuscan Seasoned Broccoli,149,72,77,48.322147651006716
Orzo No. 74 Macaroni,102,22,80,21.568627450980394
"Scotch Kids 5\"" Scissors, Blunted, Red",3,0,3,0.0
MotionSense Dry Spray Sheer Powder Anti-Perspirant,11,1,10,9.090909090909092
Watermelon/Mixed Berry Variety Pack Low-Fat Greek Yogurt,204,132,72,64.70588235294117
Training Pants Disney Cool & Learn 3T-4T,30,14,16,46.666666666666664
Soft Eating Liquorice Blueberry Pomegranate,47,25,22,53.191489361702125
Mega Food Men's One Daily Tablets,9,1,8,11.11111111111111
Organic Iced Black Coffee,382,224,158,58.63874345549738
Black Aroma Mist Diffuser,27,5,22,18.51851851851852
Jarrow Dophilus EPS,40,8,32,20.0
Breakfast Veggie Bacon Strips,1171,723,448,61.74210076857387
Organic Maple Whole Grain Oatmeal,73,34,39,46.57534246575342
Imported Beer Bottles,67,35,32,52.23880597014925
Niblets Whole Kernel Sweet Corn,57,25,32,43.859649122807014
Quest Bar Chocolate Chip Cookie Dough Protein Bar,340,212,128,62.35294117647059
Glyceryne Creme Jasmine Soap,5,0,5,0.0
For Tots Fruit Punch,66,37,29,56.060606060606055
E.V.O.O. Sundried Tomato Dressing,5,1,4,20.0
Udo's Choice Super 8 Probiotic Capsules,360,163,197,45.27777777777778
Rice Sides Rice Medley,9,0,9,0.0
Premium Mango Fruit Snack Pack,445,294,151,66.06741573033707
Nighttime Sleep Aid,5,0,5,0.0
Raw Almond Nut Butter,758,446,312,58.839050131926115
Fresh Scent Clumping Cat Litter,3,0,3,0.0
Portabella Veggie Burgers,222,71,151,31.98198198198198
Mini Lint Roller,16,0,16,0.0
Kids Berry Probiotic Chewables,575,223,352,38.78260869565218
Organic Alaria Wild Atlantic Wakame,24,4,20,16.666666666666664
Sweet Gherkins,46,9,37,19.565217391304348
Organic Unsulphured Molasses,393,18,375,4.580152671755725
Tomatoes Medley Mix,146,36,110,24.65753424657534
Diet Pepsi Pack,3076,2041,1035,66.35240572171651
"Magnesium Supplement, Raspberry-Lemon Flavor",14,2,12,14.285714285714285
Party Tumblers,376,132,244,35.1063829787234
Bone In Beef Rib Steak,689,318,371,46.15384615384615
Free & Clear Unscented Laundry Detergent Packs,53,8,45,15.09433962264151
Brown Rice & Wheat Roasted Red Pepper & Red Bean Crackers,104,64,40,61.53846153846154
4% Milkfat Cottage Cheese Small Curd 22 OZ,551,368,183,66.78765880217786
Yeastaway,3,0,3,0.0
Unscented Wet Jet,35,1,34,2.857142857142857
Organic Pretzel Sticks,53,24,29,45.28301886792453
Pro-Health Advanced Extra Deep Clean Anticavity Fluoride Mouthwash,50,21,29,42.0
Pasta Sauce Cherry Tomato Marinara,122,58,64,47.540983606557376
Classic Britannia Crisps,262,129,133,49.23664122137404
Barbeque Flavor Texas Veggie Burger,88,16,72,18.181818181818183
Organic Balsamic Vinaigrette,1794,583,1211,32.49721293199554
Moroccan Infusion Styling Oil,8,2,6,25.0
Soothing Hydro Serum Facial Mask,78,23,55,29.48717948717949
Salted Peanut Butter With Chocolate Flecks Ice Cream,199,73,126,36.68341708542713
3 Meat Pizza Rolls,11,1,10,9.090909090909092
French Roast Dark Roast Ground Coffee,65,39,26,60.0
Ultimate Omega 1250 mg Softgels,7,0,7,0.0
Lunchables Turkey & American Cheese Cracker Stackers,1707,1171,536,68.59988283538372
Organic Antioxidant Force 100% Juice,9,3,6,33.33333333333333
Cinnamon Raisin Bagel Thins,221,107,114,48.41628959276018
Fresh Pressed Coconut Oil,452,134,318,29.646017699115045
Smoked Gouda,1825,708,1117,38.794520547945204
Texas Toast Zesty Italian Croutons,14,3,11,21.428571428571427
Organic Iceberg Lettuce,14476,8260,6216,57.05996131528046
Brown Rice Loaf,114,77,37,67.54385964912281
Sun Shield Coconut SPF 28 Broad Spectrum,7,1,6,14.285714285714285
Sheer Blonde Highlight Activating Brightening Shampoo,48,12,36,25.0
Chicken Sausage w/ Sundried Tomato,29,6,23,20.689655172413794
Red Blend,1762,924,838,52.44040862656073
Pronto Elbows,29,8,21,27.586206896551722
for Tots Apple White Grape Juice,129,72,57,55.81395348837209
Ranch Single Serve Tuna Creations,122,68,54,55.73770491803278
Strawberry and Milk Frozen Fruit Bar,9,3,6,33.33333333333333
Mesh Bath Sponge,5,0,5,0.0
Crunchy Honey Roasted Granola,276,129,147,46.73913043478261
D-Vi-Sol™ Vitamin D Supplement Drops for Infants,58,16,42,27.586206896551722
Vitamin Code Raw D3 5000 IU,27,2,25,7.4074074074074066
Southwestern Egg Substitute,285,166,119,58.245614035087726
Buffalo Chicken Mac & Cheese,48,25,23,52.083333333333336
Whole Natural Almonds,1010,436,574,43.16831683168317
Red Wine Vinegar,539,81,458,15.0278293135436
Apple Peach Oatmeal Stage 2,1822,1152,670,63.22722283205269
Organic Banana Vanilla Smooth And Creamy Low Fat Yogurt,307,204,103,66.44951140065146
Apple Pear & Peach Squeezable Fruit,105,52,53,49.523809523809526
The Original Asian Yogurt,31,12,19,38.70967741935484
Director's Cut Pinot Noir,27,4,23,14.814814814814813
Toasted Coconut Breakfast Biscuits Packs,14,8,6,57.14285714285714
Dolmas with Raisins & Pine Nuts,22,12,10,54.54545454545454
"Green Tea, Organic",57,24,33,42.10526315789473
Boneless Skinless Chicken Breasts with Rib Meat,213,79,134,37.08920187793427
Fruit Sticks Apple Strawberry,7,0,7,0.0
Raisin Bran,2023,1253,770,61.93771626297578
Caramel Fudge High Protein Bar,978,541,437,55.31697341513292
Turkey Breast Smoked Black Forest,24,9,15,37.5
Toasted Sesame Seeds,245,11,234,4.489795918367347
Marinated Cabecou,23,6,17,26.08695652173913
Straight Cut Thin Rice Noodles,8,1,7,12.5
Chips Ahoy! White Fudge Chunky Chocolate Chunk Cookies,119,63,56,52.94117647058824
Naturals Flushable Moist Refill Wipes,181,83,98,45.85635359116022
Medium Glass Square With Lid,18,2,16,11.11111111111111
Bacon Egg & Cheese Frozen Sandwiches,88,34,54,38.63636363636363
"Premium Dinner Napkins, 3-Ply",67,34,33,50.74626865671642
Big Slice Cheddar Sharp Cheese Slices,224,93,131,41.517857142857146
Mashed Potatoes Sour Cream & Chives,50,15,35,30.0
Original Coffee with Milk In A Can,6,1,5,16.666666666666664
Original Supreme Brownie Mix,95,22,73,23.157894736842106
"Fresh Scentsations Carpet Odor Eliminator, Island Mist",27,7,20,25.925925925925924
20 Yard Black Roll,11,2,9,18.181818181818183
Black Raspberry,64,32,32,50.0
California Balsamic Oak Aged Olive Oil,73,13,60,17.80821917808219
Cave-Aged Kaltbach Gruyere Cheese,181,71,110,39.226519337016576
Super Free Denture Adhesive Cream,8,4,4,50.0
Green Tea Mochi Ice Cream,10,0,10,0.0
"Organic 3rd Foods Peaches, Apricots & Carrots with Yogurt Baby Food Organic Purees Fruit/Veg with Yogurt",14,1,13,7.142857142857142
Digestive Relief Chewable Tablets,57,6,51,10.526315789473683
Special K Chocolate Almond Chewy Nut Bars,20,5,15,25.0
Ranger India Pale Ale Bottles,94,48,46,51.06382978723404
Mixed Fruit Salad,674,412,262,61.12759643916914
Apple Pineapple Bar,222,94,128,42.34234234234234
Spicy Queso Sandwich Crackers,8,1,7,12.5
"Giant French Prunes, Pitted",24,11,13,45.83333333333333
One SmartBlend Vibrant Maturity 7+ Formula Adult Dog Food,54,31,23,57.407407407407405
Singles Creamy Peanut Butter,80,24,56,30.0
Strained Whole-Milk Yogurt Blueberry,1678,1083,595,64.54112038140643
Chubby Hubby Ice Cream,284,132,152,46.478873239436616
Liv A Littles Chicken Cat & Dog Treats,225,147,78,65.33333333333333
Day Time Fractional IPA,71,31,40,43.66197183098591
American Yellow Shingle Pack Slices Cheese,27,8,19,29.629629629629626
Protein Peanut Butter Chocolate Flavor Baked Bars,10,1,9,10.0
Anti-Wrinkle Vitamin A Retinyl Palmitate Creme,10,0,10,0.0
Monterey Jack Style Cheese,9,2,7,22.22222222222222
100% Rice Starch Gravy Thickener,5,0,5,0.0
Organic Crunchy Salted Peanut Butter,13,8,5,61.53846153846154
Fruit Vegetable Variety Bar,43,11,32,25.581395348837212
100% Whole Wheat Panko,76,13,63,17.105263157894736
Natural Throat Drops Honey & Lemon,37,3,34,8.108108108108109
Baked Whole Wheat Pita Chips,115,45,70,39.130434782608695
Via Italian Roast Decaf Coffee,51,26,25,50.98039215686274
Organic Original Almond Milk,10060,8142,1918,80.93439363817097
Creamy Broth with Mackerel & Vegetables Cat Food,34,23,11,67.64705882352942
Ginger Mints,31,5,26,16.129032258064516
Gf Parmesan Organic Otg,29,13,16,44.827586206896555
Ricotta Sheep Fresca,4,0,4,0.0
Light & Fit Raspberry Chocolate Nonfat Greek Yogurt,65,34,31,52.307692307692314
Cowboy Chili,16,6,10,37.5
Slant Tip Tweezers,21,0,21,0.0
Steamed White Rice,135,81,54,60.0
"Herbal Tea, Cold & Flu, Tea Bags",17,0,17,0.0
Force Flex Tall Kitchen Drawstring Bags,73,19,54,26.027397260273972
Raspberry & Chocolate Hot Cocoa Mix,10,5,5,50.0
Grenadine,62,8,54,12.903225806451612
Pro-V Smooth & Sleek Anti-Frizz Shampoo,10,1,9,10.0
Organic Whole Milk Plain Kefir,1538,1116,422,72.56176853055916
Moist Supreme Premium Cake Mix Dark Chocolate,3,0,3,0.0
Mocha Chocolate Protein Bars,29,18,11,62.06896551724138
Mounds Coconut Dark Chocolate Bars Snack Size,24,4,20,16.666666666666664
Fruit Naturals No Sugar Added Red Grapefruit in Artificially Sweetened Water Fruit,183,114,69,62.295081967213115
Graduates Strawberry Apple Puffs,209,68,141,32.535885167464116
"AFC Sushi Crunchy California Roll Special Prepared In Store, Ready To Eat",17,7,10,41.17647058823529
Original Unsweetened Apple Sauce,108,55,53,50.92592592592593
Organic Chocolate Chip Cookie Dough Ice Cream,305,124,181,40.65573770491803
Hemp Vanilla Unsweetened Non-Dairy Beverage,606,361,245,59.57095709570957
Mayo Made With Avocado Oil,1518,677,841,44.59815546772069
Hair Volume Conditioner,7,1,6,14.285714285714285
Chicken & vegetable dumplings with rice in an Asian-style dipping sauce. Asian-Style Pot Stickers,512,252,260,49.21875
World Cuisine Certified Halal Chicken Tikka Masala With Basmati Rice,2961,1427,1534,48.193177980412024
Unsweetened Family-Sized Black Iced Tea Bags,47,8,39,17.02127659574468
Peanuts,5,0,5,0.0
Matzo Meal,125,10,115,8.0
S'mores,150,56,94,37.333333333333336
Toma,414,209,205,50.48309178743962
Vanilla Snakaroons,171,92,79,53.80116959064327
"Juice Drink, Fruit & Vegetable, Lavenade",268,115,153,42.91044776119403
Espresso 72% Cacao Dark Chocolate,12,3,9,25.0
Proactive Health Hairball Care Adult Cat Food,37,19,18,51.35135135135135
Alfredo Sauce,846,344,502,40.66193853427896
"Diapers, Overnight, Free & Clear, Size 6 (35+ lbs)",148,97,51,65.54054054054053
Passion Herbal Infusion Caffeine Free Tea Bags,722,234,488,32.40997229916898
Aloe Deodorant Soap Aloe,51,17,34,33.33333333333333
Nutritive Solutions Cool Moisture,17,6,11,35.294117647058826
Jasmine & White Cotton Foaming Hand Soap,14,6,8,42.857142857142854
Crunchy Oats 'n Honey Granola,1332,707,625,53.07807807807807
Cherries,206,83,123,40.29126213592233
Red Grape 100% Juice,11,4,7,36.36363636363637
Extra Strong 30 Gallon Large Trash Bags,371,96,275,25.87601078167116
Peach Blueberry Galette,17,6,11,35.294117647058826
"Ice Cream , Cookie Dough",29,12,17,41.37931034482759
Triple Creme 70% Brie Cheese,33,9,24,27.27272727272727
Milk Chocolate Candy Bar,283,81,202,28.621908127208478
Organic Fresh Pressed Pure Lemon Juice,1140,497,643,43.59649122807018
Cheesecake Salted Caramel Cups,5,0,5,0.0
"Granola, Homestyle, Double Chocolate Chunk",97,74,23,76.28865979381443
"Chicken, Broccoli & Cheddar Frozen Sandwiches",44,12,32,27.27272727272727
Simply S&S Asian,8,1,7,12.5
Recolte Wine,166,84,82,50.602409638554214
"Muffin Mix, Strawberry Cheesecake",5,0,5,0.0
Original Alcohol Free Witch Hazel With Aloe Vera,47,6,41,12.76595744680851
Raw Organic Chia Seeds,40,8,32,20.0
Filled Twists Sweet & Sour Cherry Kick Citrus Punch Candy,40,17,23,42.5
Bluebell Hand Soap,471,123,348,26.11464968152866
Organic White Basmati Rice,4264,2103,2161,49.31988742964353
Fusion Power Razor and Cartridge,9,1,8,11.11111111111111
Orange Chilled Juice Blend,29,17,12,58.620689655172406
100 % Recycled Paper Towels,102,46,56,45.09803921568628
Dishwasher Gel Free & Clear,4244,2016,2228,47.502356267672006
"Breadsticks, Traditional",12,4,8,33.33333333333333
Ultra Liquid Control Super Glue,6,0,6,0.0
Potato Original,93,35,58,37.634408602150536
"Pasta Sauce, Vodka Sauce",583,283,300,48.54202401372213
Gooey Bites w/ Frosting,27,10,17,37.03703703703704
90 Minute Imperial Ipa,95,52,43,54.736842105263165
Organic Tomato Paste,17629,7370,10259,41.80611492427251
Charcoal Briquets,36,20,16,55.55555555555556
Hydro 5 Sensitive Razor,5,0,5,0.0
Cherry Pie Filling Or Topping,12,0,12,0.0
Special K Nourish Chewy Nut Bars Chocolate Coconut Cashew,4,0,4,0.0
"Sparkling Mineral Water, Natural Lemon Flavor",2099,1526,573,72.7012863268223
Cold Remedy Plus Natural Immune Support Orange QuickMelts,4,0,4,0.0
Dora and Friends Fruit Snacks,35,21,14,60.0
Cold Brew Coffee With Milk Chocolate,901,555,346,61.59822419533852
Caramel Macchiato Single Serve Cups & Froth Coffee Packets,11,4,7,36.36363636363637
Fruit Tray,41,12,29,29.268292682926827
Dispenser With Magic Tape,2,0,2,0.0
2nd Foods Hawaiian Delight,7,3,4,42.857142857142854
Disney/Pixar Inside Out Fruit Flavored Snacks,4,1,3,25.0
Peanut Butter Ice Cream Cup,1933,924,1009,47.801345059493016
Blackberry Seedless Jam,7,0,7,0.0
Raspberry Burst Malt Beverage,4,0,4,0.0
Sliced Turkey Pepperoni,30,14,16,46.666666666666664
HE Turbo Clean Plus Bleach Alternative Liquid Laundry Detergent,171,85,86,49.707602339181285
Smiles Mashed Potato Shapes,169,106,63,62.721893491124256
Pecorino Romano,3061,1079,1982,35.249918327344005
Rutabagas,333,106,227,31.83183183183183
Wheat Hot Dog Buns,431,146,285,33.874709976798144
Foaming Watermelon Scent Hand Soap,109,43,66,39.44954128440367
Tongs,16,0,16,0.0
Clean Linen Spray,10,4,6,40.0
Chia Kombucha,46,18,28,39.130434782608695
Nutrient Enhanced Water,437,309,128,70.70938215102976
Pork Carnitas Burrito,493,238,255,48.275862068965516
"Happy Tot Banana, Peach, Prune & Coconut Organic Superfoods",898,450,448,50.11135857461024
Disinfectant Toilet Bowl Cleaner,20,4,16,20.0
Lime Beer,58,23,35,39.6551724137931
Low Fat Plain Yogurt,5934,4108,1826,69.22817660936973
Large Vegetable Platter,22,3,19,13.636363636363635
Chalk Hill Chardonnay,13,2,11,15.384615384615385
6-18 Months Ultra Soft Toothbrush,186,51,135,27.419354838709676
Vidalia Onions,1514,745,769,49.207397622192865
Flour & Water Matzos,19,2,17,10.526315789473683
Coconut & Chia Greek Yogurt,115,74,41,64.34782608695652
Lightly Salted Roasted Pistachios,12,1,11,8.333333333333332
"Seasoning, Blackened",3,0,3,0.0
Graham Cracker Crust 9 Inch,187,34,153,18.181818181818183
"IPA, Black, Back In Black",48,19,29,39.58333333333333
"Pickles, Whole, Sweet",85,45,40,52.94117647058824
Beer Variety Pack,2,0,2,0.0
"Juice, Watermelon + Peach, Comfort",240,155,85,64.58333333333334
Lindor White Chocolate Truffles Strawberries And Cream,15,1,14,6.666666666666667
Activia Light Strawberry Blueberry Yogurt,387,198,189,51.162790697674424
Guacamole Seasoning Mix,197,98,99,49.746192893401016
Unscented Baby Wipes Soft Pack,3,0,3,0.0
Green with Honey Iced Tea,52,43,9,82.6923076923077
Fiber Gummies,6,1,5,16.666666666666664
"Bread, Gluten-Free, Multi-Grain, Deli Slice",7,1,6,14.285714285714285
Breakfast Apple Maple Chicken Sausage,84,44,40,52.38095238095239
Grain Free Chicken Formula Cat Food,1825,1298,527,71.12328767123289
Thin Crust Cheese Pizza Savory Italian Recipes,66,35,31,53.03030303030303
Organic Apricot Spread,9,3,6,33.33333333333333
Organic Alfalfa Sprouts,1626,806,820,49.56949569495695
Funyuns Bags 12 Count,8,2,6,25.0
Crayola Squeeze-A-Color Anticavity Flouride Toothpaste Tropical Twist,8,0,8,0.0
Brown Rice Ramen,18,2,16,11.11111111111111
Broccoli Rotini & Cheese Dinner,18,4,14,22.22222222222222
Toddler Cheddar & Leeks Multigrain Wheels Organic Snack,389,218,171,56.041131105398456
Spearmint Antibacterial Toilet Bowl Cleaner,147,51,96,34.69387755102041
Cake Meal Mix,12,1,11,8.333333333333332
Corn Flour,67,5,62,7.462686567164178
Organic Cheddar Bunnies,3823,2059,1764,53.858226523672506
Jojoba Oil,86,22,64,25.581395348837212
Ciabatta,2705,1715,990,63.4011090573013
Peanut Butter Pretzel Mojo,209,112,97,53.588516746411486
Melatonin NutraSpray Sublingual Orange Flavor,52,8,44,15.384615384615385
Chicken Party Wings,149,64,85,42.95302013422819
Kluski Noodles,7,1,6,14.285714285714285
Vanilla Bean Tea Bags,267,110,157,41.19850187265918
Roasted Garlic & Potato Soup,22,2,20,9.090909090909092
No Salt Added Chicken Broth,6,2,4,33.33333333333333
Organic Sunny Bears,23,2,21,8.695652173913043
Sleepytime Vanilla Caffeine Free Herbal Tea Bags,223,75,148,33.6322869955157
Frozen Mexican Style Pulled Pork Bowl,10,3,7,30.0
"Low Calorie, Sugar Free Breakfast Syrup",34,10,24,29.411764705882355
San Marzano Tomatoes Whole Peeled,7,3,4,42.857142857142854
Country Honey Whole Wheat Bread,387,220,167,56.84754521963824
Vanilla Ice Cream in wafer cups,89,58,31,65.1685393258427
Lobster Ravioli,19,10,9,52.63157894736842
Critical Omega Ultra Concentrated Essential Omega 3,12,2,10,16.666666666666664
Fudge Dipped Chocolate Chip Granola Bars,25,9,16,36.0
Napa Valley Cabernet Sauvignon,57,31,26,54.385964912280706
Multivitamin Supplement Tablets for Women 50+,9,0,9,0.0
Educational Snacks States & Capitals,3,0,3,0.0
Ocean Mist Scent 3-in-1 Laundry Detergent PODS,56,14,42,25.0
Organic Super Dark Chocolate Cups With Peanut Butter Centers 6 Count,27,13,14,48.148148148148145
Dishmate Lavender DIsh Liquid,417,145,272,34.77218225419664
Recharge Thirst Quencher With Electrolytes Grape,293,192,101,65.52901023890784
Vegetable with Mushrooms Soup Mix,38,18,20,47.368421052631575
Large Enriched Bread,1930,1323,607,68.54922279792746
Glass Cook Top Cleaner,32,4,28,12.5
Chocolate Chip Energy Bars,79,40,39,50.63291139240506
Crispy Jalapenos,16,5,11,31.25
Organic Whole Wheat Sourdough Bread,1514,951,563,62.81373844121533
Chocolate Covered Banana Bites,417,217,200,52.038369304556355
Sleek Super Plus Unscented Tampons,28,14,14,50.0
Toilet Bowl Cleaner Clinging Bleach Gel,384,74,310,19.270833333333336
Spaghetti & Meatballs - 4 PK,9,7,2,77.77777777777779
French Fries,32,8,24,25.0
Original Ground Coffee,212,117,95,55.188679245283026
"Truffles, Organic, Kickin' Cayenne",3,1,2,33.33333333333333
Les Petites Fromage Garlic & Herb,34,10,24,29.411764705882355
Thyme Automatic Dishwashing Detergent Pods Thyme & Fig 24 loads,19,5,14,26.31578947368421
Free Range Jumbo Eggss,434,313,121,72.11981566820278
Light Semisoft Cheese,7472,4878,2594,65.28372591006423
Pejoy Chocolate Cream Filled Biscuit Sticks,14,9,5,64.28571428571429
Potato Chips Regualr Party Size Original,14,0,14,0.0
Sea Salt Potato Tomato & Spinach Garden Veggie Sticks,293,152,141,51.877133105802045
"Cream Of Chicken, Family Size",122,43,79,35.24590163934426
"Herbal Laxative, Tabs",23,5,18,21.73913043478261
Excellence Creme Triple Protection Color 5 Medium Brown,5,0,5,0.0
"Smokehouse Sugar Free Barbeque Sauce Maple Brown, Gluten Free",15,5,10,33.33333333333333
Sooo Good Light Roast Coffee,1355,972,383,71.73431734317344
Deep Clean Invigorating Foaming Scrub,90,25,65,27.77777777777778
Party Mix Crunch Mixed Grill Cat Treats,48,26,22,54.166666666666664
Arctic Cod Liver Oil Lemon,9,1,8,11.11111111111111
Age Defying Body Wash Pump,12,2,10,16.666666666666664
30 Minute Marinade Caribbean Jerk,11,1,10,9.090909090909092
"Toothbrush Sanitizer, Snap-On, Fresh Mint Aroma",20,3,17,15.0
Green Tea,1124,717,407,63.79003558718861
Classic Baby Creamers Potatoes,1164,530,634,45.53264604810997
Pure Cornstarch Baby Powder,8,2,6,25.0
Glucose Control Very Vanilla Nutritional Drink,11,4,7,36.36363636363637
Organic Raw Honey,1011,375,636,37.0919881305638
Marsala Cooking Wine,238,39,199,16.386554621848738
Apple Cinnamon Candle,3,0,3,0.0
Garlic And Herb,21,7,14,33.33333333333333
Petites Calcium Supplement,6,1,5,16.666666666666664
Apple Kombucha,45,10,35,22.22222222222222
Traditional Plain Greek Yogurt,8371,5417,2954,64.71150400191135
Delicate Wafers Layered with Chocolate Creme and Covered in a Milk Chocolatey Coating Milk Chocolate Candy,185,114,71,61.62162162162163
Light Vanilla Almond Milk,946,567,379,59.936575052854124
Tree Free Ultra Soft Bath Tissue - 4 CT,106,68,38,64.15094339622641
Clear Cups,214,95,119,44.39252336448598
H-35 Medium Brown Men's Hair Color,6,1,5,16.666666666666664
1/2 Caff Classic Medium Roast,8,3,5,37.5
Grape Sports Drink,117,80,37,68.37606837606837
Green Tea Lemon Ginger Organic Tea,183,61,122,33.33333333333333
Clear Plastic Wrap,306,60,246,19.607843137254903
Homemade Style Pizza Sauce,510,195,315,38.23529411764706
Brilliance Premium Strength Special Occasion Flatware,30,13,17,43.333333333333336
Cereal Cup,77,39,38,50.649350649350644
Organic Yellow Potatoes,11,1,10,9.090909090909092
Dark Magic Extra Bold Dark Roast Coffee K Cups,653,436,217,66.7687595712098
Swirl Thick Slice Pumpkin Spice Bread,21,7,14,33.33333333333333
Decorating Decors Green Sugar,21,1,20,4.761904761904762
Organic Ville Organic Pasta Sauce Marinara,615,285,330,46.34146341463415
Creole Seasoning,8,0,8,0.0
Organic Whipped Naturally Buttery Spread,12648,6955,5693,54.98893105629349
Men's Shave Gel Sensitive Skin Twin Pack,25,6,19,24.0
Mini Babybel Mozzarella Cheese,2235,1354,881,60.581655480984345
Original Tequila Reposado,41,14,27,34.146341463414636
Chopped Pecans,4806,1594,3212,33.16687473990845
Honey Stix,33,17,16,51.515151515151516
Chipotle Chile,31,1,30,3.225806451612903
Nasal Allergy Relief Nasal Mist,5,0,5,0.0
Atlantic Dulse,11,1,10,9.090909090909092
Apple Crumb Cake,4,0,4,0.0
Rosemary Mini Croccantini,3621,2249,1372,62.109914388290534
Sticky White Rice Family Style Side Dish,295,182,113,61.694915254237294
"Original Chai Latte, Canister",20,8,12,40.0
Rice Dream Frozen Vanilla Dessert Bites,186,93,93,50.0
Medium Square Containers & Lids,496,132,364,26.61290322580645
Cranberry Cocktail,44,20,24,45.45454545454545
Water BABIES® Pure & Simple Sunscreen Lotion with SPF 50,21,0,21,0.0
Hamburger Buns Whole Grain,114,26,88,22.807017543859647
White Birthday Candles,6,0,6,0.0
Nordic Omega-3 Fishies 300 mg Chewables,52,18,34,34.61538461538461
Plastic Blue Bowls,8,1,7,12.5
Acidophilus Active Cultures Pearl Capsules,11,6,5,54.54545454545454
Organic Strawberry Je Ne Sais Quoi Ice Cream,231,76,155,32.900432900432904
Pure Peppermint Extract,1,0,1,0.0
Hearty Raisin Cereal,49,25,24,51.02040816326531
Vienna Sausage In Chicken Broth,210,115,95,54.761904761904766
Velvet Touch Soft Touch Handle Detangle & Style Brush,6,0,6,0.0
Assorted Candy,77,35,42,45.45454545454545
Tawny Port,10,1,9,10.0
Beef Hot Links,6,1,5,16.666666666666664
Coconut Vanilla Creme Miracle Tart,428,222,206,51.86915887850467
Cilantro Avocado Yogurt Dressing,870,288,582,33.10344827586207
Mini Oyster Crackers,3,0,3,0.0
Original Kids Shampoo,3,0,3,0.0
Beeswax Cake Candle - 1,15,0,15,0.0
Light Grape Juice Beverage,29,13,16,44.827586206896555
YoKids Organic Low Fat Strawberry Banana Yogurt,22,5,17,22.727272727272727
Organic Quinoa Fusilli Pasta Gluten Free,812,528,284,65.02463054187191
"Free & Clear Laundry Detergent, 3x Concentrated, HE",177,104,73,58.75706214689266
Ready to Bake! Pre-Cut Holiday Sugar Cookies,3,0,3,0.0
Arroz Rice with Vegetables,63,33,30,52.38095238095239
Peanut Butter Chocolate Chewy Snack Bar,3,1,2,33.33333333333333
Sweet Dreams Whole Grain Enrobed in Dark Chocolate Organic Rice Cakes,324,221,103,68.20987654320987
Coconut Hibiscus Conditioner,26,1,25,3.8461538461538463
Medium Diced Tomatos With Green Chilis,6,0,6,0.0
Fine Mediterranean Sea Salt,56,13,43,23.214285714285715
Blackberry Blast,35,21,14,60.0
Oatmeal & Shea Butter Body Wash,290,109,181,37.58620689655172
71% Virgin Dark Chocolate With Sea Salt Bar,19,5,14,26.31578947368421
Prime Cuts Homestyle With Beef In Gravy Dog Food,40,30,10,75.0
Organic Mint Galactica Non-Dairy Frozen Dessert,314,118,196,37.57961783439491
Maximum Absorbency Large Guards for Men,25,20,5,80.0
Smart Ones Spaghetti with Meat Sauce,101,41,60,40.5940594059406
Organic Italian Dressing,1805,518,1287,28.698060941828256
Frappuccino Mocha,181,97,84,53.591160220994475
"Ramen Noodle Soup, Beef Flavor, Family Pack",149,70,79,46.97986577181208
Strawberry Vinaigrette Dressing,7,1,6,14.285714285714285
Fresh Citrus Antibacterial Hand Soap Moisturizers,23,4,19,17.391304347826086
Pleasure Pack Lubricated Ultra Fine Latex Condoms,6,0,6,0.0
Light & Fit Crunch Strawberry Cheesecake Yogurt,93,48,45,51.61290322580645
Stevia Plus Powder,37,20,17,54.054054054054056
Organic Peanut Powder Original,62,24,38,38.70967741935484
Ocean Middles Cat Treats Salmon & Tuna,57,42,15,73.68421052631578
Organic Whole Grain Rosemary Blend Quinoa & Rice,100,27,73,27.0
Cotto Salami,427,244,183,57.14285714285714
Quick Grits Potato Crisps Stax,184,113,71,61.41304347826087
Vegan Cheddar Mac & Cheese,1278,760,518,59.4679186228482
Ultimate Flora Mega Potent 150 Billion Probiotic Vegetabe Capsules,74,35,39,47.2972972972973
G Series Perform Lemon-Lime Sports Drink,421,291,130,69.12114014251782
Sliced Mangos,192,93,99,48.4375
True Fruit Peach Chunks,2,1,1,50.0
Good & Clean - Daily Detox Foaming Cleanser,21,5,16,23.809523809523807
Organic Boneless Skinless Chicken Thighs,1060,559,501,52.735849056603776
Soup Bones Real Chicken & Veggies Flavor Chew Bones,4,0,4,0.0
Crunchy Rice Rollers,1705,856,849,50.20527859237537
Slow Churned No Sugar Added Vanilla Ice Cream,178,110,68,61.79775280898876
Erewhon Organic 100% Whole Grain Honey Rice Twice Cereal,294,205,89,69.72789115646259
Deep Green Blends Kale,1163,642,521,55.20206362854686
Multipack Flavor Mix,171,95,76,55.55555555555556
Plain Cashews,9,2,7,22.22222222222222
Milk Chocolate Covered Pretzels,471,235,236,49.89384288747346
Light & Fit Greek Raspberry Chocolate,166,112,54,67.46987951807229
Ultra Soft 2-Ply Toilet Paper Double Rolls & Bonus Regular,37,7,30,18.91891891891892
Non-Fat Strawberry Icelandic Yogurt,24,11,13,45.83333333333333
Bistro Style Oven Roasted Turkey Breast,12,1,11,8.333333333333332
Milk Chocolate Almond Bar,1033,699,334,67.66698935140369
Elderflower Liqueur,39,5,34,12.82051282051282
Dark Cacao Organic Chocolate,85,52,33,61.1764705882353
Apricot Pear Carrot Beet Bar,28,14,14,50.0
Organic Whole O's Cereal,162,98,64,60.49382716049383
Vegetable Classics Southwestern-Style Corn with Potatoes & Peppers Soup,9,2,7,22.22222222222222
Mini Cheeseburgers,88,40,48,45.45454545454545
Sugar Free Rosemary & Roasted Garlic Vinaigrette,95,29,66,30.526315789473685
"Mac & Cheese, with Roasted Poblanos and Chicken",18,4,14,22.22222222222222
Pink Grapefruit Foaming Scrub,18,5,13,27.77777777777778
Brandy,223,130,93,58.29596412556054
Taco Flavor Tortilla Chips,20,5,15,25.0
Yakisoba Instant Noodle Soup,67,26,41,38.80597014925373
Yogurt Covered Almonds,37,19,18,51.35135135135135
Cheese & Pepperoni Mini Bagels,1445,810,635,56.05536332179931
Whole Grain Wheat Couscous Original Plain,39,11,28,28.205128205128204
Berry Blend Dried Fruit,8,1,7,12.5
Parmesan Cheese Breadstick,123,80,43,65.04065040650406
Mango Coconut Splash Beverage,9,3,6,33.33333333333333
Greek Yogurt Flip Carrot Cake Creation,49,15,34,30.612244897959183
"Plantain Chips, Sweet",325,209,116,64.3076923076923
Kosher Dills Fresh Pack Pickles,25,4,21,16.0
Tidy Cats 24/7 Performance Cat Litter,57,34,23,59.64912280701754
Sprouted Wheat Bread,171,106,65,61.98830409356725
Sport Plant-Based Berry Flavor Performance Protein Drink Mix,18,4,14,22.22222222222222
Mr Pita Plain Pita Bread,610,295,315,48.36065573770492
Broccoli Crowns,308,165,143,53.57142857142857
Meatless & Soy-Free Vegan Burgers 4 Count,92,55,37,59.78260869565217
"Storage Container, White lid",11,1,10,9.090909090909092
"Invisible Dry Antiperspirant/Deodorant, Shower Fresh",43,7,36,16.27906976744186
Peas Baby 2nd Foods,11,2,9,18.181818181818183
Savoiardi Lady Finger Cookies,3,0,3,0.0
Fierce Grape Thirst Quencher,214,107,107,50.0
"Tea Sachets, Assam",36,16,20,44.44444444444444
"SportsDrink, Orange Flavored",478,267,211,55.85774058577406
Pop-Tarts Frosted Brown Sugar Cinnamon Toaster Pastries,1316,831,485,63.14589665653495
Bold Purple Vanilla Funfetti Frosting,18,1,17,5.555555555555555
Advance White Extreme Whitening Baking Soda & Peroxide Twin Pack Toothpaste,114,46,68,40.35087719298245
Adobo Seasoning,21,0,21,0.0
Primordial Himalayan Sea Salt,950,299,651,31.473684210526315
Everyday Soak Proof Foam Plates,214,98,116,45.794392523364486
Diet Cranberry Pomegranate Juice,270,181,89,67.03703703703704
Low Sodium American Cheese,55,41,14,74.54545454545455
Unsweet Blackberry Sparkling Water,594,404,190,68.01346801346801
Vanilla Maple Frozen Dessert,1078,730,348,67.71799628942486
Miconazole 7 Vaginal Antifungal Cream,33,0,33,0.0
Oats & Peanut Butter Chewy Bars,237,148,89,62.447257383966246
Sweet & Sour Chicken With Vegetables,23,7,16,30.434782608695656
Organic Hazelnut Spread,2249,1238,1011,55.04668741662962
Frosted Mini Donuts,27,19,8,70.37037037037037
Organic Chocolate Coconut Milk,27,5,22,18.51851851851852
Hot Cinnamon Sunset Black Tea,36,14,22,38.88888888888889
Aloe Vera Juice Whole Leaf Dietary Supplement,65,34,31,52.307692307692314
Slow Roasted Pumpkin Seeds Chili Lime,35,12,23,34.285714285714285
Organic Quick Rolled Oats,1344,824,520,61.30952380952381
Gluten Free Sprouted Seed Bread,384,255,129,66.40625
Lemon Furniture Polish,15,2,13,13.333333333333334
Sriracha Popcorn,80,27,53,33.75
Sourdough Rye Thin Crispbread,154,72,82,46.75324675324675
100% Pure Essential Oil Patchouli,7,0,7,0.0
Orange Grapefruit Lemon Cold Pressed Juice Beverage,34,15,19,44.11764705882353
Beyond Salmon & Sweet Potato Dog Food,43,16,27,37.2093023255814
"Stain Remover & Color Booster, Lavender",8,3,5,37.5
Quinoa with Vegetables,4,0,4,0.0
Gluten Free Breaded Chicken Patties,93,51,42,54.83870967741935
Dark Blackout Organic Chocolate,2676,1717,959,64.16292974588939
Sliced Cooked Ham,433,214,219,49.42263279445728
"Cut Crystal 10\"" Plastic Plates",89,24,65,26.96629213483146
Pet High Traffic Area Foam Easy Clean Pro Refill Cleaner,123,31,92,25.203252032520325
"Almondmilk, Reduced Sugar, Original",26,7,19,26.923076923076923
Multi Grain English Muffins,243,136,107,55.96707818930041
Protein Energy Bar Original French Vanilla Creme,280,185,95,66.07142857142857
Sliced Buns,272,95,177,34.92647058823529
Garden Herb Triscuit Crackers,221,98,123,44.34389140271493
SPF 30 Tinted Mineral Moisturizer - Sand,8,0,8,0.0
Plain Panko Bread Crumbs,58,16,42,27.586206896551722
"Wine Glasses, Plastic, Clear, 12 oz",7,1,6,14.285714285714285
Supremo Pork Chorizo 12 Oz.,117,51,66,43.58974358974359
Island Mango Premium Fruit Snacks,564,428,136,75.88652482269504
The Very Finest Norwegian Fish Oil Liquid,18,4,14,22.22222222222222
Lemon Oil Conditions & Protects Wood Furniture,20,3,17,15.0
180 Dusters Refill,96,13,83,13.541666666666666
Rice Veggie Blend,44,10,34,22.727272727272727
Assorted Sheer Strip Bandages,313,23,290,7.348242811501597
Zucchini Soufflé,548,255,293,46.53284671532847
Parmigiano Reggiano Cheese,68,15,53,22.058823529411764
Sparkling Lemon Seltzer,257,168,89,65.36964980544747
Kiwi Beet & Pear Strawberry Pouch,306,158,148,51.633986928104584
Wellbites Chicken And Venison Recipe,17,4,13,23.52941176470588
"Bread, Sliced, Extra Sourdough",705,322,383,45.673758865248224
Natural Lime Flavor Sparkling Mineral Water,3518,2634,884,74.8720864127345
Multi-Cat Extra Strength Clumping Unscented Cat Litter,246,156,90,63.41463414634146
Baci Dark Chocolate with Whole and Chopped Hazelnuts,45,38,7,84.44444444444444
"Dill, Sea Salt & Olive Oil Crackers",533,281,252,52.72045028142589
Original Potato Popped Chip Snack,373,201,172,53.88739946380697
Rice Cake Sweet Vanilla,7,2,5,28.57142857142857
Whole Wheat Pastry Flour,52,14,38,26.923076923076923
Dry Vitamin D 1000 IU Tablets,7,1,6,14.285714285714285
Verde Salsa,1683,611,1072,36.30421865715983
The Complete Cookie Snickerdoodle,56,32,24,57.14285714285714
"Jalapenos, Nacho Sliced",207,55,152,26.570048309178745
Herb Crackers,3970,1971,1999,49.64735516372796
Aromatherapaes Sore Muscle Therapy Spa Bath Mix Sachets,8,1,7,12.5
Lean Smoked Ham,130,79,51,60.76923076923077
Red Mild Enchilada Sauce,602,168,434,27.906976744186046
Organic Bake at Home French Bread,86,23,63,26.744186046511626
Lattice Cherry Pie,9,4,5,44.44444444444444
Teriyaki Noodles,11,4,7,36.36363636363637
Top Shelf Margarita Mix,3,0,3,0.0
Organic Selled Edamame,166,103,63,62.048192771084345
Vitamin C Renewal Cream,11,5,6,45.45454545454545
Chocolate Chip Cookie Dough Bar,1795,1043,752,58.105849582172695
Albacore Solid White Tuna,24,14,10,58.333333333333336
Facial Moisturizing Lotion PM,41,9,32,21.951219512195124
HobNobs Biscuits,5,0,5,0.0
Cheddar Cheese Mashed Potatoes,9,5,4,55.55555555555556
Stainlifters Small & Mighty Super Concentrated Liquid Laundry Detergent,377,203,174,53.84615384615385
Organic Blueberry Smoothie,26,12,14,46.15384615384615
Soothing Diaper Cream,29,11,18,37.93103448275862
French Beans,676,342,334,50.591715976331365
"Chicken Sausage, Smoked, Pineapple & Bacon",169,115,54,68.04733727810651
Dark Chocolate Frozen Dessert bars,1203,753,450,62.593516209476306
Saucesations with Beef in Garden Sauce Cat Food,26,20,6,76.92307692307693
Click Regular Unscented Tampons,307,66,241,21.49837133550489
Lump Crab Meat,37,13,24,35.13513513513514
Crispy Crunchy Chickpeas for Snacking & Topping Sea Salt Lightly Dusted With Coarse Salt,52,13,39,25.0
Shreds Green Leaf Salad,30,3,27,10.0
Smooth as Silk Shampoo,296,76,220,25.675675675675674
"Salsa, Roja, Hot",3783,2420,1363,63.97039386730108
Premium Diet Black Cherry Soda,157,87,70,55.4140127388535
Simply Bake Roasted Garlic & Butter Salmon Fillets,107,17,90,15.887850467289718
Beef Bologna,807,453,354,56.13382899628253
Organic Spelt Berries,7,0,7,0.0
Santa Cruz Sourdough,711,463,248,65.11954992967651
Shiitake Sesame Vinaigrette,99,33,66,33.33333333333333
Aqua with Vitamin E Refreshing Soap,34,12,22,35.294117647058826
Exhilarations White Lavender & Sandalwood Fabric Softeners,133,23,110,17.293233082706767
Organic Macaroni & Cheese Alphabet Dinner,28,8,20,28.57142857142857
Indian Samosa Wrap,1622,947,675,58.38471023427867
Blue Edition Blueberry Energy Drink,27,13,14,48.148148148148145
The Original Ranch Buttermilk Recipe Salad Dressing And Seasoning Mix,144,56,88,38.88888888888889
Raw Chocolate Cacao Nibs,1211,375,836,30.96614368290669
Mandarin Mango Hand Soap,4,0,4,0.0
Squeezable Pouches Apple Sauce,239,138,101,57.74058577405857
Organic Citrus,62,23,39,37.096774193548384
Rising Crust Sausage & Pepperoni Pizza,336,126,210,37.5
"Club Minis Crackers, Original",85,25,60,29.411764705882355
Freshmates Double Pack Adult Flushable Wipes,884,456,428,51.58371040723983
"Black Olives, Organic, Pitted",302,80,222,26.490066225165563
Salted Caramel Cookies,12,3,9,25.0
Steamers Chicken Fettuccine Alfredo,18,4,14,22.22222222222222
Chicken & Dumplings Organic Soup,661,266,395,40.24205748865356
Gluten-Free Red Hot Blues Made with Organic Blue  Corn Tortilla Chips,3750,2456,1294,65.49333333333334
Chocolate Peppermint Stick Bar,2302,1529,773,66.42050390964378
Wheat Hamburger Buns,761,344,417,45.203679369250985
Minnesota Twins Original Hot Dog,8,2,6,25.0
Lite Creamy Fudge Bars,107,60,47,56.074766355140184
Greek Non-Fat Yogurt Strawberry,39,11,28,28.205128205128204
Bites Ft Bbq Burger,6,0,6,0.0
Sweet Red Grape Tomatoes,3268,1374,1894,42.04406364749082
SPF 15 Oil Free Moisture,31,2,29,6.451612903225806
Belgium Dark Chocolate,53,25,28,47.16981132075472
"Black Tea, Invigorating, Organic Peach",2,0,2,0.0
White Chocolate Raspberry Protein Bar,154,118,36,76.62337662337663
You're My Boy Blueberry Bourbon Jam,11,0,11,0.0
Colorific Plumeria Conditioner,63,17,46,26.984126984126984
Guacamole Zesty Dip,23,9,14,39.130434782608695
Extra Aged Gouda Cheese,22,3,19,13.636363636363635
Bone Strength Take Care Supplements,9,2,7,22.22222222222222
100% Vegetarian Oregano Oil Herbal Supplement,14,3,11,21.428571428571427
Lemon Curd Pot De Creme,154,61,93,39.61038961038961
Original Creme De Brie Spreadable Cheese,176,77,99,43.75
Ultra Downy Infusions Amber Blossom Fabric Softener Sheets 105 Count,6,0,6,0.0
Less Sodium Soy Sauce Dispenser Bottle,97,10,87,10.309278350515463
Antibacterial All Purpose Disinfecting Cleaner,68,21,47,30.88235294117647
Naturally Rising Crust Sausage & Pepperoni Pizza,12,6,6,50.0
Vitamin D3 Cholecalciferol 5000 IU,26,3,23,11.538461538461538
Febreze Meadows & Rain Scent Multi Purpose Cleaner,252,116,136,46.03174603174603
Medicated Lip Ointment,43,10,33,23.25581395348837
Duos Natural Rotisserie Chicken Flavor Cat Treats,6,1,5,16.666666666666664
Liquid Premium Coconut Oil Original,11,1,10,9.090909090909092
The Original Wheat Biscuits,23,10,13,43.47826086956522
Strawberry Fields Cheesecake Vegan Gluten-Free,29,18,11,62.06896551724138
Classic Recipe Milk Chocolate Bar,433,237,196,54.734411085450354
"Automatic Dish Powder, Grapefruit Seed & Orange Peel Extract",27,5,22,18.51851851851852
Caramelized Onion with Smoke Paprika Hummus,11,4,7,36.36363636363637
Chocolate Flavored Milk Powder,130,65,65,50.0
Coffee Filters Basket Style 8 to 12 Cup,100,12,88,12.0
Chardonnay Y Block Santa Barbara,6,1,5,16.666666666666664
Fish & Chips,27,12,15,44.44444444444444
Frozen Concentrated Original Orange Juice,193,73,120,37.82383419689119
Reduced Sodium Aluminum-Free Baking Powder,117,9,108,7.6923076923076925
Base Peanut Butter Chocolate Protein Bar,519,326,193,62.813102119460495
Organic Bok Choy,18,5,13,27.77777777777778
"Proactive Health Food With Hairball Care, Cat Food",15,4,11,26.666666666666668
Crumbled Tomato Basil Goat Cheese,4,0,4,0.0
Organic Poblano Pepper,362,67,295,18.50828729281768
Tolnaftate Deodorant Powder Spray Antifungal,8,0,8,0.0
Buckwheat Pancake & Waffle Whole Grain Mix,80,16,64,20.0
Just Ranch Salad Dressing,37,11,26,29.72972972972973
Everyday Coated Paper Plates,121,36,85,29.75206611570248
Pinto Beans No Salt Added,4170,1984,2186,47.5779376498801
Tropical Coconut Blend Frozen Fruit,20,6,14,30.0
ConcenTrace Trace Mineral Drops,19,4,15,21.052631578947366
rich kiss Olive & Aloe Moisturizer 2 in 1,16,2,14,12.5
SmartBlend Lamb & Brown Rice Entree Wet Dog Food,5,0,5,0.0
Chips Ahoy Hot Cocoa Cookies,3,0,3,0.0
Gluten Free Protein Bar Strawberry Cheesecake,13,4,9,30.76923076923077
Slow Churned Light Vanilla Bean Ice Cream,453,198,255,43.70860927152318
Whole Grain White Sesame Seed Hamburger Buns,405,177,228,43.7037037037037
Sliced Carrots,74,27,47,36.486486486486484
"Pickles, Okra, Crisp, Hot",87,35,52,40.229885057471265
100% Pure Olive Oil,101,26,75,25.742574257425744
Ancient Grain Flakes Cereal,49,30,19,61.224489795918366
Organic Shallot,490,190,300,38.775510204081634
Vegenaise Tartar Sauce,81,27,54,33.33333333333333
Black Elderberry Extract,13,2,11,15.384615384615385
Classic Pate Mariner's Catch Cat Food,287,198,89,68.98954703832753
Hoisen Sauce,533,82,451,15.384615384615385
Organics Mixed Berries,4,0,4,0.0
Popcorn Vegan Buttery Flavor,618,347,271,56.148867313915865
Cold Brew Coffee Salted Caramel,9,2,7,22.22222222222222
Whole Dill Pickles,23,6,17,26.08695652173913
Chive & Onion Cream Cheese Spread,930,515,415,55.376344086021504
Southern Butter Pecan Gelato,842,275,567,32.66033254156769
Garlic Hummus,8179,4726,3453,57.78212495415087
"Probiotic Drink, Plain",5,3,2,60.0
Swaddlers Diapers Size 1,127,36,91,28.346456692913385
Nylon Turner,5,0,5,0.0
Swaddlers Size 4 Giant Pack Diapers,208,117,91,56.25
Thai Chile Pepper,24,1,23,4.166666666666666
Sea Salt Baked Fresh Pasta Snack,20,14,6,70.0
Cultured Buttermilk,213,98,115,46.009389671361504
Mediterranean Thin Crust Pizza,2186,1256,930,57.45654162854529
0% Fat Black Cherry Greek Yogurt y,124,84,40,67.74193548387096
Volumizing Dry Shampoo,55,7,48,12.727272727272727
Decorating Decors Stars,34,0,34,0.0
Dried Blueberries & Cranberries,11,6,5,54.54545454545454
Soft Eating Gluten-Free Peach Licorice,6,0,6,0.0
Fridge Fresh Refrigerator Air Filter,102,25,77,24.509803921568626
Organic Vanilla Extract,9450,2268,7182,24.0
Original Seasoned Salt,417,139,278,33.33333333333333
Italian Chopped Salad Kit,59,39,20,66.10169491525424
Whole Almonds,12474,6905,5569,55.35513868847202
Sweet Chili With Roasted Peanuts Snack,35,23,12,65.71428571428571
Marvel Avengers Assemble Ice Pops,94,51,43,54.25531914893617
Ravioli With Mushroom,45,16,29,35.55555555555556
Calcium+D3 Slow Release 1200 Calcium Supplement,5,1,4,20.0
Organic Decaf Black Tea,263,100,163,38.02281368821293
Vanilla Almond Milk,634,356,278,56.15141955835961
Organic Pure Icelandic Nonfat Yogurt,209,155,54,74.16267942583733
Original Strawberry Kiwi Low Fat Yogurt,127,65,62,51.181102362204726
2nd Foods Ham & Ham Gravy,157,120,37,76.43312101910828
Round Toothpicks,587,24,563,4.088586030664395
Milano Toasted Marshmallow Cookies,16,4,12,25.0
Spinach And Ricotta Ravioli,1384,703,681,50.79479768786127
Gluten Free Rosemary Herb Lentil Crackers,67,23,44,34.32835820895522
Organic Vanilla Hemp Shake,8,0,8,0.0
Chicken Flavored Bone 4 Inch Dog Chew,224,109,115,48.660714285714285
Meatless Country Potato Sausage,71,27,44,38.028169014084504
"Tempeh, Organic, Soy Cake",175,87,88,49.714285714285715
New Orleans Iced Coffee,7011,5540,1471,79.01868492369134
Grilled Salmon,357,260,97,72.82913165266106
"Holiday Tea Trio- Dream by the Fire, Comfort and Joy, & Peppermint Bark",3,0,3,0.0
Complete Mix Cheese Garlic,22,6,16,27.27272727272727
Overnight Relief Stool Softener,8,3,5,37.5
Italian Sauce Flavored With Meat,52,27,25,51.92307692307693
"Pasta Sauce, Classic Marinara",51,22,29,43.13725490196079
Mushroom Pieces & Stems,262,153,109,58.396946564885496
Halloween Variety Bag,14,5,9,35.714285714285715
Stir Fry Mix,28,10,18,35.714285714285715
Cookies & Cream Baked Graham Snacks,10,5,5,50.0
Light & Fit Strawberry Yogurt,60,30,30,50.0
Low-Fat Strawberry Banana on the Bottom Greek Yogurt,4060,2811,1249,69.23645320197043
Pro-Health Stages Disney Princess Manual Kid's Toothbrush,2,0,2,0.0
Clean Comfort Body and Face Wash Pump,19,2,17,10.526315789473683
Natural Nipple Butter,9,0,9,0.0
Guava,21,7,14,33.33333333333333
Doubleshot Light Espresso and Cream Coffee Drink,882,572,310,64.85260770975057
Organic Chewy Chocolate Banana Bites,1370,807,563,58.9051094890511
Hydro Silk Sensitive Care Razor,7,0,7,0.0
Almond Joy Mini Creamers,3,0,3,0.0
Ready to Serve Brown & Wild 4.4 Oz Rice,279,133,146,47.67025089605735
Women's Prenatal Multivitamin with DHA Tablets,14,4,10,28.57142857142857
"CheeseCrisps, Cheddar & Asiago",111,62,49,55.85585585585585
Baby Bedtime Bubble Bath,31,6,25,19.35483870967742
Original Pork Links Sausage,191,121,70,63.35078534031413
Blueberry Mini Muffins,222,98,124,44.14414414414414
Chipotle Chile Pepper,51,3,48,5.88235294117647
Superfruit Slam Meal Bar,58,30,28,51.724137931034484
Electrolyte Stamina Power Pak 1200mg - Lemon Lime,4,2,2,50.0
Valenica Orange Eznzyme Drain Maintainer,17,7,10,41.17647058823529
Organic Capellini Whole Wheat Pasta,342,182,160,53.216374269005854
Sliced White Bread,34,18,16,52.94117647058824
Organic Maca Mocha Elixir,446,295,151,66.14349775784754
French Vanilla Chai Tea,10,2,8,20.0
Milk Chocolate with Butter Biscuit,286,160,126,55.94405594405595
Natural Monterey Jack Cheese,233,118,115,50.64377682403433
Pabst,31,16,15,51.61290322580645
Cinnamon Rolls with Icing,12102,7183,4919,59.35382581391505
Flame Grilled Beef & Onion Patty,23,5,18,21.73913043478261
Cinnamon Chex Cereal,396,235,161,59.34343434343434
Asian Vegetable Ramen,1343,538,805,40.059568131049886
Milk Chocolate Pretzels,588,349,239,59.353741496598644
Protein And Fiber Chocolate Peanut Butter Bar,35,17,18,48.57142857142857
Fresh Frozen Vegetables Asparagus Spears,75,37,38,49.333333333333336
Organic Tamari Dry Roasted Almonds,5,0,5,0.0
White Meat Chicken Taquitos,641,317,324,49.453978159126365
Fusilli Corti Bucati 108,40,23,17,57.49999999999999
Sweet Cream Unsalted Sweet Butter Sticks,210,92,118,43.80952380952381
Original Cafe Mix Granola,768,508,260,66.14583333333334
Vegetarian Vegetable Condensed Soup,482,242,240,50.20746887966805
Low Sodium Garbanzos,8,1,7,12.5
Pink Sugar Sprinkles,18,0,18,0.0
5 Cobalt Cooling Peppermint Sugar Free Gum,139,79,60,56.83453237410072
Pink Grapefruit Sparkling Water,8,2,6,25.0
Sugar Free Cherry Sore Throat Spray,28,1,27,3.571428571428571
Hakata Noodle Ramen,115,31,84,26.956521739130434
Quince,23,1,22,4.3478260869565215
Italian Sausage & Peppers Pasta Sauce,56,21,35,37.5
Kalamata Olives,75,18,57,24.0
One All-In-One Nutritional Shake Chocolate Drink Mix,144,63,81,43.75
Cold Snap,11,4,7,36.36363636363637
Organic Cocoa,23,8,15,34.78260869565217
Lemon Lime Sparkling Energy Water,19,9,10,47.368421052631575
Most Pulp 100% Orange Juice,135,81,54,60.0
Green Tea with Jasmine Tea Bags,10,5,5,50.0
Parsley Herb Grinder,10,0,10,0.0
Clean Linen Concentrated Bleach,181,71,110,39.226519337016576
Organic Chopped Roasted Garlic,304,78,226,25.657894736842106
Specialties Fresh Cut Green Lima Beans,56,24,32,42.857142857142854
Crema E Gusto Dark Roast Ground Coffee,72,32,40,44.44444444444444
Chicken Kabobs,13,1,12,7.6923076923076925
Pre-Steamed Vegetable & Pork Dumplings,15,4,11,26.666666666666668
"Pro-Health Toothbrush, Medium",36,10,26,27.77777777777778
Vodka Vanilia,46,39,7,84.78260869565217
Creamy Oat Bran Hot Cereal,16,1,15,6.25
Whole Kernel Corn Golden Sweet,297,117,180,39.39393939393939
Organic Unsweetened Creamy Cashewmilk,1146,776,370,67.71378708551484
Sensor 2 Plus Disposable Razors,15,5,10,33.33333333333333
Mild Chunky Salsa,3571,1496,2075,41.89302716325959
Pods + Febreze 4-in-1 Odor Defense Botanical Rain Scent Laundry Detergent Pacs,56,12,44,21.428571428571427
Organic Clear Fiber Gluten-Free Fiber Supplement,26,4,22,15.384615384615385
Intense Dark Toffee Interlude Chocolate,47,26,21,55.319148936170215
Original Gluten-Free Pizza Crust,8,3,5,37.5
"Honey Wheat Flatbread Bacon, Egg & Cheese Sandwiches",33,21,12,63.63636363636363
Greek 100 Protein Vanilla Fat Free Yogurt,1165,673,492,57.76824034334764
Cinnamon Roll Bar,796,417,379,52.38693467336684
Night Time Cold & Cough Syrup Grape Flavor,48,7,41,14.583333333333334
Gluten Free Ground Breakfast Sausage Meat,24,9,15,37.5
Organic Inner Fillet Aloe Vera Juice,143,68,75,47.55244755244755
Steamed Chicken Teriyaki,6,1,5,16.666666666666664
Powder Fresh Air Freshener Spray,49,12,37,24.489795918367346
Greek Strawberry Fat Free Yogurt,11,2,9,18.181818181818183
Herbs Lime Leaves,4,2,2,50.0
Pure Goat Milk Cheese Log,1389,707,682,50.89992800575954
Roasted Hazelnut Oil,59,8,51,13.559322033898304
"Permanent Double Sided Tape (1/2\"" x 12.5 yd)",45,2,43,4.444444444444445
White Chocolate Sauce,9,0,9,0.0
Antibacterial Kitchen Cleaner Citrus Scent,219,37,182,16.894977168949772
Reese Whole Water Chestnuts,117,22,95,18.803418803418804
Mexican Style Blend Shredded Cheese,17,3,14,17.647058823529413
Organic Chicken & Wild Rice Soup,2193,845,1348,38.53169174646603
Grilling Chorizo Brats,14,2,12,14.285714285714285
Heavy Duty Decorated Paper Plate,125,62,63,49.6
Dual Action Cherry Cough Drops,185,20,165,10.81081081081081
Brut Prosecco,1,0,1,0.0
"Tomatoes, Snack",51,21,30,41.17647058823529
"Dressing, Jersey Sweet Onion, Calorie Free",8579,3539,5040,41.25189416015853
Bugles Mix Chddr Hot Buffalo,41,20,21,48.78048780487805
California Garlic Powder,28,2,26,7.142857142857142
Broccoli Bunch,2479,1484,995,59.86284792254941
Old Style Whole Grain Dijon Mustard,3133,591,2542,18.86370890520268
Coke Classic Soda,72,36,36,50.0
Moisturizing Cream Body Wash Fresh Fig,2,0,2,0.0
"Whole Food Calcium, Magnesium & Potassium Vegetarian Tablets",10,1,9,10.0
Fresh Scent Foam Bathroom Cleaner,142,23,119,16.19718309859155
Milk Chocolate Halloween Kisses,5,0,5,0.0
Country Kitchen Creamy Wild Rice Mix,34,11,23,32.35294117647059
White Beans,267,117,150,43.82022471910113
Organic King Oyster Mushrooms,51,17,34,33.33333333333333
Gluten Free Extra Crispy Fast Food French Fried Potatoes,918,414,504,45.09803921568628
Smoky Pulled Pork Slow Cook Sauce,8,1,7,12.5
Sausage Pizza For One,47,24,23,51.06382978723404
Scoops! Tortilla Chips,7625,3763,3862,49.350819672131145
Superior Club Soda,291,120,171,41.23711340206185
Artisan Sesame Seeds Nut & Rice Cracker Snacks,679,366,313,53.90279823269514
Turkey Meatballs,1353,785,568,58.019216555801925
Red Raspberry Preserves,1001,363,638,36.26373626373626
Whole Wheat Tandoori Naan,4249,2422,1827,57.001647446457994
Swiss Almond Cheese Spread,11,5,6,45.45454545454545
Organic Apple Peach Sauce,72,42,30,58.333333333333336
100% Recycled Brown Lunch Bags,25,1,24,4.0
Vanilla Pound Cake,66,27,39,40.909090909090914
Assorted Fruit Flavor Gumdrops,7,2,5,28.57142857142857
360 Total Advanced Soft Full Head Toothbrushes,8,2,6,25.0
Gluten Free Raisin Pecan Bread,141,54,87,38.297872340425535
Hair Shampoos,690,195,495,28.26086956521739
Soft Baked Chocolate Chip Cookies Gluten Free,552,315,237,57.065217391304344
Just Peas Freeze Dried Peas,13,3,10,23.076923076923077
"Pull 'n' Peel Candy, Cherry",305,161,144,52.78688524590164
Cactus Water with Starfruit & Green Tea,53,36,17,67.9245283018868
Kick Ass Immune Activator,90,25,65,27.77777777777778
Paper Towels White w/ Thirst Pockets,355,162,193,45.63380281690141
Marshmallows,242,92,150,38.01652892561984
Organic Bluberries,4,0,4,0.0
Milk Chocolate Truffles,37,14,23,37.83783783783784
The Original Charcoal Briquets,283,90,193,31.802120141342755
Fresh Goat Cheese Pepper Chevre,43,18,25,41.86046511627907
Premium Ginger Ale,1198,721,477,60.18363939899834
Traditional Mini Tart Shells,5,0,5,0.0
Organic Yogurt Baby Food,97,58,39,59.79381443298969
Strawberry Kiwi Juice Drink,99,55,44,55.55555555555556
Organic SprouTofu Super Firm Tofu,4093,2719,1374,66.43049108233569
Organic Pardina Lentils,9,2,7,22.22222222222222
Riesling,262,115,147,43.89312977099237
Organic Lowfat Plain Yogurt,3303,2238,1065,67.75658492279746
Strawberry Banana Flavored 4 Juice Smoothie Blend,1246,837,409,67.1749598715891
Kronos 6 Inch Handmade Pita Bread,467,190,277,40.68522483940043
"Curry Powder, Hot",47,4,43,8.51063829787234
Pineapple Coconut Flavor Enhancer Drops,110,53,57,48.18181818181818
"Master Brew Kombucha, Tart Cherry",1166,749,417,64.23670668953689
Hello Hydration Moisturizing Shampoo,198,36,162,18.181818181818183
Everyday Coconut Water Balancing Toner,15,1,14,6.666666666666667
"Permanent Hair Color, Dark Blonde 6N",27,8,19,29.629629629629626
"Roasted Garlic, Basil & Parsley Cultured Butter",18,6,12,33.33333333333333
Coffee Shop Banana Nut Soft Baked Cookies,3,0,3,0.0
Strawberry Peach Juice,20,12,8,60.0
All Natural Whole Grain Ancient 12 Grains Bread,414,293,121,70.77294685990339
Peanut Butter Crunch Smarte Carb Bar,5,1,4,20.0
Orzo,92,24,68,26.08695652173913
Pineapple Mango Coconut Juice Blend,9,4,5,44.44444444444444
Disposable Latex Gloves,10,2,8,20.0
Cran-Raspberry Flavored Sparkling Water,3838,2617,1221,68.18655549765504
Gluten Free Rice Pasta & Cheddar Single Serving Macaroni & Cheese,241,122,119,50.62240663900415
Dark Chocolate Pot De Creme,646,377,269,58.35913312693498
Strawberry Peach And Mango Adult Vitamin D3 Gummies,11,3,8,27.27272727272727
Just Slop It On! West Texas Original Recipe Bar-B-Que Sawce,16,8,8,50.0
Feta Crumbled Mediterranean Herb Cheese,42,16,26,38.095238095238095
Cardinal Zin Beastly Old Vines Zinfandel,19,15,4,78.94736842105263
Lavender Aloe Liquid Soap,88,45,43,51.13636363636363
Maximum Strength Acne Foaming Wash w/ 10% Benzoyl Peroxide,19,7,12,36.84210526315789
Macaroni & Mild Cheddar Cheese,506,237,269,46.837944664031625
"Chana Masala, Hot Spicy",7,2,5,28.57142857142857
Liquid Aminos All Purpose Seasoning,2463,601,1862,24.40113682501015
The Complete Peanut Butter Cookie,319,192,127,60.18808777429467
"Lamb & Rice Prime Cuts in Gravy Tender, Meaty Bites Wet Dog Food",17,6,11,35.294117647058826
Pure Pomegranate Juice,192,91,101,47.39583333333333
Fabric Softener for Sensitive Skin Free Clear,52,32,20,61.53846153846154
"GemWraps, Carrot",25,5,20,20.0
Bits Cheese Big Bag,5,2,3,40.0
Garcinia Weight Support,9,1,8,11.11111111111111
String Of Pearl White Sprinkles,1,0,1,0.0
Cat Food Paté in Natural Juices Turkey Entrée,24,14,10,58.333333333333336
Sweet Potato Oatmeal Raisin Smart Cookies,116,49,67,42.241379310344826
Rosemary Ham,4378,3213,1165,73.38967565098218
Dish Brush,43,5,38,11.627906976744185
"Red Wine, Dark, California, 2013",119,57,62,47.89915966386555
Cheesy Mexican Rice,137,39,98,28.467153284671532
6 Cup Filter Drip Coffeemaker,11,0,11,0.0
Baking Soda Sparkling White Fluoride Toothpaste Mint Zing,7,2,5,28.57142857142857
Glazed Cherry Pie,17,5,12,29.411764705882355
C-Boost Fruit Juice Smoothie,206,116,90,56.310679611650485
Minions Macaroni & Cheese Dinner,244,92,152,37.704918032786885
Cold Max Daytime Non-Drowsy Citrus Burst™ Liquid,6,1,5,16.666666666666664
Fiber Whole Grain Crispbread,58,28,30,48.275862068965516
Blue 1000 Mg Vitamin C Triple Berry Fizzy Drink Mix,2,0,2,0.0
Fisherman's Wharf Seafood Seasoning,19,2,17,10.526315789473683
White Balsamic Vinegar,416,77,339,18.509615384615387
Baby Bee Fragrance Free Nourishing Lotion,10,1,9,10.0
All Natural Hand And Body Lotion - Sandalwood,8,1,7,12.5
Organic Broccoli Florettes,161,52,109,32.298136645962735
7 Day Keratin Smooth Heat Activated Treatment,5,0,5,0.0
Chardonnay California,343,274,69,79.88338192419825
Lotus Forbidden Rice Ramen,371,109,262,29.380053908355798
100% Pure Grapefruit,18,0,18,0.0
Premium Original Saltine Crackers,4938,1991,2947,40.31996759821791
Sweet Butternut Squash Ravioli,133,40,93,30.075187969924812
Philippine Mango,331,199,132,60.12084592145015
Honey Maple Turkey Breast,68,41,27,60.29411764705882
Organic Cut Organic Spinach,112,34,78,30.357142857142854
Chipotle Peppers In Adobo Sauce,64,15,49,23.4375
Vegan Ham Roll With Glaze,3,0,3,0.0
V-Fusion Energy Peach Mango Vegetable Fruit Juice,107,49,58,45.794392523364486
Light Greek Vinaigrette Dressing,45,8,37,17.77777777777778
Zinc Target Mins 50 Mg Gluten Free Tablets,34,3,31,8.823529411764707
Oregano,5482,975,4507,17.78547975191536
Lemon Mint Foaming Hand Wash,349,121,228,34.67048710601719
Medium Roast Cafe Domingo Ground,351,224,127,63.817663817663814
Bedtime Underwear for Girls Jumbo Pack - Size S,176,116,60,65.9090909090909
Dippers Chipotle Ranch Greek Yogurt & Tortilla Chips,5,0,5,0.0
Tomato Ketchup,13039,4188,8851,32.119027532786255
Onion 6 Ct Bagels,6,2,4,33.33333333333333
Dark Chocolate Pumpkin Seed Bark,1802,1100,702,61.04328523862376
Take & Toss 10oz Cups w/ Straws,73,11,62,15.068493150684931
Two Bite Carrot Cakes,12,2,10,16.666666666666664
Lemon Mint All-Purpose Cleaner,54,7,47,12.962962962962962
Deep Clean Oil Free Makeup Remover Cleansing Wipes,96,35,61,36.45833333333333
AAA Max Alkaline Batteries,228,27,201,11.842105263157894
Queso Oaxaca,12,6,6,50.0
Unflavored Sugar Free Jel Dessert,26,1,25,3.8461538461538463
Peanut Butter,317,154,163,48.580441640378545
Vodka Pasta Sauce,1652,728,924,44.06779661016949
Raven Liquid Eyeliner,16,2,14,12.5
Sea Salt & Butter Baked Corn,11,7,4,63.63636363636363
Tomato Basil Penne Hamburger Helper,10,4,6,40.0
Extra Virgin Oil Olive,31,4,27,12.903225806451612
Peas & Diced Carrots,10,4,6,40.0
Ginger Dressing,159,61,98,38.36477987421384
Chicken Little Jamm Sliders,29,18,11,62.06896551724138
Quick-Tie Tall Kitchen Bags Gallon - 35 CT,52,13,39,25.0
Gluten Free Hazelnut Wafer Bites,31,13,18,41.935483870967744
Digestives Dark Chocolate,114,79,35,69.2982456140351
Hazelnut Toffee Dark Chocolate Bar,486,249,237,51.23456790123457
Acti Fresh Body Shape Regular Pantliners,130,38,92,29.230769230769234
Organic Whole Marjoram,135,5,130,3.7037037037037033
White Dinner Rolls,66,7,59,10.606060606060606
Whole Wheat Shells & Extra Cheesy Cheddar Sauce Creamy Deluxe Mac & Cheese,136,47,89,34.55882352941176
Spirals Macaroni & Cheese Dinner,906,498,408,54.966887417218544
Bag of Bones,10,3,7,30.0
Guava Mamma Vitality Beverage,283,179,104,63.25088339222616
Organic Sticks Low Moisture Part Skim Mozzarella String Cheese,34209,25033,9176,73.17664941974334
Shea Butter Lotion,11,2,9,18.181818181818183
Canine Cuisine Wet Dog Variety Pack (6 ct Filet Mignon Flavor & 6 ct Porterhouse Steak Flavor),160,108,52,67.5
Extra Light Amber Honey Bear Squeeze Bottle,13,4,9,30.76923076923077
Dinosaurs Chicken Breast Cutlets,59,33,26,55.932203389830505
Marketplace  Asparagus & Cheese Ravioli,432,155,277,35.879629629629626
Handcrafted Root Beer,50,20,30,40.0
"Deli Fresh Smoked Ham, 97% Fat Free, Gluten Free",739,370,369,50.06765899864683
Evening Soothe Wet Cleansing Towelettes,46,26,20,56.52173913043478
Ripples Original Potato Chips,20,8,12,40.0
Organic 1% Milkfat Strawberry Lowfat Milk,11,2,9,18.181818181818183
Organic Sweet Cinnamon Culinary Spread,6,0,6,0.0
Parma Rosa Sauce Mix,41,34,7,82.92682926829268
Greek 100 Calories Apple Pie Fat Free Yogurt,120,60,60,50.0
All-Purpose Gluten Free Baking Mix,102,24,78,23.52941176470588
Orange Passion Energy Drink,67,33,34,49.25373134328358
Honey Maid Cinnamon Graham Crackers,7,3,4,42.857142857142854
Rose Deodorant,14,5,9,35.714285714285715
Pinot Grigio Central Coast 2006,21,5,16,23.809523809523807
Gluten Free Rice Penne,42,17,25,40.476190476190474
Multigrain Oat Manna Bread,101,63,38,62.37623762376238
"Sunscreen, Natural, Everyday, Broad Spectrum SPF 30",17,2,15,11.76470588235294
Pinto Beans Celo,63,23,40,36.507936507936506
Watermelon Pops,11,0,11,0.0
Iceberg Garden,84,59,25,70.23809523809523
Soft Pretzel Burger Buns,6513,4244,2269,65.16198372485798
Cinnamon Vanilla Creme Liquid Coffee Creamer,362,224,138,61.87845303867403
Mango Grapefruit Water,1146,851,295,74.25828970331588
White Sugar Cubes From Mauritius,50,6,44,12.0
Venus Original Women's Razor Refills,68,13,55,19.11764705882353
360 Optic White Platinum Toothbrush FHS-001,12,0,12,0.0
Salisbury Steak Home Style Meals,134,71,63,52.98507462686567
Vermouth,65,12,53,18.461538461538463
Browning & Caramelizing Seasoning,5,0,5,0.0
Grape Blended Low-Fat Greek Yogurt Pouches,580,431,149,74.3103448275862
Madagascar Chocolate Bar,43,22,21,51.162790697674424
DreamWalk Ultra Overnight Foot Cream,4,0,4,0.0
Natural Care Fragrance Free Refills Baby Wipes,59,24,35,40.67796610169492
"Artichoke Hearts, Quartered",138,37,101,26.811594202898554
Pomegranate Creamy Body Wash,7,0,7,0.0
Olive Oil & Vinegar Dressing,2197,812,1385,36.95949021392808
Perfect Pinch Vegetable Supreme,5,0,5,0.0
Chewable Super Papaya Enzyme Plus,30,6,24,20.0
Sleep Serenity Bedroom Diffuser Warm Milk & Smooth Honey Scented Oil Refill,9,1,8,11.11111111111111
Strawberry Candy Twists,837,427,410,51.01553166069295
Butter Pound Cake,320,152,168,47.5
Butter Popcorn Seasoning,53,7,46,13.20754716981132
Lasagna with Meat Sauce,297,160,137,53.87205387205387
Organic Protein Vanilla Smoothie,77,52,25,67.53246753246754
Organic Lower Sodium French Lentil Soup,201,82,119,40.79601990049751
Bud Light Beer Cans,54,18,36,33.33333333333333
Lemon Shortbread,17,3,14,17.647058823529413
Tiny Jelly Bird Eggs,4,0,4,0.0
"Extra Strength 750, Assorted Fruit Antacid",55,16,39,29.09090909090909
Tomato Basil Cooking Sauce,2045,1049,996,51.29584352078239
Apple Ale,103,53,50,51.45631067961165
Bologna,890,434,456,48.764044943820224
Seasoned Curly Fries,396,142,254,35.858585858585855
Fusilli Corkscrews Enriched Egg Pasta,14,2,12,14.285714285714285
Deli Select Ultra Thin Hard Salami Lunch Meat,117,49,68,41.88034188034188
Royal Gala Apple,10,1,9,10.0
Tuscany Pumpkin Pasta Sauce,208,51,157,24.519230769230766
Organic Simply Detox,7,2,5,28.57142857142857
Arniflora Topical Gel,6,0,6,0.0
Grain Free Beef Potato & Green Bean Recipe Ground Entree Dog Food,78,48,30,61.53846153846154
Powdered Doughnuts,5,0,5,0.0
Soft Taco Tortillas - 8 CT,82,42,40,51.21951219512195
Turkey Drumsticks,32,3,29,9.375
Caramel Apple Lollipops,36,19,17,52.77777777777778
Sugar Free French Vanilla Coffee Creamer,14,6,8,42.857142857142854
Shallot & Chive Gournay Cheese,102,23,79,22.54901960784314
12 Year Blended Scotch Whisky,7,0,7,0.0
Classic Mashed Potatoes,62,15,47,24.193548387096776
Freeze Dried Mango Slices,994,519,475,52.21327967806842
Original Italian Pesto,14,8,6,57.14285714285714
Bbq Babyback Pork Ribs,77,47,30,61.038961038961034
Onion Gravy Mix,15,4,11,26.666666666666668
Cinnamon Sugar Donut Holes,7,0,7,0.0
Big Job Kitchen Brush,24,3,21,12.5
Jasmine Ready Rice,1013,600,413,59.23000987166831
Organic Pure Fruit Pomegranate Juice Blend,169,84,85,49.70414201183432
Raw Shrimp,3960,2157,1803,54.46969696969697
Organic Diced Tomatoes with Italian Herbs,1341,465,876,34.675615212527966
Triple Meat Pizza Rolls,81,24,57,29.629629629629626
Tangerine Dishwashing Detergent,71,21,50,29.577464788732392
Dry Meyer Lemon Soda,26,18,8,69.23076923076923
Passover Whole Wheat Matzos,14,0,14,0.0
Seaweed Salad,69,36,33,52.17391304347826
Old Fashioned Red Liquorice,33,27,6,81.81818181818183
Cinnamon Raisin Sprouted Whole Grain Cereal,582,296,286,50.85910652920962
ZeroMercury 357 Battery - 3 CT,9,0,9,0.0
Original Chabis Pure Goat Milk Cheese,322,119,203,36.95652173913043
Arnica Cream,6,0,6,0.0
Non-Aerosol Extra Hold Hairspray,10,1,9,10.0
ExpressMax Daytime Severe Cold & Cough Berry,14,0,14,0.0
Dark Green Sugar Sprinkles,41,2,39,4.878048780487805
Chicken Thighs,2948,1510,1438,51.22116689280869
Natural with Sport Cap Alpine Spring Water,461,270,191,58.56832971800434
"American Cheese, Pre-Sliced",34,11,23,32.35294117647059
Arabica Whole Bean Special Blend Coffee,7,0,7,0.0
BelVita Golden Oat Breakfast Biscuit Packets,929,576,353,62.002152852529605
Chocolate Coconut Almond Protein Nut Bar,201,114,87,56.71641791044776
Jumbo Cotton Balls,555,136,419,24.504504504504503
Black Raspberry Sparkling Water Beverage,14,4,10,28.57142857142857
Fuji Apple Ginger Iced Matcha Tea,14,2,12,14.285714285714285
Organic Traditional Soba,347,126,221,36.31123919308357
Pesto Ravioli,21,6,15,28.57142857142857
Primadophilus Optima Probiotic Dietary Supplement,19,6,13,31.57894736842105
Red Banana,3,0,3,0.0
Touch Swivel Peeler,43,1,42,2.3255813953488373
Pinot Noir California,258,131,127,50.775193798449614
Home Pest Control,37,13,24,35.13513513513514
Gluten-Free Lemon Wafers,723,383,340,52.973720608575384
Princess Multi Vitamin Gummies,19,4,15,21.052631578947366
Fresh Scent Fabric Refresher,48,9,39,18.75
Whole Dried Blueberries,326,145,181,44.47852760736196
Ultimate Creamy Stroganoff Hamburger Helper,17,6,11,35.294117647058826
Ginger Beer,2083,1045,1038,50.16802688430148
Jasmine Petal Whole Leaf Green Tea,53,26,27,49.056603773584904
Essence Antiperspirant Stick,28,5,23,17.857142857142858
"Ice Pops Sugar Free, Orange, Cherry, Grape",2298,1345,953,58.52915578764143
Top Chef Chicken & Potatoes with BBQ Sauce Cafe Steamers,18,7,11,38.88888888888889
"Pearl Tampax Pearl Plastic Super Plus Absorbency, Unscented Tampons 18 Count Feminine Care",84,26,58,30.952380952380953
Truffle Mayonnaise Salad Dressing,10,2,8,20.0
Natural Calm Magnesium Supplement Raspberry Lemon Flavor Powder,156,49,107,31.41025641025641
Flaxseed Hi Shine Styling Gel,18,3,15,16.666666666666664
Organic Sunflower Sprouts,179,94,85,52.513966480446925
Peanut Butter Nutrition Bar,373,288,85,77.21179624664879
Chile Con Queso,101,54,47,53.46534653465347
Cheddar Cheese Shredded,63,36,27,57.14285714285714
Organic Fruitful Os Cereal,1504,749,755,49.80053191489361
Little Big Sprouted Grain Bread,439,299,140,68.10933940774487
Original Air Effects With Gain Air Freshening Spray,212,57,155,26.88679245283019
Organic Asparagus,493,153,340,31.03448275862069
Nail Treatment Double Duty Base & Top Coat,5,0,5,0.0
Grilled Chicken Breast,6639,4831,1808,72.76698297936436
Original Hazelnut Liqueur,11,1,10,9.090909090909092
Lemon Scent Botanical Disinfectant All Purpose Cleaner,13,3,10,23.076923076923077
Picante Provolone Cheese,74,39,35,52.702702702702695
Hazelnut Sugar Free Powder Coffee Creamer,20,5,15,25.0
Inflamm Aleve,65,47,18,72.3076923076923
Blueberry Sheep Milk Yogurt,538,371,167,68.95910780669145
Apple Puffs Finger Foods,1142,403,739,35.288966725043785
Coconut Chocolate Protein Bar,88,40,48,45.45454545454545
Extra Lean Ground Turkey Breast,1453,709,744,48.79559532002753
Pacific Kombu,318,24,294,7.547169811320755
No Touch Hand Soap Unit,9,0,9,0.0
Natural Skincare for Men Deodorant,16,2,14,12.5
Cho-Coco Organic Nutrition Bar,74,15,59,20.27027027027027
Apples & Cinnamon Instant Oatmeal,1455,735,720,50.51546391752577
Gluten Free Raw Green Superfood Goji & Açai Berry Drink Powder,62,15,47,24.193548387096776
Decorating White Cake Icing,32,2,30,6.25
Apollo Fresh Deodorant Stick,21,11,10,52.38095238095239
All Natural Super Washing Soda,30,11,19,36.666666666666664
Three Cinnamon Tea,4,0,4,0.0
Organic Garlic Hummus,955,573,382,60.0
St. John's Wort,23,2,21,8.695652173913043
Sauvignon Blanc Awatere Valley Marlborough,46,34,12,73.91304347826086
"Honey, Pure Raw Organic, Killer Bee",48,15,33,31.25
Cultured Cream Cheese,88,48,40,54.54545454545454
Ultimate Diabetic Dry Skin Relief Lotion,8,1,7,12.5
Breathe Easier Essential Oil,5,1,4,20.0
Matzo Ball Soup,41,9,32,21.951219512195124
Smooth and Creamy Sour Cream,81,48,33,59.25925925925925
Sorbet Raspberry,8,1,7,12.5
Pact Cranberry Raspberry Water,11,4,7,36.36363636363637
Frogs Gummi Candy,98,66,32,67.3469387755102
Organic Unsalted Butter,21509,12117,9392,56.334557627039835
Ginger Turmeric Kombucha,11,3,8,27.27272727272727
Classic Cake Mix,30,7,23,23.333333333333332
Creamy Supreme Chocolate Fudge Frosting,120,15,105,12.5
Chicken & Apple Breakfast Sausage,5730,3085,2645,53.83944153577661
Spice Island Whole Bean Coffee,340,221,119,65.0
Beneful Original Beef Dog Food,14,4,10,28.57142857142857
Karamel Sutra Core Ice Cream,1329,624,705,46.95259593679458
Veggie Blends Purple Power,9,2,7,22.22222222222222
Decaf-Zero Green Tea With Ginseng,51,40,11,78.43137254901961
"Diet Creamy Root Beer Premium Soda, Zero Calories, Sugar Free, No Caffeine",36,21,15,58.333333333333336
Cheese Tortellini Soup,37,14,23,37.83783783783784
Sandwich Thins Whole Wheat Flax and Fiber Rolls,224,119,105,53.125
Sparkling Wine Brut,4,1,3,25.0
Corn & Sea Salt,28,9,19,32.142857142857146
Gluten Free Whole Grain Bread,13715,9218,4497,67.21108275610645
Unsweetened Black & White Cold Brew Coffee With Almond Milk,126,41,85,32.53968253968254
"Fish, Chicken & Liver Dinner Cat Food",8,3,5,37.5
Complete Multi-Benefit Extra White Scope Outlast,59,10,49,16.94915254237288
Cocoa Radiant Spray Moisturizer,18,8,10,44.44444444444444
Select Fat Free Skim Milk,361,268,93,74.23822714681441
Lime,10576,5012,5564,47.39031770045386
Graduates Lil Crunchies Veggie Dip,346,213,133,61.5606936416185
Lavender Love Kombucha,10,6,4,60.0
ZzzQuil Liquid Warming Berry Flavor Sleep-Aid,130,62,68,47.69230769230769
Lotzza Motzza Bacon Cheesburger Pizza,4,0,4,0.0
HD Sparkling Fresh Scent Laundry Detergent,15,5,10,33.33333333333333
All Natural California Sliced Almonds,94,15,79,15.957446808510639
One Plant-Based Chocolate Flavor Nutritional Shake Drink Mix,565,241,324,42.65486725663717
Organic Tomato Bisque Soup,75,21,54,28.000000000000004
Black Pepper Corns Mill Organic Spices,829,139,690,16.767189384800965
"Organic 3rd Foods Bananas, Raspberries & Vanilla with Yogurt Baby Food Organic Purees Fruit with Yogurt",33,21,12,63.63636363636363
Unscented Cat Litter,221,168,53,76.01809954751131
Strawberry Tarragon Ice Cream,27,21,6,77.77777777777779
Grapefruit Fizz Candle,10,5,5,50.0
Peanut Butter Breakfast Squares,6,0,6,0.0
Honey and Lemon Throat & Chest Menthol Lozenges,33,2,31,6.0606060606060606
Gluten-Free Reduced Sodium Popcorn,51,41,10,80.3921568627451
Chicken Kiev,38,18,20,47.368421052631575
Hazelnut Spread with Cocoa,2242,1205,1037,53.74665477252453
"Crisp Okra Pickles, Mild",180,95,85,52.77777777777778
Creamy Root Beer Natural Cane Soda,210,113,97,53.80952380952381
Oat Cranberry Almond Whenever Bars,72,39,33,54.166666666666664
Smoth & Creamy Low Fat Vanilla Frozen Yogurt,64,34,30,53.125
Natural Choice Honey Deli Ham,699,342,357,48.927038626609445
Dressing & Sandwich Spread Made with Olive Oil,299,112,187,37.45819397993311
Hot No Beans Chili,93,38,55,40.86021505376344
Crunchy Organic Oats & Honey Granola Bars,39,15,24,38.46153846153847
Grenache Varietal Red Wine Vinegar,54,1,53,1.8518518518518516
Coconut Milk Leave In Conditioner Mist,36,1,35,2.7777777777777777
GoGurt Berry Blue Blast and Chill Out Cherry Tube,107,45,62,42.05607476635514
Fully Cooked Original Pork Sausage Links,644,353,291,54.81366459627329
Sport Pre-Workout Energizer Lemon Lime Dietary Supplement,51,20,31,39.21568627450981
Organic Vegetarian Low Sodium Salad Beans,65,20,45,30.76923076923077
Honey Stroopwafels,25,18,7,72.0
Diet Cherry Vanilla Soda,6,0,6,0.0
Garlic & Herb Long Grain & Wild Rice,185,64,121,34.5945945945946
Cool Mint Breath Strips Pocketpak,17,13,4,76.47058823529412
Chopped Organic Garlic,3939,1279,2660,32.470170093932474
Medium Grain Rice,288,96,192,33.33333333333333
Red Velvet Yogurt,125,88,37,70.39999999999999
Kale Ceasar Salad Kit,4,0,4,0.0
Flavored with Savory Bacon Alfredo Sauce,9,2,7,22.22222222222222
Gluten Free Sugar Crisp Crunchy Cookies,133,60,73,45.11278195488722
Pizza 4 Cheese,4431,2726,1705,61.52110133152787
Cup Noodles Chicken Flavor,1995,1199,796,60.10025062656642
Tomoshiraga Somen Noodle,14,2,12,14.285714285714285
Mangos No Sugar Added Diced in Water Fruit Cups,55,16,39,29.09090909090909
Healthy Request Chunky Chicken Noodle Soup,431,179,252,41.53132250580047
Sesame Street Big Bird's 100% Apple Juice,950,633,317,66.63157894736842
Organic Rosemary Diamante,197,119,78,60.40609137055838
Raw Milk Monterrey Jacques Cheese,3,0,3,0.0
Fiesta Size Rounds Restaurant Style Tortilla Chips,40,10,30,25.0
100% Recycled Paper Towels,27864,16472,11392,59.11570485213896
Spinach Pizza,5112,3051,2061,59.683098591549296
Pinata Apple,4,1,3,25.0
Duck Eggs Organic Pastured,135,91,44,67.4074074074074
Uncured Beef Hot Dogs,4865,2362,2503,48.55087358684481
Home Style Gravy,30,17,13,56.666666666666664
Wheat & Gluten Free Snickerdoodle Cookies,244,126,118,51.63934426229508
Sf Pasta Broc White Cheese Sauce,21,5,16,23.809523809523807
Fanta Zero Sugar Free Orange Soda Fridge Pack,118,59,59,50.0
Salisbury Steak,482,272,210,56.43153526970954
Fully Cooked Black-Eyed Peas,122,61,61,50.0
Feta Cheese Crumbles Original,40,25,15,62.5
Sweet Matcha Japanese Green Tea,87,32,55,36.7816091954023
Spinach Tagliatelle Nests Pasta,146,85,61,58.21917808219178
100% Juice No Added Sugar Berry,8,4,4,50.0
Red Beans,10,4,6,40.0
Island Fresh Dryer Sheets,18,2,16,11.11111111111111
Peanut Butter Energy Protein Bites,66,35,31,53.03030303030303
Sugar Free And Fat Free Caramel Creme Coffee Creamer,38,14,24,36.84210526315789
Crunchy Salted Almond Honey and Almond Nougat Chocolate Bar,19,4,15,21.052631578947366
Organic Renew Vegetable and Fruit Juice,278,159,119,57.194244604316545
Singles Deep Dish Supreme Pizza,110,55,55,50.0
Almond Milk Vanilla Yogurt,225,133,92,59.111111111111114
Kosher Dill Whole Pickles,84,47,37,55.952380952380956
Salted Peanuts,145,78,67,53.79310344827586
Water Bottle,8,4,4,50.0
Gluten Free Chicken Tikka Masala,487,248,239,50.92402464065708
Packaged Grape Tomatoes,13355,10233,3122,76.62298764507675
Beef Jerky Original,590,359,231,60.84745762711864
Wonton Strips Garlic Ginger,69,52,17,75.36231884057972
Organic Herbalozenge Cranberry Raspberry w/ Zinc & Vitamin,6,2,4,33.33333333333333
Turnip Greens,82,30,52,36.58536585365854
Organic Pineapple Chunks,1644,868,776,52.798053527980535
Bissli Smokey Wheat Snacks,19,14,5,73.68421052631578
Tuscan Style Portobella Mushrooms,10,0,10,0.0
Berry Bounty Trail Mix,1096,647,449,59.03284671532847
Organic Chicken & Mozzarella Ravioli,1017,470,547,46.214355948869226
Peach Prune& Apple,18,8,10,44.44444444444444
"Peanut Butter, Old Fashioned, Unsalted, Smooth",40,22,18,55.00000000000001
Jack Daniel's Marinade-in-a-Bag Honey Teriyaki Liquid Marinade,20,8,12,40.0
Pineapple Yogurt 2%,2029,1337,692,65.89452932479054
Korean Teriyaki Stir-Fry Sauce,35,8,27,22.857142857142858
Light Absorbency Ultra Thin Regular Length Incontinence Pads,37,20,17,54.054054054054056
Mini Toasts,37,16,21,43.24324324324324
Arctic Chill 16 Pieces Sugar Free Gum,11,2,9,18.181818181818183
Ultra Soft Double Roll Bathroom Tissue,88,39,49,44.31818181818182
Thirst Quencher Tropical Cooler,25,18,7,72.0
Chicken & Vegetable Mini Spring Rolls,36,13,23,36.11111111111111
Rice Vinegar,524,60,464,11.450381679389313
All Natural Black Forest Ham,184,104,80,56.52173913043478
Pure Cane Sugar,262,154,108,58.778625954198475
Donettes Powdered Mini Donuts,955,461,494,48.27225130890052
Basmati Ready Rice,855,495,360,57.89473684210527
Cleansing Kale Lemon Probiotic Tonic,119,62,57,52.10084033613446
Small Compostable Waste Bag,2414,1051,1363,43.537696768848384
Euro Classic Brioche Hot Dog Buns,1623,802,821,49.41466420209489
White Sweet Cream Unsalted Butter,17,2,15,11.76470588235294
Home Style Fat Free Gravy Roasted Turkey,12,2,10,16.666666666666664
Premium Lots of Pulp Orange Juice,465,299,166,64.30107526881721
Lime Ranch Avocado Oil Potato Chips,226,107,119,47.34513274336283
Red Currants,27,16,11,59.25925925925925
All Natural Minestrone Soup,8,3,5,37.5
All Natural Pressels Thin & Crispy Pretzel Chips Original Flavor,22,11,11,50.0
Avocado Honey,5,1,4,20.0
Fine Ground 00 Flour,26,3,23,11.538461538461538
Sun Dried Tomato Julienne Cut,21,4,17,19.047619047619047
Florida Orange Juice With Calcium & Vitamin D,7049,4968,2081,70.47808199744645
Organico Bello Tomato Basil Pasta Sauce,962,490,472,50.935550935550935
Chocolate Chip Brownie Thins,68,27,41,39.705882352941174
Eggo Thick & Fluffy Original Recipe Waffles,3,1,2,33.33333333333333
Herb Slab Bread,895,570,325,63.687150837988824
Organic Garlic & ButterCroutons,846,289,557,34.160756501182036
Famous Fries,8,2,6,25.0
Tram Bar Peanut Butter Milk Chocolate Trail Mix,7,2,5,28.57142857142857
"White Wine Salami, Pinot Grigio",22,11,11,50.0
Chocolate Chip Mint Ice Cream,106,60,46,56.60377358490566
Carrot Lemon Drink,24,11,13,45.83333333333333
Seasoned Collard Greens,94,29,65,30.851063829787233
"Almonds Sea Salt & Vinegar, Kettle Roasted & Seasoned",10,3,7,30.0
Orange Juice Concentrate,11,4,7,36.36363636363637
Pepper Jack Cheese Sticks 12 Count,37,22,15,59.45945945945946
"Naty Diapers Size 1, 8-14 lbs",23,13,10,56.52173913043478
Irresistible Dairy Free Slices Provolone Style Cheese Alternative,1214,827,387,68.12191103789127
Instant Espresso Coffee,1015,399,616,39.310344827586206
Cherry Flavor Primadophilus Kids Chewables,247,156,91,63.1578947368421
Everyday Shea Unscented Body Wash,124,43,81,34.67741935483871
Mega Cheese Goldfish Puffs,10,1,9,10.0
Spaghetti Style Pasta,5,1,4,20.0
Keurig Decaf Light Roast Coffee K Cups,88,37,51,42.04545454545455
Marinade,16,4,12,25.0
Ice Cream Honey Graham,94,31,63,32.97872340425532
Almond Mozzarella Style Cheese Alternative,651,418,233,64.20890937019969
American Dijon Mustard,31,12,19,38.70967741935484
Frosted Sugar Cookies St. Patrick!,5,0,5,0.0
Bamboo Shoots Sliced Natural,32,6,26,18.75
Lemon Lime Sports Drink Mix,144,50,94,34.72222222222222
Bacon Wrapped Scallops,52,13,39,25.0
Organic Chocolate Creamy Cashewmilk,214,123,91,57.476635514018696
Organic Whole Allspice,10,0,10,0.0
o.b Super Plus Fluid Lock Tampons,44,14,30,31.818181818181817
Split Pea Soup,285,140,145,49.122807017543856
Baby Banana,5,0,5,0.0
Petite French Baguette,486,215,271,44.23868312757202
Julienne Carrots,10,5,5,50.0
Golden Roasted Turkey Breast Complete Meals,121,74,47,61.15702479338842
Garlic Roasted Potato Seasoning Sauce,64,23,41,35.9375
Mild Traditional Enchilada Sauce,142,29,113,20.422535211267608
Stage 1 First Apples,425,154,271,36.23529411764706
100% Italian Organic Extra Virgin Olive Oil,29,5,24,17.24137931034483
Decaffeinated Dark Italian Roast Ground Coffee,4,1,3,25.0
Gourmet Cut Italian Croutons,26,10,16,38.46153846153847
Hot Chili Sesame Oil,3,0,3,0.0
41% Cacao Caramel With Sea Salt Milk Chocolate,12,2,10,16.666666666666664
Rosemary Parmesan Crackers,16,5,11,31.25
Whole Cultured Buttermilk,33,12,21,36.36363636363637
Bathroom Cleaner Natural Tub + Tile Cleaner,933,185,748,19.828510182207932
"Face Wash, Original",45,7,38,15.555555555555555
Traditional Hummus,8170,4976,3194,60.90575275397797
Coconut Milk Moisturizing Body Wash,18,1,17,5.555555555555555
Mushroom Marinara Pasta Sauce,299,132,167,44.14715719063545
Roasted Ground Cumin,71,1,70,1.4084507042253522
Firming Moisturizer Skin Care Creme,10,1,9,10.0
Baker's Pure Cane Ultrafine Sugar,608,173,435,28.45394736842105
Organic Kids Berry Pink Lemonade,33,11,22,33.33333333333333
Premium Dog Food Organic Turkey & Brown Rice Formula,12,2,10,16.666666666666664
Giant Chile Picante  v,100,40,60,40.0
"Syrup, Wild Maine Blueberry",25,5,20,20.0
Solid French Vanilla Air Freshener,6,0,6,0.0
Ready to Serve Long Grain White Rice,717,393,324,54.811715481171554
Cup A Soup Chicken Noodle Instant Soup,79,25,54,31.645569620253166
Sweet Cinnamon Spice Herbal Tea,386,126,260,32.64248704663213
General Purpose Wire Hooks,7,1,6,14.285714285714285
Plain Non-Fat Greek Yogurt,5376,3138,2238,58.37053571428571
Iced Coffee Premium Coffee Beverage,107,42,65,39.25233644859813
15 Bean Soup,26,10,16,38.46153846153847
Mini Pretzels Canister,4,1,3,25.0
Organic Marin Pasta Ravioli,19,10,9,52.63157894736842
Relaxing Lavender Foam Bath,129,56,73,43.41085271317829
Beeswax  Lip Balm,33,3,30,9.090909090909092
Classic Roasted Chicken Demi Glace,8,0,8,0.0
Butterfinger Peanut Butter Cups,4,0,4,0.0
Lip Shimmer - Plum,11,1,10,9.090909090909092
Alfredo Cheezy Mac,458,201,257,43.88646288209607
Night Time Tea,17,6,11,35.294117647058826
English Toffee Chocolate Candies,6,0,6,0.0
Old English Fish & Chip Vinegar,11,1,10,9.090909090909092
Sweet Potato & Sea Salt Brown Rice & Wheat Crackers,22,5,17,22.727272727272727
Natural Food Color Packets Bright Blue,29,0,29,0.0
Organic Vegetable Lentil & Roasted Red Pepper Soup,856,333,523,38.901869158878505
Organic Spicy Chipotle Mayo,8,3,5,37.5
Light Vegetable & Noodle Soup,46,9,37,19.565217391304348
Mr. Cheese O's Snacks,39,25,14,64.1025641025641
Boneless Ham Steak,824,361,463,43.810679611650485
Organic Navel Orange,42721,27332,15389,63.97790313897147
Baby Bella Whole Mushrooms,363,205,158,56.473829201101935
Bite Size Dry Salami Nuggets,101,49,52,48.51485148514851
Organic Summer Corn & Vegetable Soup,140,61,79,43.57142857142857
"Kasha, 100% Pure Roasted Whole Grain Buckwheat",24,14,10,58.333333333333336
Fair Trade Unscented Shea Butter,88,12,76,13.636363636363635
Grands! Flaky Layers Honey Butter Biscuit,201,75,126,37.3134328358209
Kettle Cooked 40% Less Fat Jalapeno Cheddar Potato Chips,108,42,66,38.88888888888889
Total Mint Stripe Gel Toothpaste,19,1,18,5.263157894736842
Mocha Cream Cake,7,0,7,0.0
Whole Grain White Hearty Sliced Bread,118,43,75,36.440677966101696
Eater's Digest Organic Peppermint Tea Bags,112,43,69,38.392857142857146
"Baby Food Pouch - Butternut Squash, Carrot & Chickpea",1292,829,463,64.1640866873065
Triple Chunk Brownie,110,28,82,25.454545454545453
Wisconsin Cheese Edam,23,12,11,52.17391304347826
2% Milk Reduced Fat Colby Jack Cheese,16,3,13,18.75
French Organic Dressing,86,28,58,32.55813953488372
Gingerbread Cookie Mix,26,4,22,15.384615384615385
Ginger Ale Jamaican Style,1332,728,604,54.65465465465466
Russet Potato,29313,16507,12806,56.31289871388121
Fruit on the Bottom Greek Blueberry Nonfat Yogurt,138,82,56,59.42028985507246
Paper Towels,2684,1555,1129,57.93591654247392
Cherries Apple & Maple Snack Mix,11,2,9,18.181818181818183
PlusShot Blueberry Acai Probiotic Juice Drink,1650,1170,480,70.9090909090909
Frozen Sliced Peaches,42,14,28,33.33333333333333
Ranch Blasted Pepperoni Pizza Rolls,18,4,14,22.22222222222222
Alfredo Sauce Mix,231,62,169,26.83982683982684
Naanwich Flatbread Sandwich Chicken Tikka Masala,13,8,5,61.53846153846154
Berry Blossoms Cereal,22,4,18,18.181818181818183
Ground Ginger,1726,102,1624,5.909617612977984
Traditional Favorites Tomato & Basil Pasta Sauce,4557,2023,2534,44.39324116743472
"100% Juice, Pear Nectar",380,247,133,65.0
Mango Tropical Water Enhancer Drops,15,9,6,60.0
Pimiento Stuffed Queen,10,3,7,30.0
Lamb Loin Chops,11,3,8,27.27272727272727
Organic Weightless Cranberry Herbal Tea,101,44,57,43.56435643564357
"HE Turbo Powder Laundry Detergent Original 30 Loads, 42 Oz Laundry",7,2,5,28.57142857142857
Italian Beer,7,2,5,28.57142857142857
English Tea Ginger Lemon Cremes Cookies,154,74,80,48.05194805194805
"Concentrated Bleach, Regular Scent",27,12,15,44.44444444444444
Easy Mac Original Flavor Macaroni & Cheese Dinner,933,415,518,44.48017148981779
Gel Grip Paddle Brush,7,1,6,14.285714285714285
Organic Sea Salted Caramel,375,118,257,31.466666666666665
Savory Mushroom Meatless Meatballs,34,8,26,23.52941176470588
French Vanilla Ready To Drink Shakes,7,0,7,0.0
"Aromafier Diffuser, Grey",18,0,18,0.0
Green Mandarin Orange Pyramid Tea Bags,21,4,17,19.047619047619047
Fresh Goat Cheese Single Serve - 5 CT,72,22,50,30.555555555555557
Unsalted Slivered California Almonds,18,4,14,22.22222222222222
Cheese Stuffed Crust Three Meat Pizza,196,83,113,42.3469387755102
Chicken Bouillon Cubes,1252,366,886,29.233226837060705
Pull-Ups Training Pants Learning Designs 3T-4T 32-40 Lbs,78,33,45,42.30769230769231
Reduced Fat Cream Cheese,186,95,91,51.075268817204304
Rich And Hearty Steak And Vegetables,32,15,17,46.875
Zero XXX Acai Blueberry Pomegranate,835,538,297,64.43113772455091
Pain Reliever and Fever Reducer Tablets,656,166,490,25.304878048780488
100% Recycled Bathroom Tissue,7264,4293,2971,59.09966960352423
Multigrain Baguette,18,3,15,16.666666666666664
Pipeline Punch,6,3,3,50.0
Frozen Marion Blackberries,95,41,54,43.15789473684211
White Chocolate Candy Bar,9,1,8,11.11111111111111
Dry Shampoo,62,1,61,1.6129032258064515
Imported Italian Peeled Tomatoes,124,71,53,57.25806451612904
Go Fresh Cool Moisture Beauty Bar Soap,323,108,215,33.43653250773993
Shredded Mexican Four Cheese Blend,138,60,78,43.47826086956522
Peanut Butter Creamy With Salt,6247,2675,3572,42.82055386585561
Orange Square 25 Ounce Food Storage,3,0,3,0.0
"Hard Candies, Sugar Free, Caramel Apple",5,0,5,0.0
Whole Grain White Hot Dog Buns,749,364,385,48.598130841121495
Original Toastable Organic Breakfast,7,0,7,0.0
Dark Chocolate Sea Salt Cashews,155,119,36,76.77419354838709
RedHot Hot Buffalo Wings Sauce,119,11,108,9.243697478991598
Total Clean Mint Toothpaste,254,49,205,19.291338582677163
Eggo Nutri-Grain Whole Wheat Waffles,435,256,179,58.85057471264368
Children's Grape Flavor Multi-Symptom Fever & Cold Syrup,13,2,11,15.384615384615385
Ultimate Omega Liquid,6,1,5,16.666666666666664
Easter Candy Fan,3,0,3,0.0
Roasted Mushroom Pizza,1545,983,562,63.62459546925566
WetJet with Mr. Clean Magic Eraser Extra Power Pad Refill,164,62,102,37.80487804878049
Neufchatel Cheese,36,9,27,25.0
"Raw Vegan \""Cheese\"" Kale Chips",26,15,11,57.692307692307686
Milk Chocolate Raisinets,15,6,9,40.0
Organic Deodorant Spray All Day Clean Citrus,69,12,57,17.391304347826086
Mocha Nitro Cold Brew Coffee With Almond Milk,214,58,156,27.102803738317753
Cherry Gelatin Dessert,67,5,62,7.462686567164178
Vacuum Packed Summer Crisp Whole Kernel Corn,137,51,86,37.22627737226277
Flavored with Meat Italian Sauce,602,303,299,50.332225913621265
"Olive Oil, Parmesan & Roasted Garlic Oven Reds",194,65,129,33.50515463917525
Hot Mexican-Style Chili Powder,32,1,31,3.125
Enriched Hominy Quick Grits,45,12,33,26.666666666666668
"Orange Juice, California",217,102,115,47.004608294930875
Blue Crumbled Cheese,112,41,71,36.607142857142854
Pear Juice from Concentrate,238,152,86,63.86554621848739
Halloween Mix Bag,12,1,11,8.333333333333332
Beef Spice Rub,13,3,10,23.076923076923077
Chunky Blend Vegetable Beef Pilaf Baby Food,629,364,265,57.869634340222575
Radiant Shine Shampoo,15,2,13,13.333333333333334
Caramel Walnut Brownie,50,28,22,56.00000000000001
"Refried Beans, with Jalapenos",75,35,40,46.666666666666664
Mighty Bar Beef with Cranberry & Sunflower Seed Protein Bar,8,2,6,25.0
Fresh Cut Cauliflower & Broccoli Steam in Bag,908,600,308,66.07929515418502
Lidocaine Pain Relieving Creme,17,5,12,29.411764705882355
Organic Gala Apple Bag,78,24,54,30.76923076923077
Apple Honeycrisp Organic,85020,62510,22510,73.5238767348859
Extra Strength Acetaminophen Caplets,159,40,119,25.157232704402517
Honeysuckle Nectarine Probiotic Tea Tonic,65,50,15,76.92307692307693
Mild Verde Salsa,8,1,7,12.5
Head of Lettuce,305,72,233,23.60655737704918
Fudge Iced Golden Cake,12,3,9,25.0
With 32mg DHA Omega-3 Soymilk,25,19,6,76.0
Organic Herbal Mint Tea Bags,20,4,16,20.0
Cottage Cheese Large Curd,114,79,35,69.2982456140351
Ale,36,12,24,33.33333333333333
Hershey's Cookies 'n' Creme Cereal,9,4,5,44.44444444444444
Mexican-Style Ground Spiked Eggnog Dark Chocolate,15,1,14,6.666666666666667
Organic Hazelnut Chocolate Butter,9,2,7,22.22222222222222
Cream of Chicken and Mushroom Condensed Soup,145,49,96,33.793103448275865
Chopped Ripe Olives,51,18,33,35.294117647058826
100 Calorie Healthy Pop Butter Microwave Pop Corn,49,19,30,38.775510204081634
Lindor Milk Chocolate Truffles Pieces,47,29,18,61.702127659574465
"Juice Blend, Organic Vegetable, Beets",21,6,15,28.57142857142857
Ultra Strength Ointment,81,14,67,17.28395061728395
OG Sesame Tamari Rice Cake Organic Rice Cakes,276,111,165,40.21739130434783
Organic Heavy Cream,822,524,298,63.74695863746959
Baby & Me Tablets,14,4,10,28.57142857142857
Battery Milk Frother,4,0,4,0.0
Salted Caramel Hot Cocoa Mix,14,3,11,21.428571428571427
Organic Quinoa Pasta Shells,139,77,62,55.39568345323741
Storage Gallon Zipper Bags - 20 CT,38,6,32,15.789473684210526
Chocolate Silk Pie,64,21,43,32.8125
Hanging Moisture Absorber,7,1,6,14.285714285714285
Chopped Blends With Chicken Carrots Peas & Wild Rice Dog Food,61,32,29,52.459016393442624
Light Asiago Romano Alfredo Sauce,72,26,46,36.11111111111111
Snack Size Milk Chocolate Bars,20,3,17,15.0
Organic High Fiber Pancake & Waffle Mix,77,43,34,55.84415584415584
Nonfat Icelandic Style Strawberry Yogurt,10663,7461,3202,69.9709275063303
Cantaloupe Half,143,64,79,44.75524475524475
Sheep Milk Yogurt Vanilla,270,213,57,78.88888888888889
Ginger Green Tea  Powder,3,0,3,0.0
Oolong Tea Classic,20,7,13,35.0
White Big Rolls Paper Towels,144,78,66,54.166666666666664
Jumbo Flaky Biscuits,15,5,10,33.33333333333333
Greek Vinaigrette,6,0,6,0.0
Fabric Conditioner Field Flowers,15,7,8,46.666666666666664
Invisible Solid pH Balanced Spring Breeze Scent,17,0,17,0.0
Sea Buckthorn Hand Cream,25,4,21,16.0
Organic Einkorn Checkerboard Cookies,392,230,162,58.673469387755105
Italian Blend Fancy Shredded Cheese,39,14,25,35.8974358974359
Organic Instant Oatmeal Maple and Brown Sugar,301,141,160,46.84385382059801
Cold Brew Coffee Island Latte,17,8,9,47.05882352941176
Organic Bagged Mini Milk Peanut Butter,2700,1726,974,63.92592592592593
"1,000 mg Vitamin C Effervescent Powder Drink Cranberry Each Pak single",10,5,5,50.0
Extra Butter Popcorn,223,97,126,43.49775784753363
Sport Recovery Accelerator Apple Berry Dietary Supplement,8,0,8,0.0
Performax Intense Lubricated Ultra Fine Latex Condoms,3,0,3,0.0
Indian Samosa Organic Wrap,390,79,311,20.256410256410255
Trash Liner Rubber Bands,4,0,4,0.0
Mouse Traps,22,0,22,0.0
Butter Flavor Popcorn Oil,23,13,10,56.52173913043478
Eagle Egg Plumcot,20,3,17,15.0
Turkey Ranchero W/Beans Chili,22,6,16,27.27272727272727
Storage 2 Cup,50,5,45,10.0
Traditional Ground Seitan,20,5,15,25.0
Ultraclean Antiseptic Mouth Wash Cool Mint,7,1,6,14.285714285714285
Vegan Peanut Butter Smores,17,3,14,17.647058823529413
Crackers Almond Flour Rosemary Sea Salt,1043,622,421,59.63566634707574
Wildflower Blossom Honey,25,6,19,24.0
"Antibacterial Hand Wipes, Fresh Scent",60,19,41,31.666666666666664
Pears D'Anjou Kid Size Fruit,89,34,55,38.20224719101123
Aloo Tikki Indian Bites,2,0,2,0.0
"A golden crust surrounding pieces of all white meat chicken, peas, carrots, celery and onions, in a gravy made with real cream White Meat Chicken Pot Pie",142,49,93,34.50704225352113
Instant Banana Cream Sugar Free Fat Free Pudding & Pie Filling,16,2,14,12.5
2 Percent Milk,10,6,4,60.0
Beef Booyah Stew,79,44,35,55.69620253164557
Organic Red Seedless Grapes,434,181,253,41.705069124423964
Shredded Coconut Unsweetened,630,83,547,13.174603174603176
Organic Sriracha Roasted Seaweed Snacks,49,27,22,55.10204081632652
Instant Chocolate Pudding & Pie Filling,273,75,198,27.472527472527474
Outshine Tangerine Fruit Bars,404,239,165,59.15841584158416
Organic Honey Bunch Grape Tomatoes,2,1,1,50.0
Yellow Iced Cookies,5,0,5,0.0
HydraGlyde Lense Solutions,8,2,6,25.0
Pieces Candy,100,45,55,45.0
100% Juice No Sugar Added Pure Pineapple,359,174,185,48.467966573816156
Uncooked Corn Tortillas,430,258,172,60.0
Professor Fizz Soda,11,2,9,18.181818181818183
Traditional Unseasoned Bread Crumbs,13,1,12,7.6923076923076925
Jerky,7,0,7,0.0
Feta Cheese,2011,830,1181,41.27299850820487
Match Light Charcoal,16,4,12,25.0
Fat Free Roasted Red Pepper Hommus,46,28,18,60.86956521739131
Orecchiette,13,3,10,23.076923076923077
Lemon Clean Furniture Spray,728,178,550,24.45054945054945
Creamy Peanut Butter High Protein Bars,382,255,127,66.75392670157068
Old Fashioned Sourdough Spelt Bread,303,189,114,62.37623762376238
Bratwurst Smoked Beef,51,19,32,37.254901960784316
Golden Puffs Cereal,107,71,36,66.35514018691589
Holiday Liquid Hand Soap Orange Clove,70,5,65,7.142857142857142
Salmon & Sole Feast Cat Food,195,140,55,71.7948717948718
Muffin Mix Blueberry,19,6,13,31.57894736842105
Texas Style BBQ Sauce,29,9,20,31.03448275862069
Ice Sugar Free Peppermint Gum,147,89,58,60.544217687074834
Way Better Snacks Simply So Sweet Chili Tortilla Chips,635,371,264,58.425196850393704
Ibuprofen Tablets 200mg Coated Caplets Pain Reliever/Fever Reducer,241,51,190,21.16182572614108
Original Iced Coffee,5,1,4,20.0
Wild Smoked Sockeye Salmon,604,293,311,48.50993377483444
Selects Turkey Breast Slow Roasted,789,438,351,55.51330798479087
34% Cacao Milk Chocolate Bar,1789,1162,627,64.95248742314142
Organic Tomato Bisque,1235,520,715,42.10526315789473
"Just Spinach, Zucchini & Peas Stage 2 Baby Food",9,3,6,33.33333333333333
Powdered Sugar,183,87,96,47.540983606557376
Sliced Genoa Salami,1256,650,606,51.7515923566879
"4X Ultra Concentrated Natural Laundry Detergent, Geranium Blossoms & Vanilla",259,121,138,46.71814671814672
Loaded Potato Skins Stuffed With Cheddar Cheese & Bacon,29,10,19,34.48275862068966
Red Raspberry Fruit Spread,5,0,5,0.0
8.1 Oz. Wheat Thin Toasted Chips Roasted Garlic,5,2,3,40.0
Diet Ginger Ale,2467,1592,875,64.53182002432104
Plant Gel Toothpaste,14,9,5,64.28571428571429
Organic Tamari Gluten Free Soy Sauce Reduced Sodium,74,5,69,6.756756756756757
Peeled Italian Plum Tomatoes,217,116,101,53.45622119815668
Skin Trip Coconut Soap Bar,95,34,61,35.78947368421053
Vitamin D3 2000 IU Vegetable Capsules,14,2,12,14.285714285714285
Ultra Max Fresh Solid Antiperspirant Deodorant,30,11,19,36.666666666666664
Simply Steamers Meatball Marinara,231,143,88,61.904761904761905
Barbecue Savory Grounds,41,25,16,60.97560975609756
"Core Grain Free Turkey, Chicken Liver & Turkey Liver Natural Canned Dog Food",71,36,35,50.70422535211267
Tuna Creations Chunk Light Tuna Lemon Pepper Single Serve,186,71,115,38.17204301075269
Summer Delight Scented Oil,32,4,28,12.5
Organic Mashed Potatoes,56,26,30,46.42857142857143
Wrappers Pre-cut Pop Up Foil Sheets,90,34,56,37.77777777777778
Advanced Probiotic 10 Dietary Supplement Capsules,16,5,11,31.25
Killer Chocolate Sauce,77,19,58,24.675324675324674
L Lysine 1000 Mg,14,2,12,14.285714285714285
Newman-O's Peanut Butter Creme Filled Chocolate Cookies,17,9,8,52.94117647058824
Antibacterial Aloe with Moisturizer Liquid Hand Soap,91,40,51,43.956043956043956
Advance White Fluoride Anticavity Tartar Control Extreme Whitening Fresh Mint Flavor Toothpaste,412,129,283,31.31067961165049
Electrolyte Hydrator Pomberry,95,25,70,26.31578947368421
Salted Almond Chocolate Bar,51,24,27,47.05882352941176
Green Peas No Salt Added,3234,1735,1499,53.64873222016079
Soft Baked Cookies Chocolate Chip,667,402,265,60.26986506746626
Traditional Scottish Style Smoked Salmon,2196,1384,812,63.02367941712204
Flex Wand Lighter,189,17,172,8.994708994708994
Organic Master Brew Kombucha Dragonfruit Lemongrass,158,93,65,58.86075949367089
"Unscented Sport Broad Spectrum SPF 35, All Season Face Stick",16,1,15,6.25
Organic Sweetened Dried Cranberries,30,7,23,23.333333333333332
"Dish Soap, Pink Grapefruit",16,5,11,31.25
Good Living Ice Cream Scoop,18,0,18,0.0
Maxi Pads,174,57,117,32.758620689655174
Grape Juice Sparkling Peach,10,0,10,0.0
Old Fashioned Rods Pretzels,82,53,29,64.63414634146342
Broccoli Crown,42044,27540,14504,65.50280658357912
Organic Acai Berry Sorbet,357,194,163,54.34173669467787
Tres Mousse Extra Hold Mousse,36,6,30,16.666666666666664
"Coffee, Ground, Medium, Kona Blend",8,3,5,37.5
Fresh Squeezed IPA,206,143,63,69.41747572815534
"Oysters, Smoked, Fancy, in Cottonseed Oil",97,67,30,69.0721649484536
Petit Ecolier Extra Dark Chocolate European Biscuits,204,122,82,59.80392156862745
Chopped Kale Apple Veggie Salad,33,14,19,42.42424242424242
Poppy Seed Chopped Salad Kit,24,16,8,66.66666666666666
Pronto Penne,71,12,59,16.901408450704224
Espresso Instant Coffee,40,10,30,25.0
Vitamin D Gummies,1,0,1,0.0
Organic Waffles Flax Plus,1463,945,518,64.5933014354067
Gluten Free Multigrain English Muffins,156,77,79,49.358974358974365
Fruit Rings Cereal,62,37,25,59.67741935483871
Sofia Pinot Noir Rosé Wine,49,18,31,36.734693877551024
Strawberry/Banana/Grape/Sour Apple Candy,113,26,87,23.008849557522122
Farmland Hickory Smoked Bacon 24oz,34,11,23,32.35294117647059
Caffeine Free Peach DeTox Tea,517,102,415,19.729206963249517
Beach Sage Dryer Sheets,49,7,42,14.285714285714285
Gluten Free Crispy Battered Cod,212,91,121,42.924528301886795
Home Delights Canine Cuisine Hearty Chicken Wet Dog Food,8,4,4,50.0
Utility Lighter,177,14,163,7.909604519774012
Simply Nutritious VitaJuice,15,11,4,73.33333333333333
Arrabiata Pasta Sauce,483,242,241,50.103519668737064
Low Moisture Part Skim Mozzarella Shredded Cheese,129,41,88,31.782945736434108
"Granola, Organic, Seriously Seedy",17,4,13,23.52941176470588
Cheese Tortellini,326,128,198,39.263803680981596
Wild Blueberry Supreme Muffin Mix,155,63,92,40.64516129032258
Vitamin D-3 Liquid,42,11,31,26.190476190476193
"Fruit & Veggie Strip, Wildberry Apple",83,43,40,51.80722891566265
Parsley Italian Dark Green Flat,5,0,5,0.0
Soymilk Nog,108,34,74,31.48148148148148
Facial Mud,4,0,4,0.0
"Gelato Dessert, Ciaculli Tangerine",23,10,13,43.47826086956522
Lemon Lift Black Tea,55,17,38,30.909090909090907
Hearty Thick Cut Bacon,3202,1654,1548,51.655215490318554
Fat Free Original Ranch Salad Dressing,197,84,113,42.63959390862944
Organic Unfiltered Apple Cider Vinegar,42,20,22,47.61904761904761
Organic Cran-Coconut Granola,28,15,13,53.57142857142857
Tangerine Lime Sugar Free Sparkling Water,106,73,33,68.86792452830188
Free and Clear Baby Wipes,693,296,397,42.712842712842715
"Dressing, Herb, Fat Free, Tuscany",4,0,4,0.0
Cinnamon Raisin Bread,6384,4347,2037,68.0921052631579
Eye Drops Original,23,0,23,0.0
Coconut & Warm Ginger Hand Soap Refill,64,11,53,17.1875
Sprouted Nine Grain Bread,81,43,38,53.086419753086425
100% Grape Juice Concentrate,59,35,24,59.32203389830508
Magnesium Caps With Silica 300 mg Vegetarian Capsules,64,13,51,20.3125
Vermont Cheddar Cheese,100,43,57,43.0
Natural Swiss Cheese Slices,741,446,295,60.1889338731444
Diet 12 Oz Ginger Ale,4178,3044,1134,72.85782671134514
Lucky Charms Marshmallow Flavor Treats,13,9,4,69.23076923076923
Crab Bisque New England Style,62,24,38,38.70967741935484
"Tortilla Chips, Clasico, Bacon Habanero",880,488,392,55.45454545454545
Original Black Box Tablewater Cracker,7464,3690,3774,49.437299035369776
Organic Fuel High Protein Vanilla Milk Shake,605,395,210,65.28925619834712
Cracked Black Pepper Shaved 98% Fat Free Turkey Breast,460,260,200,56.52173913043478
Multi-Symptom Cold and Fever Berry Blast Liquid for Children,7,0,7,0.0
Triple Action Fresh Mint Fluoride Free Toothpaste,71,34,37,47.88732394366197
Original Dressing,317,88,229,27.760252365930597
Dishwasher Rinse Aid,175,44,131,25.142857142857146
Slow Churned Light Coffee Ice Cream,99,50,49,50.505050505050505
Red Grapefruit Sections in Light Syrup,16,11,5,68.75
Italian Four Cheese Baked Snack Crackers,109,53,56,48.62385321100918
Aspartame Free Spearmint Gum,68,25,43,36.76470588235294
Strawberry Rhubarb Yogurt,6575,4466,2109,67.92395437262357
Kids Gourmet Superfood Snack Awesome Fruit & Yogurt Filled Pouches,83,30,53,36.144578313253014
Original Regular To Go Unscented Pantiliners,8,0,8,0.0
Salt N' Pepper Bean and Rice Chips,115,74,41,64.34782608695652
Butter & Garlic Angel Hair Pasta,96,26,70,27.083333333333332
Tuna In Olive Oil,5,2,3,40.0
Oat Bran Mini Pretzels,196,164,32,83.6734693877551
Classic Cookie Collection,116,41,75,35.3448275862069
Sweet Gala & Caramel Sliced Apples,60,33,27,55.00000000000001
Organic Raw Kombucha Case,67,38,29,56.71641791044776
"Bonito Flakes, Aged and Dried",246,38,208,15.447154471544716
Breakfast Blend Medium Keurig Brewed K-Cups Ground Coffee,2446,1613,833,65.94439901880621
Raisin Bran Clusters Cereal,60,31,29,51.66666666666667
Clearing Eucalyptus Mineral Bath,96,39,57,40.625
Fruit Punch Drops,4,0,4,0.0
Giant Foil Lasagna Pan,170,36,134,21.176470588235293
Yellow Corn Taco Shells,1643,690,953,41.996348143639686
Fun Flavors Spumoni Ice Cream,58,30,28,51.724137931034484
Hershey's S'mores Cupcake Mix,6,1,5,16.666666666666664
Organic Nacho Corn Tortilla Chips Creamy Farmhouse Cheddar With Paprika,62,20,42,32.25806451612903
Pineapple 100 Calorie Cottage Doubles,69,38,31,55.072463768115945
Grill Mates Mesquite Marinade,51,23,28,45.09803921568628
Whole Young Chicken,656,329,327,50.15243902439024
Fish Oil Adult Gummies,16,4,12,25.0
Egg Whites,516,295,221,57.17054263565892
Organix Butcher & Bushel Grain-Gree Turkey & Chicken Dog Food,227,163,64,71.80616740088107
Ancient Grain Granola Cranberry Pecan,2032,1318,714,64.86220472440945
Denali Antiperspirant & Deodorant,11,2,9,18.181818181818183
Organic Red Onion,66986,41329,25657,61.697966739318666
Cool Mint Antiseptic Mouthwash,642,216,426,33.64485981308411
Brown Rice & Wheat Sour Cream & Chives Crackers Thin Crisps,64,22,42,34.375
Organic Bilberry Fruit Spread,37,6,31,16.216216216216218
Light 3% Milk Fat Egg Nog,74,29,45,39.189189189189186
Scoops,827,372,455,44.98186215235792
Everyday Napkins,109,27,82,24.770642201834864
Juice Squeeze,228,122,106,53.50877192982456
Organic  Jade Pearl Rice,124,73,51,58.87096774193549
Chopped Macadamias,15,2,13,13.333333333333334
Flax Plus Red Berry Crunch Cereal,914,626,288,68.49015317286651
Organic Jalapeno Crackers,585,338,247,57.77777777777777
No Salt Diced Tomatoes,12,3,9,25.0
Organic Chestnut Crispbread,33,16,17,48.484848484848484
Garbanzo Bean Curry Pie,237,170,67,71.72995780590718
Nutrient Enhanced Cranberry Lime Water Beverage,7,4,3,57.14285714285714
1% Hydrocortisone Anti-Itch Liquid Maximum Strength with Healing Aloe,10,0,10,0.0
Oregon Peppermint Cacao-Nectar Bar,41,18,23,43.90243902439025
Green Leaf Shreds,4204,2360,1844,56.13701236917221
Chocolate Lovers Brownie Mix,8,0,8,0.0
Honey Mustard Dressing Topping & Spread,44,8,36,18.181818181818183
Organic Chicken with Lemongrass Bone Broth,817,276,541,33.782129742962056
"Gluten Free Dried Shirataki \""Rice Style\""",4,1,3,25.0
Organic Vanilla Almond Pudding,5,0,5,0.0
Oil-Free Liquid Acne Wash,153,44,109,28.75816993464052
Washable Disappearing Purple School Glue Stick,13,0,13,0.0
Ground Pepper Cayenne,33,1,32,3.0303030303030303
Farro,6,1,5,16.666666666666664
Wellness Herbal Resistance Liquid (Alcohol Free),6,0,6,0.0
Roasted Pepper Bruschetta,49,11,38,22.448979591836736
Organic Sparkling Cucumber Lemon Coconut Water,86,28,58,32.55813953488372
Honey Wheat With Raspberry Bread,52,26,26,50.0
Chop House Filet Mignon & Bacon Flavors Dog Food,6,0,6,0.0
Fiesta Size Triangles Restaurant Style Tortilla Chips,79,32,47,40.50632911392405
Grapefruit Bergamot Shea Butter Body Wash,11,3,8,27.27272727272727
Jumbo Assortment Cereal,78,28,50,35.8974358974359
Sinus 12 Hour Nasal Spray,24,1,23,4.166666666666666
Sweet Potato Tortilla Chips,7920,4575,3345,57.765151515151516
Popcorn & Peanuts Caramel Coated,16,3,13,18.75
Lite Blue Cheese Dressing & Dip,43,16,27,37.2093023255814
"Cottage Cheese, Natural Small Curd, 4% Milkfat Min",322,254,68,78.88198757763976
Acti-Fresh Body Shape Thin Unscented Pantiliners,140,32,108,22.857142857142858
Magnesium Calcium+ Tablets,9,2,7,22.22222222222222
Ocean Charge Men's 2-in-1 Shampoo + Conditioner,134,30,104,22.388059701492537
Homestyle Flour Tortillas 10 Count,46,17,29,36.95652173913043
Green Beans & Spaetzle In Bavarian Style Sauce,32,20,12,62.5
Yellow & Green Zucchini Squash,24,2,22,8.333333333333332
Panko,35,9,26,25.71428571428571
"Almond Butter, Smooth/Unsalted",140,86,54,61.42857142857143
Scented Soy Lavender Candle,501,187,314,37.3253493013972
"Rice, Jasmine, Organic Brown",253,109,144,43.08300395256917
Fish Sticks Family Pack,228,99,129,43.42105263157895
Peeled Shallots,631,245,386,38.82725832012678
Baby Cucumbers,14399,11282,3117,78.35266337940135
Meat Lovers Breakfast Bowl,390,249,141,63.84615384615384
Very Volumizing Pomegranate  Shampoo,33,12,21,36.36363636363637
Squash & Sweet Peas Stage 2,2436,1559,877,63.99835796387521
Unprocessed American Singles Colby-Style Cheese,2018,1237,781,61.29831516352825
Simply 100 Crunch Blk Cherry,31,6,25,19.35483870967742
Essence Peach Nectarine,47,21,26,44.680851063829785
Hello Hydration Moisturizing Shampoo With Coconut Essenses,22,4,18,18.181818181818183
Raspberry Flavor Extract,28,22,6,78.57142857142857
VitaminWater Zero™ XXX Acai Blueberry Pomegranate,3353,2350,1003,70.08648971070683
Sesame Bagels 5 Count,27,17,10,62.96296296296296
Banana Vanilla Freeze Dried Yogurt & Fruit Snacks,48,15,33,31.25
"Plus Febreze Sport Active Fresh Scent Liquid Laundry Detergent, 46 oz, 24 loads Laundry",97,50,47,51.546391752577314
Original Medium Taco Sauce,722,271,451,37.53462603878116
Potato Chips Sour Cream & Onion Flavored Party Size!,35,15,20,42.857142857142854
Skin Therapy Dry Skin Moisturizing,189,52,137,27.513227513227513
Family Pack Bean & Cheese Burritos,861,479,382,55.63298490127758
Organic Pappardelle,75,29,46,38.666666666666664
Organic Royal Dark 88% Chocolate Bar,20,9,11,45.0
Ground Turkey,3566,2030,1536,56.92652832305104
Organic Apple Cider Vinegar & Honey Blend,64,20,44,31.25
"Kale, Apple, Ginger, Romaine, Spinach, Cucumber, Celery, Parsley, Lemon Cold Pressed Juice Beverage",990,624,366,63.030303030303024
Raw Irish Moss,3,0,3,0.0
Organic Country Style Barbeque Potato Chips,1158,731,427,63.12607944732297
Sugar Candy,5,0,5,0.0
Lemonade Drink Mix,549,260,289,47.35883424408014
Organic Mint Green Tea Bags,8,2,6,25.0
Mega Rolls,73,41,32,56.16438356164384
Diced Celery & Onion,26,6,20,23.076923076923077
Meat Loaf 30% Less Sodium Seasoning Mix,4,1,3,25.0
Lacuna Dark Roast Ground Coffee,8,1,7,12.5
Jumbo Cups,6,2,4,33.33333333333333
Sensitive Whitening,56,18,38,32.142857142857146
Goat Milk & Chai Body Wash,21,4,17,19.047619047619047
"Kale, Tuscan Herbs and Potatoes",249,81,168,32.53012048192771
Paste for Lamb Curry,3,0,3,0.0
Mango Slices,272,137,135,50.36764705882353
Complete Omega 3 6 9,44,9,35,20.454545454545457
Sinus Nasal Spray,8,1,7,12.5
Chicken Mesquite Delicious Mexican Flavors,8,2,6,25.0
"Dual Action Moisturizer, Oil-Free",23,5,18,21.73913043478261
Old-Fashioned Vanilla Ice Cream,253,104,149,41.10671936758894
Dark Roast Coffee,132,68,64,51.515151515151516
Organic Greens & Pineapple Juice Blend,155,78,77,50.32258064516129
Sparkling Pomegranate,3534,1709,1825,48.35880022637238
Minestrone with Kale Soup,19,5,14,26.31578947368421
Assorted Nuggets,890,640,250,71.91011235955057
"Lager, Premium",10,3,7,30.0
Organic Letter of the Day Very Vanilla Cookies,548,319,229,58.21167883211679
Cheese Natural Extra Sharp Cheddar,310,146,164,47.096774193548384
100% Pure Grape Seed Oil,9,2,7,22.22222222222222
"Coffee, Organic, Instant",62,25,37,40.32258064516129
"Pasta Sauce, Authentic, Vodka Sauce",90,17,73,18.88888888888889
"Coenzyme B-Complex Capsules, Bottle",6,0,6,0.0
Mild Red Chile Enchilada Sauce,42,6,36,14.285714285714285
Spruce Point Smoked Salmon,182,88,94,48.35164835164835
Thyme Hummos,120,101,19,84.16666666666667
"Unsweetened Flax, Rice, Hemp Milk",74,42,32,56.75675675675676
Frozen Original Pizza Dough Ball,23,7,16,30.434782608695656
Baby Calendula Body Cream,36,3,33,8.333333333333332
Family Size Bag of French Green Beans,859,349,510,40.62863795110594
Woodstock Dressing,15,6,9,40.0
Alive! Multi-Vitamin Adult Gummies Orchard Fruits-Garden Veggies - 90 CT,146,64,82,43.83561643835616
Facial Broad Spectrum SPF 30 Natural Sunscreen,2,0,2,0.0
Sweet & Salty Nut Granola Bars,89,45,44,50.56179775280899
Graduates Kiddy Cutlery Forks,5,1,4,20.0
Diet Pepsi,828,565,263,68.23671497584542
Vanilla Milk Chocolate Almond Ice Cream Bars,4136,2146,1990,51.88588007736944
Organic Frozen Blueberries,442,169,273,38.23529411764706
Invisible Solid Spring Breeze Antiperspirant/Deodorant 2.6 oz AP/DO & Body Spray,42,15,27,35.714285714285715
Toaster Scrambles Sausage,36,10,26,27.77777777777778
Happy Hips Dog Food Lamb & Sweet Potato Stew,17,4,13,23.52941176470588
"Grown-Up Soda, Extra Dry Ginger Ale",77,54,23,70.12987012987013
G Series Perform Low Calorie Glacier Freeze Sports Drink,141,66,75,46.808510638297875
Buffalo Style Boneless Chicken Wyngz,196,99,97,50.51020408163265
Whole Milk Cherry Organic Yogurt,9,3,6,33.33333333333333
Apple Kiwi Strawberry Concentrate Frozen,33,26,7,78.78787878787878
Denali Fresh Body Wash Collection,70,33,37,47.14285714285714
Variety Snaps With Real Beef/Chicken/Liver & Lamb Flavors,36,12,24,33.33333333333333
Ultra Premium Bath Tissue Double Rolls,224,130,94,58.03571428571429
Shipping Packaging Tape Heavy Duty,4,0,4,0.0
Organic Raw Organic Kraut,169,66,103,39.053254437869825
Daisy Cutter Pale Ale,152,85,67,55.92105263157895
Pasta Joy Ready Organic Brown Rice Pasta Penne,1610,894,716,55.52795031055901
Waxed Floss,11,2,9,18.181818181818183
Pearl Barley,413,100,313,24.213075060532688
Iced Tea Decaffeinated Tea Bags,6,2,4,33.33333333333333
Stainless Steel Cleaner Streak Free,16,0,16,0.0
Fabanaise,157,60,97,38.21656050955414
Edna Valley Chardonnay,15,7,8,46.666666666666664
Organic Vanilla Ice Cream,228,123,105,53.94736842105263
Fudge & Mint Grasshopper Cookies,182,77,105,42.30769230769231
Old Fashioned Crunchy Peanut Butter,67,26,41,38.80597014925373
Foaming Bleach Bathroom Cleaner,419,90,329,21.479713603818613
Organic Trumpet Royale Mushrooms,22,4,18,18.181818181818183
Organic Sun-Ripened Tomato & Basil Bisque,38,7,31,18.421052631578945
Organic Pure 85% Dark Chocolate Bar,1481,963,518,65.0236326806212
Homemade Vanilla Ice Cream,983,364,619,37.029501525940994
Pina Colada Yogurt Smoothie,19,9,10,47.368421052631575
Diced Tomatoes,13852,5979,7873,43.163442102223506
Semi-Sweet Chocolate Premium Baking Chips,5171,2164,3007,41.84877199767937
Gel Aloe Vera 98%,8,0,8,0.0
Wood Fire Roasted Sesame Tahini,7,1,6,14.285714285714285
Everyday Shampoo,49,18,31,36.734693877551024
Baby Gouda Cheese,2,0,2,0.0
Simply Salt Rice Snacks,161,89,72,55.27950310559007
Coconut Macaroon Greek 100 Whips,46,23,23,50.0
Gallon Zipper Storage Bags,114,23,91,20.175438596491226
Asiago Beef With Penne,3,0,3,0.0
Natural Choice Smoked Sliced Deli Turkey,546,242,304,44.32234432234432
Dishwand Brush,61,6,55,9.836065573770492
All Purpose Eraser,2,0,2,0.0
Complete Battery Power Toothbrush,43,9,34,20.930232558139537
Brown'N Serve Sausage Links Lite Original - 10 CT,51,27,24,52.94117647058824
Any'tizers Buffalo Style Hot Wings,120,54,66,45.0
Multi-Grain Sandwich Pockets,34,12,22,35.294117647058826
Sweet & Salty Popcorn Crisps,12,3,9,25.0
Organic Lowfat Cultured Milk Blackberry Kefir,13,5,8,38.46153846153847
Organic Honey Graham ZBar Kids Energy Bar,129,61,68,47.286821705426355
Gluten Free Potato Gnocchi,12,3,9,25.0
Perfect Pie Crust,27,1,26,3.7037037037037033
Bay Leaf,13,1,12,7.6923076923076925
Dairy Free French Vanilla Creamer Almond Milk,313,128,185,40.894568690095845
Zero Calorie Strawberry Soda,305,173,132,56.72131147540984
Hot! Jalapeno Potato Chips,506,336,170,66.40316205533597
Honey Blended Whole Milk Greek Yogurt,25,15,10,60.0
Woman's Raspberry Leaf Tea Bags,237,60,177,25.31645569620253
Chocolate Roasted Peanut with Caramel Protein Bar,5,2,3,40.0
G2 Sports Drink Orange,261,150,111,57.47126436781609
Gray Salt Dark Chocolate Caramels,20,9,11,45.0
Mulled Organic Flex Seed,7,2,5,28.57142857142857
Organic Reishi Mushroom Combinations Capsules,3,0,3,0.0
Low Sodium Tomato Juice,24,4,20,16.666666666666664
"Dinner Napkins, True Blue, 2-Ply",7,2,5,28.57142857142857
Organic Chili Beans Chili Jalapeno,5,0,5,0.0
Giant Vanilla Fudge Ice Cream Cones,7,1,6,14.285714285714285
Cheddar & Sour Cream Potato Chips,1136,609,527,53.609154929577464
Sweet Brown Sugar Bbq,37,9,28,24.324324324324326
Healthy Request Minestrone Condensed Soup,17,6,11,35.294117647058826
Dairy Free Coconut Milk Blueberry Yogurt Alternative,2584,1538,1046,59.52012383900929
Mesquite Bar-B-Que Potato Chips,14,3,11,21.428571428571427
Crunchy Cinnamon Banana Chips,124,49,75,39.516129032258064
Fire Roasted Vegetables Crispy Thin Crust Pizza,74,46,28,62.16216216216216
Air Effects Mediterranean Lavender Air Freshener,182,38,144,20.87912087912088
Deluxe Bread Wheat,28,22,6,78.57142857142857
with a Splash of Mango Coconut Water,23,6,17,26.08695652173913
Ezekiel 4:9 Original Sprouted Grain Crunchy Cereal,508,258,250,50.78740157480315
Crispy Seasoned Potato Puffs,327,141,186,43.11926605504588
Boston Cleaner Contact Lens Solution,9,3,6,33.33333333333333
Cottony Soft Sanitizing Wipes,20,8,12,40.0
Lite Rice Vinegar,428,85,343,19.859813084112147
Ravioli with Spinach & Ricotta,117,68,49,58.119658119658126
Creamy Chocolate Frosting,183,33,150,18.0327868852459
Liquid Personal Lubricant & Vaginal Moisturizer,24,3,21,12.5
Pure Granulated Sugar,402,128,274,31.8407960199005
Organic Rooibos Herbal Tea,15,3,12,20.0
"Peperoncini, Greek, Sliced Golden",861,370,491,42.973286875725904
Truffle Popcorn,1746,927,819,53.09278350515464
Natural Casing Beef Frankfurters,17,7,10,41.17647058823529
Comfort Roasted Turkey Breast Dinner,764,430,334,56.282722513089
Sonoma County Chardonnay,12,0,12,0.0
Dipps Chocolatey Covered Chocolate Chip Granola Bars,1234,773,461,62.6418152350081
KinniKritters Gluten Free Animal Cookies,298,188,110,63.08724832214765
Roasted Mango Chipotle Sauce,12,1,11,8.333333333333332
Italian Entrees Marinara Penne Pasta,110,77,33,70.0
Synergy Organic & Raw Cosmic Cranberry,6065,4375,1690,72.13520197856555
Mango Tangerine Sorbet,3,0,3,0.0
Lemon Chicken Pasta,5,0,5,0.0
Lower Sodium Split Pea Vegan Soup,140,67,73,47.85714285714286
Sourdough Rye Bread,73,46,27,63.013698630136986
Veggie Fajita and Guacamole Burrito,56,20,36,35.714285714285715
"Digestive Wheat Biscuits, Milk Chocolate Flavor",31,15,16,48.38709677419355
Fully Cooked Turkey Sausage Patties,589,306,283,51.95246179966044
Mixed Vegetables,2908,1497,1411,51.47867950481431
Beef London Broil,39,12,27,30.76923076923077
"Olive Oil Canyon Cut, Sea Salt & Cracked Pepper Potato Chips",165,98,67,59.3939393939394
Bathroom Cleaner with Lemon Scent,309,78,231,25.24271844660194
Traditional Italian Polenta,19,6,13,31.57894736842105
Fancy Brown 'N Serve Enriched Rolls,2,0,2,0.0
Pears Stage 1 Organic Baby Food,11,3,8,27.27272727272727
Habit Breaker Magickal Mineral Bath Salts With Natural Sea Salts & Pure Essential Oils,26,5,21,19.230769230769234
"Medicated Arm, Neck & Leg Patch",45,9,36,20.0
"Life Scents Multilayered Fragrance Spring Edition Scented Oil Refill, Turquoise Oasis",33,7,26,21.21212121212121
Iron + Herbs Liquid Extract Formula,168,60,108,35.714285714285715
"Organic Candy Drops, Assorted",38,12,26,31.57894736842105
After Dinner Herbal Tea,23,9,14,39.130434782608695
Herbal Blemish Stick with Tea Tree Leaf Oil,11,4,7,36.36363636363637
Orignial Recipe Chocolate Pudding,2750,1663,1087,60.472727272727276
Beef Flavored Stock,18,3,15,16.666666666666664
Berry Probiotic And Prebiotic Supplement Blend - Pomegranate,8,1,7,12.5
Roma Style Tomatoes Tomato Sauce,165,58,107,35.15151515151515
Premium Kids+ Orange Juice,286,176,110,61.53846153846154
Grilling Spray,131,19,112,14.50381679389313
Cranberry Ginger Ale,118,45,73,38.13559322033898
Cream Top Smooth & Creamy Pomegranate & Berry Yogurt,90,57,33,63.33333333333333
Delicious IPA,11,3,8,27.27272727272727
3D White Mint Toothpaste,563,178,385,31.616341030195382
Spring Club Soda,42,14,28,33.33333333333333
Mandarins in Orange Gel Fruit Bowls,157,102,55,64.96815286624204
Gentle Care With Aloe & E 1-Ply Double Rolls Toilet Paper,20,3,17,15.0
"Charcoal Lighter Fluid, Odorless",21,4,17,19.047619047619047
Dark Chocolate,49,17,32,34.69387755102041
Cuties Non Dairy Chocolate Frozen Dessert Sandwiches,114,53,61,46.49122807017544
Whole Grain Pita Bread,708,436,272,61.5819209039548
Italian Chopped Tomatoes,114,39,75,34.21052631578947
Advanced Therapy Body Lotion,92,26,66,28.26086956521739
Organic Chili Ginger Lime Cleaning Probiotic Tonic,441,319,122,72.33560090702947
2 Cup Glass Food Storage Huckleberry,6,0,6,0.0
Instant Corn Masa,20,3,17,15.0
Seeded Hamburger Buns,34,10,24,29.411764705882355
Premium Baking Chips Milk Chocolate,502,241,261,48.007968127490045
Buffalo Style Hot Sauce,2,0,2,0.0
Wooky Jack Black Rye Ipa,42,29,13,69.04761904761905
100% Extra Virgin Olive Oil Non Stick Cooking Spray,81,23,58,28.39506172839506
Ant Killer Liquid,12,0,12,0.0
Clasico Dark Roast Instant Coffee,91,47,44,51.64835164835166
"Seaweed, Roasted",77,27,50,35.064935064935064
Maximum Strength Liquid,77,21,56,27.27272727272727
Low Sodium Homestyle Chicken Noodle  Condensed Soup,353,144,209,40.79320113314447
Premium Veal Stock,26,4,22,15.384615384615385
Lundberg 9.5 Oz,198,85,113,42.92929292929293
90% Less Fat Organic Powdered Peanut Butter,405,211,194,52.09876543209877
Liquid Lotion Sunscreen SPF 55,8,3,5,37.5
Protein And Fiber Milk Chocolate Toffee Bar,13,3,10,23.076923076923077
Gluten Free Rice Fettuccine,26,2,24,7.6923076923076925
Traditional Chicken Barley Soup,92,35,57,38.04347826086957
Food Storage Large Green,82,13,69,15.853658536585366
Rice & Corn Puffs with Aged White Cheddar,66,24,42,36.36363636363637
1st Foods Sweet Potatoes,327,157,170,48.01223241590214
Cheddar Jack Fine Cut,603,272,331,45.107794361525706
Transitional Trade Dark Cocoa,31,10,21,32.25806451612903
Organic Goji Berries,344,133,211,38.662790697674424
Fully Husked & Trimmed Super Sweet Corn,4040,2478,1562,61.336633663366335
Whole Segments Mandarin Oranges In Light Syrup,24,13,11,54.166666666666664
Vanilla Frozen Yogurt,516,232,284,44.96124031007752
Original Roast Coffee,64,15,49,23.4375
Tea Tree 100% Pure Essential Oil,89,12,77,13.48314606741573
Organic Prunes,331,163,168,49.244712990936556
Organic Carrots,1460,673,787,46.09589041095891
Gillette Venus Breeze Women's Freesia Scented Razor Refills,23,4,19,17.391304347826086
Top the Tater Chive & Onion Sour Cream,220,87,133,39.54545454545455
Tidy Cats Clumping Litter 4-in-1 Strength Size,134,59,75,44.02985074626866
"Sensitive Skin Stain Remover & Color Booster, 24 Loads",40,17,23,42.5
Best Whole Wheat Flour,13,1,12,7.6923076923076925
Bite Size Premium Tortilla Chips,19,12,7,63.1578947368421
Original Chocolate Flavor Fat Free  Syrup,35,13,22,37.142857142857146
13 Gallon Kitchen Drawstring Trash Bags,111,35,76,31.53153153153153
Berry Lavendar Ice Cream,40,22,18,55.00000000000001
"Stella Rosso, Semi-Sweet",87,54,33,62.06896551724138
Crushed Tomatoes with Basil,5,0,5,0.0
"6.75\"" Classic Red Plates",4,0,4,0.0
Vanilla Caramel Latte Beverage Mix,4,0,4,0.0
Lucky Charms Cereal Bars,17,7,10,41.17647058823529
Moist Supreme Premium Devil's Food Cake Mix,157,21,136,13.375796178343949
Coconut Cocoa Smoothie,21,6,15,28.57142857142857
Umcka ColdCare Sugar-Free Grape Flavored Syrup,24,12,12,50.0
Classic Creamy Goat Cheese,124,50,74,40.32258064516129
Fine Yolk Free Noodles,16,5,11,31.25
Original Cheesy Made Easy Macaroni & Cheese Dinner,9,4,5,44.44444444444444
"Sweet Peas, Greens & Brown Rice Organic Baby Food",114,53,61,46.49122807017544
Gillette Fusion ProGlide Manual Men's Razor Blade Refills,190,58,132,30.526315789473685
Cinnamon Bread,659,355,304,53.86949924127465
"Smoothie Fruits, Squished, The Green One, Over 6 Months",589,422,167,71.64685908319186
Raspberry Lime Sparkling Seltzer Water,1372,1055,317,76.89504373177843
Dark Chocolate Chia Bar,434,195,239,44.93087557603687
Jalapeno Cashews,45,27,18,60.0
Plastic Tubular Hangers,28,3,25,10.714285714285714
French Bread Pizza Deluxe,312,154,158,49.358974358974365
"Kids Natural Calm Multivitamin, Fruity Splash Flavor",16,4,12,25.0
"Cream Sauce, Horseradish",11,1,10,9.090909090909092
Classic Stir-fry Sauce,144,42,102,29.166666666666668
Premium Hashbrown Potatoes,15,2,13,13.333333333333334
Milk Chocolate Covered Raisins,2769,1968,801,71.07258938244854
Coconut Rum,25,5,20,20.0
Extra Clean Toothbrush,4,0,4,0.0
Quesadilla Jalapeno Oaxaca Shredded Cheese Blend,63,29,34,46.03174603174603
Organic White Meat Chicken Skinny Burrito,275,130,145,47.27272727272727
Green Goodness 100% Fruit Juice Smoothie,423,277,146,65.48463356973994
Single Malt Scotch Whisky,124,64,60,51.61290322580645
Golden Blossom Honey 100% Pure U.S. Honey,179,54,125,30.16759776536313
100% Whole Grain Flaxseed Bread,258,156,102,60.46511627906976
Mandarin Lime Soda,187,103,84,55.080213903743314
Light Brown Rice Loaf,23,19,4,82.6086956521739
"Seasoning, Italian",1280,130,1150,10.15625
Organic Edible Flowers,26,2,24,7.6923076923076925
Vegan Trail Mix Cookies,76,35,41,46.05263157894737
Petite Cut Diced Tomatoes,104,54,50,51.92307692307693
Fiesta Ranch Dip Mix,47,15,32,31.914893617021278
Natural Spring Water,19518,14802,4716,75.8376882877344
"Sweet Peppers, Organic, Fire Roasted",58,7,51,12.068965517241379
Double Green Matcha Tea Bags,445,111,334,24.9438202247191
Cantonese Oyster Flavored Sauce,30,1,29,3.3333333333333335
Original Sport Aerosol Deodorant,31,10,21,32.25806451612903
Premium Sparkling Lemon Cocktail Mixer,3,0,3,0.0
Original Sea Salt Vegetable Chips,342,96,246,28.07017543859649
Organic White Chocolate Peanut Butter Cups,1230,811,419,65.9349593495935
Artisan Multigrain Bread,139,99,40,71.22302158273382
Crisp Fuji Apple + Pear Juice,100,60,40,60.0
Original High Fiber Medley Cereal,238,123,115,51.68067226890757
Almond Glow Lavender Body Lotion/Massage Oil,7,1,6,14.285714285714285
"Quinoa Puffs, Aged Cheddar",150,60,90,40.0
Omega 3 Purified Fish Oil Lemon Caps,298,101,197,33.89261744966443
Builder's® Chocolate Peanut Butter Protein Bars,486,301,185,61.934156378600825
"Green Chickpeas Chimichurri, Coconut Butternut Squash Gluten-Free Non GMO Meal",5,0,5,0.0
Frosted Animal Cookies,70,24,46,34.285714285714285
"8\"" Pumpkin Pie",86,31,55,36.04651162790697
Tradicional Tequila Silver,13,0,13,0.0
Garlic Sea Salt Grinder,42,7,35,16.666666666666664
Surfer Bath Soak,22,16,6,72.72727272727273
Supreme Supper Classic Pate Cat Food,17,7,10,41.17647058823529
Vanilla Fudge Twirl Frozen Dairy Dessert,44,23,21,52.27272727272727
Organic White Potato,179,74,105,41.340782122905026
Mighty Mealtime Broccoli Pasta,19,3,16,15.789473684210526
Lunchables Cracker Stackers Ham & American Cheese,446,270,176,60.53811659192825
Cravin' Raisin Cinnamon Spice Gluten Free Bread,89,61,28,68.53932584269663
100% Organic Pineapple Slices,189,41,148,21.693121693121693
Lemon Garlic Pork Loin Filet,196,88,108,44.89795918367347
Concentrated All Purpose Cleaner,97,23,74,23.711340206185564
"Prunes, Pitted, Bite Size, Petite",59,20,39,33.89830508474576
Light Parmesan Peppercorn Ranch Salad Dressing,13,5,8,38.46153846153847
Oikos Triple Zero Plain Greek Yogurt,59,34,25,57.6271186440678
Black Cherry Dragonfruit Sparkling Water Beverage,38,20,18,52.63157894736842
Nutrish Dish Real Food For Dogs Chicken & Brown Rice Recipe,21,16,5,76.19047619047619
Estracell Scrub Sponge,7,2,5,28.57142857142857
Buttermilk & Honey Pancake and Waffle Mix,16,4,12,25.0
Southern Style White Corn Grits,290,55,235,18.96551724137931
Visibly Soft Vanilla Mint Lip Balm Sphere,9,2,7,22.22222222222222
Little Bites Chocolate Chip Muffins,2420,1765,655,72.93388429752066
Gluten Free Spinach Flat Wraps,16,3,13,18.75
Lemon Shampoo Clarifying,77,15,62,19.480519480519483
Sublime Bronze ProPerfect Salon Airbrush Self-Tanning Mist - Medium,6,1,5,16.666666666666664
Organic Radish Bunch,40,14,26,35.0
Semi-Sweet Mini Chocolate Chips,3715,2041,1674,54.93943472409152
Country Greens,54,18,36,33.33333333333333
Salumeria Salamini Series Columbus Peppered Salame,34,16,18,47.05882352941176
Organic Unrefined Omega-3 Flax Oil Ultra Lignan with Vitamin D,5,2,3,40.0
Roasted Garlic Extra Virgin Olive Oil,43,19,24,44.18604651162791
Simply 100 Crunch Blueberry Cookie Crumble Non-Fat Greek Yogurt,338,188,150,55.62130177514793
Spot's Stew Wholesome Lamb Canned Dog Food,51,37,14,72.54901960784314
Smooth Almond Butter,514,240,274,46.69260700389105
Organic Ginger Maple Tonic Juice,207,108,99,52.17391304347826
"Pears, Kale & Spinach Organic Baby Food",2221,1309,912,58.937415578568206
Chamomile & Green Tea Deodorant,11,5,6,45.45454545454545
Chicken Breast,195,68,127,34.87179487179487
Rosewater,294,81,213,27.55102040816326
Microwave Cinnamon Rolls,20,6,14,30.0
Greek Vinaigrette Salad Dressing,10,1,9,10.0
Real Turkey Jerky Original Recipe,53,36,17,67.9245283018868
Whipped Cocoa Butter Soap,13,7,6,53.84615384615385
Reduced Fat Sliced Swiss Cheese,1361,752,609,55.25349008082292
"Cabernet Sauvignon, North Coast, 2011",7,1,6,14.285714285714285
Claming Detangler Spray,34,5,29,14.705882352941178
Chocolate Milk Cartons 2% Reduced Fat,439,333,106,75.85421412300684
Organic Uber Green,166,61,105,36.74698795180723
Invisible Dry Antiperspirant/Deodorant Powder Fresh,7,1,6,14.285714285714285
Liquid Laundry Detergent,116,38,78,32.758620689655174
Organic Garlic Cilantro Salsa,272,69,203,25.36764705882353
Buttery Homestyle Mashed Potatoes,533,225,308,42.21388367729831
Organic Chicken Pot Pie,3468,1790,1678,51.614763552479815
ProActive Health Adult Chicken Dry Cat Food,111,54,57,48.64864864864865
Delights Fudge Molten Lava Brownie Mix,5,0,5,0.0
Vegetable Classics Tuscan-Style White Bean Soup,10,2,8,20.0
Delicate Cucumber & Shallot Artisan Vinaigrette Dressing,25,5,20,20.0
Baby Shampoo,215,55,160,25.581395348837212
Artisan Fig & Walnut Savory Balsamic Vinaigrette,132,47,85,35.60606060606061
Baking Cups,121,6,115,4.958677685950414
Thin Sliced Bologna,44,19,25,43.18181818181818
Aioli Mayo,4,1,3,25.0
Green Onion Dip Mix,181,81,100,44.751381215469614
Organic Pizza Snack Mix Crackers,571,230,341,40.280210157618214
Moisturizing Cream Skin Cream,8,0,8,0.0
Lite Vanilla Cupcake Whey Protein Poweder,20,9,11,45.0
Pitted Small Ripe Olives,10,3,7,30.0
Dairy Free American Style Cheese Alternative,18,10,8,55.55555555555556
Assorted Citrus Flavor Supplement Drops,53,19,34,35.84905660377358
Organic Spinach Pow Salad,33,22,11,66.66666666666666
"Cups, Midnight Blue, 16 oz",23,4,19,17.391304347826086
Mild Flavor Molasses,11,0,11,0.0
Creamy French Style Fat Free Dressing,14,0,14,0.0
Special K Double Chocolate Protein Meal Bar,70,44,26,62.857142857142854
Life Balance Medium Soft Tacos Wheat Tortillas,105,41,64,39.04761904761905
Multigrain Pancake & Waffle Mix,870,367,503,42.183908045977006
Key Limes,3361,1786,1575,53.13894674204106
Premium Pepperoni Pizza in Garlic Buttery Crust Sandwiches,134,62,72,46.26865671641791
Basil,7498,3150,4348,42.01120298746333
Coconut Breaded Chicken Breast Tenders,656,372,284,56.70731707317073
Cut Green Beans No Salt Added,8,3,5,37.5
Danish Variety Pack,554,390,164,70.3971119133574
Organic Balance Vanilla Bean Milk Protein Shake,615,372,243,60.48780487804878
Original Raw Tigernuts,57,17,40,29.82456140350877
English Hydro Cucumber,19,5,14,26.31578947368421
Grilled and Ready Sweet Asian Chicken Thigh Fillets,3,0,3,0.0
"Popped Potato Snack, Crazy Hot",162,103,59,63.580246913580254
Kickin’ BBQ Chopped Salad,48,24,24,50.0
Louisiana Crunch Cake,87,37,50,42.5287356321839
Riserva Roasted Garlic Pasta Sauce,37,15,22,40.54054054054054
Lamb Rice Adult Dog,15,10,5,66.66666666666666
Tangerine Juice,1797,1041,756,57.92988313856428
Egg Fettuccine Pasta,49,16,33,32.6530612244898
Nuts & Coffee Organic Nut & Oat Milks Blend,8,2,6,25.0
"Ravioli, Butternut Squash, Gluten-Free",10,2,8,20.0
Steak Burrito Bowl,9,4,5,44.44444444444444
Sausage Pepperoni Pizza,13,4,9,30.76923076923077
Ready-Cut Diced No Salt Added Tomatoes,47,18,29,38.297872340425535
Fat Free Ranch Dressing,9,1,8,11.11111111111111
Dailyware Variety Pack,12,2,10,16.666666666666664
Belgian Custard Cream Mini Eclairs,61,15,46,24.59016393442623
Instant Mashed Sweet Potatoes,6,0,6,0.0
Dairy Free Butter Omega-3,82,36,46,43.90243902439025
Long Grain Enriched Rice,35,6,29,17.142857142857142
No. 01 Organic Vegan Cold Pressed Juice Kale Spinach Romaine Celery Cucumber Apple Lemon,101,55,46,54.45544554455446
Savory Shreds Turkey & Cheese Dinner in Gravy Cat Food,109,67,42,61.46788990825688
Ultra-Calming Daily Moisturizer Broad Spectrum SPF 15,6,0,6,0.0
Mayan Spice Cacao-Nectar Bar,7,3,4,42.857142857142854
Netty Pot,7,0,7,0.0
Vanilla Coconut Milk Yogurt,1180,739,441,62.62711864406779
Decaf Mint Green Tea,20,10,10,50.0
Organic Garlic Powder,3250,570,2680,17.53846153846154
Olive Oil & Balsamic Dressing,15,3,12,20.0
Veggie Stix,187,125,62,66.84491978609626
Pretzel Chocolate Organic,7,1,6,14.285714285714285
Flaming Hot Hot Fries,22,11,11,50.0
Fruit Tea Sampler Herbal Tea,741,224,517,30.229419703103915
Chicken Fajitas Lawry's Spices & Seasonings,81,19,62,23.456790123456788
"Oatmeal, Instant, Banana Maple with Flax",78,36,42,46.15384615384615
Squirrelly Sprouted Grain Bread,519,358,161,68.97880539499036
Organic Creamy Chocolate Fudge Nutritional Shake,593,424,169,71.50084317032041
Adobo All Purpose Seasoning without Pepper,29,2,27,6.896551724137931
Soft-Baked Cherry Vanilla Cereal Bars,18,5,13,27.77777777777778
Organic Yellow Zucchini,2162,573,1589,26.50323774283071
Basil Cucumber Soy Wax Candle,19,3,16,15.789473684210526
Ichiban Beer,11,5,6,45.45454545454545
Concord Grape Reduced Sugar Jelly,11,3,8,27.27272727272727
Nighttime Cough & Bronchial Syrup,35,1,34,2.857142857142857
Sweet Honey Catalina Dressing Smooth & Tangy,4,0,4,0.0
Naturе's Calorie-Free Sweetener,1812,943,869,52.041942604856516
Frosted Flakes,2622,1496,1126,57.055682684973306
Double Roll Bath Tissue Soft,42,21,21,50.0
Fuji  Apples,667,433,234,64.91754122938531
Broccoli & Cheese Stuffed Chicken Breasts,46,28,18,60.86956521739131
Ultra Light Beer,38,20,18,52.63157894736842
Gluten Free Kale Sourdough,42,20,22,47.61904761904761
Sun-Dried Tomatoes,16,2,14,12.5
Mint Mouthwash,11,3,8,27.27272727272727
Bits Cheese Cracker Sandwiches Munchpack,262,129,133,49.23664122137404
Light Blueberry Patch/Blackberry Pomegranate Variety Pack Fat Free Yogurt,16,8,8,50.0
Colon Health Daily Proboitic Capsules,11,8,3,72.72727272727273
All Natural Virgin Lemonade,5590,4029,1561,72.07513416815743
EF Honey Nut Rice Cakes Eco-Farmed Rice Cakes,153,50,103,32.6797385620915
Boneless Skinless Chicken Thighs,10550,6186,4364,58.6350710900474
Smoothies Extra Strength 750 Berry Fusion Chewable Tablets Antacid,117,29,88,24.786324786324787
Organic French Roast Whole Bean Coffee,27,14,13,51.85185185185185
Liquid Calcium Magnesium Citrate Plus Vitamin D3 Strawberry,10,2,8,20.0
Sardines In Mustard & Dill Sauce,22,9,13,40.909090909090914
Cook & Serve Vanilla Pudding Pie Filling,48,11,37,22.916666666666664
Mini Candy Bars,28,13,15,46.42857142857143
Drink Original Unsweetened,20,10,10,50.0
Virginia Ham,407,246,161,60.44226044226044
Zero Calorie Organic Root Beer Fridge Pack Soda,2,0,2,0.0
Chocolate Lover's Double Fudge Brownie Mix,60,20,40,33.33333333333333
Organic Breakfast Blend Black Tea,34,13,21,38.23529411764706
Organic Earl Grey Black Tea,142,61,81,42.95774647887324
Organic Vanilla Lightly Sweetened Almond Milk,91,48,43,52.74725274725275
Gluten Free Vanilla Glazed Donuts,292,151,141,51.71232876712328
Aconitum Napellus 30 C,7,0,7,0.0
Unsweetened Vanilla Cashew Milk,1957,1181,776,60.34747061829331
San Mateo Loose Leaf Yerba Mate Tea,46,18,28,39.130434782608695
American Cheese slices,1692,1027,665,60.69739952718676
Breakfast Essentials® Complete Nutritional Drink Rich Milk Chocolate Naturally & Artifically Flavored,86,59,27,68.6046511627907
Energy Chew Pink Lemonade,20,7,13,35.0
Organic Yellow (Ataulfo) Mango,10,0,10,0.0
Curl Perfection Moisturizing Shampoo,20,7,13,35.0
Vanilla Chocolate Mexicano Classic Chocolate Discs,124,77,47,62.096774193548384
Original Dry Rub,11,0,11,0.0
Body Wash,22,5,17,22.727272727272727
Mousse Truffée Pork & Chicken Liver Mousse w/ Truffles,20,9,11,45.0
Premium Epsom Salt,4228,2341,1887,55.36896877956481
Rosemary Parmesan Down East Crackers,61,26,35,42.62295081967213
Smoked Gouda Cheese,239,91,148,38.07531380753138
Organic Peppercorn Sichuan,19,3,16,15.789473684210526
Organic Lowfat Creamy Australian Style Orange Passion Fruit Yogurt,750,438,312,58.4
"Record V Natural Bristles Toothbrush, Adult Hard",2,0,2,0.0
Black Bean Corn Salsa,66,24,42,36.36363636363637
Dancy Tangerines,38,6,32,15.789473684210526
"Farmstyle Greek Strained Yogurt Oregon Strawberry, 2% Milkfat",336,234,102,69.64285714285714
Magic Eraser Bathtub Cleaner & Scrubber Sponge 2ct. Surface Care,165,37,128,22.424242424242426
100 Calorie Right Bites Chips Deluxe Chocolate Chip Cookies,7,2,5,28.57142857142857
Gluten Free Pizza Crust,2770,1559,1211,56.281588447653434
Kettle Cooked Malt Vinegar & Sea Salt Potato Chips,177,106,71,59.887005649717516
Organic Roasted Red Pepper & Tomato Bisque,566,187,379,33.03886925795053
Italian Sausage & Rigatoni Pasta,46,25,21,54.347826086956516
"Special K Crustless Quiche Sausage, Quinoa, Peppers, Mozzarella & Asiago",14,6,8,42.857142857142854
Organic Gold Pearl Onions,13,6,7,46.15384615384615
Taco Flavored Tortilla Chips,116,46,70,39.6551724137931
Mint Chocolate Cookie Ice Cream,1944,872,1072,44.8559670781893
Original Potato Chips Twin Pack,13,3,10,23.076923076923077
100% Natural Crunchy Peanut Butter,646,334,312,51.702786377708975
Baked Whole Grain Reduced Fat Crackers,1302,804,498,61.75115207373272
Signature Spicy Pickle Chips,215,113,102,52.55813953488372
Gluten Free Sea Salt & Cracked Black Pepper Rice Thin Crackers,169,97,72,57.396449704142015
Navel Oranges Bag,1150,578,572,50.26086956521739
Creamy Garlic Shells Italian Sides,76,20,56,26.31578947368421
Fire Roasted Whole Red Peppers,66,27,39,40.909090909090914
European Butter Unsalted Sticks,18,0,18,0.0
Zero Rise Orange,1030,712,318,69.12621359223301
Blueberries,55946,32592,23354,58.25617559789797
Herbal Tea Lemon & Ginger Caffeine Free Tea Bags,557,211,346,37.881508078994614
Pepper Jack Baked Snack Crackers,58,26,32,44.827586206896555
Large Rectangle Containers,291,57,234,19.587628865979383
Brioche Slider Buns,1088,587,501,53.95220588235294
Ground Organic Cinnamon,22,3,19,13.636363636363635
Igf Sliced Strawberies,13,2,11,15.384615384615385
Rosemary Conditioning Hair Oil for All Hair Types,22,6,16,27.27272727272727
Chopped Onion,229,59,170,25.76419213973799
Naturally Rising Crust Classic Supreme Pizza,66,36,30,54.54545454545454
"Riesling, Colombia Valley, Vintage 2013",139,46,93,33.093525179856115
"L-Tyrosine, 500 mg",8,1,7,12.5
Disinfecting Toilet Wand Refills,522,139,383,26.62835249042146
Triple Ginger Teriyaki Sauce,4,0,4,0.0
Extra Strong Hold UV Filter Hairspray,29,5,24,17.24137931034483
Meat Ravioli,38,20,18,52.63157894736842
Organic Vegetable Broth,11703,5577,6126,47.65444757754422
Original Flavors Jelly Beans,15,2,13,13.333333333333334
Organic Fruit Spread Apricot,177,76,101,42.93785310734463
Organic Morning Harvest Apples + Walnuts Macrobar,177,92,85,51.9774011299435
Organic Preserve Raspberry,110,28,82,25.454545454545453
Caramel Macchiato,6,3,3,50.0
Carrot Bunch,614,193,421,31.433224755700323
Cookies 'n Cream Energy Bar,56,46,10,82.14285714285714
Zebra Popcorn,29,7,22,24.137931034482758
"Yogurt, Organic Icelandic, Nonfat, Vanilla",409,283,126,69.19315403422983
Organic Sopressata,125,58,67,46.400000000000006
Banana Walnut Pound Cake,13,2,11,15.384615384615385
Rice Crust Roasted Vegetable Pizza,355,178,177,50.140845070422536
Nordic Berries Multivitamin Gummies,62,13,49,20.967741935483872
Chocolate Pudding,719,374,345,52.01668984700974
No More Tears Hand and Face Wipes,310,192,118,61.935483870967744
Raw Whole Golden Flaxseeds,24,5,19,20.833333333333336
Granulated Chicken Bouillon,61,7,54,11.475409836065573
Original Clean Mint Mouthwash,6,0,6,0.0
Perfect Portions Chicken & Tuna Pate,27,15,12,55.55555555555556
Greek Feta Vinaigrette,74,40,34,54.054054054054056
"Amazing Meal Raw, Plant-Based Nutritional Supplement Chocolate Infusion",10,4,6,40.0
Fume Blanc Sonoma County,215,116,99,53.95348837209303
5 Htp 50 Mg Neurotransmitter Support,10,1,9,10.0
Stock-In-A-Box,108,46,62,42.592592592592595
Personal Lubricant Natural Aloe,9,3,6,33.33333333333333
Four Cheese Microwavable Mashed Potatoes,31,11,20,35.483870967741936
Original Pina Colada Flavored Low Fat Yogurt,213,114,99,53.52112676056338
Lunchables Pizza with Pepperoni,575,353,222,61.39130434782609
Diapers Cruisers Size 4 Super Pack,284,144,140,50.70422535211267
Organic Gluten Free Summer Berries Granola,1496,1038,458,69.38502673796792
The Original Briquets,24,1,23,4.166666666666666
Broccoli & Cheddar Bake Meal Bowl,7176,4683,2493,65.25919732441471
Zesty Honey Mustard,5,0,5,0.0
Healthy Favorites Granola with Real Chicken Dog Biscuits,9,3,6,33.33333333333333
Organic Poultry Blend,632,225,407,35.60126582278481
Pita Chips Simply Naked Nothing but Sea Salt Baked,206,96,110,46.601941747572816
Banh Pho Rice Noodles,23,7,16,30.434782608695656
Honey Graham Snacks,752,359,393,47.73936170212766
All Occasion Napkins 2-Ply Premium,24,13,11,54.166666666666664
Israeli Couscous Tuscan Herb,13,3,10,23.076923076923077
Original Long Grain & Wild Rice Mix,831,377,454,45.36702767749699
White Meat Poultry & Pork Bbq Sauce,20,3,17,15.0
Fine Black Permanent Marker,88,5,83,5.681818181818182
Super B-Complex with Folic Acid plus Vitamin C and Biotin  Vitamin Tablets,18,2,16,11.11111111111111
Organic YoKids Squeeze! Straw-Nana-Rama Yogurt,929,687,242,73.95048439181916
Lemon Italian Sparkling Mineral Water,3300,2435,865,73.7878787878788
Fabric Softener Dryer Sheet Outdoor Fresh 240CT Fabric Enhancers,565,156,409,27.61061946902655
Cinnamon Gum,122,22,100,18.0327868852459
Chamomile Tea Sachets,31,9,22,29.03225806451613
Whole Grain Cornbread and Muffin Mix,10,0,10,0.0
Guanabana Soursop Nectar,7,0,7,0.0
Cf Van Pmpkn Grnola 11,242,64,178,26.446280991735538
Fusilli Bucati No. 98 Macaroni,62,36,26,58.06451612903226
Organic Chèvre Fleurie Soft Ripened Goat Cheese,230,68,162,29.565217391304348
KickStart Strawberry Kiwi Beverage,14,5,9,35.714285714285715
Turkey Snack Sticks,17,10,7,58.82352941176471
U Ultra Thin Long Pads,27,11,16,40.74074074074074
Original English Mustard,14,0,14,0.0
Organic White Shimeji Mushrooms,76,39,37,51.31578947368421
Mountain Berry Blast Sports Drink,19,11,8,57.89473684210527
Dark Chocolate Truffle Pig Bar,12,6,6,50.0
Organic Classic Saltine Crackers,1371,791,580,57.695113056163386
Spinach Dip,628,273,355,43.47133757961784
24 Hour Allergy Relief Liquid Gels,111,42,69,37.83783783783784
"Macaroons, Choc, Large",45,20,25,44.44444444444444
Eyelash Curler,14,1,13,7.142857142857142
Chopped Ginger,1222,257,965,21.031096563011456
Seasoning Blend Vegetables,5,1,4,20.0
LamisilAT® Anti-Fungal Continuous Spray,10,0,10,0.0
French Vanilla Almond Granola,468,209,259,44.65811965811966
Cranberry Walnut Salad Cafe Bowl,350,214,136,61.142857142857146
"Multi Bran Mini Soft Wraps, 8 Count",44,24,20,54.54545454545454
Sky Blue Cupcake Icing,4,0,4,0.0
Cookie Dough Slow Churned Ice Cream,533,276,257,51.78236397748592
Big with Beef in Tomato Sauce Beefaroni,29,14,15,48.275862068965516
92% Cocoa Dark Chocolate Bar,14,7,7,50.0
"Moisture Shave, 4 in 1, Fragrance Free",83,11,72,13.253012048192772
Sensitive Skin Unscented Hypo-Allergenic Beauty Bar,424,133,291,31.367924528301888
Organic Balsamic Vinaigrette Dressing,838,225,613,26.849642004773273
Crepes,583,364,219,62.43567753001715
Rising Crust Spinach Mushroom & Garlic Pizza,86,30,56,34.883720930232556
Grand's Flaky Layers Buttermilk Biscuits,14,3,11,21.428571428571427
Diet Coke Caffeine Free Soda,2824,1937,887,68.59065155807366
Sesame Stir Fry with Chicken,493,225,268,45.63894523326572
"Friends Honey, Chocolate & Chocolate Chip Bunny Grahams Whole Grain Snacks",1762,809,953,45.91373439273553
Vegan Hickory & Sage Benevolent Bacon,1512,892,620,58.994708994709
Ginger Family Cookies,8,1,7,12.5
Twinkies Cakes,30,9,21,30.0
Gummy Bears Snack Packs,12,1,11,8.333333333333332
EnviroKidzGluten Free Cheetah Berry Blast Crispy Rice Bars,344,234,110,68.02325581395348
Belize Toledo Bar,20,6,14,30.0
Amazing Trio Powder Alfalfa Barley & Wheat Grass 8.5 oz,14,4,10,28.57142857142857
Anti Slip Grip Cardboard Applicator Lites/Regular/Super Multi Pack Tampons,51,16,35,31.372549019607842
Culinary Coconut Milk,1004,474,530,47.211155378486055
Vanilla Creme Nutritional Shake,255,156,99,61.1764705882353
Apple Cheese Grape,22,11,11,50.0
Organic Avocados 5 Count,358,184,174,51.39664804469274
Chicken & Vegetable Spring Rolls,30,10,20,33.33333333333333
2 Pack Pumpkin,6,1,5,16.666666666666664
Jumbo Turkey Franks,246,128,118,52.03252032520326
Organic Mini Pumpkin,7,0,7,0.0
Baja Breakfast Burrito,610,336,274,55.08196721311476
Pro Snax Apple W/Ched,7,2,5,28.57142857142857
Organic 2nd Foods Carrots Apples & Mangoes Baby Food,242,134,108,55.371900826446286
Kumquat,126,36,90,28.57142857142857
Primitivo Red Wine Zinfandel,15,5,10,33.33333333333333
Original Corn Chips,1257,568,689,45.18695306284805
Organic Corn,115,55,60,47.82608695652174
Stoned Wheat Thins Low Sodium,133,73,60,54.88721804511278
Golden Beet,101,26,75,25.742574257425744
Dairy Free Coconut Milk Raspberry Yogurt Alternative,2453,1523,930,62.08724011414595
Garlic Bread Mini Frozen,45,10,35,22.22222222222222
Shredded Medium Cheddar,125,64,61,51.2
Gold Pearl Onions,56,8,48,14.285714285714285
Bean Three-Cheese & Jalepeno Burrito,43,22,21,51.162790697674424
Eggo Bites Chocolatey Chip Pancakes,355,269,86,75.77464788732394
Solid Albacore Tuna in Water with No Salt Added,37,15,22,40.54054054054054
Fresh Whole Chicken,3773,2044,1729,54.17439703153989
Family Size Instant Baby Red Mashed Potatoes,16,5,11,31.25
Kombucha Ginger Bottle,218,163,55,74.77064220183486
Cauliflower Crumbles,1528,760,768,49.73821989528796
Ground Chuck,105,50,55,47.61904761904761
Fully Cooked Bacon,76,37,39,48.68421052631579
"Chicken Breast Patties, 100% All Natural, Fully Cooked & Breaded",664,318,346,47.89156626506024
Cold Brew Coffee With Coconut Milk,336,171,165,50.89285714285714
Snap-On Kids Toothbrush Sanitizer (Assorted Colors),14,1,13,7.142857142857142
Original Fig Spread,240,85,155,35.41666666666667
Maple Flavored Links Pork Sausage,27,7,20,25.925925925925924
Coldpuree Organic Stage 2 Pear and Apricot Baby Food,20,12,8,60.0
Clear Hand Soap,10,5,5,50.0
Spiced Pumpkin Frozen Yogurt,9,2,7,22.22222222222222
Gluten-Free Supergrain Pasta Elbows,1808,820,988,45.35398230088495
Selects Turkey Hot Dogs,1451,847,604,58.37353549276361
Gluten Free Rice Spirals Pasta,54,30,24,55.55555555555556
"Dulse, Wild Atlantic Sea Vegetable",221,114,107,51.58371040723983
Digest Basic,2,0,2,0.0
Madeleine & Brownie Duet Bites,131,59,72,45.038167938931295
Vitamin C 1000mg Coconut-Pineapple Drink Mix Dietary Supplement,45,18,27,40.0
Sugar Free Strawberry & Orange Snack Pack Juicy Gels,76,23,53,30.263157894736842
Essential Oils Cheer Up ButterCup Uplifting Blend,14,1,13,7.142857142857142
Saltines,16,2,14,12.5
Wheat Thins Popped Sour Cream and Onion,61,18,43,29.508196721311474
Lambrusco,51,26,25,50.98039215686274
White Cheddar Macaroni & Cheese,53,19,34,35.84905660377358
Lite Poppy Seed Dressing,22,14,8,63.63636363636363
"Cooking Sauce, Spicy Arrabbiata",377,160,217,42.44031830238727
Buttermilk Biscuits Value Pack,221,50,171,22.624434389140273
Salt & Pepper Crackers,3,0,3,0.0
Cheddar & Sour Cream,3,0,3,0.0
Plantain Bananas,120,69,51,57.49999999999999
Herb Cilantro Clamshell,593,192,401,32.377740303541316
Skinless Smoked Sausage,165,59,106,35.75757575757576
Sensible Foods Asian Veggie Burgers,354,105,249,29.66101694915254
Original Scent Compostable Cleaning Wipes,55,22,33,40.0
Oats & Berries Mxd Berry,17,6,11,35.294117647058826
Grissini Torinesi Thin Breadsticks,177,56,121,31.63841807909605
Chewy Caramel in milk Chocolate,21,7,14,33.33333333333333
Gourmet Teriyaki Stir Fry Sauce,61,13,48,21.311475409836063
Chips With Sea Salt,13,5,8,38.46153846153847
Signature Recipes Four Cheese Alfredo Pasta Sauce,460,158,302,34.34782608695652
4 Hour Allergy Relief,5,2,3,40.0
Hard Deli Salami,21,6,15,28.57142857142857
Sweet Plantain and Cheese Empanadas,56,13,43,23.214285714285715
Max Cola,3,0,3,0.0
Lemon Lime Sparkling Soda,12,4,8,33.33333333333333
English Toffee Cappuccino,15,9,6,60.0
Apples & Cinnamon Naturally Flavored Instant Oatmeal,35,12,23,34.285714285714285
"Ginger, Pickled",25,1,24,4.0
Tomato & Basil Tomato Sauce,463,158,305,34.12526997840173
Cherry Mixed Fruit Cups in Light Syrup,127,55,72,43.30708661417323
Decorating Sugar Strawberry Pink,12,0,12,0.0
"Turmeric Supreme, Vegetarian Liquid Phyto-Caps",159,27,132,16.9811320754717
Sesame Melba Rounds,82,51,31,62.19512195121951
Organic Cheddar Classics Baked Crackers,488,177,311,36.27049180327869
"Muffin & Cake Mix, Almond Flour, Chocolate",275,103,172,37.45454545454546
Organic Fruit Spread Wild Blueberry,111,46,65,41.44144144144144
Roasted Creamy Almond Butter,10,3,7,30.0
French Onion Dip Mix,1363,478,885,35.06969919295672
Fresh Roasted Peanuts Smothered with Nestle Classic Milk Chocolate Chocolate Covered Peanuts,28,12,16,42.857142857142854
Coconut Milk Yogurt Alternative Raw Chocolate Flavor,130,56,74,43.07692307692308
Szechuan Spicy Stir Fry Sauce,109,20,89,18.34862385321101
"Blueberry, Pear, Sweet Potato, and Spinach Super Smoothie",95,51,44,53.68421052631579
Classics Parmesan Garlic Wings,102,50,52,49.01960784313725
Broccoli Cheddar Au Gratin Potatoes,12,8,4,66.66666666666666
Almond Milk Beeswax Hand Creme,36,4,32,11.11111111111111
Oreo Brownie Batter Cookies,3,0,3,0.0
Family Size Flan with Caramel Sauce,21,5,16,23.809523809523807
Zucchini Pancakes,41,14,27,34.146341463414636
Solid Tuna in Olive Oil,6,2,4,33.33333333333333
Spearmint Antibacterial Bathroom Cleaner,171,41,130,23.976608187134502
Organic Bucatini,201,136,65,67.66169154228857
All Natural Classic Guacamole Snack,1068,570,498,53.37078651685393
Boneless Pork Shoulder Butt,565,194,371,34.33628318584071
Organic Sesame Oil,112,5,107,4.464285714285714
All Day IPA,48,16,32,33.33333333333333
English Beer Mustard,3,0,3,0.0
Yuca/Cassava,4,1,3,25.0
Country Cheddar Bowl,2912,1893,1019,65.00686813186813
Cocoa Butter Formula Lotion With Vitamin E,30,4,26,13.333333333333334
Half And Half Ultra Pasteurized,2921,2517,404,86.16912016432728
Blowout Smooth Shampoo,5,1,4,20.0
Reduced Fat Chocolate Sandwich Cookies,179,66,113,36.87150837988827
2nd Food Organic Pear Peach & Strawberries,114,56,58,49.122807017543856
Half & Half Iced Tea & Lemonade,35,14,21,40.0
Chocolate Rice Crisps,75,26,49,34.66666666666667
All Prune 100% Juice,16,7,9,43.75
Deluxe White Cheddar Style Veggie Cheezy Mac,217,86,131,39.63133640552996
Oatmeal Cookie Mix,105,36,69,34.285714285714285
"Permanent Hair Colorant, 5M Light Mahogany Chestnut",4,0,4,0.0
Thin Sliced Chicken Breast,85,36,49,42.35294117647059
Blonde Veranda Blend Ground Coffee,41,31,10,75.60975609756098
Pumpkin Sour,2,0,2,0.0
Torrential Tropical Punch,2,0,2,0.0
"Noodles, Organic, Udon, Traditional",15,1,14,6.666666666666667
Poppyseed Dressing,19,6,13,31.57894736842105
Roaster/Baker Foil Pan,124,25,99,20.161290322580644
"Sports Drink, Coconut Water, Berry Blue",16,9,7,56.25
"Chicken Broth Natural Goodness, 33% Less Sodium",17,7,10,41.17647058823529
Italian Salad Romaine & Radicchio,10,4,6,40.0
Pasta Joy Ready White Rice Pasta Spaghetti Style,35,13,22,37.142857142857146
Sparkling Grapefruit Flavored Juice Beverage Blend,20,5,15,25.0
Marketplace Ricotta Cheese and Spinach Ravioli,330,143,187,43.333333333333336
Lasagna Florentine Savory Italian Recipes,52,28,24,53.84615384615385
Vanilla Espresso Almond Butter,10,2,8,20.0
"Sandwich Bars, PB&J Blueberry and Peanut Butter",49,29,20,59.183673469387756
California Peach Lowfat Yogurt,15,5,10,33.33333333333333
All Natural Whey Protein Isolate Powder French Vanilla,41,16,25,39.02439024390244
"Everyday 8.5\"" Plates",5,0,5,0.0
Clean Day Baby Blossom Laundry Detergent,324,188,136,58.0246913580247
Gluten Free The Perfect 10 Crackers,420,257,163,61.1904761904762
100% Pure Jojoba Oil,164,39,125,23.78048780487805
Organic Apricots,877,327,550,37.28620296465222
Clay Dry White Pine Scented Solid Deodorant,7,1,6,14.285714285714285
Low-Fat Chicken Noodle Soup,38,11,27,28.947368421052634
Garlic Powder,6299,995,5304,15.796158120336562
Organic Split Pea & Potato Soup,56,27,29,48.214285714285715
Revitalizing Lemon Zest Herb Drops,59,26,33,44.06779661016949
Whole Baby Carrots,6,0,6,0.0
Beet Yogurt,67,32,35,47.76119402985074
Beneful Original Dog Food,25,14,11,56.00000000000001
Weightless Hydration Coconut Water Conditioner,7,1,6,14.285714285714285
Smoked Salt Caramels,37,23,14,62.16216216216216
Mint Chip Cup,6,1,5,16.666666666666664
Honey Maid Mini Honey Teddy Grahams,107,44,63,41.1214953271028
Purity Farms Ghee Clarified Butter,7522,3442,4080,45.75910662057963
Home Sharps Container,5,0,5,0.0
Organic Chicken & Apple Sausage,12992,8315,4677,64.0009236453202
Homestyle Classics Meatloaf,559,294,265,52.59391771019678
Arnold Everything Sandwich Thins,59,20,39,33.89830508474576
Cinnamon Rice Pudding Snacks,1,0,1,0.0
Cheddar Potato Soup Mix,15,3,12,20.0
Simply 100 Pineapple Blended Non-Fat Greek Yogurt,106,56,50,52.83018867924528
Adult Gummies Melatonin,21,7,14,33.33333333333333
"Organic Apple Cider Vinegar Drink, Concord Grape-Acai",656,459,197,69.96951219512195
Red Beans In Mild Chili Sauce,160,38,122,23.75
Clean Energy Berry,141,101,40,71.63120567375887
"Meaty Ground Dinner with Chunky Beef, Bacon & Cheese Wet Dog Food",13,6,7,46.15384615384615
Mexicorn,14,5,9,35.714285714285715
Jalapeno Almond Jack Cheese Alternative,294,184,110,62.585034013605444
Barbeque Green Peas,88,39,49,44.31818181818182
Seasoned Premium Vegetable Base Bouillon,11,1,10,9.090909090909092
Rose Water,123,12,111,9.75609756097561
Creamy Italian Dressing,10,4,6,40.0
Swaddlers Size 2 Diapers,173,65,108,37.57225433526011
Slices in 100% Pineapple Juice Pineapple,87,16,71,18.39080459770115
April Fresh Liquid Fabric Softener,2210,1273,937,57.601809954751126
Sushi Nori Toasted Sea Vegetable,358,149,209,41.62011173184357
Pepperoni Pizza Frozen Sandwiches,1007,501,506,49.751737835153925
Healthy Indulgence Salmon & Chicken Cat Food,38,12,26,31.57894736842105
Original Fat Free Liquid Creamer,234,162,72,69.23076923076923
Whole Wheat Challah,514,353,161,68.67704280155642
Mild Green Chile Enchilada Sauce,956,304,652,31.799163179916317
French Demi Baguette,492,192,300,39.02439024390244
Penne Rigate #41 Pasta,6763,3329,3434,49.223717285228446
Organic Malbec,14,3,11,21.428571428571427
Butter of Parma,57,29,28,50.877192982456144
Calcium Magnesium Liquid Formula,13,6,7,46.15384615384615
Superior Touch Beef Base,238,29,209,12.184873949579831
Goldfish Colors Cheddar Baked Snack Crackers,287,132,155,45.99303135888502
Prunes & Oatmeal,480,294,186,61.25000000000001
Organic 2% Buttermilk,745,371,374,49.7986577181208
Arctic Edge Deodorant,15,2,13,13.333333333333334
Organic Graffiti Eggplant,13,2,11,15.384615384615385
Special K 100 Calorie Blueberry Pastry Crisps,141,75,66,53.191489361702125
Raw Meal Chocolate Cacao Packet,6,0,6,0.0
Bites Ft Beef Rollers,8,2,6,25.0
"Coco-Roons, Cacao Nib",94,27,67,28.723404255319153
Expandable Strength Multipurpose Large Drawstring 30 Gallon Trash Bags,35,10,25,28.57142857142857
Organic Lemon Extract,23,0,23,0.0
Gluten Free Chocolate Brownie Mix,270,59,211,21.85185185185185
Viva Big Roll White Paper Towels,392,213,179,54.33673469387755
Honey Baked Beans,62,17,45,27.419354838709676
Hazelnut Bite Size Wafer Cookies,948,555,393,58.54430379746836
Black Volume Mascara,5,0,5,0.0
Granny Smith Apples,36187,23537,12650,65.04269489043027
Essence,19,3,16,15.789473684210526
Oreo Mini/Nutter Butter Bites/Mini Chips Ahoy! Cookies,568,308,260,54.22535211267606
Frozen Peaches,5260,2565,2695,48.764258555133075
D3-2000 IU Super Strength Softgels,14,2,12,14.285714285714285
Cream of Coconut,32,4,28,12.5
Sharlin Melon,29,4,25,13.793103448275861
Best Chili Beans Mild Sauce,27,6,21,22.22222222222222
"Fish Oil, Lemon",51,15,36,29.411764705882355
Black Cherry Natural Sparkling Water,16,1,15,6.25
Beef Hot Dogs,746,351,395,47.050938337801604
Apricot Lip Shimmer,5,0,5,0.0
Triple Berry Preserves,119,59,60,49.57983193277311
Easy Find Lids Food Storage,17,1,16,5.88235294117647
Traditional Beef Barley Soup,304,136,168,44.73684210526316
Baby Natural 4x Laundry Detergent,18,5,13,27.77777777777778
Sandwich Resealable Bags,248,80,168,32.25806451612903
Kava Extract,22,6,16,27.27272727272727
Calcium Enriched 100% Lactose Free Fat Free Milk,3147,2346,801,74.54718779790277
Chilpotle Salsa,32,9,23,28.125
Organic Frosted Blueberry Toaster Pastries,680,393,287,57.79411764705882
Oil-Free Gentle Eye Makeup Remover,36,12,24,33.33333333333333
Dry Roasted Peanuts,1685,913,772,54.1839762611276
Homestyle Salisbury Steak Complete Meals,30,16,14,53.333333333333336
Unsweetened Iced Coffee,3236,2436,800,75.27812113720643
Healthy Request Harvest Tomato with Basil Soup,64,18,46,28.125
"Mix, Pizza Crust",22,5,17,22.727272727272727
Sleepytime Herbal Mint Tea,25,9,16,36.0
Irritated Eye Relief Drops,67,9,58,13.432835820895523
Mayo Sriracha,314,87,227,27.70700636942675
Bakery Peanut Butter Chip Granola,10,5,5,50.0
Balsamic Vinegar & Basil Crackers,102,54,48,52.94117647058824
Blueberry Yogurt,218,164,54,75.22935779816514
"Iced Chai, Original",387,276,111,71.31782945736434
Organic Raw Multigreen Kobmbucha,6584,4830,1754,73.35965978128797
Hummus,2286,1263,1023,55.249343832021005
Caramel Truffle Bars,12,5,7,41.66666666666667
Organic Saltine Baked Cracker Classic Crackers,1208,669,539,55.38079470198676
Imported Beer,19,5,14,26.31578947368421
Nine Grain Sourdough Dough,1160,840,320,72.41379310344827
Il Casolare Extra Virgin Olive Oil,75,28,47,37.333333333333336
Kiwi Bags,8,1,7,12.5
Fresh Sweet Corn,33,13,20,39.39393939393939
Organic Flax Plus Pumpkin Raisin Crunch Cereal,1428,977,451,68.41736694677871
San Francisco Potato Salad,362,169,193,46.68508287292818
Deodorant Antiperspirant Gel- Lavender Scent,128,35,93,27.34375
Chewy Snickerdoodle Cookies,4,0,4,0.0
Bag of Large Lemons,2678,1370,1308,51.15758028379388
Suavitel Soothing Lavender Fabric Conditioner,12,3,9,25.0
Organic Vidalia Onion,1275,497,778,38.98039215686275
Fresh Chipotle Salsa,142,95,47,66.90140845070422
Honey Graham Sticks,3417,2251,1166,65.87649985367281
Organic Kids Chicken & Stars Soup,27,7,20,25.925925925925924
"Handsoap, Foaming, All-Natural Antibacterial, Ginger Bergamot",55,17,38,30.909090909090907
Precision Clean Replacement Electric Toothbrush Head,8,3,5,37.5
Charentais Melon,28,6,22,21.428571428571427
Cordyceps Organic Mushrooms Energy Support,6,1,5,16.666666666666664
Original Tortilla Strips,2333,1648,685,70.63866266609516
"Cookie, Sugar",54,13,41,24.074074074074073
Classic White Dessert Plate,29,18,11,62.06896551724138
Sheila G's Brownie Brittle Salted Caramel,110,53,57,48.18181818181818
Original Liquid Fabric Softener,27,10,17,37.03703703703704
"Honeygrams, gluten-Free, Wheat-Free Graham Style Crackers",246,175,71,71.13821138211382
Beef Top Round Steak,450,142,308,31.555555555555554
Flavor Variety Instant Grits,13,2,11,15.384615384615385
Chia and Sprouted Almond Butter,47,12,35,25.53191489361702
Gentle Cat Food,7,1,6,14.285714285714285
Goat Cheese,309,138,171,44.66019417475729
Dijonnaise Creamy Dijon Mustard,15,6,9,40.0
Whole Milk Peach Yogurt Smoothies,54,28,26,51.85185185185185
Peanut Butter And Jelly Granola Bar,33,20,13,60.60606060606061
Classic Lemonade,1306,857,449,65.62021439509954
Sea Salt & Cracked Pepper Deli Style pretzel Crisps,247,138,109,55.87044534412956
Beyond Superfood Blend Natural Cat Food Herring Egg & Sweet Potato,19,8,11,42.10526315789473
Scrub Brushes Dawn Blue,63,12,51,19.047619047619047
Classic Chili with Beans,294,151,143,51.36054421768708
Meatless & Soy Free Frozen Chik'n Tenders,620,371,249,59.83870967741935
Miso Horseradish Kimchi,120,42,78,35.0
Matzos,284,76,208,26.76056338028169
Honey Almond Superfood Protein Bar,215,89,126,41.3953488372093
Lawn And Leaf Quick Tie-Trash Bags,42,16,26,38.095238095238095
Sugar Muscovado Dk,97,19,78,19.587628865979383
33 Gal with Flap Closure Black Extra Large Trash Bags,6,0,6,0.0
Homemade Garden Vegetable Sauce,365,209,156,57.26027397260274
Plain Sliced Bagels,468,307,161,65.5982905982906
Organic Red Cherry Tomato,3030,1147,1883,37.85478547854785
"Cabernet Sauvignon, California, 2011",369,175,194,47.425474254742554
Garden Peas,350,164,186,46.85714285714286
Mountain Medley Beef Jerky,118,30,88,25.423728813559322
Vital Wheat Gluten,42,7,35,16.666666666666664
Medium Cheddar Cheese,3919,2216,1703,56.5450369992345
Mineral-Based SPF 50 Baby Sunscreen Lotion Tube,47,2,45,4.25531914893617
Ham & Swiss Sandwich,49,42,7,85.71428571428571
Spinach Tortillas 8 Count,811,410,401,50.55487053020962
Original Diaper Rash Ointment & Skin Protectant,7,2,5,28.57142857142857
Diapers Size 1,195,67,128,34.35897435897436
Whoppers Malted Milk Balls,121,42,79,34.710743801652896
Mango Lemonade,623,307,316,49.2776886035313
Heavy Organic Coconut Cream,19,1,18,5.263157894736842
Olive Oil & Garlic Pasta Sauce,706,290,416,41.07648725212464
Cod Fillets,35,15,20,42.857142857142854
Melatonin 3 Mg,39,7,32,17.94871794871795
Organic Cheddar Cracker and Pretzel Bunnies Snack Mix,47,10,37,21.27659574468085
Organic Carrot Cupcake,19,4,15,21.052631578947366
Goats Milk & Chai Soap,7,0,7,0.0
Organic Sweet Grape Tomatoes,195,45,150,23.076923076923077
Seasoned Croutons,808,310,498,38.366336633663366
Eucalyptus Essential Oil,418,89,329,21.291866028708135
Cornbread Mix,127,20,107,15.748031496062993
On the Go Peach Mango Green Tea Drink Mix,80,36,44,45.0
Smoothie Fruits Squished The Purple One Over 6 Months,516,356,160,68.9922480620155
Lemon Ice Tea Liquid,4,0,4,0.0
Thai Peanut Sauce,315,46,269,14.603174603174605
Sugar-Free Wintergreen Chewing Gum,37,19,18,51.35135135135135
Organic Whole Grain Amaranth,135,35,100,25.925925925925924
Menthol Nasal Swab,55,15,40,27.27272727272727
Organic Lip Balm Sphere Sweet Mint,15,7,8,46.666666666666664
Gluten Free Mulitpack Bite Size Peanut Butter,16,3,13,18.75
Organic Original Rice Pilaf,593,286,307,48.22934232715008
Chili & Lemon Goat Cheese & Olive Oil Infusion,10,3,7,30.0
Honey Turkey Breast,3100,2147,953,69.25806451612904
Layer Sugar Free Gum - Wild Strawberry and Tangy Citrus,95,41,54,43.15789473684211
Basmati Brown Rice,15,4,11,26.666666666666668
Chicken Breast Tenders,2251,1292,959,57.39671257219013
Small Breed Grain-Free Adult Dog Food,6,3,3,50.0
Mulit Grain Alaskan Cod,2,0,2,0.0
Light Champagne Dressing,498,228,270,45.78313253012048
Pancake Puffs Original Belgian Style Gourmet Bites,41,18,23,43.90243902439025
Natural Classic Pork Breakfast Sausage,8162,5201,2961,63.7221269296741
Chocolate Toffee Heath Dessert Bar Mix,6,1,5,16.666666666666664
Havarti Cheese,1165,723,442,62.06008583690987
"Probiotic, Strong, Capsule",56,43,13,76.78571428571429
Organic Vegetarian No-Chicken Low Sodium Broth,526,294,232,55.893536121673
Onion Soup Mix,53,13,40,24.528301886792452
Organic Whole O's Gluten Free Cereal,1464,748,716,51.09289617486339
Mac and Cheese Chickpea Elbows Pasta with White Cheddar,28,10,18,35.714285714285715
Cornichons,82,24,58,29.268292682926827
Easy Wring Spin Mop Refil,3,0,3,0.0
Natural Hibiscus Tea,124,43,81,34.67741935483871
"Conditioner, Herbal",9,2,7,22.22222222222222
Alpine Fresh 2 in 1 Shampoo and Conditioner,5,0,5,0.0
Organic Peach Nectar,29,16,13,55.172413793103445
"Contact Lens Cases, Extra Value",3,0,3,0.0
Premium Strawberry Banana Fruit Smoothie Blend,96,46,50,47.91666666666667
Organic Hearts Of Palm,1142,658,484,57.61821366024519
Twilight Delight 72% Cacao Intense Dark Squares,612,366,246,59.80392156862745
Natural Butter Flavor Lite Maple Syrup,509,170,339,33.39882121807465
Organic White Bread Done Right,3505,2433,1072,69.4151212553495
Carnitas Fried Pork,274,142,132,51.82481751824818
Sliced Pimientos,120,52,68,43.333333333333336
Arugula,292,48,244,16.43835616438356
Instant Lunch Chicken Flavor,79,37,42,46.835443037974684
Fingernail Clipper,25,0,25,0.0
Thuja Occidentalis 30 C - 80 CT,8,3,5,37.5
Jumbone Mini Toy/Small (PS #5129732) Dog Care & Treats,107,78,29,72.89719626168224
Hi-Chew Fruit Chews Green Apple,38,28,10,73.68421052631578
Snickerdoodle Coffee Creamer,29,11,18,37.93103448275862
Jif Natural Crunchy Peanut Butter,384,141,243,36.71875
Perfetto Espresso Roast Ground Coffee,90,49,41,54.44444444444444
Organic Acai Sorbet,14,4,10,28.57142857142857
Turkey Franks,2129,1190,939,55.894786284640674
Organic Mexicana Mild Salsa,31,7,24,22.58064516129032
Black Cherry Non-Fat Greek Yogurt,38,22,16,57.89473684210527
Ancient Grain Original Granola,6542,4434,2108,67.7774380923265
Natural Chunky Peanut Butter,1178,729,449,61.884550084889646
Clean Day Liquid Hand Soap Peppermint,11,3,8,27.27272727272727
Outlast with Olay Secret Outlast With Olay Smooth Solid Completely Clean Antiperspirant/Deodorant 2.6 oz AP/DO & Body Spray,12,0,12,0.0
Mocha Almond Fudge Minis Almond Milk Frozen Dessert,2414,1466,948,60.72908036454018
Balsamic Reduction Thyme Vinegar,2,0,2,0.0
Large Pink Lady Apples,94,35,59,37.234042553191486
Chicken Breast Fillet,203,89,114,43.84236453201971
Non-Fat Vanilla Blended Greek Yogurt,2891,1780,1111,61.57039086821169
Mega Moist 2-N-1 Shampoo and Conditioner,12,0,12,0.0
"Gluten-Free and Dairy-Free Whoopie Pies, Chocolate Mint",27,6,21,22.22222222222222
Persimmon Sharon Fruit Cv,1654,712,942,43.0471584038694
Fig Newtons Fruit Chewy Cookies,8,1,7,12.5
Big Easy Heat & Serve Rice Red Beans & Rice,6,0,6,0.0
Square Tip Tweezers,20,3,17,15.0
Gluten Free Apple Breakfast Bars,36,14,22,38.88888888888889
Quinoa Chia Crunch Supergrains Cereal,17,5,12,29.411764705882355
"Yogurt Drink, Original",17,12,5,70.58823529411765
Apple Sauce Unsweetened,14,2,12,14.285714285714285
Organe Soda,3,0,3,0.0
Macro Bowl,52,30,22,57.692307692307686
Organic Grade B Maple Syrup Bear Jugs,103,34,69,33.00970873786408
"Ginger, Ground",32,0,32,0.0
Baby Gold & White Corn,58,14,44,24.137931034482758
Fresh Cut Sliced Carrots,303,135,168,44.554455445544555
"Bacon, Beer & Cheddar Bratwurst",9,2,7,22.22222222222222
Grapefruit Sculpin,48,27,21,56.25
Cheese Dip,14,4,10,28.57142857142857
Band Aid Brand Adhesive Bandages Antibiotic Extra Large All One Size Super Premium,32,5,27,15.625
Apiwellness 15+ Bio Active Manuka Honey,18,0,18,0.0
Multi Cat Scented Scoopable Cat Litter,330,181,149,54.848484848484844
Risotto all Milanese with Italian Arborio Rice with Saffron,11,6,5,54.54545454545454
Dairy Free Coconut Milk Beverage,306,164,142,53.59477124183007
Brass Tacks Blend Whole Bean Coffee,987,672,315,68.08510638297872
Low Sodium Original 100% Vegetable Juice,787,455,332,57.814485387547656
Thin Sliced Oven Roasted Turkey Breast,130,85,45,65.38461538461539
Fajita Chicken Breast Strips,5,0,5,0.0
Organic Shiitake & Vegetable Potstickers,601,303,298,50.41597337770383
Magic Eraser Grey Roller Mop,4,0,4,0.0
Extra Virgin Olive Oil Blend,61,41,20,67.21311475409836
Sport Regular Unscented Tampons,106,28,78,26.41509433962264
Smooth & Creamy Cherry Original Cream Cheesecake,11,1,10,9.090909090909092
"Bread, Ultimate Kids",24,9,15,37.5
Grilled Salmon Feast in Gravy Cat Food,355,246,109,69.29577464788733
Cumin,815,73,742,8.957055214723926
Organic Homestyle Mini Waffles,5361,3677,1684,68.58795000932662
Organic Sweet & Savory Almond Green Superfood Bar,39,25,14,64.1025641025641
Sweet Kale Chopped Salad,2072,1118,954,53.95752895752896
Gogo Squeez Organic Apple Strawberry Applesauce on the Go,5508,3773,1735,68.50036310820624
Southwestern Style Diced Tomatoes & Green Chilies,9,1,8,11.11111111111111
Milk Chocolate Crunch Bunch Candy in Stand Up Bag,67,38,29,56.71641791044776
Organic Yellow Onions,706,259,447,36.68555240793201
Uncle Joe's Pasta Sauce Vodka Celebration,4,1,3,25.0
Anti-Gravity + Hydration Conditioner O2,17,2,15,11.76470588235294
Hibiscus Organic Raw Kombucha,1605,898,707,55.95015576323987
Reese Puffs,848,416,432,49.056603773584904
Panda Brand Oyster Flavored Sauce,37,9,28,24.324324324324326
Red Honeysuckle Nectar Scented Candle,29,13,16,44.827586206896555
"Natural Cane Soda, Creamy Root Beer flavor",151,48,103,31.788079470198678
Gourmet Sorbet Mixed Berry All Natural & Fat Free,50,21,29,42.0
Ultra Thin Armor Spermicidal Lubricant Condoms,38,7,31,18.421052631578945
Aged Cheddar,5,0,5,0.0
"Rice, Long Grain & Wild, Herb & Butter Flavor",21,11,10,52.38095238095239
"Pasta Sauce, Authentic, Nonnie's Special",21,2,19,9.523809523809524
Organic Acai Superfood Juice,177,87,90,49.152542372881356
Just One Prenatal Advanced Multivitamin,11,3,8,27.27272727272727
Diamond Collection Red Label Zinfandel,22,6,16,27.27272727272727
Naked Blues,15,7,8,46.666666666666664
Wild Berry Sparkling Energy Water,1035,734,301,70.91787439613526
100% Grapeseed OIl Spray,32,9,23,28.125
Hand Made Potato Chips,39,21,18,53.84615384615385
Cornbread & Muffin Mix,492,153,339,31.097560975609756
Blackberry Wine,8,0,8,0.0
Sparkling Natural Spring Water,5709,3953,1756,69.24154843229988
Sweet Whole Kernel No Salt & No Sugar Added Corn,13,4,9,30.76923076923077
Dry Skin Cream Rich Hydrating Facial Moisturizer,6,0,6,0.0
Diced Tomatoes with Mild Green Chilies,212,75,137,35.37735849056604
Crackle Flame Firelog,36,19,17,52.77777777777778
Red Label Blended Scotch Whiskey,43,12,31,27.906976744186046
Blackberry Flavored Ginger Ale,9,2,7,22.22222222222222
Multiple Purpose Cleaner Crisp Lemon,16,1,15,6.25
Mesclun Salad,451,237,214,52.54988913525499
Yolk Free Medium Noodles,6,0,6,0.0
"Matzos, Thin, Tea",36,21,15,58.333333333333336
Light Butter Microwave Popcorn,585,243,342,41.53846153846154
Original Fudge Brownie Mix,105,35,70,33.33333333333333
Frosted St. Patrick's Day Cookies,12,0,12,0.0
Black Forest Berry Caffeine-Free Tea,1265,943,322,74.54545454545455
Bagged Red Potatos,115,35,80,30.434782608695656
Orchard Peach Sorbet,488,191,297,39.13934426229508
Divine Triple Chocolate Ice Cream Bars,41,15,26,36.58536585365854
"Action Pacs, Fresh Scent with Dawn",870,273,597,31.379310344827587
Cranberry & Chocolate Craisin Trail Mix,16,2,14,12.5
Organic Balsamic Vinegar of Modena,161,30,131,18.633540372670808
Danimals Drinkable Yogurt Smoothie Strawberry Explosion & Strikin' Strawberry Kiwi,711,412,299,57.94655414908579
Vegetable Pad Thai,14,4,10,28.57142857142857
100% Juice Grape Juice,24,13,11,54.166666666666664
Beef Flavor Top Ramen,311,124,187,39.87138263665595
Tomato and Basil Bombolina Pasta Sauce,2024,940,1084,46.44268774703557
Vegan White Napa Cabbage,195,52,143,26.666666666666668
Italian Glaze With Balsamic Vinegar Of Modena,26,3,23,11.538461538461538
Organic Whole Milk Berry Patch Yogurt,160,76,84,47.5
Sandwich Stuffers Kosher Dill Pickle Slices,37,25,12,67.56756756756756
Cotton Squares,33,5,28,15.151515151515152
Surf' N Chick Recipe Cat Food,22,6,16,27.27272727272727
Butter Pecan Slow Churned Ice Cream,109,68,41,62.38532110091744
Triple Clean Mint Floss Picks,154,38,116,24.675324675324674
"Condensed Soup, Split Pea with Ham & Bacon",110,42,68,38.18181818181819
1000 Roses Heavenly Night Cream for Sensitive Skin,20,1,19,5.0
Blueberry Cashew Bar,128,42,86,32.8125
100% Papaya Juice,65,29,36,44.61538461538462
Macaroni And Cheese Dinner,17,6,11,35.294117647058826
MRS MEYERS   12.5OZ HANDSOAP RHUBAR,254,68,186,26.77165354330709
Strawberry Lowfat Organic Milk,397,278,119,70.02518891687657
Strong Hold Style Gel,7,0,7,0.0
Swivel Dish Brush,7,2,5,28.57142857142857
Country Morning White Bread,4348,3031,1317,69.71021159153634
Radiatore Pasta,9,1,8,11.11111111111111
Coffee Frozen Dairy Dessert,96,35,61,36.45833333333333
Moisture Blast Bar Soap,32,7,25,21.875
Classic Original Lipbalm,82,15,67,18.29268292682927
Outshine Simply Yogurt Bars Peach,66,19,47,28.78787878787879
Sweet Lil' Pickles,16,3,13,18.75
Salt and Vinegar Chips,74,40,34,54.054054054054056
Decorating Red Gel,18,1,17,5.555555555555555
Horchata,75,40,35,53.333333333333336
"Egg, Bacon & Cheese Breakfast Taquitos",57,30,27,52.63157894736842
Safety Swabs,40,12,28,30.0
"Sore Throat, Sprayer, Menthol",18,1,17,5.555555555555555
DGL Deglycrrhizinated Licorice Tablets,11,1,10,9.090909090909092
Intense Dark Midnight Reverie 86% Cacao Chocolate,39,20,19,51.28205128205128
Chicken Tikka Masala with Cumin Infused Basmati Rice Frozen Meal,1316,824,492,62.61398176291794
Vanilla Chai Spice Eggnog,6,0,6,0.0
Advanced Care Rebalance Anti-perspirant,8,0,8,0.0
LunchBlox Sandwich Kit,17,2,15,11.76470588235294
Sweat Defense Fresh Anti-Perspirant & Deodorant,32,4,28,12.5
Sea Salt And Vinegar Kale Chips,49,18,31,36.734693877551024
Grain Free Maple Granola,659,429,230,65.09863429438543
Jamaican Style Jerk Sauce & Marinade,6,1,5,16.666666666666664
Whole Hearts of Palm,4047,2891,1156,71.43563133185076
Organic Dark Chocolate Whey Protein,135,63,72,46.666666666666664
"Perfect Scent-Free Laundry Detergent, HE",9,4,5,44.44444444444444
Crunchy Cheese Flavored,76,27,49,35.526315789473685
Smoothing with Cocoa Butter and Shea Body Lotion,18,6,12,33.33333333333333
Hickory Ham & Cheddar in a Croissant Crust,409,198,211,48.41075794621027
Goldfish Baked Snack Crackers Variety Pack,165,102,63,61.81818181818181
Baking Soda & Peroxide Whitening Fresh Mint Toothpaste,100,19,81,19.0
Cheese & Cheddar Sandwich Crackers 8 Pack,37,17,20,45.94594594594595
Apricot Fruit Spread,733,209,524,28.512960436562075
Lemon Ginger Herb Plus Probiotics Caffeine Free Tea,256,78,178,30.46875
California Chopped Olives,30,12,18,40.0
Wheat Free Gluten Free Pumpkin Pie,18,3,15,16.666666666666664
Bake Shop Nantucket Dark Chocolate Crispy Cookies,30,7,23,23.333333333333332
Blueberry Scones,1117,673,444,60.250671441360794
American Hefeweizen Beer,23,6,17,26.08695652173913
Extreme Hold Hair Spray #10,9,3,6,33.33333333333333
Pure Leaf Unsweetened Green Tea,4,0,4,0.0
Cranberry Delight Juice,3,0,3,0.0
Original Shoestring Potatoes,249,144,105,57.831325301204814
Sweet Relish Squeeze Bottle,24,2,22,8.333333333333332
Angel Food White Cake Mix,146,16,130,10.95890410958904
Reserve Shiraz Wine,15,10,5,66.66666666666666
Fat Free Thousand Island Dressing,96,32,64,33.33333333333333
Balsamic Beet Slices,38,3,35,7.894736842105263
Tostitos Simply Organic Blue Corn Tortilla Chips,241,99,142,41.078838174273855
Rye Style Whole Grain Bread,33,14,19,42.42424242424242
Premium Glacier Water,74,57,17,77.02702702702703
Scalp Relief Shampoo,21,5,16,23.809523809523807
Lemon Chicken,132,70,62,53.03030303030303
Birch Cellulite Oil,21,5,16,23.809523809523807
Antibiotic Ointment Complete,17,0,17,0.0
Steamfresh Protein Italian Style,47,20,27,42.5531914893617
Everyday Stain & Odor Remover,10,6,4,60.0
Gluten Free Brown Rice Penne Pasta,5,0,5,0.0
Nutrish Chicken And Brown Rice Dry Cat Food,21,9,12,42.857142857142854
All One Hemp Lavender Castile Soap Bar,1046,483,563,46.17590822179732
Lemon Balm Blend Liquid Extract,19,6,13,31.57894736842105
Fannie May Mint,4,1,3,25.0
All Natural Greek Seasoning,5,0,5,0.0
Tequila Lime Chicken Wings,42,19,23,45.23809523809524
Recipe Secrets Onion Mushroom Soup & Dip Mix,65,16,49,24.615384615384617
Grill Mates Montreal Steak Marinade,5,0,5,0.0
Buttery No-Stick Cooking Spray,14,2,12,14.285714285714285
Men's Extreme Dry Spray Antiperspirant,6,0,6,0.0
Mach3 Smooth Men's Disposable Razor,34,7,27,20.588235294117645
Feta Cheese Crumbled,7,0,7,0.0
Salted Caramel Yoghurt,1537,950,587,61.80871828236825
Sliced Sharp Cheddar,132,77,55,58.333333333333336
Organic Portabello Mushroom Caps,233,69,164,29.613733905579398
Freeze Dried Instant Coffee,1489,955,534,64.1370047011417
Men's 50+ Gummies Vitamins,9,5,4,55.55555555555556
Cheese Pizza,7010,3944,3066,56.262482168330955
April Fresh Scent Fabric Softener Dryer Sheets,20,6,14,30.0
Real Vegetable Chips Original Sea Salt Non GMO,876,492,384,56.16438356164384
Mini Pull-Aparts Cinnamon Rolls,18,14,4,77.77777777777779
Salted In Shell Peanuts,10,4,6,40.0
Special Nourish Apple Raspberry Almond Cereal,55,17,38,30.909090909090907
Francese Rolls,68,22,46,32.35294117647059
Organic Roasted Lemon Thyme Hummus,146,49,97,33.56164383561644
Macadamia Milk Original,139,70,69,50.35971223021583
Ant & Cockroach Killer Outdoor Fresh Scent,87,23,64,26.436781609195403
Uncured Applewood Smoked Ham,54,40,14,74.07407407407408
Lime Gelatin,99,20,79,20.2020202020202
Chicken Pasta Pomodoro,34,5,29,14.705882352941178
Hobnobs,23,7,16,30.434782608695656
Original Popcorn,9410,5679,3731,60.350690754516464
Original Antacid & Pain Relief Tablets 36 Ct,125,22,103,17.599999999999998
Scent Expressions Va Va Vanilla Invisible Solid,20,7,13,35.0
Power Fresh Antiperspirant Deodorant,7,3,4,42.857142857142854
Cabernet Marinara w/ Herbs Pasta Sauce,297,105,192,35.35353535353536
Diet Cran-Mango Juice,27,22,5,81.48148148148148
Toma Cheese,30,10,20,33.33333333333333
"Freshly Made. Filled with Creamy Ricotta, Aged Parmesan and Romano Cheeses Mixed Cheese Tortellini",776,409,367,52.70618556701031
Vanilla Chai Tea Protein,121,63,58,52.066115702479344
Chicken Enchilada Casserole,36,6,30,16.666666666666664
EverCurl Sulfate-Free Curl Care System,4,0,4,0.0
Avocado Oil Himalayan Salt Chips,1269,609,660,47.99054373522459
Rosemary Medium Asiago Cheese Wedge,4,0,4,0.0
French Rose Clay,8,0,8,0.0
Non Alcoholic Vanilla Brown Sugar Coffee Creamer,12,6,6,50.0
Sweep & Vac Floor Vacuum Starter Kit,10,2,8,20.0
Classic New York Style Cheesecake,60,18,42,30.0
Sugarfree Spearmint Chewing Gum,605,376,229,62.14876033057851
Santa Fe Style Tortilla Strips,79,32,47,40.50632911392405
Cheesy Italian Shells Hamburger Helper,88,33,55,37.5
Ear Drying Drops,5,2,3,40.0
"Homestyle Meals Sweet Peas, Green Beans, Spinach & Quinoa Organic Baby Food",520,274,246,52.69230769230769
Triple Zero Banana Cream Greek Yogurt,91,52,39,57.14285714285714
Red Grapefruit in Extra Light Syrup,9,4,5,44.44444444444444
Shepherd's Pie,2000,1223,777,61.150000000000006
Tomato GemWraps,24,5,19,20.833333333333336
Roasted & Salted Sunflower Seeds,380,141,239,37.10526315789473
Bagged Cinnamon Mini Donuts,8,3,5,37.5
Max Force Laundry Stain Remover,652,214,438,32.82208588957055
"Seasoned Rice Vinegar, Original",210,45,165,21.428571428571427
All Natural Gluten Free Spinach and Mushroom Egg White Omelette,73,38,35,52.054794520547944
Organic Whole Wheat Pita,1402,828,574,59.05848787446505
Vanilla Coconutmilk,107,61,46,57.009345794392516
Himalayan Fine Pink Salt,819,248,571,30.28083028083028
Donut Peaches,13,2,11,15.384615384615385
Pact Cranberry Pomegranate,3,0,3,0.0
Heart Cookies,10,1,9,10.0
"Maca, Whole Root, Liquid Extract",9,1,8,11.11111111111111
No Sugar Added Apple Pie,17,8,9,47.05882352941176
Poppy Seeds,84,4,80,4.761904761904762
Vegetable Barley Organic Soup,62,21,41,33.87096774193548
Gluten Free Tapioca Pudding,889,466,423,52.41844769403825
Strawberry Poppyseed Vinaigrette,17,1,16,5.88235294117647
First Class Milk Hazelnut Chocolate Wafers,8,3,5,37.5
YoKids Strawberry Banana Organic Lowfat Yogurt,505,177,328,35.04950495049505
Extra Strength Itch Cooling Spray,18,3,15,16.666666666666664
Frosted Brownie Mix,8,0,8,0.0
3 Days to Glow Medium to Tan Skin Tones Moisturizer,7,2,5,28.57142857142857
Organic Vanilla Oat Beverage,240,146,94,60.83333333333333
Four Cheese Pizza,591,254,337,42.978003384094755
Chlorine Free Ultra-Thin Regular Pads,250,74,176,29.599999999999998
"ColdCare, Soothing Hot Drink, Lemon Flavor",289,68,221,23.52941176470588
Organic Shells & White Cheddar Macaroni and Cheese,970,490,480,50.51546391752577
Organic Cottage Cheese,7885,5166,2719,65.51680405833862
Diet Lemon Decaffeinated Iced Tea Mix,11,2,9,18.181818181818183
100% Lactose Free 1% Lowfat Milk,1655,1237,418,74.74320241691844
Barbecue Pulled Pork,40,15,25,37.5
Organic Gummy Bears,60,27,33,45.0
The Original Celebration Ice Cream Cake,14,4,10,28.57142857142857
"Fruit Bars, Dark Chocolate Covered, Creamy Strawberry",88,55,33,62.5
"Sponge, Scrubber, Extra-Thick, All Surface, Value Pack!",95,19,76,20.0
Asiago Cheese Artisan Nut Thins,196,87,109,44.38775510204081
100% Berry Flavored Juice Pouches,82,50,32,60.97560975609756
Cld/Flu Van Chrry,1,0,1,0.0
Lite Pear Halves In Light Syrup,79,31,48,39.24050632911392
Peanut Butter on Cheese Sandwich Crackers,65,36,29,55.38461538461539
"Vinegar, Red Wine, Barrel Aged",10,1,9,10.0
Dessert Shop Chocolate Brownie Cookies,97,30,67,30.927835051546392
Mixations Pineapple Mango,6,0,6,0.0
"Pet Stain & Odor Remover + Oxy, Fresh Blossoms",93,21,72,22.58064516129032
Organic Multigrain Waffles,10704,7421,3283,69.32922272047833
White Cheddar Cheese,49,26,23,53.06122448979592
Southern Style Real Brewed Sweet Tea,126,76,50,60.317460317460316
Hommus Red Pepper Lentil,25,7,18,28.000000000000004
Pure Life Water,889,520,369,58.49268841394826
Italian Chopped Salad,75,41,34,54.666666666666664
Signature Spicy Chicken,17,5,12,29.411764705882355
Campfire Genmaicha Brew Kombucha,57,34,23,59.64912280701754
Pencil Birthday Candles,33,6,27,18.181818181818183
Berry Rainbow Sherbert,124,55,69,44.354838709677416
General Tso's Chicken,121,61,60,50.413223140495866
Soft French-Style Nut Cheese,463,277,186,59.827213822894166
Original Cooking Spray,2751,788,1963,28.644129407488183
Salted Whipped Butter,419,271,148,64.67780429594272
Organic Broccoli,38720,27654,11066,71.42045454545455
Grilled Chicken Pesto with Vegetables Cafe Steamers,306,147,159,48.03921568627451
Mac & Cheese Pasta in Cheese Sauce,28,10,18,35.714285714285715
Bittersweet 70% Cacao Baking Chunks,52,30,22,57.692307692307686
Fresher Collection™ Timber™ Scent Invisible Solid Men's Anti-Perspirant & Deoderant,7,0,7,0.0
Raspberry Iced Tea,173,71,102,41.040462427745666
Cheddar,96,38,58,39.58333333333333
Simply Dressed Coleslaw Dressing,8,1,7,12.5
Savory Beef & Pork Pierogi,17,7,10,41.17647058823529
Balsamic Reduction Traditional Balsamic,101,23,78,22.772277227722775
Ancient Grain Pasta Gluten-Free Fusilli,475,278,197,58.526315789473685
Crema Mexicana,215,86,129,40.0
Everyday Fresh 85% Lean Ground Turkey,180,55,125,30.555555555555557
Bakery Classics 100% Whole Wheat Hamburger Buns,573,229,344,39.9650959860384
Dill,487,168,319,34.496919917864474
Sun Dried Tomatos With Basil,11,1,10,9.090909090909092
Cinnamon Streusel Cakes,13,4,9,30.76923076923077
Strawberry Watermelon Fruit Strip,3,0,3,0.0
Ph 9.5 Water,41,19,22,46.34146341463415
Echinacea Supreme,23,3,20,13.043478260869565
Wavy Potato Chips,296,190,106,64.1891891891892
"Chips, Kale & Chia, Sea Salt",51,12,39,23.52941176470588
Captain's Wafers Peanut Butter & Honey Sandwich Crackers,12,3,9,25.0
Cold Pressed Fuji Apple Juice,593,385,208,64.92411467116358
Natural Sesame Seeds,29,2,27,6.896551724137931
Madras Lentils Indian Cuisine,892,441,451,49.43946188340807
Natural Minerals Sundreams Lotus Infused Bronzer Duo Sunkissed Glow,4,0,4,0.0
Delicate Care Scrub Sponges - 3 CT,469,145,324,30.916844349680172
Sulfate-Free Color Care System Rosemary Moisture Conditioner,33,7,26,21.21212121212121
Clear Plastic Party Cups 10 Oz,20,5,15,25.0
Hearty Crispbread,160,63,97,39.375
Stuffed Soft Pretzel Made in Nut Free Bakery Source of Whole Grains Grilled Cheese,60,29,31,48.333333333333336
Beef Loin New York Strip Steak,2432,1141,1291,46.91611842105263
Bran Muffins,84,55,29,65.47619047619048
Whole Turkey,17,0,17,0.0
Organic Greek Yogurt Honey,10,0,10,0.0
Creamed Chipped Beef,198,111,87,56.060606060606055
Gigli,206,150,56,72.81553398058253
"Birthday Candle, Numeral, 0",14,1,13,7.142857142857142
8 Piece Fried Chicken,129,76,53,58.91472868217055
Butterscotch Caramel Topping,47,3,44,6.382978723404255
Citrus Microscrubber Wipes,4,0,4,0.0
Vegan Aged White Cheddar Flavor Puffs,3307,2197,1110,66.43483519806472
No Sugar Added New York Cheesecake,67,19,48,28.35820895522388
Garlic Asiago Brazilian Cheese Bread,416,154,262,37.019230769230774
Mini Chocolate Chip Muffins,64,29,35,45.3125
Organic Crushed Tomatoes,370,156,214,42.16216216216216
Organic Lightly Sweetened Iced Green Tea with Coconut Water,444,306,138,68.91891891891892
Dha 1000,12,1,11,8.333333333333332
Yellow Beverage Napkins,7,1,6,14.285714285714285
Dietary Supplement Tablets for Normal Sleep Patterns,3,2,1,66.66666666666666
Whole Lychees in Heavy Syrup,159,79,80,49.685534591194966
Chicken Twin Pack Stuffing Mix,7,0,7,0.0
Pretzel Hoagie Buns,39,25,14,64.1025641025641
Cherry Vanilla,40,16,24,40.0
Panko Crispy Bread Crumbs,586,117,469,19.965870307167236
Snack & Go! Granny Smith Applesauce,26,9,17,34.61538461538461
Uncured Applewood Smoked Bacon,1137,665,472,58.487247141600704
Turkey W/Beans 99% Fat Free Chili,133,79,54,59.3984962406015
Alexander Valley Reserve Cabernet Sauvignon,6,2,4,33.33333333333333
Honey Roasted Virginia Peanuts,45,20,25,44.44444444444444
Flatbread Pockets Whole Wheat,18,6,12,33.33333333333333
Original Strawberry Banana Yogurt,2356,1379,977,58.531409168081495
Medicated Foot Powder,5,0,5,0.0
Caramel Milk Chocolate Candy,9,3,6,33.33333333333333
Thin Addictives Cranberry Almond Thins,18,8,10,44.44444444444444
Pita Crackers Garlic 'n Chive,17,2,15,11.76470588235294
Cauliflower Orange,1009,299,710,29.633300297324084
Mama Bee Nourishing Body Oil w/ Vitamin E,3,0,3,0.0
72 W Halogen,10,1,9,10.0
Big Whole Grain Wheat Thins,328,149,179,45.426829268292686
Vitamin Code Raw Prenatal Probiotic Immune Support System for Two,105,41,64,39.04761904761905
Organic Qia Apple Cinnamon,9,2,7,22.22222222222222
Dark Chocolate Banana Dipper With Almonds,154,51,103,33.116883116883116
Garden Vegetable Salad Roll,1540,1096,444,71.16883116883118
Honey Roasted Chicken,21,8,13,38.095238095238095
"Clams, Whole Cooked & Farm Raised",6,3,3,50.0
Organic Himalayan Black Tea,62,42,20,67.74193548387096
"Oatmeal, Thick & Rough",8,4,4,50.0
Apple Gripe Water,9,1,8,11.11111111111111
Tempura Batter Mix,10,2,8,20.0
Sweet & Sassy Original Barbecue Sauce,7,0,7,0.0
Frozen Sweet Corn,7,0,7,0.0
No Sugar Added Vanilla Slim A Bear Bars,104,53,51,50.96153846153846
Root Touch-up Clairol Nice 'N Easy Root Touch-Up Permanent Hair Color 7 Dark Blonde 1 Kit Female Hair Color,5,2,3,40.0
"Irish Instant Oatmeal, Variety Pack",70,30,40,42.857142857142854
"Skin Renew Miracle Skin Perfector BB Cream: Daily Anti-Aging, Light/Medium",5,2,3,40.0
Cheezy Craze Party Mix Cat Treats,22,12,10,54.54545454545454
Size 4 Snug & Dry Diapers,60,14,46,23.333333333333332
Fish Oil Omega-3 1000mg Softgels,56,9,47,16.071428571428573
"6\"" Organic Chocolate Cake",4,0,4,0.0
Silkening Beauty Bar,23,3,20,13.043478260869565
Healthy Growth Dry Puppy Food,8,2,6,25.0
Natural Creamy Peanut Butter,1627,924,703,56.79164105716041
Maxi Regular Pads,61,20,41,32.78688524590164
Organic Australian Style Vanilla Lowfat Yogurt,3735,2552,1183,68.32663989290495
Fruit Punch/Island Fruits Assorted Fruit Snacks Combo Pack,59,14,45,23.728813559322035
Vodka 80 Proof,91,78,13,85.71428571428571
Home Style Sauerkraut,83,21,62,25.301204819277107
Spumante,24,4,20,16.666666666666664
Spelt Flour,63,22,41,34.92063492063492
Towelettes Coconut Plus Argan Oil,38,5,33,13.157894736842104
Vegetable Classics Green Split Pea Soup,290,137,153,47.241379310344826
Dark Japanese Style Soy Sauce,81,20,61,24.691358024691358
Garlic 'n Herb,58,11,47,18.96551724137931
Sixty Second Digital Thermometer,11,0,11,0.0
Band Aid® Brand Adhesive Bandages Premium All One Size Tough Strips,154,41,113,26.623376623376622
Hershey's Mini Kisses with Caramel Frozen Dairy Dessert,17,2,15,11.76470588235294
Wasabi Soy Macadamias,15,6,9,40.0
Driscoll Sunshine Raspberries,339,90,249,26.548672566371685
Wrinkle Therapy with CoQ10 & Rosehip Cleansing Milk,8,2,6,25.0
Instant Charcoal Briquets with Mesquite,6,0,6,0.0
Outlast Long Lasting Mint Mouthwash,19,12,7,63.1578947368421
Organic Maitake Mushrooms,271,138,133,50.92250922509225
Salt & Vinegar Chips,335,165,170,49.25373134328358
Apple Nectar Juice,3,0,3,0.0
Unsweetened Organic Coconut Milk,4365,2161,2204,49.50744558991982
Body Deodorant Spray,37,7,30,18.91891891891892
Original Hemp Burgers,97,42,55,43.29896907216495
Honey Smoked Turkey Breast,5,1,4,20.0
Organic Non Dairy Vanilla Frozen Dessert,4,0,4,0.0
Moving And Storage Tape,34,6,28,17.647058823529413
Roasted Garlic & Herb Seasoning,14,7,7,50.0
Mex Bouil Tomato Chicken Savoury Sauce,11,2,9,18.181818181818183
Ultra Thin Pepper Jack Cheese Slices,516,232,284,44.96124031007752
Superfood Dark Chocolate and Peanut Butter Seedbar,391,309,82,79.02813299232737
Vegan Mushroom & Caramelized Onion Ravioli,65,33,32,50.76923076923077
"Allspice, Ground, Organic",77,1,76,1.2987012987012987
Sparkling Water Beverage Lemon,79,37,42,46.835443037974684
"Organic White Bean & Kale Soup, 25% Less Sodium",87,37,50,42.5287356321839
Raspberry Greek Yogurt,59,28,31,47.45762711864407
Organic 72% Dark Chocolate Bar,115,66,49,57.391304347826086
"Water Capsules, Extended Relief",9,4,5,44.44444444444444
Pearl Regular Absorbency Unscented Tampons,415,112,303,26.987951807228917
Applesauce On The Go Apple Strawberry Pouches,233,105,128,45.06437768240343
Original Special K Toasted Rice Cereal,204,123,81,60.29411764705882
Halloween Assortment,18,2,16,11.11111111111111
100% Natural Stewed Tomatoes,281,75,206,26.690391459074732
Paws Xl,8,2,6,25.0
Gentle Glide 360 Multi-Pack Regular + Super Absorbency Tampons,12,3,9,25.0
Olive Oil,64,8,56,12.5
Tiramisu Dark Chocolate Gelato Bars,54,34,20,62.96296296296296
Birthday Banner,11,1,10,9.090909090909092
"Olive Leaf, Standardized, Capsules",4,0,4,0.0
Pancake + Waffle Mix,18,3,15,16.666666666666664
Bean Salad,16,7,9,43.75
Coconut Pumpkin Ultra Hydrating Bodywash,68,20,48,29.411764705882355
Whole Blueberries Dipped in Creamy Dove Dark Chocolate,77,39,38,50.649350649350644
Anti-Perspirant/Deodorant,52,14,38,26.923076923076923
Radiant Regular Unscented Pantiliners,12,1,11,8.333333333333332
Natural Skin Essentials Facial Cleansing Towelettes - 30 CT,223,97,126,43.49775784753363
Gluten Free Classy Slice Bread,164,104,60,63.41463414634146
Stir Fry Sauce Broccoli Beef,7,0,7,0.0
Touch Y-Peeler,10,1,9,10.0
Organic French Green Lentils,23,0,23,0.0
Light Churned Vanilla Bean,3,0,3,0.0
Sesame Seed New York Style Bagels,214,111,103,51.86915887850467
Less Sodium Soy Sauce,1083,218,865,20.129270544783008
Italian Style Vegetables,67,30,37,44.776119402985074
"Ice Cream, Natural, Vanilla Bean",6,2,4,33.33333333333333
"Cheese, Spreadable, Crescenza-Stracchino",7,0,7,0.0
Refresher Strawberry Lemonade,11,4,7,36.36363636363637
Green with Mint Cold Brewed Iced Tea Bags,3,0,3,0.0
38210 Full Jaw Cuticle Nipper,7,1,6,14.285714285714285
Lava Cake Dark Truffle Chocolate Candy,3,0,3,0.0
24 hr Fresh Deep Action Scrub Body Wash,20,6,14,30.0
"Potstickers, Organic, Pork & Vegetable",770,358,412,46.493506493506494
Low Sodium Refried Black Beans,2422,1413,1009,58.340214698596206
"GUM Proxabrush Go-Betweens Cleaners, #872 Tight",9,1,8,11.11111111111111
Sheeps Milk Maple Yogurt,187,126,61,67.37967914438502
Chunk Light Tuna In Vegetable Oil,85,34,51,40.0
Sesame Stir Fry Kit,23,4,19,17.391304347826086
Baby Diapers Size 2,300,152,148,50.66666666666667
Mama Bee Belly Butter,13,4,9,30.76923076923077
Health Super Lysine+ Immune System Liquid Extract,9,0,9,0.0
Fresh Puttanesca Sauce,10,1,9,10.0
Mocha Marble Crunch,24,14,10,58.333333333333336
Herbal Teas Pau d'Arco,65,18,47,27.692307692307693
Tilapia Filet,14707,9035,5672,61.433331066838925
Transparent Facial Bar,12,2,10,16.666666666666664
Grit-Free Fiber Supplement,5,1,4,20.0
IPA Hop Hunter,41,34,7,82.92682926829268
Tender Favorites with Real Chicken & Beef in Sauce Wet Cat Food,9,4,5,44.44444444444444
Sweet & Sour Chicken,339,209,130,61.6519174041298
Raw 83% Dark Cacao Bar,19,6,13,31.57894736842105
Organic Hot Barbecue Sauce,16,4,12,25.0
Freeze Dried Strawberry Slices,1220,648,572,53.11475409836065
Frozen Swiss And Bacon Petite Quiche Lorraine,55,38,17,69.0909090909091
Tuscan Herb Roasts,65,43,22,66.15384615384615
Dry Roasted Premium Black Edamame With Sea Salt,14,5,9,35.714285714285715
Smooth & Silky Touchable Softness Shampoo,140,18,122,12.857142857142856
Pain Relief Ointment,21,5,16,23.809523809523807
Homestyle Orange Juice,311,264,47,84.88745980707395
Cola Soft Drink,6880,4741,2139,68.90988372093022
Honey Lemon Greek Yogurt,33,16,17,48.484848484848484
Reduced Fat Mozarella String Cheese,168,78,90,46.42857142857143
Unscented Tea Lights,25,8,17,32.0
"Mighty 4 Kale, Strawberry, Amaranth & Greek Yogurt Tots Snack",2206,1486,720,67.36174070716228
Over Tired and Cranky Bubble Bath,82,33,49,40.243902439024396
Hamburger Oval Dill Pickle Chips,206,77,129,37.37864077669903
Vegetable Biryani,24,2,22,8.333333333333332
Can Opener,114,3,111,2.631578947368421
Salted Pretzels Rods,28,10,18,35.714285714285715
Red Velvet Cake With Cream Cheese Icing,8,1,7,12.5
Lightly Sweet Chai Skinny Latte,30,15,15,50.0
Hot Sauce Salsa Picante,19,5,14,26.31578947368421
Fruit On The Bottom Strawberry Banana Yogurt,28,19,9,67.85714285714286
"Rawhide Chew, Medium Dogs",35,30,5,85.71428571428571
Cavity Zapper Berry Blast Fluoride Gel Toothpaste,21,5,16,23.809523809523807
Fresh Sheep Milk Basket Ricotta,112,31,81,27.67857142857143
Deli Sliced Sharp Cheddar Cheese,1377,887,490,64.4153957879448
Green Enchilada Sauce,23,3,20,13.043478260869565
Chunk Light in Water To Go Tuna Cups,7,1,6,14.285714285714285
3rd Eye Chai Organic Raw Kombucha,91,63,28,69.23076923076923
Bag of Russet Potatoes,225,83,142,36.888888888888886
Kellogg's Nutri-Grain Apple Cinnamon Cereal,1229,703,526,57.20097640358015
New York Extra Sharp Yellow Cheddar,4,0,4,0.0
Total 0% All Natural Nonfat Plain Greek Strained Yogurt,7,0,7,0.0
Calming Hair Conditioner,65,15,50,23.076923076923077
Glazed Honey Buns,11,2,9,18.181818181818183
Quinoa Salad Pistachio Citrus,24,3,21,12.5
Original BBQ Sauce,2396,708,1688,29.549248747913186
Meatloaf with Portobello Mushroom Gravy,125,72,53,57.599999999999994
Cookies N Cream Ice Cream,40,17,23,42.5
Creamy Broccoli Cheddar Bisque,67,28,39,41.7910447761194
Men Extra Strength Lotion,8,3,5,37.5
Imitation Crab Meat,116,61,55,52.58620689655172
Caramel Macchiato Iced Coffee,53,19,34,35.84905660377358
Cajun Crispy Fish Fry Breading Mix,16,6,10,37.5
Super Moist Milk Chocolate Cake Mix,81,12,69,14.814814814814813
Advanced Action Gel Laundry Stain Remover,183,39,144,21.311475409836063
Organic 1% Low Fat Milk,12121,9750,2371,80.43890768088443
"Juice, Escape",12,3,9,25.0
"Hand Sanitizer, Advanced, Refreshing Gel",9,2,7,22.22222222222222
Roasted Chicken with Herb Gravy Tasty American Favorites,6,1,5,16.666666666666664
Dusk Body Wash,6,0,6,0.0
California Navel Oranges,35,14,21,40.0
Chunk Light Yellowfin,44,12,32,27.27272727272727
with Olive Oil Mayonnaise Dressing,269,72,197,26.765799256505574
Soft Baked Oats and Chocolate Breakfast Biscuits (Cookies),305,167,138,54.75409836065573
LamisilAT® Athlete's Foot Antifungal Cream,8,0,8,0.0
Double Roasted Tomato Medium Salsa,436,213,223,48.853211009174316
Oat Raisin Walnut Spice Whenever Bars,145,107,38,73.79310344827587
Multigrain Cereal,691,337,354,48.7698986975398
White Corn & Zucchini Tamales,44,15,29,34.090909090909086
Classic Tender Beef Feast Cat Food,648,443,205,68.3641975308642
Milk Chocolate Pretzel,35,11,24,31.428571428571427
JIMMYS       PINEAPPLE SLAW,6,2,4,33.33333333333333
Simply 100 Black Cherry Blended  Non-Fat Greek Yogurt,276,164,112,59.42028985507246
Swedish Bitters,46,33,13,71.73913043478261
Dolmas,1804,1176,628,65.18847006651885
Rosehip Treatment Facial Serum Blue,10,2,8,20.0
Beef Picadillo Empanadas,108,30,78,27.77777777777778
Chicken Lower Sodium Rice Mix,131,59,72,45.038167938931295
Chunky Roasted Garlic Pasta Sauce,91,38,53,41.75824175824176
Decaffeinated Tea,37,8,29,21.62162162162162
Seeded Spelt Flatbread,145,82,63,56.55172413793104
Corn Meal Pizza Crust,792,503,289,63.510101010101
Barbeque Beef Jerky,48,16,32,33.33333333333333
Organic Garlic Salt,24,2,22,8.333333333333332
Allergy Relief Zone 5,8,0,8,0.0
Mixed Berry Galette,60,31,29,51.66666666666667
Pesto Vegenaise Gourmet Dipping Sauce & Spread,73,29,44,39.726027397260275
Carrot and Celery Sticks,494,219,275,44.33198380566802
Fluffy Marshmallow Frosting,13,1,12,7.6923076923076925
Parchment Lined 5.75 in x 3.25 in x 2 in Pans,24,1,23,4.166666666666666
Plastic 18 Oz. Party Cups,38,13,25,34.21052631578947
Honey & Maple Turkey Breast,5504,3300,2204,59.95639534883721
Light Corn Syrup with Real Vanilla,501,36,465,7.18562874251497
Artisan Sausage Pineapple Uncured Bacon Hardwood Smoked with Vermont Maple Syrup,4794,2905,1889,60.59657905715478
On-The-Go,38,11,27,28.947368421052634
Organic Sumac,319,42,277,13.166144200626958
Organic Smooth Move Herb Tea Bags,515,201,314,39.029126213592235
Baby Mum-Mum Organic Rice Rusks Original,1503,876,627,58.28343313373253
Soothingly Sensitive Aloe & Buttermilk Body Lotion,6,0,6,0.0
Classic French White Bread,782,455,327,58.18414322250639
Nutramigen with Enflora LGG Powder,53,34,19,64.15094339622641
Original Maximum Odor Control Cat Litter,311,234,77,75.2411575562701
Sausalito Milk Chocolate Macadamia Cookies,739,334,405,45.19621109607578
Nutri-Grain Crunch Apple Cobbler Breakfast Bars,9,4,5,44.44444444444444
Crab-Flavored Seafood,5,0,5,0.0
Mini Artisian Crackers Croccantini Roasted Garlic,155,69,86,44.516129032258064
Wild Sockeye Salmon,2470,1380,1090,55.87044534412956
Hot & Spicy Menudo Picoso,15,6,9,40.0
Mild Pad Thai Stir-Fry Sauce,17,3,14,17.647058823529413
"Cheese, Medium Cheddar",68,27,41,39.705882352941174
Yokids Organic Strawberry Banana Lowfat Yogurt Squeeze,2366,1754,612,74.13355874894336
All Natural Gluten Free Teff Wraps,615,347,268,56.422764227642276
Milk Chocolate Cashews,18,12,6,66.66666666666666
Positively Ageless Firming Body Lotion,8,3,5,37.5
Swiss Muesli,757,437,320,57.72787318361955
Apple Cider Vinegar & Limeade Drink,515,338,177,65.63106796116504
Original Strawberry Mango Yogurt,192,79,113,41.14583333333333
Organic American Cheese Singles,18040,12664,5376,70.19955654101996
Rockin Refuel Chocolate Protein Milk Beverage,317,165,152,52.05047318611987
Palak Paneer Spinach with Cottage Cheese and Sauce,20,7,13,35.0
Organic Spicy Falafel Chips,43,21,22,48.837209302325576
Ic Caramel Cone 28 Oz,8,0,8,0.0
Udis Gluten Free Italian Sausage Lasagna,160,73,87,45.625
Wellness Shot,12,5,7,41.66666666666667
"Naturals Just Carrot, Corn & Pumpkin Stage 2",4,1,3,25.0
Organic Fontina Cheese,115,27,88,23.47826086956522
Bittersweet Chocolate,73,33,40,45.20547945205479
Original Ranch Family Size Salad Dressing,53,18,35,33.9622641509434
Rich and Creamy Lemon Frosting,23,1,22,4.3478260869565215
Barrel Pickles,117,68,49,58.119658119658126
Simple Favorites Chicken Enchilada Suiza,1376,685,691,49.781976744186046
"Deli Fresh Black Forest Ham, 97% Fat Free, Gluten Free",68,21,47,30.88235294117647
Crystal Clear Decorative 60 Watt A Medium Base Ceiling Fan Light Bulb,27,1,26,3.7037037037037033
Superior Puerto Rican Rum,271,150,121,55.35055350553506
Magnesium Malate 1250 Mg,9,0,9,0.0
Snack Bites Cheese Wisconsin Sharp Cheddar,37,10,27,27.027027027027028
Bolthouse Baby Carrots,4726,2606,2120,55.14176893779095
Usual Suspects Variety Ales @ Lagers,114,59,55,51.75438596491229
Sun-Dried Tomato with Mozzarella Cheese Smoked Chicken Sausage,112,37,75,33.035714285714285
Gold S'mores,10,3,7,30.0
THAI KITCHEN THAIPNUT NDLCART,32,15,17,46.875
Double Dutch Muffins,42,28,14,66.66666666666666
Pesto Cultured Cashew Cheese,82,42,40,51.21951219512195
Nonpareils Capers,12,1,11,8.333333333333332
Click Super Plus Compact Tampons,138,50,88,36.231884057971016
"Veggies On-the-Go, Stage 2 (6 Months and Up), Pumpkin, Zucchini & Apple Blend",13,5,8,38.46153846153847
Instant Oatmeal Apples & Cranberries,20,10,10,50.0
Squash Baby Food Stage 2,18,5,13,27.77777777777778
Roasted Red Pepper Hommus,1912,1158,754,60.56485355648535
Organic Acai Berry 100% Juice,16,5,11,31.25
Powerball Quantum Max Shine & Protect Lemon Sparkle Automatic Dishwasher Detergent,18,5,13,27.77777777777778
Almond Milk Cookies N' Cream Non-Dairy Frozen Dessert,600,191,409,31.833333333333336
Original Cashew Crunch Slow Dry-Roasted Snack,53,40,13,75.47169811320755
"Vanilla Extract, Pure, Organic Madagascar Bourbon",69,12,57,17.391304347826086
Extreme Clumping Cat Litter Hawaiian Aloha Scent,4,0,4,0.0
Vienna Bread,57,38,19,66.66666666666666
Red Trolley Ale Irish Style Red Ale Beer,11,4,7,36.36363636363637
Quinoa Chips Sea Salt,1122,748,374,66.66666666666666
Organic Creamy Tomato Basil Soup,1272,432,840,33.9622641509434
Sicilian Recipe Crispy Thin Crust Pizza,71,11,60,15.492957746478872
Simple Delight Hot Fudge Topping,23,4,19,17.391304347826086
Original Spelt Organic English Muffins,501,273,228,54.49101796407185
German Barrel Sauerkraut,179,43,136,24.022346368715084
Blackberry Pie,13,2,11,15.384615384615385
Jvle Garlic Herb Fg Chicken Breast,4,2,2,50.0
Popped Salted Caramel Granola Bars,1076,533,543,49.53531598513011
Classic Guacamole,863,359,504,41.59907300115875
Grand Reserve Balsamic Vinegar,201,65,136,32.33830845771145
50% Reduced Sodium Cream Of Mushroom Condensed Soup,11,2,9,18.181818181818183
Steamfresh Potatoes Salt & Vinegar,9,4,5,44.44444444444444
Dish Soap Liquid Free And Clear,77,26,51,33.76623376623377
Original Dairy Free Butter,27,7,20,25.925925925925924
"Rye Flour, Organic Sprouted",8,0,8,0.0
Culinary Parchment Pre Cut Sheets,6,0,6,0.0
100% Grass-Fed Organic Plain Creamline Yogurt,618,402,216,65.0485436893204
Raw Protein Vanilla Chai,14,2,12,14.285714285714285
Dunkin' Dark Roast Coffee Ground,80,47,33,58.75
Organic Crushed Chili Pepper,47,3,44,6.382978723404255
Shredded Carrots,3405,1646,1759,48.34067547723935
Raw Protein Packet Original,18,5,13,27.77777777777778
Supreme Made With Botanic a 100% Plant-Based Fiber Unscented Ultra-Soft Cleansing Wipes,140,83,57,59.285714285714285
Soft Baked Sugar Cookies,7,2,5,28.57142857142857
Chicken Meatballs Spicy Mango & Jalapeno,179,89,90,49.72067039106145
Creme Brulee Lip Therapy,9,1,8,11.11111111111111
Watermelon Agave Frozen Pops,4207,2124,2083,50.48728309959591
"Fettuccine Noodles, Basil",6,1,5,16.666666666666664
Organic 100% Whole Wheat Penne Rigate,200,83,117,41.5
Mango Habanero Kale Chips,65,33,32,50.76923076923077
Garnishing Bag Bouquet,5,1,4,20.0
66OZ STN FGHTR CLN LIN,11,2,9,18.181818181818183
Henna Cream Black,30,21,9,70.0
Golden Gate Gose,2,0,2,0.0
Bamboo Knife Fork Spoons,16,1,15,6.25
Probugs Pretty Plain Whole Milk Kefir,340,220,120,64.70588235294117
Pain Relieving Patch - 5 CT,108,36,72,33.33333333333333
"Cherry, Dark Chocolate & Almond Granola bar",592,417,175,70.4391891891892
Red Velvet Cupcake Cake & Frosting Mix,6,0,6,0.0
Everything Inside Bagels,1259,684,575,54.32883240667196
Rumplemint Goat's Milk Ice Cream,69,34,35,49.275362318840585
Yellowfin Tuna In Xvoo,30,19,11,63.33333333333333
Super Scoop Clumping with Odor Eliminating Baking Soda Cat Litter,337,200,137,59.34718100890207
Calorie Free Apple Butter Fruit Spread,8,3,5,37.5
Garden In A Can Cilantro 1 Each,7,0,7,0.0
Rio Raspberry Tea,15,11,4,73.33333333333333
Complete Daily All Day Moisturizer With SPF 30 For Sensitive Skin,7,0,7,0.0
Slide Easy Clean-Up Clumping Non-Stop Odor Control Cat Litter,10,2,8,20.0
All Natural New England Style Clam Chowder Soup,622,329,293,52.89389067524116
Coffee Mate Sugar Free Pumpkin Spice Coffee Creamer,20,9,11,45.0
Hello My Name Is Caramel Brownie Stick,5,0,5,0.0
Organic Hunza Golden Raisins,130,36,94,27.692307692307693
Old Fashioned Pumpkin Butter,2,0,2,0.0
Everyday Assorted Heavy Duty Flatware,70,31,39,44.285714285714285
Whole Bean French Roast Dark Roast Blend Extra Bold Coffee,1005,665,340,66.16915422885572
Creamy Portobello Mushroom Soup,13,2,11,15.384615384615385
Oatmeal,5,0,5,0.0
Butter Spindles Pretzels,33,17,16,51.515151515151516
Bamba Peanut Snack With Hazelnut Filling,50,41,9,82.0
Temptations Lemon Meringue Pie Gelatin Desserts,145,70,75,48.275862068965516
"Performance Protein, Recover, Powder, Chocolate Flavor",5,3,2,60.0
Organic Coconut Almond in Chocolate Frozen Non-Dairy Desert,650,379,271,58.30769230769231
Honey Bunches Of Oats Roasted Cereal,465,253,212,54.40860215053763
Fragrance Free Clay with Natural Odor Eliminator Cat Litter,129,113,16,87.59689922480621
Microwave Garlic And Parsley Potato Kit,50,17,33,34.0
Deodorizing Aerosol Spray Apple Cinnamon,52,12,40,23.076923076923077
Dark Chocolate With Caramel & Sea Salt,185,123,62,66.48648648648648
Kettle Style Sweet Maui Onion Potato Chips,378,198,180,52.38095238095239
Powdered Confectioners Sugar,811,173,638,21.33168927250308
Flags,7,0,7,0.0
Parchment Paper,3348,577,2771,17.234169653524493
Whole Jalapeno Peppers,7,1,6,14.285714285714285
"Antiperspirant/Deodorant, Shower Fresh",33,11,22,33.33333333333333
Organic Celery Hearts,23826,12498,11328,52.455300931755225
Roasted Garlic Onion Jam,30,4,26,13.333333333333334
Kosher Dill Pickles,1835,989,846,53.89645776566757
Molasses Cookie Mix,17,3,14,17.647058823529413
Sleep Serenity Moonlit Night Scented Oil Refill,14,4,10,28.57142857142857
Africa Single Origin 1 Coffee,448,282,166,62.94642857142857
BelVita Cranberry Orange Breakfast Bar,280,154,126,55.00000000000001
1000 Roses Moisturizing Color + Correct Sheer Tan w/ SPF 30,6,0,6,0.0
Perfect Size Lemon Bliss Cake & Frosting Mix,10,2,8,20.0
Clean Care Mega Rolls Toilet Paper,3162,1549,1613,48.987982289690066
Tangerine Dream Honest Bubble Bath,255,87,168,34.11764705882353
Naked Dry Shampoo,19,5,14,26.31578947368421
Pistachios,1946,1389,557,71.37718396711202
Chocolate Caramel Pudding Snack Pack,29,6,23,20.689655172413794
Zingz Queso Fundido Baked Snack Crackers,1,0,1,0.0
Original Whipped Topping With Real Cream,217,84,133,38.70967741935484
Enlighten Hemp Milk,2,0,2,0.0
Very Emollient Bath & Shower Gel Sparkling Mint,103,38,65,36.89320388349515
Unscented Liken Plant Natural Deodorant,7,2,5,28.57142857142857
Organic Spinach Fettuccine,240,107,133,44.583333333333336
Organic Olive Oil & Balsamic Vinaigrette,199,57,142,28.643216080402013
Organic Classic Kombucha Maqui Berry Mint,22,11,11,50.0
Vanilla Organic Coconut Milk Yogurt,124,30,94,24.193548387096776
Triple Chocolate Chip Cookies,66,41,25,62.121212121212125
Salt & Vinegar Flavored Potato Crisps,1,0,1,0.0
Steamfresh Broccoli Florets,4,0,4,0.0
Fabric Refresher,21,12,9,57.14285714285714
Tilapia Fillet,296,93,203,31.41891891891892
Cranberry Cocktail from Concentrate,21,16,5,76.19047619047619
Go-Gurt Strawberry Splash and Cool Cotton Candy Tubes,670,405,265,60.447761194029844
Coconut Raisin Granola Bites,9,3,6,33.33333333333333
Noticeables Hawaiian Scent Air Freshener Refills,18,8,10,44.44444444444444
Men's One Tablets - 30 CT,67,19,48,28.35820895522388
Lunchables Pepperoni Pizza,1071,698,373,65.17273576097105
Organic Easy Leaves Butter Lettuce Salad,150,35,115,23.333333333333332
Simply Made Chocolate Chip Cookies,32,10,22,31.25
Breakfast Bacon Egg & Cheese Mini Bagels,19,5,14,26.31578947368421
JOHNSON & JOHNSON Red Cross All Purpose First Aid Kits 125CT First Aid Kits,16,1,15,6.25
Licorice Liquid Herbal Extract,6,1,5,16.666666666666664
Volum' Express The Falsies Washable Mascara - Blackest Black,3,0,3,0.0
Claw Crab Meat,41,7,34,17.073170731707318
Chocolate Dark Chocolate Ice Cream Bar,6,0,6,0.0
Broccoli with Almond Soup,194,104,90,53.608247422680414
Adhesive Lint Roller Easy Sheet Removal,13,0,13,0.0
Pancetta,225,52,173,23.11111111111111
Red Swisschard,465,161,304,34.623655913978496
Family Size Shells & White Cheddar Macaroni & Cheese,1698,957,741,56.360424028268554
Ready To Serve Real Bacon Pieces,16,3,13,18.75
Chilled Coconut Water,22,8,14,36.36363636363637
Lightdays Long Daily Liners,7,1,6,14.285714285714285
Lori's Lemon Tea,608,431,177,70.88815789473685
Hearty Artichoke Tomato Sauce,22,7,15,31.818181818181817
Sugar Free Mocha Cappuccino,9,0,9,0.0
Congestion Non-Drowsy Maximum Strength Phenylephrin HCl Tablets,22,0,22,0.0
Glazed Chicken,325,164,161,50.46153846153846
Dark Chocolate Cherry Chia Bar,671,367,304,54.69448584202683
Bordeaux Maraschino Cherries,20,7,13,35.0
Naturally Flavored Lemonade Sparkling Water,41,27,14,65.85365853658537
Dry Roasted Edamame Sunshine Blend,6,2,4,33.33333333333333
Black Plum,9270,4873,4397,52.567421790722754
Organic Raw Blue Agave,402,173,229,43.03482587064676
Soft Serve Fruit Pop Strawberry,402,189,213,47.01492537313433
Crunchy Granola Raisin Bran,93,43,50,46.236559139784944
Low Sodium Condensed Cream of Mushroom Soup,271,63,208,23.247232472324722
Wheat Thins Original,2162,1415,747,65.44865864939871
Brownie Mix 13 x 9 Family Size Dark Chocolate,2,0,2,0.0
Zen Tea,4811,2367,2444,49.199750571606735
Lotion for Everybody 3 in 1 Mint And Coconut Lotion,30,1,29,3.3333333333333335
Organic Breakfast Blend Whole Bean Coffee,1114,603,511,54.129263913824055
Stuffed Grape Leaves,1367,938,429,68.61741038771031
Natural Whey Protein Isolate Powder,42,13,29,30.952380952380953
Strawberry Wafers,23,4,19,17.391304347826086
Taster's Choice Vanilla Instant Coffee Single Serve Packets,11,3,8,27.27272727272727
Whole Wheat Raspberry Fig Bars,11,5,6,45.45454545454545
Salami Chorizo,90,16,74,17.77777777777778
Grands! Flaky Layers Buttermilk Biscuits,968,329,639,33.98760330578512
Organic Pineapple Coconut Water,120,70,50,58.333333333333336
Duo Eyelash Adhesive - Clear,7,0,7,0.0
"Marinara, Truffle, Porcini & Cream",30,13,17,43.333333333333336
Rose & Chamomile Body Lotion,19,3,16,15.789473684210526
Organic Fuji Apples,5526,3603,1923,65.20086862106406
Creamy Chicken & Shrimp in a Parmesan Alfredo Sauce,39,23,16,58.97435897435898
Corn Tortillas 24 Count,71,20,51,28.169014084507044
Broccoli & Carrots,91,44,47,48.35164835164835
Squeeze Strawberry Banana,101,70,31,69.3069306930693
All Natural Coconut Juice With Pulp,392,281,111,71.68367346938776
Salame Panino,21,13,8,61.904761904761905
Rice Krispies Treats Original Crispy Marshmallow Squares,2161,1295,866,59.92596020360944
Selects Spicy Classic Fried Chicken,11,5,6,45.45454545454545
Corn Flakes Cereal,840,500,340,59.523809523809526
Organic Turbinado Sugar,62,9,53,14.516129032258066
UDI'S GLUTEN FREE WHOLE GRAIN BREAD,1561,1118,443,71.62075592568866
Lemon Bar Supreme Mix,37,6,31,16.216216216216218
Unsweetened Blackberry Water,3120,2375,745,76.12179487179486
Decaf Instant Coffee,53,7,46,13.20754716981132
Organic Honey Green Tea Drink,684,433,251,63.30409356725146
Sencha Shot Japanese Green Tea,424,303,121,71.4622641509434
Teriyaki Chicken Bowl,2696,1518,1178,56.30563798219585
Bistro Greek Feta Chopped Salad Bowl,19,3,16,15.789473684210526
100% Pure Premium Canola Oil,43,6,37,13.953488372093023
Bread Co New York Rye,337,176,161,52.22551928783383
Crunchy Toasted Soy Spread,29,8,21,27.586206896551722
Nigori Sake,31,9,22,29.03225806451613
Gluten Free Maple Pecan Chocolate Chip Cookies,93,36,57,38.70967741935484
Cosmic Brownies With Chocolate Chip Candy,442,252,190,57.01357466063348
Sparkling Probiotic Drink Blueberry Cherry,1198,814,384,67.9465776293823
"Sparkling Wine, Blanc de Blancs, Sonoma County",56,14,42,25.0
Baby Cereal Single Grain Oatmeal,7,2,5,28.57142857142857
Gin Gins Ginger Spice Drops,15,5,10,33.33333333333333
Tricerahops Double IPA,24,16,8,66.66666666666666
Window Cleaner With Lavender,20,3,17,15.0
California Almond Ice Cream,15,2,13,13.333333333333334
Organic White Mushrooms,489,232,257,47.443762781186095
Sliced Kalamata Olives,30,8,22,26.666666666666668
Dragon Fruit,387,164,223,42.377260981912144
Spicy Thai Chilli Sriracha Dip,7,0,7,0.0
Organic Crushed Tomatillos,7,1,6,14.285714285714285
100% Raw Coconut Drink,25,17,8,68.0
"Hand Wash, Orange Blossom Honey",70,29,41,41.42857142857143
100% Orange Strawberry Banana Juice,501,259,242,51.69660678642715
Pizza Bagels,145,82,63,56.55172413793104
Cherries Rainer Organic,15,3,12,20.0
"Chili Pepper, Assorted",9,1,8,11.11111111111111
Organic Genoa Salami,5797,3459,2338,59.66879420389857
Original Pretzel Dogs 12 Count,11,1,10,9.090909090909092
Wild Pink Salmon,624,295,329,47.27564102564102
Organic Raw Whole Flaxseed,98,4,94,4.081632653061225
Dry Spray Beauty Finish Antiperspirant,21,2,19,9.523809523809524
Flip Peanut Butter Dream Greek Yogurt,1701,1185,516,69.66490299823633
Self-Rising Flour,134,35,99,26.119402985074625
Organic Caraway Seeds,134,1,133,0.7462686567164178
Total Care Fresh Mint Mouthwash,13,3,10,23.076923076923077
Honey Flake & Oat Clusters,17,5,12,29.411764705882355
Tuna Creamy Pasta Tuna Helper,38,13,25,34.21052631578947
Denmark's Finest Havarti Dill,61,30,31,49.18032786885246
Chocolate Mousse Cake,24,1,23,4.166666666666666
Spirulina Pacifica Powder,7,1,6,14.285714285714285
Chicken Flavored Rawhide Chip Dog Bones,90,50,40,55.55555555555556
Natural Peanut Butter,103,29,74,28.155339805825243
Organic English Cucumber,8158,4137,4021,50.710958568276546
Au Jus Gravy Mix,251,62,189,24.701195219123505
Crinkle Cut Sweet Potato Fries with sea salt and black pepper,597,215,382,36.01340033500838
Classic Mixed Vegetables,1074,500,574,46.55493482309125
Peanut Butter Gauchos Cookies,12,5,7,41.66666666666667
Chocolate Mini Swirls Cones,75,44,31,58.666666666666664
Free & Clear Gentle Bleach,37,11,26,29.72972972972973
"Burdock Root, 475 mg, Capsules",4,0,4,0.0
Chili & Oregano Green Pitted Olives,54,23,31,42.592592592592595
Blanched Unsalted Hazelnuts (Filberts),72,42,30,58.333333333333336
"Kale Chips, Stumptown Original",42,19,23,45.23809523809524
Mini Marshmallow Hot Cocoa Mix,83,30,53,36.144578313253014
Juicy Pomegranate Seeds,8,1,7,12.5
Famous Key West Lemon Juice,26,4,22,15.384615384615385
Capote Capers in Sea Salt,30,1,29,3.3333333333333335
Garlic Basil Tomato Hummus,29,15,14,51.724137931034484
The Yellow One Squished Smoothie Fruits,320,220,100,68.75
Pronamel Gentle Whitening Toothpaste,613,250,363,40.78303425774878
Honey Low Fat Grahams,794,341,453,42.9471032745592
Fluoride Fresh Mint Paste Toothpaste,47,14,33,29.78723404255319
Ultra Thin Crust Margherita Pizza,59,33,26,55.932203389830505
Organic Fair Trade 65% Cacao Semi Sweet Baking Bar,22,4,18,18.181818181818183
Rustic Sourdough Bread,705,429,276,60.851063829787236
Organic Summer Vegetables Baby Food,13,4,9,30.76923076923077
Essentials Organic Green Delight Juice,585,342,243,58.46153846153847
Authentic Japanese-Style Tofu Nigari Firm,33,7,26,21.21212121212121
Cauliflower Head,497,230,267,46.27766599597585
Fat Free  Refried Pinto Beans,6,2,4,33.33333333333333
Bacon Macaroni & Cheese with Fruitwood-Smoked Uncured Bacon,8,0,8,0.0
Thai Tom Yum Asian Soup,138,39,99,28.26086956521739
Essential Goodness Cinnamon Sugar Puff Muffin Mix,31,8,23,25.806451612903224
Green Pitted Olives,31,3,28,9.67741935483871
Crimson Red Rhubarb,7,4,3,57.14285714285714
Regular Mouth Pint Mason Jars,68,13,55,19.11764705882353
Coastal Crush Red Central Coast,11,2,9,18.181818181818183
Honest Diapers Size 4,256,149,107,58.203125
Chopped Spinach Steamers,793,259,534,32.66078184110971
E.V.O.O. Ceasar Vinaigrette Dressing,11,2,9,18.181818181818183
Vegetable Cooking Stock,423,113,310,26.713947990543733
Triple Creme Brie,771,227,544,29.442282749675748
Select Sesame And Poppy Seed Crackers,10,3,7,30.0
Vintner's Reserve Carbernet Sauvignon,21,8,13,38.095238095238095
Grapefruit Lilac Water,15,8,7,53.333333333333336
Original Large Dog Biscuits,24,12,12,50.0
Spider-Man Boy's Small/Medium Bedtime Underwear,218,132,86,60.550458715596335
Nature's Maraschino Cherries,18,2,16,11.11111111111111
Farmhouse Reserve Aged Cheddar Cheese,22,12,10,54.54545454545454
Steamfresh Chef's Favorite Rotini Pasta & Vegetables,9,4,5,44.44444444444444
Sweet Dreams Brown Rice Syrup,137,18,119,13.138686131386862
Extra Strong Large Drawstring 30 Gallon Trash Bags,5,0,5,0.0
"Pain Reliever/Nighttime Sleep-Aid, Coated Caplets",55,19,36,34.54545454545455
"Granola, Original Honey",273,149,124,54.57875457875458
Apple Sauce Original,198,100,98,50.505050505050505
Ken's Steakhouse Honey Mustard Dressing,147,43,104,29.25170068027211
Hard Candies,367,184,183,50.13623978201635
Mint Frozen Greek Yogurt Sandwiches,5,1,4,20.0
Dry Roasted Almonds,2909,2042,867,70.19594362323822
Low Fat Madagascar Vanilla Kefir Probiotic Cultured Milk Smoothie,321,180,141,56.074766355140184
2 in 1 Dandruff Shampoo + Conditioner with Almond Oil,7,2,5,28.57142857142857
Greek Yogurt Coated Toasted Coconut Chips,4,0,4,0.0
Decaffeinated French Roast Coffee,9,5,4,55.55555555555556
12 Grain Hearty Sliced Bread,204,126,78,61.76470588235294
Pearled Barley,613,106,507,17.29200652528548
Chili Lime Beef Jerky Pack,521,293,228,56.23800383877159
Creamy Cheddar Cheese Sauce,5,0,5,0.0
Alcohol Prep Pad,21,1,20,4.761904761904762
Traditional Olive Tapenade,81,15,66,18.51851851851852
100% Pure Bergamot,5,0,5,0.0
Double Caramel Ice Cream Bars,759,428,331,56.38998682476944
Limited Edition Ice Cream,7,3,4,42.857142857142854
Sizzling Szechuan Beefless Strips,361,198,163,54.84764542936288
Organic Antioxidant Fusion Fruit & Seed Mix,4,0,4,0.0
Konjac Pure Complexion Sponge For Sensitive Skin,9,1,8,11.11111111111111
Slim Strawberry,3,0,3,0.0
Organic Fire Roasted Garlic Marinara Sauce,7,1,6,14.285714285714285
Original Crumbled Goat Cheese,728,278,450,38.18681318681318
Riserva Ducale Chianti Classico,10,3,7,30.0
Orange Scent Antibacterial Dishwashing Liquid,13,4,9,30.76923076923077
Sonic Energy Refreshed,51,31,20,60.78431372549019
French Vanilla Sugar Free Non Dairy Creamer,5,2,3,40.0
Decaffeinated French Roast Dark Roast Ground Coffee,65,28,37,43.07692307692308
Baby Naturals Head-to-Toe Baby Wash,15,5,10,33.33333333333333
Organic Bernie O's,1608,835,773,51.92786069651741
Natural Bliss All Natural Coffee Creamer Sweet Cream Flavor,511,373,138,72.99412915851272
Brown Rice Pasta Shells,741,342,399,46.15384615384615
B Side Red,10,3,7,30.0
Therapy™ Aches and Pains Mineral Bath Soak,12,7,5,58.333333333333336
Caramel Apple Crumble Pie Pops,12,4,8,33.33333333333333
Half And Half Cream,6281,5016,1265,79.85989492119089
NuStevia White Stevia Powder,13,5,8,38.46153846153847
Organic Dark Milk Chocolate Velvet Truffles,232,126,106,54.310344827586206
Organic Deep Greens Kale Blend,631,297,334,47.068145800316955
Caramel Chocolate Sandwich,101,55,46,54.45544554455446
Lightly Salted Potato Chips,696,439,257,63.07471264367817
Kellogg's Special K Red Berries Cereal,811,497,314,61.28236744759556
"Aioli, Roasted Garlic",79,29,50,36.708860759493675
Salted Caramel Chip Ice Cream,734,424,310,57.765667574931875
Beyond Chicken Lightly Seasoned Strips,1146,589,557,51.396160558464224
"Salvadoran Style Cream, Grade A",19,8,11,42.10526315789473
Avocado And Greens,16,2,14,12.5
Caramel Apple Pop,13,1,12,7.6923076923076925
Nut Brown Ale,9,6,3,66.66666666666666
Greek Yogurt Ranch,23,9,14,39.130434782608695
Horseradish Sauce Pub Style,27,0,27,0.0
Orange Flavor Chewable Aspirin Tablets,108,39,69,36.11111111111111
Organic Broccoli and Cauliflower,847,362,485,42.739079102715465
Via Instant Dark French Roast Coffee,129,85,44,65.89147286821705
Coconut Milk,3924,1454,2470,37.05402650356779
Water Filtration Pitcher Advanced Replacement Filter,226,48,178,21.238938053097346
Original Gluten Free Breadcrumbs,605,106,499,17.520661157024794
Visine Tears Dry Eye Relief Dry Eye,30,9,21,30.0
"Transparent Tape 1/2\""",5,0,5,0.0
Organic Star Pasta & Chicken Soup,221,87,134,39.366515837104075
Pancake & Baking Mix,996,278,718,27.91164658634538
"Jalapeno Nacho Slices, Mild",453,155,298,34.216335540838855
Cool Mint® Antiseptic Adult Mouthwash,1254,433,821,34.52950558213716
Heavy Duty 8.5 Inch Paper Plates,26,8,18,30.76923076923077
Kid’s Sesame Street Soft Bristles Toothbrush,34,5,29,14.705882352941178
U Ultra Overnight With Wings Pads,4,0,4,0.0
Yukon Gold Potatoes 5lb Bag,7673,3706,3967,48.299231069985666
Sugar Free French Vanilla,51,27,24,52.94117647058824
After The Rain Liquid Laundry Detergent,4,1,3,25.0
"Hard Candy, 5 Flavors",16,7,9,43.75
13 Gallon Lavender Vanilla Scented Tall Drawstring,131,15,116,11.450381679389313
Organic Animal Crackers,2757,1659,1098,60.17410228509249
Black Cherry Soda 6 Ct,29,12,17,41.37931034482759
Coconut Pineapple Water,39,29,10,74.35897435897436
Creamy Vanilla Milkshake,3,0,3,0.0
Awaken Aloe & Wheatgrass Beverage,26,14,12,53.84615384615385
Assorted Compostable Flatware,906,432,474,47.682119205298015
100% Pure Organic Maple Syrup Grade B Dark & Delicious,32,13,19,40.625
Power Smile All Natural Mouthwash - Brightening Peppermint,73,37,36,50.68493150684932
Capretta Greek Original Goat Yogurt,363,268,95,73.82920110192838
Traditional Basil Pesto Sauce,2153,1362,791,63.26056665118439
Medium Tikka Masala Curry,238,81,157,34.03361344537815
Swedish Almond Thins,16,3,13,18.75
Carb Balance Small Fajita Whole Wheat Tortillas,1212,676,536,55.775577557755774
Salad Olives,24,3,21,12.5
Pro Health Fresh Clean Mint Whitening Gel Fluoride Toothpaste,202,44,158,21.782178217821784
Bold & Spicy Bloody Mary Mix,108,43,65,39.81481481481482
Multipack Nutter Butter,88,41,47,46.590909090909086
Original Classic Lip Balm,23,6,17,26.08695652173913
Whipped Butter,2115,1171,944,55.36643026004728
Cheddar Cheese Medium,1861,1098,763,59.00053734551316
Mini Whole Grain Waffles,433,291,142,67.2055427251732
Sport Plant-Based Vanilla Flavor Performance Protein Drink Mix,223,86,137,38.56502242152467
Easy Quinoa Mushroom & Vegetable Medley,14,0,14,0.0
Two Brothers French Country Ale,4,0,4,0.0
Early To Bed Shower Gel,2,0,2,0.0
Organic Traditional Udon,153,44,109,28.75816993464052
"95% Fat Free Dried Beef Ground, Formed, & Sliced",20,8,12,40.0
Brownie Brittle Salted Caramel,10,3,7,30.0
Organic Protein Unsweetened Vanilla Almond Milk,492,249,243,50.609756097560975
Cocoa & Cupuaçu Butters Body Lotion,4,0,4,0.0
"Ice Cream, Chocolate Orange Confetti",67,34,33,50.74626865671642
Whole Medjool Dates,550,319,231,57.99999999999999
Mustard Dijon Style,25,4,21,16.0
Energy-Efficient Soft White 72 Watt General Purpose Halogen Bulbs,55,5,50,9.090909090909092
Blueberry Premium Fruit Spread,5,2,3,40.0
Heavy Duty Scour Pads - 3 CT,103,18,85,17.475728155339805
Chocolate Belgian Waffles,689,498,191,72.27866473149493
Organic Quick Cooking Oats,37,8,29,21.62162162162162
Gourmet Vanilla Nut Coffee,182,124,58,68.13186813186813
Milk Chocolate Toffee Crisp Minis,16,4,12,25.0
Grands! Flaky Layers Butter Tastin' Biscuits,616,239,377,38.798701298701296
Ultra Always Ultra Thin Extra Heavy Overnight Pads With Wings 24 count Feminine Care,6,1,5,16.666666666666664
Banana Bread Fruit & Nut Bar,1886,977,909,51.802757158006365
Honey Roasted Chickpeas,109,38,71,34.862385321100916
White Chip Macadamia Nut Cookie Mix,11,5,6,45.45454545454545
Cocoa Crunchies Cereal,90,59,31,65.55555555555556
Five Cheese Lasagna,61,20,41,32.78688524590164
Driscoll Blueberries,15,0,15,0.0
Chocolate Collection Assorted Cookies,94,34,60,36.17021276595745
Organic Peanut Butter Granola,707,499,208,70.57991513437058
"\""Darn Good\"" Chili Mix",45,14,31,31.11111111111111
Cheerios Toasted Whole Grain Cereal,177,55,122,31.07344632768362
Deep Dish Minis Cheese Pizza,85,41,44,48.23529411764706
Berry Harvest Spread,56,22,34,39.285714285714285
Water Filtration Pitcher Replacement Filter,16,2,14,12.5
"Matte Finish Magic Tape 1/2\"" wide",35,2,33,5.714285714285714
Mellow White Miso,1630,257,1373,15.766871165644172
Blue Plus Bleach,138,47,91,34.05797101449276
Sanitizing Wipes,116,55,61,47.41379310344828
Plain Bread Crumbs,1011,146,865,14.441147378832838
Mini Dog Treats,189,105,84,55.55555555555556
Organic Dark Chocolate Salted Almond Butter Cups,229,119,110,51.96506550218341
Seasoning Adobo Seasoning,31,6,25,19.35483870967742
L-Lysine 1000mg Tablets,3,0,3,0.0
Chunky Mild Salsa,303,92,211,30.363036303630363
Apple Scent Liquid Hand Soap,432,130,302,30.09259259259259
"Puffed Corn, Premium, Coconut Crunch",11,5,6,45.45454545454545
Tortilla Chips White Corn Restaurant Style,9,1,8,11.11111111111111
Nasal Decongestant Spray,17,10,7,58.82352941176471
Honey Tangerine Juice,88,62,26,70.45454545454545
Himalayan Pink Salt Liquid Hand Soap,11,0,11,0.0
Pepperoni,1549,775,774,50.0322788896062
Blackberry Seltzer,251,160,91,63.745019920318725
"Curry Paste, Panang",8,0,8,0.0
Pop Up Timer for Turkey,4,0,4,0.0
Homestlye Cornbread Stuffing,1,0,1,0.0
Spinach & Roasted Garlic Crackers,358,154,204,43.01675977653631
Green Dragon with Passion Fruit Tea,1191,887,304,74.4752308984047
Unscented Extra Hold Hair Spray,8,4,4,50.0
Chocolate Malted Milk Mix,13,3,10,23.076923076923077
Very Black Washable Mascara,36,9,27,25.0
"Prenatal Multivitamin, Vegetarian, Capsules",9,1,8,11.11111111111111
Organic Lucuma Powder,43,6,37,13.953488372093023
Selenium 200 mcg Vcaps,5,1,4,20.0
Sweet Southern BBQ with Lawry's Seasoned Salt,2,0,2,0.0
Christmas Crunch,6,1,5,16.666666666666664
Large Triple Layer Non-Stick Pads,18,5,13,27.77777777777778
Caffeine Free Diet 8pk12oz,9,2,7,22.22222222222222
Big Bang Medium Roast Coffee,72,29,43,40.27777777777778
Yorkshire Gold Tea Bags,31,23,8,74.19354838709677
Premium English Breakfast Black Tea Bags,782,326,456,41.687979539641944
Kickstart Midnight Grape,73,49,24,67.12328767123287
My First Fluoride-Free Infant & Toddler Toothpaste Mild Fruit,27,6,21,22.22222222222222
Brioche Hamburger Buns,1158,569,589,49.13644214162349
93% Ground Beef,7630,4944,2686,64.79685452162516
Cameron's Chocolate Caramel Brownie grd,7,3,4,42.857142857142854
Gluten Free White Bread,637,457,180,71.7425431711146
Organic Teriyaki Seaweed,190,87,103,45.78947368421053
Prosecco,920,500,420,54.347826086956516
Lavender & Vanilla Air Freshener Spray,29,15,14,51.724137931034484
Cereal Granola,11,3,8,27.27272727272727
Chunky Applesauce,6,1,5,16.666666666666664
White Baguette,36,22,14,61.111111111111114
Gluten Free Pancake and Baking Mix,344,121,223,35.174418604651166
Cut & Peeled Baby Carrots,4183,2384,1799,56.992589050920394
Hot & Sweet Mustard,84,18,66,21.428571428571427
Soft Eating Green Apple Flavor Liquorice,36,20,16,55.55555555555556
Frappuccino Vanilla Chilled Coffee Drink Coffee Substitutes,596,352,244,59.06040268456376
Butternut Squash Cumin Soup,74,34,40,45.94594594594595
Peaches 2nd Foods,68,26,42,38.23529411764706
"Toothpaste, Fluoride, Brisk Mint, Paste",70,17,53,24.285714285714285
Multi Use Wood Cleaner Oil Soap With Orange Oil,191,35,156,18.32460732984293
Organic Purple Kale,7374,4350,3024,58.99104963384866
Plastic Frame Grater,19,0,19,0.0
Special K Red Berries Crunchy Rice & Wheat Flakes with Strawberries,208,114,94,54.807692307692314
Premium Artesian Sparkling Water,9,2,7,22.22222222222222
Dryer Sheets Fabric Softner Free,32,4,28,12.5
Sandwich Stuffers Kosher Dill Pickles,28,10,18,35.714285714285715
Roma Tomatoes on the Vine,7,3,4,42.857142857142854
Instant Long Grain Rice,85,28,57,32.94117647058823
Pine Needles Incense Sticks,10,0,10,0.0
Columbus Applewood Ham 6 oz Shingle,59,37,22,62.71186440677966
"Balanced Breaks Natural Sharp White Cheddar Cheese, Cashews, Golden Raisin Medley Snacks",113,64,49,56.63716814159292
Chef's 6 inch Knife,4,0,4,0.0
"Pie, Dutch Apple",18,1,17,5.555555555555555
Vegan Vodka Sauce,31,14,17,45.16129032258064
Medium Traditional Salsa,26,12,14,46.15384615384615
"Rum, Strawberry, Dragon Berry",6,2,4,33.33333333333333
Spaghetti With Meat Sauce,468,298,170,63.67521367521367
Patchouli Goat's Milk Soap,9,3,6,33.33333333333333
Morning Energy Chocolatey Almond Crunch Cereal,10,7,3,70.0
Java Monster Mean Bean Energy Drink,79,61,18,77.21518987341773
Iced Coffee Sweet & Creamy Coffee House Drink,86,44,42,51.162790697674424
Fuji Apple Fruit Chips,40,7,33,17.5
White Cake Icing,30,15,15,50.0
Italian Extra Virgin Olive Oil,12318,5072,7246,41.17551550576392
Slippery Elm Cherry Lozenges,24,2,22,8.333333333333332
Pear Foam Pump,314,150,164,47.77070063694268
Persian Rose Votive Candle,47,20,27,42.5531914893617
Rice Noodles,52,13,39,25.0
Tropical Paradise Invisible Solid Anti-Perspirant/Deodorant,6,0,6,0.0
Light Mayonnaise Squeeze Bottle,327,70,257,21.406727828746178
Odorless Charcoal Lighter,16,0,16,0.0
Certified Organic 100% Pure Jojoba Oil,34,7,27,20.588235294117645
Frosted Mini Spooners Cereal,65,42,23,64.61538461538461
Rotisserie Chicken Salad,134,54,80,40.298507462686565
Sparkling Seltzer Water,652,477,175,73.15950920245399
Boneless Chicken Thighs,47,29,18,61.702127659574465
Totally Fudge Premium Pops,2,0,2,0.0
Lemon Decaf Iced Tea Drink Mix,107,60,47,56.074766355140184
"Lean Protein & Fiber Bars, Chunky Chocolate Peanut",76,44,32,57.89473684210527
Odor Block Scent Free Tall Drawstring 13 Gallon Kitchen Bags,6,1,5,16.666666666666664
Plastic Party Cups,4,1,3,25.0
Cheese Pizza In A Pocket Sandwich,431,242,189,56.148491879350345
Advanced Enzyme System Rapid Release Formula,6,0,6,0.0
Enoki Mushrooms,163,69,94,42.331288343558285
3 cup Glass Tupperware with Lid,33,9,24,27.27272727272727
Organic 100% Pure Honey,413,160,253,38.7409200968523
Imported Butter,739,502,237,67.9296346414073
Organic Mixed Herbs,515,225,290,43.689320388349515
Classic Decaffeinated Green Tea,315,130,185,41.269841269841265
Fresh Creamer Blushing Belle Potatoes,99,30,69,30.303030303030305
Organic Sweet White Miso,59,5,54,8.47457627118644
Rich and Creamy Frosting Coconut Pecan Frosting,2,0,2,0.0
Original Nooks & Crannies English Muffins,14973,9591,5382,64.0552995391705
Apples & Cinnamon Instant Irish Oatmeal,30,13,17,43.333333333333336
Apple & Cherry Simple Combos Organic,370,196,174,52.972972972972975
Classic Clean Anti-Dandruff Shampoo,447,105,342,23.48993288590604
Hemp Protein Hi-Fiber,146,47,99,32.19178082191781
Organic Orange Dark Chocolate,44,29,15,65.9090909090909
Blueberry Streusel Cinnamon Bread,58,26,32,44.827586206896555
Sliced Canadian Style Bacon,58,25,33,43.103448275862064
Brick Oven Pepperoni,147,74,73,50.34013605442177
W/Beans Chili,14,6,8,42.857142857142854
3rd Foods Apple Blueberry,24,7,17,29.166666666666668
"Bar-B-Q Sauce, Original",17,6,11,35.294117647058826
Organic Fudge Bars,1954,1179,775,60.33776867963152
Digest Gold Probiotics,6,1,5,16.666666666666664
"Whole  8\"" Sweet Potato Pie",8,2,6,25.0
Meadows & Rain Car Vent Clip Air Freshener,2,0,2,0.0
Long Term Relationship Shampoo For Long Hair,6,1,5,16.666666666666664
Natural Lemon Flavored Sparkling Water,1455,825,630,56.70103092783505
Gluten Free Rigatoni,440,262,178,59.54545454545455
Feta Crumbled Reduced Fat Cheese,78,20,58,25.64102564102564
Jet Puffed Funmallows,18,3,15,16.666666666666664
Lite Chunky Mixed Fruit in Extra Light Syrup,16,2,14,12.5
Fettuccine Alfredo Pasta,193,75,118,38.860103626943
Deluxe Bottle Brush,40,6,34,15.0
Beneful Chopped Blends Chicken Dog Food,70,59,11,84.28571428571429
Rice Crunch-Ems Cereal,2,0,2,0.0
Rosemary & Sea Salt Fries,970,445,525,45.876288659793815
Organic Low Sodium Black Beans,78,29,49,37.17948717948718
Soft Fresh Goat Cheese,3,0,3,0.0
California Red Wine,1259,711,548,56.473391580619534
Cheese Pizza Maker,35,16,19,45.714285714285715
"Toothpaste, Fluoride, Spearmint Gel",46,15,31,32.608695652173914
Pure Pacific Northwest Blueberry Preserves,6,2,4,33.33333333333333
Pizza,256,108,148,42.1875
Organic Fingerling Potato,17,2,15,11.76470588235294
Command Clear Hooks and Small Strips,6,0,6,0.0
Non Dairy Chunky Monkey,773,239,534,30.91849935316947
"Tiny Twists Pretzels, Cheddar",149,75,74,50.33557046979866
Chopped Basil,551,132,419,23.95644283121597
Kukui Nut Body Cream,20,6,14,30.0
Fine Premium Enriched Egg Noodles,316,134,182,42.405063291139236
Real Medleys Super Grains Maple Pecan Raisin Oatmeal Cup,196,119,77,60.71428571428571
Meatless Veggie Sausage,442,159,283,35.97285067873303
Femdophilus Oral Probiotic Supplement,102,44,58,43.13725490196079
Cherry Chai Yogurt,71,47,24,66.19718309859155
Organic Petite Whole Green Beans,117,44,73,37.60683760683761
Tenderloins,190,102,88,53.68421052631579
Organic Pomegranate Juice,14,8,6,57.14285714285714
Classic Pretzel Dogs,43,15,28,34.883720930232556
100& Whole Grain Ranch Crackers,230,100,130,43.47826086956522
Lavender Air Freshener,32,3,29,9.375
Dark Chocolate Coconut Almond Bark,1317,700,617,53.15110098709187
Patchouli Incense Sticks With Natural Essential Oils,22,6,16,27.27272727272727
Real Ice Cream Double Vanilla,3,0,3,0.0
Whole Green Chilies,15,3,12,20.0
Tamarind Sesame Popcorn,9,4,5,44.44444444444444
Gluten Free Special K Touch of Brown Sugar Cereal,46,35,11,76.08695652173914
Organic Braggberry,13,2,11,15.384615384615385
Greek 100 Yogurt Banana Caramel,73,35,38,47.94520547945205
Sensitive Skin Experts Cleansing Facial Wipes,739,326,413,44.113667117726656
Mushroom Coffee With Cordyceps,6,0,6,0.0
Brown 'N Serve Turkey Sausage Links,672,383,289,56.99404761904761
Peach Pie,65,26,39,40.0
Chocolate Green SuperFood Infusion,73,26,47,35.61643835616438
Chewy Peanut Butter Chocolate Chip Granola Bars,906,513,393,56.622516556291394
100% Natural Zero Calorie Sweetener,77,16,61,20.77922077922078
Classic Decaf Instant Coffee Crystals,28,13,15,46.42857142857143
Extreme Hold Aussie Instant Freeze Aerosol Hairspray 7 fl oz Female Hair Care,11,2,9,18.181818181818183
Low Fat Ricotta Cheese,21,0,21,0.0
Chocolate Bar,11,3,8,27.27272727272727
Fat Free & Lower Sodium Chicken Broth,218,92,126,42.201834862385326
Chicken Noodle R&W Condensed Soup Family Size,60,19,41,31.666666666666664
Relaxing Lavender Aromatherapy Shower Tablets,17,3,14,17.647058823529413
"Laundry Detergent Pods, Ocean Mist scent",15,2,13,13.333333333333334
Petite Breakfast Fresh Brie,176,80,96,45.45454545454545
Chicken with Rice Soup,15,7,8,46.666666666666664
Organic Red Bell Pepper,57485,37968,19517,66.04853440027834
Magnesium Plus B6,7,3,4,42.857142857142854
Bran Flakes Cereal,22,11,11,50.0
Strips Bacon Flavor Bacon Dog Snacks,311,131,180,42.12218649517685
Peanut Butter Bar,5345,4041,1304,75.60336763330216
Apples and Plums Stage 2 Baby Food,184,79,105,42.934782608695656
Peanut Butter & Grape Jelly Sandwiches,495,279,216,56.36363636363636
Pub Style Beer Batter Cod,20,6,14,30.0
Garlic Brown Rice,70,34,36,48.57142857142857
Whole Milk Kefir / Organic-Vanilla,24,9,15,37.5
Iced Mocha,56,41,15,73.21428571428571
Anise Fennel,8,1,7,12.5
Organic Yokids Lemonade/Blueberry Variety Pack Yogurt Squeezers Tubes,6359,4732,1627,74.41421607170939
Organic Light Sodium Creamy Butternut Squash Soup,257,134,123,52.14007782101168
Sprouted Khorasan Honey O's,473,292,181,61.733615221987314
Rescue Pastilles Natural Stress Relief,50,21,29,42.0
Organic Watercress,429,176,253,41.02564102564102
Wholesome Gluten Free Flour,7,2,5,28.57142857142857
Stock-in-a-Box All Natural Chicken Stock,117,56,61,47.863247863247864
Organic Raspberry Lowfat Yogurt,5271,3731,1540,70.78353253652058
Organic Lemon Sports Drink,22,11,11,50.0
Almond Chocolate Quinoa Cookie,15,4,11,26.666666666666668
Organic Whole Grain Granola,240,154,86,64.16666666666667
Broccoli Spears & Butter Sauce Steamers,30,10,20,33.33333333333333
Body Lotion Shea Butter and Vitamin E,7,0,7,0.0
Kank+A Professional Strength Mouth Pain Liquid,8,1,7,12.5
Rice With Chicken & Vegetables Bowl,28,16,12,57.14285714285714
Au Gratin Potatoes,295,83,212,28.135593220338983
Ruby Grapefruit,13,7,6,53.84615384615385
Umka Coldcare Fastact Individual,7,1,6,14.285714285714285
Blue Machine 100%  Juice Smoothie,340,144,196,42.35294117647059
Frito Lay Flavor Mix,34,6,28,17.647058823529413
Coconut Milk Nourishing Shampoo,299,66,233,22.073578595317723
Spot's Stew Wild Salmon Recipe Cat Food,353,195,158,55.240793201133144
Regular Paste Cavity Protection Toothpaste,58,11,47,18.96551724137931
Garlic Herb & Wine Marinade,19,7,12,36.84210526315789
Six Cheese Flatbread Pizza,10,4,6,40.0
Olivextra Premium Mediterranean Blend Canola Oil,13,3,10,23.076923076923077
Soft Flour Tortillas,205,89,116,43.41463414634146
Beef 6 Ct Tamales,12,2,10,16.666666666666664
Pure Aloe Whole Leaf Juice with Lemon,38,7,31,18.421052631578945
Citrus Yuzu Alternative Energy,10,3,7,30.0
Total Advanced Clean Anticavity Fluoride and AntigingivitisToothpaste,39,8,31,20.51282051282051
Cold & Flu,7,0,7,0.0
Naked Paleo Pizza Crust,590,307,283,52.03389830508475
Apple Flavored Finest Yoghurt,51,20,31,39.21568627450981
Intensive Care Lotion with Cocoa Butter,96,17,79,17.708333333333336
Cracker Cuts Extra Sharp Cheddar,127,67,60,52.75590551181102
Nurser Liners,42,28,14,66.66666666666666
Organic Salted Individually Wrapped Quarters Butter,3537,2150,1387,60.785976816511166
Sweet Honey Mustard,97,25,72,25.773195876288657
"Horse Radish, Prepared, Cream Style, Hot",8,2,6,25.0
2nd Foods Organic Veggies Green Beans & Sweet Corn Baby Food Organic Purees Fruit/Veg,20,7,13,35.0
Diamond Junmai Ginjo Saké,32,7,25,21.875
Ultra Thin Overnight Pads With Flexi-Wings,156,43,113,27.564102564102566
Organic Cinnamon Raisin Bread,1116,669,447,59.946236559139784
Gold Nutrition Energy Bar Chocolate Peanut Butter,24,8,16,33.33333333333333
Vanilla Latte Iced Coffee Drink,1,0,1,0.0
Wild Arugula Salad,751,425,326,56.59121171770972
Original Flavor Whey Protein Isolate,12,8,4,66.66666666666666
Honey Maid Chocolate Grahams,53,21,32,39.62264150943396
Natural Clean,42,11,31,26.190476190476193
Organic Lemon Grass,24,3,21,12.5
Peppermint Oreo,21,5,16,23.809523809523807
Jumbo Ranch Sunflower Seeds,84,61,23,72.61904761904762
Applewood Smoked Bacon,6925,4220,2705,60.938628158844764
Whole Grain Blends Chicken & Herb,20,7,13,35.0
Rainbow Rice + Chicken,89,38,51,42.69662921348314
Country Crackers,44,21,23,47.72727272727273
All-Natural Foaming Hand Sanitizer Original,22,9,13,40.909090909090914
Original Craisins,1375,454,921,33.018181818181816
Tart Cherry 100% Juice,16,8,8,50.0
Reduced Fat Colby Jack Cheese Sticks,130,83,47,63.84615384615384
Organic Black-Eyed Peas,14,0,14,0.0
Original Velveeta Cheese,631,171,460,27.099841521394612
Spirulina Pacifica Tablets,26,2,24,7.6923076923076925
Calcium Magnesium Plus Zinc,5,0,5,0.0
Gluten Free Crackers Multigrain,827,403,424,48.73035066505441
Organic Apple Cider Vinegar All Natural Drink Apple Cinnamon,626,382,244,61.0223642172524
"Steamfresh Fresh Frozen Vegetables Broccoli, Cauliflower & Carrots",6,2,4,33.33333333333333
Original Cocktail Sauce,34,2,32,5.88235294117647
Sliced Canadian Bacon,108,58,50,53.70370370370371
Yobaby Organic Plain Yogurt,8337,6677,1660,80.08876094518412
SPF 20 Vanilla Lip Balm,6,1,5,16.666666666666664
Instant French Vanilla Pudding & Pie Filling,129,22,107,17.05426356589147
Organic Butter Beans,492,272,220,55.28455284552846
Doubleshot Energy Coffee Energy Coffee Beverage,37,18,19,48.64864864864865
Blackeyed Peas,38,2,36,5.263157894736842
Hearty & Delicious 100% Whole Wheat Bakery Buns,14,3,11,21.428571428571427
Large Soup,19,8,11,42.10526315789473
Water Softener,11,6,5,54.54545454545454
Blueberry Crisp Energy Bar,2337,1411,926,60.37655113393239
Herbal Berry DeTox Tea,234,80,154,34.18803418803419
Plum Sauce,136,20,116,14.705882352941178
Desiree Assortment of Wafers,7,3,4,42.857142857142854
Pepper Supreme,6,2,4,33.33333333333333
Plus Febreze Sport Active Fresh Scent HE Turbo Clean Liquid Laundry Detergent,33,8,25,24.242424242424242
Chopped Garlic In Oil,9,2,7,22.22222222222222
Sidekicks Strawberry Shake,18,9,9,50.0
Organic Kidney Beans,328,99,229,30.182926829268293
Hickory Smoked Ham,1215,651,564,53.58024691358024
Kids Sniffles 'n Sneezes,19,4,15,21.052631578947366
Natural Alpine Spring Water,1688,1341,347,79.4431279620853
Uncured Sliced Bacon,142,82,60,57.74647887323944
Grooves Zesty Cheddar Ranch Crispy Cracker Chips,189,107,82,56.613756613756614
Unbleached Enriched Artisan Bread Flour,105,26,79,24.761904761904763
Natural Basil Pesto with Romano Cheese Sausage,43,15,28,34.883720930232556
Cane Sugar Cocktail Simple Syrup,109,28,81,25.688073394495415
Spicy Maple Bourbon Pickle Spears,13,3,10,23.076923076923077
The Big Kahuna Variety Pack,52,19,33,36.53846153846153
Lemon Curd,372,76,296,20.43010752688172
Deep Moisture Shampoo,9,1,8,11.11111111111111
Exfoliating Deodorant Soap Bar,26,2,24,7.6923076923076925
Natural Chocolate Flavor Whey Protein Powder,907,337,570,37.15545755237045
Grain Free Turkey & Salmon Formula Cat Food,1560,1068,492,68.46153846153847
"African Black Soap With Oats, Aloe, and Vitamin E",197,87,110,44.16243654822335
Lit'l Wieners,7,1,6,14.285714285714285
Organic Bunny-Luv Fresh Carrots,830,361,469,43.493975903614455
Delight Sea Salt Popcorn,409,197,212,48.16625916870416
Choose-a-Sheet Mega Roll Paper Towels 10 Roll,115,33,82,28.695652173913043
Total All Purpose Grease Cutting Lemon Cleanser,424,123,301,29.009433962264154
Blue Label Year of the Ram,8,0,8,0.0
100% Fruit & Veggie Strip All Natural Strawberry Banana,20,7,13,35.0
Cranberries,972,278,694,28.600823045267486
Lunette Prosecco,19,3,16,15.789473684210526
Zero Calorie Lemon Lime Twist Soda,994,584,410,58.752515090543255
Sushi Chef Traditional Japanese Style Mirin Sweetened Sake,66,5,61,7.575757575757576
Chocolate Velvet Soymilk Frozen Dessert,81,35,46,43.20987654320987
Original Cheese Sauce,38,8,30,21.052631578947366
Organic Garden Vegetable Pasta Sauce,227,59,168,25.991189427312776
Turkey Sausage Scramble,6,0,6,0.0
Grade A Cage Free Omega-3 Enriched Medium Eggs,1211,792,419,65.40049545829892
"Candy Bar, Mini, Peanut Butter",31,16,15,51.61290322580645
Natural Glow Fair to Medium Skin Tones Daily Moisturizer,8,0,8,0.0
Organic Ground Ancho Chili Powder,42,5,37,11.904761904761903
Aloe & Almonds All Natural Roll-On Deodorant,4,2,2,50.0
Live Butter Lettuce,387,204,183,52.71317829457365
"French Twists, Maple French Toast",29,16,13,55.172413793103445
Sweet Potato Casserole,10,5,5,50.0
Organic Gummy Worms,92,49,43,53.2608695652174
No Pulp Calcium + Vitamin D 100% Pure Orange Juice,252,150,102,59.523809523809526
Original Pancakes & Sausage On a Stick,580,322,258,55.51724137931034
Carb Smart Vanilla Frozen Dairy Dessert,71,31,40,43.66197183098591
Baked Crunchy Cheese Flavored Snacks,1447,781,666,53.973738769868696
Pure Vitamin C-1000 mg Caplets,26,1,25,3.8461538461538463
Organic Jasmine Green Tea,176,71,105,40.340909090909086
Mexican Finely Shredded Cheese,5261,3075,2186,58.44896407527086
Banana Bam Bam Paleo Muffins,195,120,75,61.53846153846154
Vegetable Recipe Mix,322,89,233,27.639751552795033
3 Minute Triple Mint Freshness Antibacterial Denture Cleanser Tablets,58,21,37,36.206896551724135
Organic Cranberry Concentrate,179,70,109,39.10614525139665
Crumbled Gorgonzola Cheese,125,48,77,38.4
P Saint Rocco 70% Creme Brie Cheese,45,14,31,31.11111111111111
Kosher Reduced Fat Beef Franks,739,402,337,54.397834912043294
Fruit Adventure,4,1,3,25.0
Original Paleo Krunch Granola,616,366,250,59.41558441558441
Cauliflower Roasted Veggies,12,1,11,8.333333333333332
Sweet Corn & Bell Pepper Sprouted Risotto,32,7,25,21.875
Horseradish Havarti Cheese,75,26,49,34.66666666666667
Brown Sugar Cubes,621,304,317,48.953301127214175
Salted Caramel Ice Cream Candy Bars,54,20,34,37.03703703703704
Drysack Medium Sherry,6,0,6,0.0
100% Stone Ground Whole Wheat Pastry Flour,32,1,31,3.125
Lowfat Vanilla Yogurt,8303,5756,2547,69.32434059978321
Gluten Free Rice Almond Bread,140,50,90,35.714285714285715
Oikos Key Lime Greek Yogurt,277,195,82,70.3971119133574
Organic Short Brown Sprouted Rice,826,356,470,43.09927360774818
Original Real Crumbled Bacon,273,106,167,38.82783882783883
All Natural Balsamic Vinaigrette Dressing & Marinade,35,8,27,22.857142857142858
Pure Squeezed Some Pulp Orange Juice,88,52,36,59.09090909090909
Original Meatballs,77,23,54,29.87012987012987
Light Tangi yet Delicate,63,22,41,34.92063492063492
Turkey sausage with egg whites and reduced fat cheese on an English muffin Turkey Sausage English Muffin,39,8,31,20.51282051282051
Gluten Free Grilled Steak Rice Bean Cheese Burrito,5,0,5,0.0
Organic Pacific Rose Apples,23,13,10,56.52173913043478
Gentle Cleansing Bar,37,14,23,37.83783783783784
Honey Power O's,92,48,44,52.17391304347826
Pelmeni with Chicken,92,56,36,60.86956521739131
Sea Salt All Natural Coarse,24,5,19,20.833333333333336
Vanilla Bean Paste,68,18,50,26.47058823529412
Beer'n Brat Horseradish Mustard,20,2,18,10.0
IB Pain Reliever/Fever Reducer Liquid Gels,8,1,7,12.5
Whole Wheat Ramen Noodles,50,17,33,34.0
Spearmint Natural Chewing Gum,136,38,98,27.941176470588236
Organic Wild Blueberry Bars,392,153,239,39.03061224489796
Caffeine Free Sleepytime Peach Herbal Tea,30,10,20,33.33333333333333
Clean & Gentle SLS-Free Peppermint Fluoride Toothpaste,9,5,4,55.55555555555556
Polenta Bread,40,18,22,45.0
"Extra Virgin Olive Oil, 100% Organic",82,26,56,31.70731707317073
Flour Grande Tortillas,27,5,22,18.51851851851852
Chunky Baked Potato with Cheddar & Bacon Bits Soup,207,78,129,37.68115942028986
"Thin & Crispy Garden Vegetable (Tomatoes, Red & Yellow Peppers, Zucchini, and Red Onion) Pizza",5,1,4,20.0
Chocolate Chunk Brownie,114,43,71,37.719298245614034
Infant Formula A.R. For Spit-Up Milk-Based with Iron Infant Formula Powder,5,1,4,20.0
Mix-Ups Xtra Cheezy Mix Flavored Snack Mix,41,18,23,43.90243902439025
Organic Russian Banana Fingerling Potato,347,58,289,16.714697406340058
Lemongrass Stir In Paste,93,25,68,26.881720430107524
Body Scrub Coconut Butter,94,22,72,23.404255319148938
No Sugar Added Tapioca Pudding,44,17,27,38.63636363636363
Organic Brown Rice Flour Gluten Free,109,11,98,10.091743119266056
Blackberry Apple Sauce,20,14,6,70.0
Bran Flakes Whole Grain Wheat Cereal,42,17,25,40.476190476190474
The Prisoner Blend,37,20,17,54.054054054054056
Sun Dried Tomato & Garlic Organic Vinaigrette,73,26,47,35.61643835616438
"Pepper, Black, Fine Ground",15,1,14,6.666666666666667
Smoked Bratwurst,13,7,6,53.84615384615385
Tilapia,51,18,33,35.294117647058826
Tomato Sauce Roasted Garlic Flavor,25,2,23,8.0
Fridge Pack Cola,18269,13067,5202,71.52553505939022
Go  White Chia! Organic Seeds,19,3,16,15.789473684210526
10 Year Aged Limited Release Frontier Whiskey,3,0,3,0.0
Nutritional Yeast Seasoning,3324,984,2340,29.602888086642597
Five Cheese Tortellini,7,0,7,0.0
Extra Strength Energy Shot,142,104,38,73.23943661971832
Fresh Start Volumizing Dry Shampoo,41,6,35,14.634146341463413
Fast-Rise Active Dry Yeast,34,8,26,23.52941176470588
Cinnamon & Maple Flapjack On The Go,68,35,33,51.470588235294116
Lemon Rose Water,35,20,15,57.14285714285714
Unscented Baby Wipes,64,17,47,26.5625
Nonfat Yogurt Organic Vanilla,50,19,31,38.0
Bolt Organic Berry Blast Organic Energy Chews,160,103,57,64.375
Chocolate Chip Cookie Mix,464,194,270,41.810344827586206
Graduates Apple Cinnamon Breakfast Buddies,52,19,33,36.53846153846153
Chicken and Seafood Flavor treat,42,20,22,47.61904761904761
100% Real Potatoes,66,8,58,12.121212121212121
Gluten Free Rice & Shine Hot Cereal,208,87,121,41.82692307692308
Soft Baked Sanibel Snickerdoodle Cookies,15,2,13,13.333333333333334
Skinny Gut Organic Fruit & Acacia Fiber Dietary Supplement Powder,15,0,15,0.0
Free & Gentle Pods Laundry Detergent,3,0,3,0.0
Organic Tomato Puree,1483,444,1039,29.93931220498989
Sheer Blonde Highlight Activating Conditioner,18,2,16,11.11111111111111
Navy Beans,51,8,43,15.686274509803921
Cloud White Decorating Cupcake Icing,23,0,23,0.0
Organic Nectarine & Plum Conserve,46,9,37,19.565217391304348
Organic Lightly Salted Butter,327,223,104,68.19571865443424
Cherry Honey Soothing Relief Drops,472,150,322,31.779661016949152
Premium Twin Pack Rock Cornish Game Hen,13,1,12,7.6923076923076925
Golden Acorn Squash,4,0,4,0.0
Snack Bites,10,4,6,40.0
Half & Half Iced Tea Lemonade Stix,7,2,5,28.57142857142857
Garbage Disposal Freshener & Cleaner Red Pear with Magnolia,29,0,29,0.0
Rich & Hearty Creamy Roasted Chicken Wild Rice Soup,404,175,229,43.31683168316832
Exotic Harvest Sea Salt Vegetable Chips,711,355,356,49.929676511954995
Ultimate Flora Critical Care 50 Billion,576,257,319,44.61805555555556
Naturally Nutritious Organic Savory Herb Stuffing,146,7,139,4.794520547945205
"Earplugs, Soft Foam",33,9,24,27.27272727272727
Baked Beans with Tomato Sauce,594,372,222,62.62626262626263
Permanent Hair Color Gel 4N Chestnut,7,2,5,28.57142857142857
"Cold + Flu, Multi-Symptom, Day & Night, Maximum Strength, Caplets",13,2,11,15.384615384615385
Yellow Corn Organic Tortillas,2771,1388,1383,50.09022013713461
Organic Lemon Thyme,206,33,173,16.019417475728158
"Soup, Creamy, Portobello Mushroom",483,227,256,46.99792960662526
British Style Bangers,51,28,23,54.90196078431373
Organic Red Chard,73,23,50,31.506849315068493
Original Recipe Scones Mix,52,31,21,59.61538461538461
Whole Chicken Fryer,123,34,89,27.64227642276423
Organic Cream Cheese Bar,10653,5346,5307,50.18304702900591
Carrots & Potatoes,574,327,247,56.968641114982574
Chocolate Calming Supplement,188,114,74,60.63829787234043
Clean Linen Jar Candle,325,142,183,43.69230769230769
Apple Apple Applesauce On The Go Pouches,2798,1631,1167,58.29163688348821
Organic Root Beer,42,14,28,33.33333333333333
"Jam, Pure, Boysenberry, Seedless",104,23,81,22.115384615384613
Allergy Relief Vicks QlearQuil Sinus & Congestion Day or Night Relief,8,0,8,0.0
"Natural Ultramix Chicken, Vegetable & Brown Rice Stew Adult Dog Food",11,5,6,45.45454545454545
Cool Ranch Tortilla Chips,1253,604,649,48.204309656823625
Hot Links,42,23,19,54.761904761904766
Eleuthero Siberian Ginseng Liquid Herbal Extract,4,1,3,25.0
Frosted Confetti Cupcake Pastries,41,11,30,26.82926829268293
Pure Aloe Vera Gel,107,54,53,50.467289719626166
Fresh Salsa Hot,53,16,37,30.18867924528302
Oatcakes,224,159,65,70.98214285714286
Plenti Greek Coconut Low Fat Yogurt,9,4,5,44.44444444444444
Mini Peppers,171,64,107,37.42690058479532
Wildflower Honey,775,335,440,43.225806451612904
Organic Lemon Pie Coco Roons,166,78,88,46.98795180722892
Mighty Pacs,31,7,24,22.58064516129032
Mixed Fruit Flavor Multi Symptom Relief Cold and Flu Gummies,6,0,6,0.0
Cocentrated Homestyle Chicken Stock,83,25,58,30.120481927710845
Lavender Epsom Salt,7,0,7,0.0
Sea Salt And Vinegar Potato Chips,259,128,131,49.42084942084942
Cayenne Cleanse Probiotic Tea,1743,1098,645,62.99483648881239
iChef Casserole Pans with Lids (10 7/16 in x 8 in x 1 3/4 in),11,1,10,9.090909090909092
Mexican Style White Corn Chips No Salt,33,7,26,21.21212121212121
Uncured Sliced Pastrami,240,147,93,61.25000000000001
5 Peppermint Cobalt Cooling Sugar-Free Gum,325,199,126,61.23076923076923
Sugar Free Strawberry-Banana Low Calorie Gelatin Dessert Mix,12,4,8,33.33333333333333
Ground Turmeric Root,63,6,57,9.523809523809524
Rioja Reserva,20,7,13,35.0
Chicken Tenderloins,82,34,48,41.46341463414634
European Style with Sea Salt Butter,62,22,40,35.483870967741936
Fudge Cremes Sandwich Cookies,24,6,18,25.0
Borax 30C Homeopathic Pellets,5,0,5,0.0
Fish Fry Seafood Breading Mix,31,9,22,29.03225806451613
Scented Oil Refill Virgin Islands,31,13,18,41.935483870967744
Potato & Green Pea Curry,6,3,3,50.0
Venus Olay Shave Gel,18,8,10,44.44444444444444
Humboldt Fog,3074,1346,1728,43.786597267404034
Traditional Manhattan Clam Chowder Soup,161,88,73,54.6583850931677
Garlic Herb Almond Cheese,40,21,19,52.5
Organic Tibetan Goji Berries,9,2,7,22.22222222222222
Greener Masking Tape,59,4,55,6.779661016949152
Everyone Aromatherapy Essential Oil Diffuser,7,0,7,0.0
Double Stuf Cookie Packs,28,9,19,32.142857142857146
Country Style French Fries Seasoned Potatoes With Skins,30,5,25,16.666666666666664
Young Turkey,18,0,18,0.0
Whey to Go Whey Protein Powder Natural Chocolate,6,2,4,33.33333333333333
Schloss,4,1,3,25.0
Cod Liver Oil Lemon Flavor,43,8,35,18.6046511627907
Carrot Rainbow Baby Peeled,105,34,71,32.38095238095238
Rotelli,42,20,22,47.61904761904761
Organic 100% Durum Semolina Linguine,40,13,27,32.5
Garlic & Herb Jack Sliced Cheese,4,0,4,0.0
Twists Strawberry King Size Candy,34,10,24,29.411764705882355
Clover Org Greek Plain,341,203,138,59.530791788856305
Cucumber Salad,10,2,8,20.0
Simply 100 Crunch Vanilla Coconut Macaron Yogurt Vanilla Non-Fat Greek Yogurt,35,13,22,37.142857142857146
Bubble Bath Extra Gentle,51,18,33,35.294117647058826
100% Whole Wheat Hot Dog Buns,880,406,474,46.13636363636363
Medium Cheddar Cheese Block,10652,6424,4228,60.307923394667675
Organic Kale Pesto Hummus,1323,596,727,45.04913076341648
Organic Go Take A Hike Mix,124,78,46,62.903225806451616
MATZO BALL MIX,252,75,177,29.761904761904763
Traditionally Crafted Soba Pasta,401,166,235,41.39650872817955
Diet Orange Diet CSD,1453,1061,392,73.02133516861666
Free and Gentle Unscented Liquid Laundry Detergent,264,127,137,48.10606060606061
Dishwasher Detergent ActionPacs Fresh Scent,1000,308,692,30.8
Banana Nut Bread Energy Bar,799,469,330,58.69837296620776
Buttermilk Ranch Dressing & Dip,48,15,33,31.25
Macaroni Elbows,3070,1267,1803,41.270358306188925
1500 Pale Ale,61,46,15,75.40983606557377
Crustless Chicken Pot Pie,243,144,99,59.25925925925925
Sweet Sliced Apples,750,542,208,72.26666666666667
Simtra Triple IPA,26,18,8,69.23076923076923
Scented Multi Cat Litter With Scoop,7,1,6,14.285714285714285
Large Biodynamic Eggs,8,4,4,50.0
Orange Carrot Pineapple Apple Lime Vegetable & Fruit Juice Blend,8,6,2,75.0
Light Italian Dry Salame Slices,7,1,6,14.285714285714285
Organic Unsweetened Black Tea,982,637,345,64.86761710794298
Spicy Ginger Teriyaki Yummy Marinade & Simmer Sauce,78,17,61,21.794871794871796
Opadipity Greek Yogurt Creamy Ranch Dip,30,8,22,26.666666666666668
Organic Fat Free Cottage Cheese,2910,1821,1089,62.577319587628864
BBQ Recipe Chicken Pretzel Bread Frozen Sandwiches,399,239,160,59.899749373433586
Blue Goodness 100% Fruit Juice Smoothie + Boosts,55,28,27,50.90909090909091
Gluten Free Cheese Bites,18,9,9,50.0
Frozen Custard and Fruit Ice Flavors: Vanilla Custard,15,6,9,40.0
"Crispbread, Wholegrain, Light Rye",8,2,6,25.0
Mediterranean Salt Mill,263,60,203,22.813688212927758
Chipotle Pepprs in Adobo Sauce,1139,300,839,26.33889376646181
Organic Sencha Green Tea,83,31,52,37.34939759036144
Indulgent Cherry & Dark Chocolate Whole Milk Greek Yogurt,1,0,1,0.0
Potato Chips Unsalted,875,633,242,72.34285714285714
Healthy Radiance with Real Salmon,21,15,6,71.42857142857143
Fold & Close Sandwich Bags,46,14,32,30.434782608695656
Natural Club Soda,42,10,32,23.809523809523807
Giovanni Avocado & Olive Oil Ultra-Moist Shampoo,180,48,132,26.666666666666668
Frozen Banana Cream Pie,40,11,29,27.500000000000004
Conditioning Permanent Hair Color 120 M Natural Medium Brown 4N,16,7,9,43.75
Organic Rice Ramen Millet & Brown,633,213,420,33.649289099526065
Nestle Coffeemate French Vanilla Flavored Instant Coffee,4,0,4,0.0
Organic 4% Milk Fat Whole Milk Cottage Cheese,4472,3192,1280,71.37745974955277
Dark Chocolate Mocha Almond Fruit & Nut Bars,419,237,182,56.56324582338902
"Mouthwash, Whitening Plus, Cool Mint",37,7,30,18.91891891891892
Beef Ribeye,484,236,248,48.760330578512395
9 Grain Bread,64,31,33,48.4375
Whole Poppy Seed,25,0,25,0.0
Reishi Chocolate Coconut Milk Elixir,459,303,156,66.01307189542483
Organic Panama Extra Dark Chocolate,168,103,65,61.30952380952381
Texas Garden Flowers,19,0,19,0.0
Instant Rice White,27,4,23,14.814814814814813
D3 2000 IU - 125 CT,4,0,4,0.0
Blueberry Burst Nut Bar,40,16,24,40.0
Original Whipped Topping,2384,871,1513,36.53523489932886
Nature Fusion Smoothing Shampoo with Avocado Oil,28,7,21,25.0
Vitamin Water Zero Squeezed Lemonade,5635,4078,1557,72.36912156166815
Turkey/Chicken/Chicken Liver Healthy Kitten Cat Food,6,1,5,16.666666666666664
Horseradish Root,130,19,111,14.615384615384617
Organic Tomato On The Vine,3,0,3,0.0
Extra Strength Feminine Deodorant Spray,4,0,4,0.0
Pure Breeze Super Odor Killer Gel Air Freshener,82,28,54,34.146341463414636
Banana Bread Mix,1074,676,398,62.94227188081937
Single Serve Crispy Wheat Crackers,2843,2011,832,70.73513893774182
Hot Taco Lawry's Spices & Seasonings,99,49,50,49.494949494949495
Organic Promise Berry Fruitful Cereal,582,344,238,59.106529209621996
"Cat Food, Premium Feast Dinner",5,1,4,20.0
Lemon & Pepper Seasoning Salt,25,0,25,0.0
Organic Sliced Mushrooms,195,73,122,37.43589743589744
Organic Low Sodium Chicken Cooking Stock,6475,2859,3616,44.15444015444015
Swiss Cheese Deli Slices,131,93,38,70.99236641221374
Organic Kids Apple Juice Pouches,93,48,45,51.61290322580645
Double Zipper Pint Size Freezer Bags,26,1,25,3.8461538461538463
Organic Romaine Leaf,11431,8319,3112,72.77578514565654
Anti‑Perspirant Deodorant Caring Coconut,8,0,8,0.0
Simply Clean & Fresh HE Liquid Laundry Detergent Refreshing Breeze Scent,5,1,4,20.0
Defense Up Cold Pressed Fruit Smoothie,2367,1471,896,62.14617659484579
Holiday Blend Ground Coffee,4,0,4,0.0
Unbleached White Fine Pastry Flour,19,2,17,10.526315789473683
Family Size Comfort Bakes Vermont White Cheddar Mac & Cheese,63,33,30,52.38095238095239
Peanut Butter Low Sodium,9,3,6,33.33333333333333
Sparkling Cranberry Juice,50,21,29,42.0
Candy Bar,320,205,115,64.0625
Non-Drowsy Grape Flavor Liquid Cold & Cough,2,0,2,0.0
Whole Beans Medium Dark Espresso Coffee,12,3,9,25.0
Eggplant Large,867,367,500,42.32987312572088
Chocolate Hempmilk,124,82,42,66.12903225806451
Corn Pops Cereal,848,380,468,44.81132075471698
Oikos Fat Free Black Cherry Greek Yogurt,141,99,42,70.2127659574468
Beef Corn Dogs - 12 CT,10,2,8,20.0
Chipotle Gouda Cheese,40,9,31,22.5
Grands! with Cream Cheese Icing Cinnamon Rolls,124,56,68,45.16129032258064
Organic Dark Chocolate Almond Nutrition Bar,287,202,85,70.38327526132404
Cat Food Purrfect Delights Chicken Dulgence Entree Pate in Gravy,62,46,16,74.19354838709677
Beeswax Lip Balm,35,1,34,2.857142857142857
Bac-Out Stain + Odor Remover Live Enzyme Cultures & Lime Extract,243,100,143,41.1522633744856
Spicy Chik'n Veggie Patties,202,131,71,64.85148514851485
Blanc De Noirs,19,6,13,31.57894736842105
Tuscan Kale,139,50,89,35.97122302158273
Volcano Shrimp Cheese & Jalapeno Stuffed,7,1,6,14.285714285714285
Banana Cinnamon & Cream Bar,6,2,4,33.33333333333333
Cheese Pizza Toaster Pops,495,243,252,49.09090909090909
Raw Local Wildflower Honey,440,173,267,39.31818181818182
Sweetened Multi-Grain Cereal,7,3,4,42.857142857142854
White Chocolate Mocha Coffee Creamer,149,104,45,69.79865771812081
Diet Mixed Berry Green Tea,76,35,41,46.05263157894737
Barnum's Animals Crackers,202,73,129,36.13861386138614
Peach Yogurt Melts,233,125,108,53.648068669527895
Game Day Barbecue Trail Mix,10,3,7,30.0
Gluten Free Fish Sticks,32,8,24,25.0
"Organic Pumpkin, Ginger & Rice Noodles",12,3,9,25.0
Spring Fling,10,4,6,40.0
Blueberry Fruit & Grain Cereal Bars,38,12,26,31.57894736842105
Zesty Guacamole Dip,12,1,11,8.333333333333332
"Milk Chocolate, Premium Organic, 34% Cocoa",6,0,6,0.0
Baby Spinach,23129,13936,9193,60.25336158069955
Gluten Free Wheat Free Chocolate Cake Mix,15,5,10,33.33333333333333
Matcha Green Tea Cream Covered Biscuit Sticks,11,4,7,36.36363636363637
Large Croissants,986,603,383,61.15618661257607
Rich & Hearty Lentil & Andouille Sausage Soup,25,13,12,52.0
Revel Berry Yerba Mate,1061,811,250,76.4373232799246
Grade A Sour Cream,21,8,13,38.095238095238095
Hydrating Face Mask,14,2,12,14.285714285714285
Hardwood Floor Cleaner,640,256,384,40.0
Spicy Taco Picante Burritos,30,20,10,66.66666666666666
Deep Cleansing Pore Nose Strips,52,10,42,19.230769230769234
Ancient Grain Blueberry Hemp Granola,3438,2248,1190,65.38685282140779
Mandarin Orange Sparkling Seltzer Water,149,96,53,64.42953020134227
Unsweet Strawberry Kiwi Sparkling Water,137,88,49,64.23357664233576
Potato Chips Salt 'n Vinegar Flavored Family Size,43,18,25,41.86046511627907
"Protein+ Bar, Crunchy Carob Chip, Gluten Free, Wrapper",229,142,87,62.00873362445415
Seasoning Paprika,1082,104,978,9.611829944547134
Organic California Sushi Rice,1924,1050,874,54.57380457380457
Garlic Parmesan Breaded Boneless Skinless Chicken Breasts,94,67,27,71.27659574468085
Mint Chocolate Chip Grand Ice Cream,550,206,344,37.45454545454546
Seaweed Snack Pack Teriyaki Cello,101,56,45,55.44554455445545
"Cottage Doubles Peach, 2% Milkfat Lowfat Cottage Cheese & Peach Topping",350,236,114,67.42857142857143
Pull Up's Boy's Nighttime Training Pants Size 2T 3T Jumbo Pack,11,1,10,9.090909090909092
Wasabi Powdered Horseradish,5,0,5,0.0
Tilapia Select Loins,8,2,6,25.0
French Mini Madeleines Sponge Cakes,38,21,17,55.26315789473685
Cookie Dough Nutrition Bars,60,44,16,73.33333333333333
Original Pineapple Low Fat Yogurt,78,35,43,44.871794871794876
Extra Large Grade A Eggs,423,255,168,60.28368794326241
Sour Patch Kids Ice Pops,71,23,48,32.3943661971831
Apple Blueberry Fruit Yogurt Smoothie,1249,781,468,62.53002401921537
Twin Cherries Gummi Candy,101,37,64,36.633663366336634
Piparras Spanish Basque Peppers Jar,7,1,6,14.285714285714285
Santitas White Corn Tortilla Chips,520,258,262,49.61538461538461
Alpha Brain Capsules,5,2,3,40.0
Plus Sparkling Original Cold Effervescent Tablets 20 Ct,64,8,56,12.5
Whole Oregano,110,11,99,10.0
Soft White 53 Watts Halogen Bulbs,25,3,22,12.0
Sodium Free Granulated Chicken Bouillon,31,16,15,51.61290322580645
Rotini Pasta With Three Cheese Sauce,46,19,27,41.30434782608695
"Black Bean, Organic, Spaghetti Shape",166,51,115,30.72289156626506
Mild Major Grey Chutney,91,18,73,19.78021978021978
Organic Cashew Nondairy Blueberry Yogurt,620,298,322,48.064516129032256
Renu Multi-Purpose Solution,59,32,27,54.23728813559322
Original Chik'n Made with Non-GMO Soy Vegan Soy Protein Nuggets,385,228,157,59.22077922077922
Organic Canola Oil Cooking Spray,31,5,26,16.129032258064516
2 In 1 Body Wash And Shampoos,14,1,13,7.142857142857142
Spinach Veggie Dip,60,16,44,26.666666666666668
Cashew & Ginger Spice Fruit & Nut Bar,325,163,162,50.153846153846146
Chicken Sesame Bbq Bar,76,32,44,42.10526315789473
Sugar Free Mandarin Energy Drink,19,14,5,73.68421052631578
100% Whole Wheat Pre-Sliced Sandwich Thins,2413,1463,950,60.629921259842526
Crystal Flakes Sea Salt,4,1,3,25.0
Nice & Easy Root Touch-Up 5G Medium Golden Brown,6,0,6,0.0
Gluten Free Vegan Cheddar Mac And Cheese,25,6,19,24.0
Original Vanilla Premium Ice Cream,34,20,14,58.82352941176471
Freeze Dried Chives,53,10,43,18.867924528301888
Hot & Spicy Veggie Sausage Patties,20,14,6,70.0
Premium Sesame Bagels,15,4,11,26.666666666666668
Quinoa Burgers Spicy Italian - 4 CT,16,4,12,25.0
for Men Underwear Maximum Absorbency S/M,10,5,5,50.0
"Pappardelle Nests, No. 83",24,14,10,58.333333333333336
Mandarin Oranges Whole Segments In Light Syrup,17,5,12,29.411764705882355
Olives in Brine Olive Medley,19,3,16,15.789473684210526
Special K Strawberry Pastry Crisps,6,3,3,50.0
Shortbread Cookies,651,271,380,41.62826420890937
Low Sugar Concord Grape Jelly,122,40,82,32.78688524590164
Nacho Cheese & Bean Snacks,1118,646,472,57.78175313059034
Organic Hot Salsa,3002,1432,1570,47.701532311792135
Greek Yogurt 0% Fat Pineapple,32,17,15,53.125
Cantina Roasted Garlic Salsa Dip,130,58,72,44.61538461538462
Snack Mix Bold Party Blend Value Size,181,88,93,48.61878453038674
Drink Distinct All Natural Soda Pineapple Coconut & Nutmeg,1,0,1,0.0
Butter Popped Corn Chips,38,26,12,68.42105263157895
Original Magic Eraser,655,169,486,25.80152671755725
Seasoned Squid Salad,114,57,57,50.0
Dino Buddies Chicken Breast Nuggets,483,233,250,48.24016563146998
2% Low-fat Cottage Cheese,338,180,158,53.25443786982249
Organic Pinot Noir,75,50,25,66.66666666666666
Pure 100% Natural Canola Oil,70,21,49,30.0
Extra Thick Whole Grain Rolled Oats,864,399,465,46.18055555555556
Pomegranate Pick Me Up Protein Smoothies,13,3,10,23.076923076923077
Crackerfuls Four Cheese Filled Crackers,10,3,7,30.0
100% Natural Diced Tomatoes,2366,859,1507,36.30600169061707
Dried Mangos,4081,3000,1081,73.51139426611125
Suddenly Pasta Salad Creamy Italian,15,3,12,20.0
Kick Ass Get Over It!,7,1,6,14.285714285714285
"Cinnamon, True, Sticks, Organic",4,0,4,0.0
Dried Apples,230,96,134,41.73913043478261
Crème Moisture Moisturizing Body Wash,20,5,15,25.0
Split Chicken Breasts,7,0,7,0.0
Fruitables Fruits & Vegetables Strawberry Lemonade Juice Beverage,15,6,9,40.0
Kohlrabi,27,10,17,37.03703703703704
New England Cranberry Relish,11,0,11,0.0
Organic Diced with Garlic & Onion Tomatoes,96,17,79,17.708333333333336
Traditional Yerba Mate Tea Bags,358,121,237,33.798882681564244
Original Stone Ground Mustard,246,45,201,18.29268292682927
9 Grain & Seed Bread,51,41,10,80.3921568627451
Softening Mango Body Wash,46,6,40,13.043478260869565
Double Stuf Oreo Sandwich Cookies,3313,1752,1561,52.88258376094175
Indulgent Coconut Milk Body Wash,71,20,51,28.169014084507044
Caffeine Free Mandarin Orange Spice Herbal Tea Bags,18,3,15,16.666666666666664
Takis Extreme Hot Chili Pepper & Lime Tortilla Chips,39,22,17,56.41025641025641
Light & Fit Peach Non-Fat Yogurt,49,30,19,61.224489795918366
Organic Uncured Beef Hot Dog,518,102,416,19.69111969111969
Sml Crd Cot Chese 16 Oz,68,22,46,32.35294117647059
Organic Indian Curry Baked Sproutofu,127,88,39,69.29133858267717
Flour Tortilla Rolled Tacos Vegan Chipotle Style,73,42,31,57.534246575342465
Sea Salt & Vinegar Olive Oil Potato Chips,12,2,10,16.666666666666664
Original Clean Deodorant,8,0,8,0.0
The Original Irish Creme Liquer,538,233,305,43.30855018587361
Crush Red Blend,72,15,57,20.833333333333336
Triple Action Relief Eye Drops,25,7,18,28.000000000000004
Four Pepper Goat Cheese,47,11,36,23.404255319148938
Spinaci Pizza,7,4,3,57.14285714285714
Pure All Natural Canola Oil,13,1,12,7.6923076923076925
Vitaminwater Refresh Tropical Mango,25,11,14,44.0
Natural Blueberry Flavor Probiotic Acidophilus,12,5,7,41.66666666666667
100% Pure Concord Grape Juice,220,97,123,44.09090909090909
Free Range Organic Chicken Broth,648,285,363,43.98148148148148
"Juice Beverage, Black Currant",47,36,11,76.59574468085107
Herbal Popcorn,180,123,57,68.33333333333333
Ground Black Silk Dark Coffee,299,188,111,62.87625418060201
Calendula Cream,59,20,39,33.89830508474576
Mild  Switzerland Le Gruyere Cheese,280,81,199,28.92857142857143
Goat Cheese Logs,349,134,215,38.39541547277937
Murphy Oil Soap Liquid Wood Cleaner,679,172,507,25.331369661266567
Fancy Sliced Bamboo Shoots,224,72,152,32.142857142857146
Chana Masala Roti Paratha,98,67,31,68.36734693877551
Applesauce On The Go Apple Mango Pouches,23,6,17,26.08695652173913
"Anti-Perspirant Deodorant, Clear Gel, Cool Wave",16,4,12,25.0
Salsa Con Queso Dip,57,8,49,14.035087719298245
Chicken Vindaloo with Basmati Rice,322,156,166,48.4472049689441
Dry Roasted Salted Cashews,141,84,57,59.57446808510638
Essence Sea Loofah Bar Soap,11,7,4,63.63636363636363
Original Super Soy Protein Tropical Flavored Shake,151,96,55,63.576158940397356
Aged Rum,4,0,4,0.0
Sugar Free Mountain Menthol Flavor,72,21,51,29.166666666666668
Straight Up Sweet Iced Tea,6,2,4,33.33333333333333
Boston Recipe Baked Beans,5,0,5,0.0
Caffeine Free Jammin' Lemon Ginger Herbal Tea,77,14,63,18.181818181818183
Medium Roast Extra Bold K-Cup Packs Coffee,735,429,306,58.36734693877551
Fiber Supplement Powder,60,17,43,28.333333333333332
Organic Hemp Plus Granola,301,182,119,60.46511627906976
Whole Habanero Chile,7,1,6,14.285714285714285
Deep Woods Insect Repellent,15,4,11,26.666666666666668
White Gold Popcorn,2,0,2,0.0
Ultra Oxy Power Degreaser Dish Liquid,5,0,5,0.0
Cashew Date Mochi,44,18,26,40.909090909090914
Deluxe Mixed Nuts,1016,674,342,66.33858267716536
Ultimate Clear Anti-Blemish Pads,17,2,15,11.76470588235294
Flexible Hold Volume Hairspray,6,0,6,0.0
Mighty Pacs Laundry Detergent,61,17,44,27.86885245901639
Orange Mango Sparkling Water Beverage,21,8,13,38.095238095238095
Toilet Wand Refils,85,42,43,49.411764705882355
Raw Reserve Greens & Protein Vanilla Spice Powder,3,0,3,0.0
Organic Apple Wild Blueberry Baby Food,7,1,6,14.285714285714285
F/C Turkey Patties,30,20,10,66.66666666666666
Easter Mixed Fruit Snacks,43,13,30,30.23255813953488
Oregon Marionberry Yogurt,31,18,13,58.06451612903226
Oats Ancient Grain Blend with Mixed Berry Low-Fat Greek Yogurt,82,51,31,62.19512195121951
Dual 2 in 1 Shampoo + Conditioner,3,0,3,0.0
Facial Tissue Family Size,559,316,243,56.529516994633276
Irish Whiskey Ireland,419,261,158,62.29116945107399
"Candy Coated Chocolate, S'mores",5,1,4,20.0
Men's Ultra Sensitive with Colloidal Oatmeal Shave Gel,168,38,130,22.61904761904762
Cocktail Sauce,466,89,377,19.098712446351932
Ultra Blue Sparkle Liquid Fabric Softener,60,29,31,48.333333333333336
Just Organic Strawberries,195,94,101,48.205128205128204
Tasty Chicken Flavor Cat Treat,77,38,39,49.35064935064935
Organic Mini Sandwich Crackers Peanut Butter,7069,4880,2189,69.03380959117273
Chicken-Style Seitan,189,121,68,64.02116402116403
Spinach Florentine Ravioli,164,52,112,31.70731707317073
Organic Cup of Calm Tea,53,16,37,30.18867924528302
Organic Finely Shredded Sharp Cheddar Cheese,1,0,1,0.0
Marinated Roasted Peppers,22,10,12,45.45454545454545
"Spinach, Cut",125,34,91,27.200000000000003
Sensational Strawberry Cheese Danish,31,18,13,58.06451612903226
Go Creamy Red Pepper with Smoked Gouda Soup,7,1,6,14.285714285714285
Pure Almond Unsweetened Original Almond Milk,3538,2283,1255,64.527981910684
Whips! Raspberry Mousse Lowfat Yogurt Mousse,163,84,79,51.533742331288344
Protein & Greens Berry Flavor Protein Powder,4,0,4,0.0
Sweet Potato Pie Chewy Fruit and Vegetable Snack,153,93,60,60.78431372549019
Leaf Spinach,4337,2765,1572,63.75374682960572
Cheese & Garlic Croutons Restaurant Style,123,39,84,31.70731707317073
Chocolate Soy Milk,820,592,228,72.1951219512195
Dark Chocolate Mint Nutrition Bar,80,58,22,72.5
Berry Blue Gelatin,61,10,51,16.39344262295082
Multipack Star Wars,65,40,25,61.53846153846154
"Splits\"" Extra Dark Pretzels",250,152,98,60.8
2 Cup,30,0,30,0.0
Conditioning Cream Gel Curly Curl Sculpt,10,1,9,10.0
Icelandic Style Cream-Skyr 4% Milkfat Strained Whole-Milk Yogurt Mango,499,278,221,55.71142284569138
Bbq Ranch Chopped Salad Kit,209,121,88,57.89473684210527
Kettle Cooked  Jalapeño Cheddar Potato Chips,56,21,35,37.5
"Jalapeno Peppers, Hot, Marinated, Sliced",22,5,17,22.727272727272727
Multi surface Stain & Odor Eliminator for pets fragrance free,7,0,7,0.0
Mango Spears,407,241,166,59.21375921375921
Family Size Peanut Butter Cracker Sandwiches,183,97,86,53.00546448087432
"Broccoli, Carrots, Cauliflower, & Cheese Sauce",208,69,139,33.17307692307692
Classic Trall Mix,11,2,9,18.181818181818183
Original Soda Crackers,468,100,368,21.367521367521366
Naturally Brewed Soy Sauce,798,124,674,15.538847117794486
All Natural Raspberry Licorice,93,44,49,47.31182795698925
Thins Light & Tasty Snack Crackers Italian Herb,117,73,44,62.39316239316239
Fire Roasted Tomato & Garlic Sauce,121,26,95,21.487603305785125
Organic Fine Ground Black Pepper,5,0,5,0.0
Simply Good Vanilla Pudding Mix,14,0,14,0.0
Bathroom Tissue Rolls,300,125,175,41.66666666666667
Lavander & Aloe Lotion,12,0,12,0.0
Ultra Plates,194,77,117,39.69072164948454
Coconut Cocoa Tea Bags,6,1,5,16.666666666666664
Chamomile,60,25,35,41.66666666666667
L Lysine - 500 Mg,9,1,8,11.11111111111111
Pro Sensitive Non GMO Infant Formula Powder,16,10,6,62.5
Buddy Biscuits Original Oven Baked Roasted Chicken Dog Treats,51,25,26,49.01960784313725
Cherry Cola,101,46,55,45.54455445544555
Unsweetened Pear Essence Water,560,360,200,64.28571428571429
Fresh Raw Almond Butter,7,3,4,42.857142857142854
Tropical Goodness,14,4,10,28.57142857142857
Union Jack IPA India Pale Ale,23,14,9,60.86956521739131
Original Barbeque Sauce,125,23,102,18.4
Triple Size Cotton Balls,163,22,141,13.496932515337424
Organic Wafer Thin Crackers,11,1,10,9.090909090909092
Artichoke Marinara,11,2,9,18.181818181818183
Gentle Glide Unscented Super Tampons,13,2,11,15.384615384615385
Crushed Tomatoes,11872,5625,6247,47.38039083557952
Traditional Non-Alcoholic Egg Nog,32,3,29,9.375
Box Moscato,18,9,9,50.0
Paper Towels Pick-A-Size - 8 CT,26,13,13,50.0
Fabric Softener Dryer Sheet Free & Gentle Fabric Enhancers,428,107,321,25.0
"Chamomile Body Sugar For Legs, Body & Face",4,0,4,0.0
Extra Creamy Whipped Topping,91,26,65,28.57142857142857
Green Leaf Lettuce,9,2,7,22.22222222222222
Italian Mix Giardiniera Peppers,41,12,29,29.268292682926827
Organic Sweetened Creamy Cashewmilk,405,280,125,69.1358024691358
Malt Vinegar,75,7,68,9.333333333333334
Honey Roasted Mixed Nuts,13,5,8,38.46153846153847
Hardwood High Gloss Floor Polish,55,14,41,25.454545454545453
Moroccan Mint Herbal Tea,2147,979,1168,45.5985095482068
Plain Greek Yogurt,13861,10181,3680,73.45068898347883
Protein Energy Bar Triple Chocolate,73,52,21,71.23287671232876
Dairy Free Live Acidophilus,170,105,65,61.76470588235294
"Zucchini Chips, Sour Cream & Onion",3,1,2,33.33333333333333
Blood Orange Caramel Bar,10,1,9,10.0
70% Isopropyl Rubbing Alcohol,209,65,144,31.100478468899524
Organic Roasted Seaweed Wasabi Snack,28,8,20,28.57142857142857
Acne Wash,16,4,12,25.0
Natural Skincare for Men Body Wash,8,0,8,0.0
Cranberry Horseradish Sauce,5,0,5,0.0
Chopped Kale,773,399,374,51.61707632600259
Petite Peas with Pearl Onions,42,11,31,26.190476190476193
Defense Sugar Free Vitamin C Drops,105,59,46,56.19047619047619
Fragrance Free Leave-In Conditioner,22,8,14,36.36363636363637
Hint Of Jalapeño Tortilla Chips,13,3,10,23.076923076923077
Gluten Free Blueberry Oat Muffin Tops,458,270,188,58.951965065502186
Loaded Mashed Potatoes,108,33,75,30.555555555555557
"Red Rice, Bhutan Heirloom",46,4,42,8.695652173913043
Chicken Breast Tenders Breaded,8436,5988,2448,70.98150782361309
Coarse Pink Salt,234,40,194,17.094017094017094
Hydrogen Peroxide Mouthwash,13,3,10,23.076923076923077
Traditional Hot & Spicy Jamaican Jerk Seasoning,29,9,20,31.03448275862069
Bedtime Baby Bath,11,4,7,36.36363636363637
Bite Size Candies Tropical,8,2,6,25.0
Beef Cocktail Frankfurters,35,5,30,14.285714285714285
Chorizo Seitan,1122,614,508,54.72370766488414
Strained Non Fat Orange & Ginger Yogurt,2492,1594,898,63.96468699839486
"Chicken Marinade, Citrus & Onion",168,52,116,30.952380952380953
Sugar Apple & Warm Cinnamon Fragrance Scented Candle,9,0,9,0.0
Peppermint Patties,549,381,168,69.39890710382514
Honey Dijon Potato Chips,2982,1835,1147,61.53588195841717
Almond Crunch Meal Bar,153,77,76,50.326797385620914
Almond Butter Crunchy,327,164,163,50.15290519877675
Slow Churned Vanilla Bean Ice Cream,43,14,29,32.55813953488372
Sour Cream & Onion Flavored Potato Chips,638,317,321,49.686520376175544
Almond Flavored Champagne California,39,18,21,46.15384615384615
Fiber,24,8,16,33.33333333333333
Garlic & Basil Organic Pasta Sauce,6,0,6,0.0
ProteinPLUS Multigrain Thin Spaghetti Pasta,286,128,158,44.75524475524475
White Corn Tortillas,6575,3181,3394,48.38022813688213
Organic Sugar Ice Cream Cones,853,288,565,33.76318874560375
Honey Ham,1504,875,629,58.178191489361694
Organic Chocolate Raspberry Truffle Live Food Bar,29,4,25,13.793103448275861
Lime Turbo Power Spray Cleaner,62,7,55,11.29032258064516
Limoncello Liqueur,2,0,2,0.0
Organic Living Basil,56,8,48,14.285714285714285
Sausage & Veggie Quiche,5,0,5,0.0
"Disinfectant Bathroom Cleaner Penetrating Foam, Fresh Clean Scent",39,7,32,17.94871794871795
Ginger Snaps Cookies,87,26,61,29.88505747126437
Temptations Tasty Chicken Flavor Cat Treats,486,302,184,62.139917695473244
Baked Scalloped Potatoes With Real Cheddar Cheese & Whole Milk,14,8,6,57.14285714285714
Pasilla Pepper (Chile Negro),21,3,18,14.285714285714285
Digital Thermometer,7,0,7,0.0
Scarlet Citrus Rooibos Herbal Tea Filterbags,98,28,70,28.57142857142857
Max Hold Unscented Hairspray,30,2,28,6.666666666666667
Ezekiel 4:9 Golden Flax Sprouted Grain Crunchy Cereal,767,424,343,55.28031290743155
Craft Beer Battered Onion Rings,11,3,8,27.27272727272727
Hair Expertise EverSleek Reparative Smoothing Conditioner,18,9,9,50.0
Advanced Nutrition Dark Chocolate Sea Salt Meal Replacement Bars,7,2,5,28.57142857142857
Organic Quinoa & Brown Rice With Garlic,4401,2679,1722,60.87252897068848
Citrus Creamy Body Wash,28,7,21,25.0
Classic White Bowls,22,7,15,31.818181818181817
Vanilla Almond Builder's Bar,243,137,106,56.37860082304527
Iced Molasses Cookies,21,14,7,66.66666666666666
Core Grain Free Original Formula Protein-Focused Nutrition Natural Food for Adult Cats,3,0,3,0.0
Shreds Iceberg Lettuce,319,151,168,47.33542319749217
Vegetable Oil & Nonfat Yogurt Spread,946,581,365,61.41649048625793
Castor Oil,205,23,182,11.219512195121952
Moderate Absorbency S/M for Women Underwear,28,15,13,53.57142857142857
Unfiltered Jasmine Tea Ginger Ale,8,1,7,12.5
Zero Ultra Energy Drink,1120,824,296,73.57142857142858
Coconut Cashew Crunch Bar,16,10,6,62.5
Cookie Dough Ice Cream Chocolate Chip,1311,476,835,36.30816170861937
Pepperoni Pizza for One,261,112,149,42.911877394636015
Corn Husks,8,0,8,0.0
"Crackers, Baked, Crispy Sea Salt",985,604,381,61.31979695431472
Prime Fillet Tonno in Olive Oil Tuna,62,41,21,66.12903225806451
Organic Lowfat Black Cherry Yogurt,1940,1354,586,69.79381443298969
Cherry Blossom Organic Energy Chews,29,19,10,65.51724137931035
Gluten-Free Supergrain Mild Cheddar Mac & Cheese,10,1,9,10.0
Natural Tea Tree Oil & Neem Wintergreen Toothpaste,119,44,75,36.97478991596639
Fire Chipotle & Jalapeno Salsa,10,5,5,50.0
Large Lima Beans,64,10,54,15.625
Butter Flavor Microwave Popcorn,84,45,39,53.57142857142857
All Natural Chocolate Chip Cookie Mix,27,10,17,37.03703703703704
Sliced Pickled Beets,271,115,156,42.435424354243544
FiberSmart 30 Day Supply,6,0,6,0.0
"100%, Raspberry Fruit Strip",48,25,23,52.083333333333336
Organic Ginger Mints,36,16,20,44.44444444444444
Rapid Relief Creamy Diaper Rash Ointment,131,38,93,29.00763358778626
Honey Yoghurt,9427,6257,3170,66.3731834093561
1 Apple + 1 Pear Fruit Bar,1546,894,652,57.82664941785253
Black Coffee Grinder With Chamber Maid,13,0,13,0.0
Harvard Beets,8,0,8,0.0
"Hot Italian, Lean Turkey Sausage",626,278,348,44.40894568690096
Positively Radiant Daily Moisturizer Broad Spectrum SPF 15,33,4,29,12.121212121212121
100% Whole Wheat Bagel,33,12,21,36.36363636363637
Bite Size Cheddar Crackers,389,240,149,61.696658097686374
Large Alfresco Eggs,40376,31321,9055,77.57331087774915
Shoestring French Fried Potatoes,18,6,12,33.33333333333333
Turkish Bay Leaves,19,0,19,0.0
Toffee Almond Biscotti,23,7,16,30.434782608695656
Rosemary Parmesan Crisps,18,11,7,61.111111111111114
100% Pure Instant Coffee,11,3,8,27.27272727272727
Napa Cabbage,2430,661,1769,27.201646090534982
Alcoholic Ginger Beer,7,1,6,14.285714285714285
Uncle Ben Lng Basmati Savory Herb,3,0,3,0.0
Sterile Multi Purpose Solution For Contact Lenses,29,9,20,31.03448275862069
"Vitamin D3 10,000 IU",7,0,7,0.0
Organic Multigrain Batard,7,2,5,28.57142857142857
Apple Walnut Delight Oat Clusters,32,22,10,68.75
Ready Whole Grain Medley Quinoa & Brown Rice With Roasted Garlic,33,13,20,39.39393939393939
Organic After Dark Chocolate Frozen Nonfat Yogurt,861,459,402,53.31010452961672
First Quality Bamboo Round Tooth Picks,369,28,341,7.588075880758807
Smoked Uncured Kielbasa,203,101,102,49.75369458128079
Anti Bug Shake & Spray,42,4,38,9.523809523809524
Organic Carrot Juice,950,617,333,64.94736842105263
Chipotle Cheddar Mac & Cheese,4,0,4,0.0
Full-Size Chocolate Bars,258,152,106,58.91472868217055
Casillero del Dialblo,54,22,32,40.74074074074074
Coffee House Blend Deep Roast Coffee K,59,22,37,37.28813559322034
Vanilla Protein Protein Shake,1956,1443,513,73.77300613496932
Brown Turkey Fresh Figs,4,1,3,25.0
Orange Multivitamin and Multimineral Chewable Supplement,7,1,6,14.285714285714285
Pickled Beets,9,2,7,22.22222222222222
Maximum Strength Cough & Chest Congestion DM,31,1,30,3.225806451612903
Natural Swiss Cheese,22,10,12,45.45454545454545
Kalamata Sliced Greek Olives,222,55,167,24.774774774774773
Diet Raspberry Iced Tea Mix,5,0,5,0.0
Caramel Iced Coffee,5,0,5,0.0
Mexican Tomatillo Verde Cooking Sauce,42,12,30,28.57142857142857
100% Organic Celery Seed,4,0,4,0.0
Kale Chips Honey Mustard,39,11,28,28.205128205128204
Dark Chocolate Almond with Sea Salt,263,118,145,44.866920152091254
Quadratini Chocolate Cream Wafers,715,402,313,56.22377622377622
Spicy Sausage Meat Sauce,34,11,23,32.35294117647059
Chicken & Beef Dinner Cat Food,6,3,3,50.0
Premium Chocolate Coconut Almond Snack Bar,3,1,2,33.33333333333333
"Wild Kippers, Wild, Smoked",133,78,55,58.64661654135338
English Toffee Crunch Ice Cream Bars,248,78,170,31.451612903225808
Organic Traditional Bulgarian Yogurt,26,14,12,53.84615384615385
Premium Romaine,874,422,452,48.2837528604119
Kumquats 12 Oz,43,7,36,16.27906976744186
MontAmore Cheese,10,0,10,0.0
Beef Granulated Sodium Free Bouillon Packets,11,4,7,36.36363636363637
Chocolate Fudge Ice Cream,33,22,11,66.66666666666666
Greek 100 Calories Black Cherry Fat Free Yogurt,477,301,176,63.102725366876314
Absolutely Ageless Restorative Night Cream,4,0,4,0.0
Sesame Cooking Sauce,23,6,17,26.08695652173913
Lemon Lime Soda Caffeine Free,522,229,293,43.86973180076628
Superfood Currant Cacao & Hemp Seedbar,119,84,35,70.58823529411765
Trim Toniq Metabolism Enhancer,6,3,3,50.0
Light & Lean Black Bean and Cheese Enchilada,1523,685,838,44.97701904136572
Donut House Light Roast Coffee K-Cups,14,4,10,28.57142857142857
Corn Chips,8566,6528,2038,76.20826523464861
Pure Ground Black Pepper,853,83,770,9.730363423212191
Naked Moisture Shampoo,8,2,6,25.0
M'hamsa Hand-Rolled Couscous,10,0,10,0.0
Cooked Shrimp,679,226,453,33.28424153166421
"Classic Broth with Tuna, Shrimp and Whitefish",108,63,45,58.333333333333336
Pineapple Chunks In Natural Juice,14,4,10,28.57142857142857
Organic Paul's Sliced Dill Pickles,25,9,16,36.0
Glitter Candles,9,1,8,11.11111111111111
Tulsi Peppermint Infusion Bags - 18 CT,84,44,40,52.38095238095239
Chunks In Heavy Syrup Pineapple,151,59,92,39.0728476821192
Indian Coconut Nectar Soy Candle,8,3,5,37.5
Pork Egg Roll,10,5,5,50.0
Seasonal Brew,20,4,16,20.0
3x Concentrated Orange Scent Dishwasher Detergent Gelpacs,27,15,12,55.55555555555556
Epa Xtra,7,3,4,42.857142857142854
Kosher Recipe Secrets Soup & Dip Mix Ranch - 2 CT,5,0,5,0.0
Extra Extra Dry Regular Solid Antiperspirant Deodorant,25,12,13,48.0
Organic Cottage Cheese Kalamata Olive,87,46,41,52.87356321839081
Tomato On The Vine,20,3,17,15.0
2nd Foods Banana Plum Grape,20,13,7,65.0
Wheat Protein Cubed,442,262,180,59.276018099547514
Direct Trade Organic El Gallo Breakfast Blend Whole Bean Coffee,1825,1093,732,59.890410958904106
Clean Day Liquid Hand Soap Refill Basil Scent,515,134,381,26.019417475728158
Mole Sauce,53,9,44,16.9811320754717
Freshening Gel with Mouthwash Toothpaste,8,0,8,0.0
Santa Barbara Roasted Garlic Medium Salsa,99,36,63,36.36363636363637
Special Edition Lighter,9,1,8,11.11111111111111
Blue Cheese Stilton Wedge,10,3,7,30.0
"Deli Select Smoked Ham, 25% Less Sodium, 97% Fat Free",52,29,23,55.769230769230774
Vinyl Gloves,23,2,21,8.695652173913043
Chipotle Paste,19,3,16,15.789473684210526
Reduced Sodium Matzo Ball Mix,7,0,7,0.0
Corn & Butter Sauce Steamers,171,80,91,46.783625730994146
Organic Chocolate Syrup,1097,289,808,26.34457611668186
Strawberry Fruit Snacks,247,128,119,51.821862348178136
"Easter Crème Eggs 4 Count, 4.8 oz pkg",125,26,99,20.8
Frosted Sugar Cookies,88,36,52,40.909090909090914
Pumpernickel Dark Pump Bread,364,228,136,62.637362637362635
Original Prepared Cheese Product,245,62,183,25.30612244897959
Beef Gravy,51,12,39,23.52941176470588
Gluten Free Apple Raisin Walnut Granola,120,81,39,67.5
BBQ Chicken Pockets,9,4,5,44.44444444444444
Dairy Free Coconut Milk Chocolate Yogurt Alternative,1441,853,588,59.19500346981263
Scented Oil Air Freshner Virgin Islands,7,0,7,0.0
Coconut Milk Virgin Chocolate Bar,24,9,15,37.5
New York Times Sunday Edition,11,6,5,54.54545454545454
Regular Strength Antacid Chewable Mint Tablets,16,2,14,12.5
Advanced Relief Pain Relief Cream,9,0,9,0.0
Home Menu with Dan Dan Noodles Garlic Chicken,15,3,12,20.0
Organic Chocolate Drops,17,12,5,70.58823529411765
Flounder Fillets,7,3,4,42.857142857142854
Authentic Israeli Fresh Classic Hummus,682,412,270,60.410557184750736
Classic Meatless Meatballs,2755,1396,1359,50.671506352087114
"Marinade & Grilling, Paradise Pineapple Teriyaki",4,0,4,0.0
Mixed Berry Lowfat Yogurt,371,237,134,63.881401617250674
100% Natural Old Fashioned Creamy Peanut Butter,22,2,20,9.090909090909092
Sweet & Tangy Glaze and Dipping Sauce,36,3,33,8.333333333333332
Veggie Chips Sea Salt,131,58,73,44.274809160305345
Clinical Strength Clear Gel Women's Deodorant Powder Protection Scent,8,3,5,37.5
Premium Green Tea Bags,422,202,220,47.867298578199055
Cheez-Its,23,4,19,17.391304347826086
Preservative Free Teriyaki with Honey and Pineapple Marinade,65,12,53,18.461538461538463
Chocolate Berry Creme Sandwich Cookies,15,2,13,13.333333333333334
All-Day Strong Hold Surfer Hair Power Putty,30,12,18,40.0
Home Menu Signature Pork Dumplings,10,3,7,30.0
Dark Chocolate Squares With Raspberry Filling,242,147,95,60.74380165289256
"Chili Paste, Ground Fresh",121,16,105,13.223140495867769
Light In Sodium Beans and Rice Burrito,275,164,111,59.63636363636363
Parmesan Crusted Fish,285,146,139,51.2280701754386
Heavy Duty Scrubber Sponge,30,5,25,16.666666666666664
Chocolate Strawberry High Protein Bar,71,29,42,40.845070422535215
Spray & Go Aloe Fresh Moisturizer,25,15,10,60.0
Organic Clementine Water,6,1,5,16.666666666666664
Mole,12,3,9,25.0
Chorizo Style,204,92,112,45.09803921568628
Select Soy Sauce,22,1,21,4.545454545454546
Dairy-Free Bananas for PB & Chocolate Frozen Dessert,6,0,6,0.0
Blood Orange Meyer Lemon Ginger Ale,6,1,5,16.666666666666664
Traditional Roast Whole Bean Coffee,15,2,13,13.333333333333334
Freeze Dried Strawberries,22,14,8,63.63636363636363
Lemon Goldenberry Power Snacks,5,1,4,20.0
Fast Acting Legs & Body Hair Remover Gel Cream,7,0,7,0.0
Sport Sunscreen Spray SPF 50,40,9,31,22.5
Tribal Pastel Size 3 Diapers,9,4,5,44.44444444444444
Iced Latte Frozen Desserts,9,2,7,22.22222222222222
Organic Green Kale,361,145,216,40.16620498614959
Odor Neutralizing Kitchen Fresh Hands Hand Soap Refill,23,1,22,4.3478260869565215
Special K Divine Fudge Brownies,7,1,6,14.285714285714285
Original Hommus,249,155,94,62.24899598393574
Brown Jasmine Rice,14,2,12,14.285714285714285
Halloween Candy Mixed Minis,21,0,21,0.0
Egg White Chips Aged White Cheddar,37,16,21,43.24324324324324
Tuscan White Beans,355,129,226,36.33802816901409
Bathroom Tissue Mega Rolls,42,8,34,19.047619047619047
Lemon-Lime Sports Hydration Drink,9,7,2,77.77777777777779
Ground Sage,203,1,202,0.49261083743842365
Mild Diced Green Chiles Fire Roasted,230,69,161,30.0
"Toothpaste, Fluoride, Cavity Protection, Great Regular Flavor",40,3,37,7.5
Lemon Verbena 4x Concentrated Laundry Detergent,160,43,117,26.875
Midnight Reverie Intense Dark Chocolate,473,247,226,52.21987315010571
No.1 Liqueur,14,4,10,28.57142857142857
Kosher Dill Pickle Spears,1481,675,806,45.57731262660364
Deli Fresh Rotisserie Seasoned Chicken Breast,2226,1252,974,56.24438454627134
Frozen Kefir Tart And Tangy Strawberry,138,69,69,50.0
Chocolate Brownie Protein Bar Box,13,10,3,76.92307692307693
7 Grain Belgian Gourmet Waffles,8,2,6,25.0
Miracle Whip Light Dressing,240,56,184,23.333333333333332
Rice Cooking Wine,32,3,29,9.375
Peanut Butter Baking Chips,51,9,42,17.647058823529413
"Pizza, Thin & Crispy, Ionian Awakening",318,203,115,63.83647798742138
Pearl Plastic Triple Pack Light/Regular/Super Absorbency Unscented Tampons,229,62,167,27.074235807860266
Lemon Fruit & Nut Food Bar,3971,2330,1641,58.67539662553513
On the Go Low Fat Cottage Cheese,639,429,210,67.13615023474179
All-in-1 Acne Control Daily Scrub,7,0,7,0.0
Quinoa Salad Black Bean,6,1,5,16.666666666666664
Black Tea Chai Chocolate Tea Bags,20,4,16,20.0
Small Round Cheese Ravioli,4,2,2,50.0
"Easy Grab 8\""x8\"" Glass Bakeware",11,0,11,0.0
Veggie Meatless Meatballs,59,19,40,32.20338983050847
Dark Chocolate Hot Cocoa Mix,96,45,51,46.875
Garlic & Dill Golden Peperoncini,7,3,4,42.857142857142854
Crunchy Chickpeas Korean BBQ,204,90,114,44.11764705882353
Crunch Chocolate Peanut Butter Granola Bar,312,140,172,44.871794871794876
L'Oreal® Paris Hair Expertise EverCreme Intense Nourishing Conditioner,67,19,48,28.35820895522388
Sweet Jalpeno Sauce,141,50,91,35.46099290780142
Pretzel Sticks filled with Pub Cheese,5,2,3,40.0
Clams Minced In Clam Juice,172,63,109,36.627906976744185
Organic Unsweetened Berry Coconut Granola,61,37,24,60.65573770491803
Cold Remedy Cherry Lozenges,43,9,34,20.930232558139537
Breadsticks Original,74,28,46,37.83783783783784
Peanut Butter Chocolate Chip Macrobar,3052,2232,820,73.13237221494103
Apple Cinnamon Scones,126,93,33,73.80952380952381
Milk Chocolate Coconut & Almonds Bar,34,14,20,41.17647058823529
Fresh Mozzarella Snacking Cheese,3743,2296,1447,61.34117018434411
Guac N' Go,7,1,6,14.285714285714285
Cage Free Large White Eggs,9917,7420,2497,74.82101441968338
Green Superfood Lemon Lime Energy Drink Powder Individual Packets,2,0,2,0.0
Pop-Tarts Frosted Brown Sugar Cinnamon Pastries,751,369,382,49.134487350199734
Eczema Relief Body Creme,18,8,10,44.44444444444444
Chicken and Cheese Taquitos,217,118,99,54.377880184331794
Family Size Cheesy Chicken,69,16,53,23.18840579710145
"Garbage Disposal Freshner & Cleaner, Thyme with Fig Leaf",61,4,57,6.557377049180328
"Grille Sauce, Maple Chipotle",12,1,11,8.333333333333332
Green Beans And Brown Rice Stage 2 Baby Food,318,116,202,36.477987421383645
Purely Natural Hand-Flaked Salmon Treats Cat Treats,10,1,9,10.0
"Nut Bar, Gotta Getta Gojiberry",22,4,18,18.181818181818183
Fat Free Green Chili Refried Beans Organic Vegetarian,14,4,10,28.57142857142857
Refreshe Cola,46,36,10,78.26086956521739
Anti Gas Tab Ex St Permanent,38,4,34,10.526315789473683
Sheer Touch Lotion Sunscreen SPF 30,9,1,8,11.11111111111111
Hibiscus Mint Tea,23,8,15,34.78260869565217
PlugIns Scented Oil Refill 3 ct - Hawaiian Breeze,12,3,9,25.0
Vietnamese Brown Rice Noodles With Green Tea,122,70,52,57.377049180327866
Organic Crunchy Wok Slaw Blend,45,15,30,33.33333333333333
Wild Collection Bearglove Men's Deodorant,20,11,9,55.00000000000001
Seeds The Day Organic Bread,216,110,106,50.92592592592593
Premium Liquid Coconut Oil,110,38,72,34.54545454545455
Breaded Popcorn Turkey Dogs,49,7,42,14.285714285714285
Water Block Plus 20 ct Assorted Premium,7,0,7,0.0
Fruit and Veggie Wash Spray Bottle,80,19,61,23.75
Organic Lemon Lowfat Yogurt,3959,2845,1114,71.86158120737561
Kale Apple Lemon Cold Pressed Juice,189,85,104,44.97354497354497
Neti Stik Aromatherapy Inhaler,22,6,16,27.27272727272727
Boneless Skinless Thighs,252,111,141,44.047619047619044
Organic Fuel High Protein Chocolate Shake,870,555,315,63.793103448275865
Light Ranch Veggie Dip,130,40,90,30.76923076923077
Ultra Thin Pizza Crust,15,5,10,33.33333333333333
Macrobar Cherries N Berries,510,331,179,64.90196078431373
Swaddlers Sensitive Diapers Jumbo Pack Size Newborn,22,9,13,40.909090909090914
Healthy Harvest Whole Grain Spaghetti Pasta,43,10,33,23.25581395348837
Dark Chocolate Creme de Pirouline,106,42,64,39.62264150943396
Artichoke Dip,58,30,28,51.724137931034484
French Vanilla Liquid Coffee Creamer,73,32,41,43.83561643835616
Lorna Doone Shortbread Cookies,377,201,176,53.315649867374006
Three Outlet Household Cord,5,0,5,0.0
Super Moist Vanilla Cake Mix,57,10,47,17.543859649122805
Anti-Cavity & Strengthening Deep Sea Spearmint Gel Toothpaste,144,51,93,35.41666666666667
Sauté Express Garlic & Herb Cooking Squares,6,3,3,50.0
Chili Powder,2352,263,2089,11.181972789115646
Training Pants Disney Pixar Night-Time 3T-4T,26,4,22,15.384615384615385
Crossovers Coconut Chocolate,184,100,84,54.347826086956516
Arrowroot Starch/Flour,923,122,801,13.217768147345613
Organic Simply Naked Pita Chips,8957,6076,2881,67.8352126828179
7 Whole Grain Nuggets Cereal,747,470,277,62.91834002677377
Sparkling Clementine Juice Beverage,30,18,12,60.0
Rinse Aid,23,1,22,4.3478260869565215
Pepper Jack Thick Slices Cheese,260,146,114,56.15384615384615
Linguine Fini Pasta,152,51,101,33.55263157894737
Organic Grass fed Creamline Yogurt Lemon,71,37,34,52.112676056338024
Organic Wheat-Free & Gluten-Free Onion Crackers,313,125,188,39.936102236421725
Greek Vanilla Yogurt,61,37,24,60.65573770491803
"Cookie Baking Sheets, Pre-Cut Parchment Paper",226,51,175,22.566371681415927
White Taco Shells,7,0,7,0.0
Ibuprofen 200mg Coated Tablets Pain Reliever/Fever Reducer,96,43,53,44.79166666666667
Chicken Granulated Buillon,6,0,6,0.0
Sockeye Salmon,13,6,7,46.15384615384615
Classic Roast Medium Ground Coffee,1023,473,550,46.236559139784944
Organic Nectarine Jam,14,1,13,7.142857142857142
Sea Salt Baked Organic Potato Snack BOPS,4,2,2,50.0
Baked Sea Salt & Vinegar Potato Chips,1396,849,547,60.81661891117478
Red Raspberries,26220,16859,9361,64.29824561403508
Organic Tomato Lower Sodium Soup,50,16,34,32.0
Pineapple Enzyme Facial Cleanser,67,22,45,32.83582089552239
Ultra Last Clumping Litter,44,16,28,36.36363636363637
"Mushroom, Spinach, and Salsa Tamales",229,119,110,51.96506550218341
Bing Cherries,14618,7895,6723,54.00875632781502
"Just Croutons, Garlic",19,4,15,21.052631578947366
Duck Eggs,691,542,149,78.43704775687411
Condensed Soup Healthy Request Bean With Bacon,39,16,23,41.02564102564102
Free & Clear All-Purpose Natural Cleaner,1094,274,820,25.045703839122485
Mild Thick and Chunky Salsa,15,6,9,40.0
Pecan Nuts,5,1,4,20.0
Gluten Free Verde Sauce,48,13,35,27.083333333333332
Natural Vanilla Marshmallows,1544,529,1015,34.26165803108808
Chorizo,422,176,246,41.70616113744076
Wild Smoked Salmon Classic,16,1,15,6.25
Ciabatta Roll,7,2,5,28.57142857142857
Quinn Butter and Sea Salt Popcorn,307,142,165,46.25407166123778
Two Extra Hold Aerosol Hair Spray,58,17,41,29.310344827586203
Grape Soda,255,93,162,36.470588235294116
Lightly Salted Party Peanuts,12,4,8,33.33333333333333
Premium Selects Brussels Sprouts,720,349,371,48.47222222222222
Roasted Garlic Marinara Sauce,48,26,22,54.166666666666664
Italian Castelvetrano Whole Green Olives,399,160,239,40.100250626566414
Vinyl Glove Powder Free,66,20,46,30.303030303030305
Rosemont Crest Blend Coffee,17,13,4,76.47058823529412
Very Light Pads,9,2,7,22.22222222222222
Grain Free Chicken Dinner Food for Dogs,42,21,21,50.0
Small White Sage Smudge Stick,73,7,66,9.58904109589041
Paleo Blueberry Muffin,6,1,5,16.666666666666664
Rustic Italian Vegetable Soup,679,328,351,48.306332842415316
Pineapple & Passion Fruit Sandwich Fruit Bar,47,26,21,55.319148936170215
Sweet Vidalia Onion Barbecue Sauce,18,6,12,33.33333333333333
Eternal Alkaline Water,30,19,11,63.33333333333333
Raw Probiotics Vaginal Care  50 Billion 38 Strains,220,84,136,38.18181818181819
XCT Oil,36,1,35,2.7777777777777777
Mexican Cheddar Jack Shredded Cheese,139,53,86,38.1294964028777
Ocean Whitefish,44,24,20,54.54545454545454
Cashew Cookie Fruit & Nut Bar,149,64,85,42.95302013422819
All Natural Miso Paste,95,16,79,16.842105263157894
Roarin' Waters Grape Flavored Water Beverage,96,60,36,62.5
Happy Baby Stage 1 Fresh Mango Organic Baby Food,235,144,91,61.27659574468085
Laundry Detergent Free & Clear,1774,813,961,45.82863585118376
Colander,7,0,7,0.0
Organic Milk Whole,1311,928,383,70.78565980167811
Almond Breeze Vanilla Almond Milk,20,9,11,45.0
Rich & Creamy Cream Cheese Frosting,242,37,205,15.289256198347106
Chocolate Sleep Supplement,387,247,140,63.82428940568475
Ultra Strength Dish Liquid,12,0,12,0.0
Dark Chocolate Almond Milk,1806,1206,600,66.77740863787376
Chunky Medium Salsa,3420,1519,1901,44.41520467836257
100% Juice Orange Pineapple,8,0,8,0.0
Mung Bean Pasta,34,10,24,29.411764705882355
Argan Stem Cells Shampoo For Thinning Hair Treatment,35,9,26,25.71428571428571
Organic Gluten Free Brownie Mix,44,23,21,52.27272727272727
Louisiana Roll,15,6,9,40.0
Good Start Soothe Powder Infant Formula,16,7,9,43.75
Whole Peeled Plum Tomatoes,72,7,65,9.722222222222223
Moondance Kombucha,31,23,8,74.19354838709677
Slow Kettle Andouille Sausage Jambalaya Soup,25,10,15,40.0
Pure Dark Brown Cane Sugar,1830,405,1425,22.131147540983605
Breakfast Blend Coffee,140,69,71,49.28571428571429
Rosehip Treatment Facial Serum Rose,39,16,23,41.02564102564102
Organic Chicken Pot Pie Homestyle Meal 9+ Months,23,5,18,21.73913043478261
Hydro Boost Gel-Cream for Extra-Dry Skin,6,1,5,16.666666666666664
Unflavored Gelatin,29,7,22,24.137931034482758
Wildberries Organic Probiotic Whole Milk Kefir,293,162,131,55.2901023890785
Dolmas Stuffed Grape Leaves,1743,1095,648,62.822719449225474
100% Mango Juice,768,435,333,56.640625
Organic Rye & Spelt Bread,4,0,4,0.0
Dual Action Freeze Therapy Plus Fast Acting Liquid,5,0,5,0.0
Organic Creamy Carrot & Bunny Pasta Soup,33,9,24,27.27272727272727
Natural Toothpaste Creme de Peppermint,277,84,193,30.324909747292416
Crunchy Banana Chocolate Bar,25,13,12,52.0
Malabar black pepper,5,0,5,0.0
Blended Canadian Whiskey,33,22,11,66.66666666666666
Instant Action Clumping Litter,264,154,110,58.333333333333336
Spinach Nuggets,6,1,5,16.666666666666664
Italian Sides Four Cheese Pasta,47,11,36,23.404255319148938
Light Italian Hamburger Buns,24,9,15,37.5
Kickstart Pineapple Orange Mango,54,35,19,64.81481481481481
Artisanal Nonfat Coffee Greek Yogurt,237,173,64,72.9957805907173
Red Pepper,329,174,155,52.88753799392097
Odor Block 13 Gal Clean Apple Tall Kitchen Drawstring Bags,27,0,27,0.0
Farmer's Market Vegetable & Turkey Dinner with Lil' Bits,3,0,3,0.0
Gluten Free Corn Bread Stuffing,9,0,9,0.0
Low Fat Strawberry Yogurt,48,29,19,60.416666666666664
Beeswax Cake Candle - 3,21,1,20,4.761904761904762
Light & Lean Spaghetti Italiano with Meatless Meatballs,2419,1399,1020,57.83381562629185
Happy Birthday Candle Pick Set,56,3,53,5.357142857142857
Adult Cough + Chest Congestion DM Maximum Strength Liquid Capsules,4,0,4,0.0
Nesquik No Sugar Added Chocolate Milk Mix,81,28,53,34.5679012345679
String Cheese,2029,1378,651,67.91522917693446
Salsa Con Queso With Smoked Jalapeno Medium,391,109,282,27.877237851662407
Organic Cranberry Sauce,30,1,29,3.3333333333333335
Air Heads Special Edition Chewy Fruit Candy Bars White Mystery - 6 CT,90,62,28,68.88888888888889
Adrenaline Series Sport Defense Antiperspirant Deodorant,6,1,5,16.666666666666664
"Italian Ground Turkey, Lean",844,376,468,44.54976303317535
Simply Dressed Avocado Ranch Dressing,26,7,19,26.923076923076923
Chicken & Vegetable Potstickers,20,4,16,20.0
Mach3 Sensitive Shave Gel,11,1,10,9.090909090909092
"Cabernet Sauvignon, Paso Robles, 2012",71,43,28,60.56338028169014
Organic Salted Caramel Swirl Ice Cream Bar,20,8,12,40.0
"Black Pepper, Coarse Grind",101,10,91,9.900990099009901
Classic Waffle Cones,27,3,24,11.11111111111111
Restaurant Style Tortilla Chips,28,14,14,50.0
12 Year Old Blended Scotch Whisky,24,12,12,50.0
Traditional Madeleines,122,73,49,59.83606557377049
"Sparkling Water, Bottles",1556,1162,394,74.67866323907455
Blonde Roast Aria Blend Ground Coffee,7,2,5,28.57142857142857
Cream Oil Intensive Body Lotion,9,0,9,0.0
Chickpea Salad,981,665,316,67.78797145769623
Kombucha Green Tea,572,206,366,36.01398601398601
Daily Clean Ocean Charge Shampoo,6,0,6,0.0
Kidz Baked Chicken Nuggets,1288,581,707,45.108695652173914
Mixed Berry BelVita Bites,106,48,58,45.28301886792453
Mini Pineapple,7,0,7,0.0
Slim Cut Mozzarella Cheese Slices,130,67,63,51.53846153846153
Mild Red Pepper Sauce,258,43,215,16.666666666666664
Organic Ice Cream Chocolate Chocolate Chip,729,410,319,56.24142661179698
Gripe Water,97,20,77,20.618556701030926
Foods Gourmet Dry Salami Black Pepper,12,5,7,41.66666666666667
Drumstick Crunch Dipped Vanilla Fudge/Vanilla Caramel/Vanilla Frozen Dairy Dessert Cones,236,136,100,57.6271186440678
Original Hard Lemonade,28,13,15,46.42857142857143
"The Original Picante Sauce, Medium",21,4,17,19.047619047619047
Baked Garlic Pita Chips,23,8,15,34.78260869565217
Beef Chuck Roast,159,41,118,25.78616352201258
Opti Free Pure Moise Disinfecting Solution,11,3,8,27.27272727272727
Hot Dill Pickle Chips,263,141,122,53.61216730038023
Pinenuts,33,5,28,15.151515151515152
Designer Paper Bowls,32,2,30,6.25
+Energy Black Cherry Vegetable & Fruit Juice,29,11,18,37.93103448275862
White Instant Enriched Long Grain Rice,968,377,591,38.946280991735534
Alive! Women's Multi Vitamin Max Potency,7,0,7,0.0
"Shampoo, Deep Conditioning, Olive & Avocado",9,2,7,22.22222222222222
Roka Blue Cheese Salad Dressing,110,30,80,27.27272727272727
Shelled Pistachios,1949,1020,929,52.334530528476144
Original Pennsylvania Dutch Pretzels,63,41,22,65.07936507936508
Ultra Tide Laundry Detergent Powder - Original (68 loads),94,37,57,39.361702127659576
Green Superfood All Natural Drink Powder,6,3,3,50.0
California Habanero Hot Sauce,15,3,12,20.0
Reveal 72 Watt Halogen Bulb,22,0,22,0.0
"Tender white meat chicken in a red chile lime sauce with a medley of roasted corn, peppers, and rice Chile Lime Chicken",133,77,56,57.89473684210527
In The Raw Turkey Recipe,6,0,6,0.0
Elderberry Extract,14,2,12,14.285714285714285
Pants Pampers Easy Ups Training Pants Boys Size 5 3T/4T Diapers,6,0,6,0.0
Color Extend Conditioner,4,0,4,0.0
Original Lightly Salted Potato Crisps,6,0,6,0.0
Total 2% with Raspberry Pomegranate Lowfat Greek Strained Yogurt,2711,1771,940,65.32644780523792
Organic Cheddar Squares,1436,603,833,41.99164345403899
Tofu Scrambler,8,4,4,50.0
SmartBlend Small Bites Beef & Rice Formula Adult Dog Food,8,1,7,12.5
Regular Strength Chocolate Stimulant Laxative Chews,70,30,40,42.857142857142854
Sea Salt Baked Lentil Chips,610,340,270,55.73770491803278
Instant Enriched Long Grain Rice Premium Rice,7,1,6,14.285714285714285
"2\"" Width Self Adhering Elastic Athletic Bandage",8,0,8,0.0
Grated Parmigiano Reggiano,1788,900,888,50.33557046979866
Organic Greens & Apple Juice,279,187,92,67.02508960573476
Midgees,41,15,26,36.58536585365854
Bee Propolis  1000 mg Capsules,13,4,9,30.76923076923077
Mixed Berries,1639,1070,569,65.2837095790116
Original Liquid Detergent with Bleach,14,3,11,21.428571428571427
Kalamata Olive Crackers,20,12,8,60.0
Miracle Daily Conditioner,6,2,4,33.33333333333333
"Tortillas, Corn, Organic",6100,3551,2549,58.21311475409836
Chicken Breast Kabob,42,15,27,35.714285714285715
Mixed Apple Slices,524,287,237,54.770992366412216
Danimals Smoothie Cotton Candy Flavor,50,22,28,44.0
Organic Gluten & Wheat Free Homestyle Waffles,3170,2239,931,70.63091482649843
Lowfat Strawberry Goat Milk Yogurt,63,41,22,65.07936507936508
"Dishwashing Liquid, Ultra, Cucumber and Melon Scent",40,14,26,35.0
Matcha Green Tea,10,0,10,0.0
Sea Salt Bean & Rice Chips,133,101,32,75.93984962406014
Madagascar Vanilla Ice Cream,686,360,326,52.47813411078717
Singles Deep Dish Meat Trio Pizzas,115,75,40,65.21739130434783
Simply Lemon Herb Chicken,7,0,7,0.0
Vanilla Caramel Latte Black Tea Concentrate,29,13,16,44.827586206896555
Bacon Lust Hunt & Harvest Mix,14,6,8,42.857142857142854
Cold Remedy Daytime & Nightime Quickmelts,3,0,3,0.0
Xtremes Rainbow Berry Chewy Candy,5,0,5,0.0
Chocolate Tartlettes,19,11,8,57.89473684210527
Coconut Crunch Gluten Free Cookie,37,29,8,78.37837837837837
Chipotle Salsa,562,304,258,54.092526690391466
Quench Absolute Ultra Nourishing Conditioner,14,9,5,64.28571428571429
Organic Nuts & Vanilla Beverage,662,535,127,80.81570996978851
"Coconut Chips, Crunchy, Show Me the Honey",15,5,10,33.33333333333333
Indulgent Recipe Chocolate Truffle Pudding,7,2,5,28.57142857142857
Sliced Okra,127,44,83,34.645669291338585
Yellow Rice & Corn With Seasoning,3,1,2,33.33333333333333
Scour Pad Heavy Duty,5,1,4,20.0
Diet Moutain Dew,3,0,3,0.0
Thin Sausage Pizza,17,5,12,29.411764705882355
Framboise Lambic Belgian Raspberry Beer,14,5,9,35.714285714285715
Mixed Sea Vegetables,15,4,11,26.666666666666668
Organic Whole Ground Soy Flour,6,2,4,33.33333333333333
Black Cherry Dairy-Free Yogurt Alternative,148,97,51,65.54054054054053
Tender White Corn Pop Up Bowl,131,81,50,61.832061068702295
Goat Milk Yogurt Vanilla,1224,881,343,71.97712418300654
Gluten Free Hearty Whole Grain Bread Mix,3,0,3,0.0
No Beans Less Sodium Chili,6,2,4,33.33333333333333
Polly-O Mozzarella & Cheddar Cheeses Twists,359,271,88,75.4874651810585
Ground Coffee Kilimanjaro,54,37,17,68.51851851851852
Eye Drops Advanced Relief,15,2,13,13.333333333333334
Heritage Flakes Cereal,957,674,283,70.42842215256009
Bottled Beer,8,2,6,25.0
Bissli BBQ Snack,72,39,33,54.166666666666664
Simply 100 Strawberry Blended Non-Fat Greek Yogurt,1270,849,421,66.85039370078741
Clean Day Fabric Softener Lavender Scent,1077,546,531,50.69637883008357
Buttermilk Pancakes,852,519,333,60.91549295774647
Silhouette for Women L/XL Briefs,22,18,4,81.81818181818183
Homemade Style Basil Pesto,454,112,342,24.669603524229075
Unscented One-Ply Bathroom Tissues,509,269,240,52.848722986247544
Natural Dog Food Turkey & Sweet Potato Formula,166,120,46,72.28915662650603
B Complex 50 High Potency,8,0,8,0.0
Nourishing Shampoo,11,3,8,27.27272727272727
Organic Carrots & Ranch Dip,1071,626,445,58.45004668534081
Sharp Cheddar Cheese Slices,216,129,87,59.72222222222222
"Pumpkin Chips, Crunchy",20,6,14,30.0
Mediterranean Extra Virgin Olive Oil,34,11,23,32.35294117647059
Milk Chocolate Cookie & Caramel Fun Size,224,98,126,43.75
Fruit Bites,6,0,6,0.0
Rev #1 Pepperoni Pizza Snack Wrap,51,30,21,58.82352941176471
Bright Sky Blend Blonde Ground Coffee,43,19,24,44.18604651162791
Baked Organic Sea Salt Crunchy Pea Snack,1166,694,472,59.51972555746141
Rich & Creamy Dark Chocolate Frosting,23,6,17,26.08695652173913
Sesame Flatbreads,26,13,13,50.0
Wisp Max Fresh Mini-Brushes Peppermint - 24 CT,49,23,26,46.93877551020408
Organic Colorado Cracked Wheat Bread,346,246,100,71.09826589595376
"Soap, Indian Hemp & Haitian Vetiver, with Neem Oil",24,6,18,25.0
Original Ravioli,43,12,31,27.906976744186046
Organic All Day Fresh Deodorant Lavender,211,64,147,30.33175355450237
Plain Organic Coconut Milk Yogurt,358,182,176,50.83798882681564
Umbrian Lentil Soup,96,77,19,80.20833333333334
Methyl B12 Lozenges 1000mcg,122,26,96,21.311475409836063
12 Grain Bread,1840,1148,692,62.39130434782608
Fresh Waters Scented Oil Refill Single,12,6,6,50.0
Pinot Noir,3977,2350,1627,59.089766155393505
Gluten Free Thai Spring Rolls 4 Count,43,11,32,25.581395348837212
Asparagus Spears,2368,1080,1288,45.608108108108105
Organic Bran Flakes Cereal,2182,1420,762,65.07791017415215
Prepared Meals Roasted Chicken Recipe  Wet Dog Food,119,66,53,55.46218487394958
Organic Ghee,254,128,126,50.39370078740157
Wastebasket Liners Twist Tie 8 Gallon,40,9,31,22.5
"Mighty 4 Sweet Potato, Blueberry, Millet & Greek Yogurt Tots Snack",2535,1714,821,67.61341222879685
Mayonnaise Safflower,39,15,24,38.46153846153847
California Brown Rice,8,2,6,25.0
Toasted Coconut Chips Original Recipe,3488,1875,1613,53.75573394495413
Extra Protection Shave Gel,13,4,9,30.76923076923077
Natural Earl Grey Beeswax Lip Balm,12,4,8,33.33333333333333
Organic Russian Banana Fingerling Potatoes,312,68,244,21.794871794871796
Herb And Spices Havarti,13,6,7,46.15384615384615
Watermelon Juice,39,16,23,41.02564102564102
Unfrosted Strawberry Toaster Pastries,847,535,312,63.16410861865407
Herbs Ginger Blend Spices,160,34,126,21.25
"Taco Seasoning, No. 4",249,102,147,40.963855421686745
Coconut Milk INon Dairy Frozen Dessert Coconut,177,65,112,36.72316384180791
Raspberries Dark Chocolate Bar,2310,1351,959,58.484848484848484
"Carrot, Mango, & Coconut With Red Lentils Organic Baby Food",160,77,83,48.125
Classic Coleslaw Salad,389,186,203,47.81491002570694
Gluten-Free Supergrain Pasta Organic Corn & Quinoa Blend Penne,2607,1280,1327,49.09858074415037
"Granola, Organic, Currant Walnut",4,0,4,0.0
for Women Maximum Absorbency L Underwear,8,3,5,37.5
Organic Pear Juice,1819,1174,645,64.54095656954371
Quick Dry White Correction Fluid,31,5,26,16.129032258064516
Amazin Prunes Pitted Orange Essence,15,8,7,53.333333333333336
Beautiful Lengths Pantene Pro-V Beautiful Lengths Shampoo 12.6 fl oz  Female Hair Care,12,0,12,0.0
Original Organic Chewy Banana Bites,6,0,6,0.0
Sweet Garden Peas,714,250,464,35.01400560224089
Lengthening Mascara - Graphite,21,1,20,4.761904761904762
Washing Machine Cleaner Pouches,136,33,103,24.264705882352942
Premium Tonic Water,10,2,8,20.0
Citrus Spalsh & Berry Fusion Body Wash,16,2,14,12.5
Crunchy Almond Unsalted Butter,22,7,15,31.818181818181817
Special K Bacon Egg & Cheese Flatbread Breakfast Sandwich,195,123,72,63.07692307692307
Aged Basmati Rice,3,1,2,33.33333333333333
Fully Cooked Baby Back Ribs With Jack Daniel's Glaze,26,6,20,23.076923076923077
Panama Peach Antioxidant Infusion,610,372,238,60.983606557377044
Lemon Sparkling Soda,22,4,18,18.181818181818183
"Salad Kit, Endless Summer",195,84,111,43.07692307692308
Premium Spiced Rum,8,4,4,50.0
"Fresh Pasta Sauce, Marinara Sauce",262,146,116,55.72519083969466
Satsuma,249,47,202,18.87550200803213
Cacao Almondmilk,2,0,2,0.0
Unsweetened Whole Milk Mixed Berry Greek Yogurt,1624,1018,606,62.684729064039416
Scar Treatment Sheets,10,1,9,10.0
Healthy Clean Soft Tootbrush,5,1,4,20.0
Organic 66% Dark Chocolate Baking Drops,149,64,85,42.95302013422819
Just Corn,3,0,3,0.0
2 In 1 Dandruff Green Apple Shampoo & Conditioner,52,7,45,13.461538461538462
Impressions 10.25 Inch Plates,12,4,8,33.33333333333333
B12 1000mcg Liquid Sublingual Drops Raspberry Flavor,14,8,6,57.14285714285714
Ritz Peanut Butter Cracker Sandwiches,726,409,317,56.33608815426997
Organic Campari Cocktail Tomatoes,2753,1853,900,67.30839084634944
Multi Surface Glade® Rainshower Scent Everyday Cleaner,323,117,206,36.22291021671827
Little Gems Sweet Lettuce,10,2,8,20.0
Basil Stir-In Paste,217,54,163,24.88479262672811
Milk Chocolate Coconut,60,35,25,58.333333333333336
Quick Enriched White Hominy Grits,198,50,148,25.252525252525253
Spicy Hummus,3366,2223,1143,66.0427807486631
Hummus Artichoke & Garlic,12,3,9,25.0
Ice Cream Super Chunky Cookie Dough,10,2,8,20.0
Shredded Mexican Blend Cheese,3785,2250,1535,59.44517833553501
Mini Gluten-Free Honey Graham Style Crackers,29,12,17,41.37931034482759
Sourdough Cracked Wheat Bread,316,198,118,62.65822784810127
Soft Rye Loaf Bread,174,124,50,71.26436781609196
Ice Cubes,278,151,127,54.31654676258992
G2 Glacier Freeze Sports Drink Mix,14,4,10,28.57142857142857
Organic Cumin Seeds,30,1,29,3.3333333333333335
Organic Spicy Marinara Sauce,15,6,9,40.0
"Antibacterial Kitchen All Purpose Spray Cleaner, Lemon Fresh",818,213,605,26.03911980440098
Chicken Flavor Ramen Noodle Soup,3235,1442,1793,44.57496136012365
Dishwashing Liquid,7,2,5,28.57142857142857
Citrus + Mint Soap,431,122,309,28.306264501160094
Organic Flaxseed Granola,18,6,12,33.33333333333333
Original Sensuous Slathering Bar-B-Que Sauce,40,9,31,22.5
Fire Roasted Jalapeño Pita Chips,135,70,65,51.85185185185185
Rubber Bands,13,1,12,7.6923076923076925
Chick Peas Garbanzos Premium,138,62,76,44.927536231884055
Sea Salt Sweet Potato Crackers,5,0,5,0.0
Gluten Free Wheat Free Sugar Cookie Mix,32,8,24,25.0
Refined Almond Oil,26,7,19,26.923076923076923
Omega Moisture Foaming Antibacterial Hand Wash,18,4,14,22.22222222222222
Honey Greek Yogurt,8486,6075,2411,71.58849870374735
Wild Fruit Preserves,288,66,222,22.916666666666664
Black Truffle Flavored Olive Oil,27,14,13,51.85185185185185
Super Omega 3 Gems 500mg EPA & DHA Fish Oil 1000 Mg Softgels,13,6,7,46.15384615384615
Quick Dissolve Superfine Pure Cane Sugar,235,103,132,43.829787234042556
Dgiorno Asm Pepperoni Speciale,65,24,41,36.92307692307693
"Sweet Balanced Breaks Monterey Jack Natural Cheese, Dried Cranberries & Dark Chocolate Covered Peanuts Snacks",8,4,4,50.0
Gain & Febreze + ForceFlex OdorShield Original 13 Gallon Tall Kitchen Drawstring Trash Bags,44,8,36,18.181818181818183
Peppered Turkey Breast,1554,1073,481,69.04761904761905
Kiwi Strawberry with Electrolytes & Vitamins Water Beverage,107,72,35,67.28971962616822
Multigrain Waffles,275,132,143,48.0
Sport Panty Liners,8,3,5,37.5
Parmesan & Garlic Kettle Cooked Potato Chips,18,8,10,44.44444444444444
Soft Cream Cheese with Garlic & Herbs,3,0,3,0.0
Corn Starch,1831,137,1694,7.482250136537412
"Buffalo Meat Bar with Cranberries, Apple & Orange Peel",33,10,23,30.303030303030305
French Onion Chips,662,295,367,44.561933534743204
Get Gorgeous Be Well Red Tea,32,11,21,34.375
Authentic Mexican Chocolate Drink Mix Tablets,51,5,46,9.803921568627452
Organic Whole Grain Spanish Rice,1159,452,707,38.99913718723037
Lavender & Chamomile Fragrance 4 in 1 Air Freshener,56,26,30,46.42857142857143
Half & Half Sweet Tea Pink Lemonade,3,0,3,0.0
Chewy Peanut Peanut Butter Granola Bars,902,402,500,44.567627494456765
Chocolate Flavored Low Fat Milk 1%,84,49,35,58.333333333333336
"Chicken Fat, Rendered",30,9,21,30.0
Organic Strawberry Greek Yogurt,219,145,74,66.21004566210046
Organic Peace Pasta & Parmesan Macaroni & Cheese,1082,608,474,56.19223659889094
Chopped Baby Spinach,540,191,349,35.37037037037037
Multi Grain Everything Tortilla Chips,339,189,150,55.75221238938053
Cheddar Cheese,258,154,104,59.68992248062015
12 Oz Lager,370,236,134,63.78378378378379
Premium Chunk White Albacore in Water Tuna,179,68,111,37.988826815642454
Non-lotion White Facial Tissue,97,62,35,63.91752577319587
Gluten Free Apple Cinnamon Oatmeal,12,3,9,25.0
Sharp Yellow Cheddar Cheese,18,11,7,61.111111111111114
Organic Red Palm & Coconut Shortening,176,19,157,10.795454545454545
"Premium Dog Treats, Salmon & Sweet Potato",127,45,82,35.43307086614173
Cafe Steamers Spaghetti & Meatballs,66,39,27,59.09090909090909
Original Essential Antioxidants 100% Vegetable Juice,14,8,6,57.14285714285714
Organix Butcher & Bushel Grain-Free Turkey Dinner Canned Dog Food,415,249,166,60.0
White Cheddar Bunnies,111,38,73,34.234234234234236
Diet Soda,2939,2034,905,69.20721333787002
Deli Fresh Bold Italian Style Herb Turkey Breast,7,1,6,14.285714285714285
Ricanelas Cinnamon Cookies,7,2,5,28.57142857142857
Cajun Seasoning,271,20,251,7.380073800738007
Gluten-Free Chicken Nuggets,5377,2915,2462,54.212386088897155
Tofu Miso Ramen,1747,770,977,44.07555809959931
Duck Mousse with Port Wine,204,104,100,50.98039215686274
Italian All Natural Salad Dressing & Recipe Mix,44,4,40,9.090909090909092
Mozzarella Bites,50,19,31,38.0
Grade AA Extra Large Eggs,1141,554,587,48.55390008764242
"Relaxation Drink, Black Tea, Peach Raspberry Passion Fruit",11,4,7,36.36363636363637
Sheep Milk Original Plain Kefir,10,4,6,40.0
Green Tea Sugar Free Chewing Gum,9,7,2,77.77777777777779
"GemWraps, Mango Chipotle",7,1,6,14.285714285714285
Wheat Free Oatmeal Snackimals,293,149,144,50.85324232081911
Mint Magic Caffeine Free Herbal Tea,105,20,85,19.047619047619047
Lite Thousand Island Salad Dressing,82,27,55,32.926829268292686
Tamari Gluten Free Soy Sauce Reduced Sodium,2102,435,1667,20.694576593720264
Organic Maple Butter,6,0,6,0.0
Light Red Raspberry Yogurt,650,363,287,55.84615384615385
Soft Cleanser with Bleach,46,13,33,28.26086956521739
Popped Barbecue Chips,5,0,5,0.0
Miso Soup Bowl,792,332,460,41.91919191919192
Organic Coconut Bliss Frozen Dessert,675,272,403,40.2962962962963
Neoguri Udon Type Noodle Spicy Seafood,69,36,33,52.17391304347826
Pummelo,13,1,12,7.6923076923076925
Sensitivity Pack Lubricated Condoms,4,0,4,0.0
Dry Spray Sensitive Antiperspirant,32,6,26,18.75
Hickory Smoke Barbecue Sauce,14,1,13,7.142857142857142
Organic Butternut Squash Bisque,224,63,161,28.125
Sweet & Spicy Jalapeno Kettle Cooked Potato Chips,134,72,62,53.73134328358209
Healthy Harvest 100% Whole Grain Rotini,5,1,4,20.0
Sea Scrub With Sea Clay And Kelp Organic Bar,7,2,5,28.57142857142857
Pine Forest Fresh Scent Ant Killer Insecticide,23,1,22,4.3478260869565215
"Dentastix Fresh, Large",59,37,22,62.71186440677966
Himalayan Crystal Lavender Bath Salt,4,0,4,0.0
"Fruities On-The-Go Apple, Mango & Carrot Puree Stage 2",4,0,4,0.0
Spring & Renewal Heavy Traffic Carpet Foam,7,1,6,14.285714285714285
Maximum Hydration 3-in-1 Body Wash,14,2,12,14.285714285714285
Frozen Turkey Meal,54,33,21,61.111111111111114
Protein & Fiber Bar Cupcake Batter,12,4,8,33.33333333333333
3mg Melatonin Dietary Supplement Tablets - 240 CT,41,8,33,19.51219512195122
Crispy Freeze Dried Bananas,109,57,52,52.293577981651374
Butter Unsalted 4 ct,249,155,94,62.24899598393574
Sugar Free Oats and Chocolate Cookies,45,15,30,33.33333333333333
Whole Cleaned Calamari,6,2,4,33.33333333333333
Organic Mint Mélange Herbal Tea,537,204,333,37.988826815642454
Ground Coffee Classico Medium Roast,172,96,76,55.81395348837209
Daily Facial Moisturizer SPF 50+,4,0,4,0.0
Organic Barley Flour,10,2,8,20.0
Cupcake Liner Blue,9,0,9,0.0
Kettle Cooked Original Potato Chips,482,246,236,51.037344398340245
Nut Delight Fruit & Nut Bar,435,228,207,52.41379310344828
100% Florida Orange Juice,1220,951,269,77.95081967213115
Simply Dressed Light Ranch Dressing,8,0,8,0.0
"Monviso, California Heirloom Fresh Peeled Garlic",190,81,109,42.63157894736842
Chicken Quesadilla,1249,794,455,63.570856685348275
"Wax Strips, Face & Bikini, All Hair Types",29,8,21,27.586206896551722
Spry Dental Floss With All Natural Xylitol,5,0,5,0.0
Vidalia Onion Fig Sauce,10,3,7,30.0
Tea Tree calming Conditioner  Revitalisant,3,0,3,0.0
Fragrance Free Liquid Facial Cleansing Formula,42,14,28,33.33333333333333
Spaghetti No 3,65,39,26,60.0
Camembert Soft Ripened,14,3,11,21.428571428571427
Vegetable Medley,2484,1121,1363,45.128824476650564
Thin And Crispy Bbq Chicken,34,25,9,73.52941176470588
Basil Pesto,15638,6877,8761,43.97621179178923
Organic Cheddar & Broccoli Quinoa Squares,215,119,96,55.348837209302324
Organic Protein Chocolate & Almond & Coconut Milk Superfood Smoothie,56,29,27,51.78571428571429
Infusions Ultra Downy® Infusions™ Lavender Serenity™ Liquid Fabric Conditioner 41 FL Oz Fabric Enhancers,234,102,132,43.58974358974359
Organic Bunashimeji Mushrooms,109,51,58,46.788990825688074
Gluten Free Organic Taco Sliders Corn Tortillas,607,325,282,53.54200988467874
Unscented 1000 Sheets Per Roll Bathroom Tissue,2937,1599,1338,54.44330949948928
Beef Bouillon Powdered,6,0,6,0.0
Green Apple Hard Cider,13,4,9,30.76923076923077
Wholesome Medley,15,9,6,60.0
Dortmunder Gold Lager,4,1,3,25.0
Quantum AA Batteries,27,1,26,3.7037037037037033
Classic Wheat Bread,3026,1917,1109,63.35095836087243
Honey Gram Crackers,22,6,16,27.27272727272727
Traditional Style Pink Salmon,101,42,59,41.584158415841586
Australian Sharp Cheddar Cheese,8,1,7,12.5
Instant Cheesecake Pudding Sugar Free Fat Free,24,1,23,4.166666666666666
Light & Lean Roasted Polenta With Swiss Chard,463,199,264,42.98056155507559
Large Value Pack Brushing Chews,16,9,7,56.25
The Organic Candy Bar Caramel Mini,41,21,20,51.21951219512195
Non Drowsy Congestion Relief Tablets,9,1,8,11.11111111111111
Classic Marinara,102,63,39,61.76470588235294
Natural Dishwasher Detergent Gel - Lemon,196,76,120,38.775510204081634
Large Roasting Pan With Handle,29,1,28,3.4482758620689653
Nausea Relief Wristband,8,0,8,0.0
Orange Jel Dessert,17,2,15,11.76470588235294
Original Diced Tomatoes & Green Chilies,2527,961,1566,38.02928373565493
Chocolate Filled Crepe,50,32,18,64.0
100 Calorie Bartlett in Extra Light Syrup Pear Halves,20,2,18,10.0
Light Apple Juice Cocktail,23,6,17,26.08695652173913
Protein Smoothies Awesome Acai Berry,7,2,5,28.57142857142857
Organic Sour Rye Bread,398,237,161,59.54773869346733
Farmhouse Mac & Cheese,726,350,376,48.209366391184574
"Bac'uns, Vegetarian Bits",37,6,31,16.216216216216218
Vanilla Protein Almond Milk,549,277,272,50.45537340619308
Crystal Deodorant Mist Spray,31,7,24,22.58064516129032
Steak Flavor Dog Food,10,2,8,20.0
Organix Organic Chicken & Potato Formula Grain-Free Adult Dog Food,15,5,10,33.33333333333333
Cinnamon & Sugar Pumpkin Seeds,43,14,29,32.55813953488372
African Hot Pepper Sauce,7,0,7,0.0
Drink It Up Coconut Milk Natural Hawaiian Shampoo,317,81,236,25.55205047318612
Cranberry Zero Soda,34,15,19,44.11764705882353
Tomato And Basil Pasta Sauce,23,9,14,39.130434782608695
Cheddar Mild Shredded Cheese,116,40,76,34.48275862068966
EF California White Basmati Eco-Farmed 2 lb Rice,1411,596,815,42.23954642097803
"Santa Barbara Fresh European Style Salad Blend Escarole, Endive, Radicchio",266,167,99,62.78195488721805
Organic Chocolate  Chip Cookie Vanilla Bean Ice Cream Sandwiches,876,549,327,62.671232876712324
90 Calorie Chocolate Chip Cookie,608,373,235,61.348684210526315
Organic Cherries,5629,2549,3080,45.283354059335586
Seltzer Peach Pink Bellini,68,28,40,41.17647058823529
12 Hour Maximum Strength Cough Suppressant,55,4,51,7.2727272727272725
Crab Classic Chunk,42,22,20,52.38095238095239
Organic White English Muffins,3911,2550,1361,65.2007159294298
Organic Grain Free Smooth Chocolate Plant Protein,53,18,35,33.9622641509434
Ground Cinnamon,1823,191,1632,10.47723532638508
Lightly Salted Made W/Pure Sea Salt Cocktail Peanuts,71,25,46,35.2112676056338
Cupcake Icing Rose Red,6,0,6,0.0
Old Fashioned Natural Weiners,11,4,7,36.36363636363637
Fine Selection of Crackers and Biscuits for Cheese,25,11,14,44.0
Complete Whitening + Scope Minty Fresh Toothpaste,136,33,103,24.264705882352942
"Plastic Cutlery Heavyweight, Golden Yellow, Assorted",17,7,10,41.17647058823529
Strawberry Gummy Candy,7,0,7,0.0
Sugar Free Orange Cherry & Grape Pops,26,13,13,50.0
Optic White Platinum Toothpaste White & Radiant Crystal Mint,4,0,4,0.0
Spot's Stew Chicken Dog Food,42,24,18,57.14285714285714
Smoked Pulled Pork,1006,433,573,43.04174950298211
Rosemary & Sesame Crackers,14,3,11,21.428571428571427
Compleats Beef Pot Roast,41,17,24,41.46341463414634
"Notes Cube 3\"" x 3\""",55,9,46,16.363636363636363
Baby Vitamin C tablets,24,9,15,37.5
Chocolate Chip Cookie Dough Ice Cream,8137,3863,4274,47.474499201179796
3D White Luxe Diamond Strong Brilliant Mint,17,2,15,11.76470588235294
Curate Nutrition Bar Irresistible Dark Chocolate Strawberries & Pistachios,21,11,10,52.38095238095239
Italian With Aged Romano Dressing,25,6,19,24.0
Vanilla Almond Bar,142,77,65,54.22535211267606
Slow Churned Strawberry Light Ice Cream,60,18,42,30.0
Italian Lentil Soup w/ Fresh Tomato,8,0,8,0.0
Probiotic Green Coconut Water,815,521,294,63.92638036809816
Jamaican Style Premium Brew Ginger Ale,156,47,109,30.128205128205128
Chunk Light Tuna in Water Pouch,747,323,424,43.23962516733601
Roasted Seaweed Sushi Nori,18,11,7,61.111111111111114
100% Pure Honey,11,4,7,36.36363636363637
Roasted Garlic Quinoa,30,3,27,10.0
All Natural Smoothies Orange Dream Machine,215,116,99,53.95348837209303
Brie,2679,1175,1504,43.859649122807014
Taster's Choice Columbian Single Serve Instant Coffee Sachets,52,16,36,30.76923076923077
"Salad, Baby Spinach & Chicken",18,9,9,50.0
Gluten Free Burrito Chicken & Cheese,109,40,69,36.69724770642202
Organic Cashew Cacao Cookie Dough Butter,7,2,5,28.57142857142857
Chewy Delights Smooth Peppermint Ultra Strength Antacid/Calcium Carbonate,9,4,5,44.44444444444444
Lean Pockets Philly Steak and Cheese Sandwiches,186,95,91,51.075268817204304
Harpers Bazaar,9,3,6,33.33333333333333
Pomegranate Dark Chocolate Bar,7,2,5,28.57142857142857
Dried Blueberries,322,112,210,34.78260869565217
"Chocolate Chip Cookies, Nut Free",2,0,2,0.0
Mini Eclair,10,4,6,40.0
"Sparkling Water, Natural Mango Essenced",736,448,288,60.86956521739131
Smoked Cheddar Beef Franks,11,5,6,45.45454545454545
Caffe Mocha Iced Coffee,115,71,44,61.73913043478261
Unflavored with Electrolytes Water,9,2,7,22.22222222222222
Color Care Shampoo,28,2,26,7.142857142857142
Original Coco Fragrance Free  Bar Soap,79,43,36,54.43037974683544
Organic Raspberry Guayusa Beverage,60,26,34,43.333333333333336
Green Tea with Thai Flavors,27,5,22,18.51851851851852
Okedoke White Popcorn 8oz,17,5,12,29.411764705882355
Lightly Salted Cashew Halves & Pieces,7,2,5,28.57142857142857
Lavender Hand Soap,5941,1983,3958,33.37821915502441
"Corn Bread Mix, Restaurant Style, Original, Low Fat",248,59,189,23.790322580645164
Organic Celery Salt,139,8,131,5.755395683453238
Dairy Free Hazelnut Coconut Milk Creamer,2413,1539,874,63.77952755905512
Hazelnut Gourmet Coffee Creamer,583,383,200,65.69468267581475
B Complex 100 High Potency Vegetarian,12,0,12,0.0
Multivitamin/Multimineral Supplement Tablets for Women,71,6,65,8.450704225352112
Medium Roast Extra Bold Decaffeinated K Cup Coffee Packs,69,32,37,46.3768115942029
Organic Italian Herb Pasta Sauce,3731,1558,2173,41.75824175824176
Fish Sandwich Fillets Original Recipe,13,7,6,53.84615384615385
"Extra Sweet, Extra Creamy Coffee Creamer",261,176,85,67.43295019157088
Fresh Cut Cream Style Golden Sweet Corn,719,217,502,30.180806675938804
Indian Paneer Tikka,2559,1480,1079,57.83509183274717
100% Whole Wheat Pizza Crust,312,166,146,53.205128205128204
Anchovy Fillets in Olive Oil,170,61,109,35.88235294117647
Chicken Condensed Consomme,46,29,17,63.04347826086957
Code Red Soda Cherry Flavor,15,4,11,26.666666666666668
Complete Cold N Flu 4 Kids,7,0,7,0.0
Champagne Vinaigrette,40,12,28,30.0
Wild Sardines in Extra Virgin Olive Oil with Lemon,323,161,162,49.84520123839009
Liquid Water Enhancer Orange Tangerine,466,190,276,40.772532188841204
Milk Chocolate Minatures,1111,724,387,65.16651665166516
Concentrated Pain Relieving Ointment Red Extra Strength,39,3,36,7.6923076923076925
100% Natural Spirulina Powder,2,0,2,0.0
Organic Vanilla Bean Whole Milk Yogurt,76,43,33,56.57894736842105
Organic Chicken Noodle Soup With White Meat,5,2,3,40.0
Vitamin C 1000mg,135,18,117,13.333333333333334
Traditional Pasta Sauce,928,427,501,46.012931034482754
Free & Clear Size 4 Baby Diapers,398,233,165,58.5427135678392
Hass Avocados,50221,37365,12856,74.4011469305669
Organic Sprinkle 24 Herbs & Spices Seasoning,405,99,306,24.444444444444443
"Kale, Apple & Mango Pouch",1470,926,544,62.99319727891156
Edy's Limited Edition Bakery Treats Flavor Ice Cream,20,5,15,25.0
Extra Lean Turkey Breast Cutlet,16,3,13,18.75
Sliced Deli Roast Beef,82,43,39,52.4390243902439
Hearty And Delicious White Sandwich Buns,111,45,66,40.54054054054054
Ranch Vegetable Dip,14,4,10,28.57142857142857
Valencia Orange Concentrated Cleaner & Degreaser,55,13,42,23.636363636363637
California Paisano,9,5,4,55.55555555555556
Smooth & Sweet Citrus Punch,77,55,22,71.42857142857143
Eco-Foil Mini Loaf Pans and Lids (5 23/32 in x 3 5/16 in x  1 7/8 in),26,4,22,15.384615384615385
Agave Lemonade,7,3,4,42.857142857142854
Liquid Soap Ultimate Clean Hair + Body Wash,14,6,8,42.857142857142854
Catch A Wave Mac & Cheese Frozen Dinner,37,12,25,32.432432432432435
Vitamin D3 in Extra Virgin Olive Oil 2500 IU Softgels,16,4,12,25.0
Purple Cauliflower,2133,774,1359,36.28691983122363
Hamburger Dill Chips,295,127,168,43.050847457627114
Unsweetened Cinnamon Raisin Muesli,8,3,5,37.5
Acai Berry Green Superfruit Tea Bags,7,1,6,14.285714285714285
Mild Cheddar Flavored Cheese Dip,111,41,70,36.93693693693694
Single Origin 1,461,267,194,57.9175704989154
Organic Gluten Free Buckwheat Flour,77,9,68,11.688311688311687
Fiber Well Gummies,77,26,51,33.76623376623377
Omega-3 Purified Fish Oil Dietary Supplement,34,18,16,52.94117647058824
Skin Trip Coconut Moisturizer,140,67,73,47.85714285714286
Travel Bottle Pack,10,1,9,10.0
Dandelion Root Tea Bags,8,0,8,0.0
"Popcorn, Naturally Sweet",36,13,23,36.11111111111111
Roasted Pistachio Oil,17,8,9,47.05882352941176
Cavity Protection Cool Mint Flavor Liquid Gel Toothpaste,12,5,7,41.66666666666667
Chewy Chocolate Chip,1,0,1,0.0
Chewy Nut Butter Almond Snickerdoodle Bars,9,0,9,0.0
Belgian Chocolate Milk,44,21,23,47.72727272727273
Drink Probiotic Tropical Orange Juice,178,91,87,51.12359550561798
Sourdough Demi Baguette,67,25,42,37.3134328358209
Ruby Red Grapefruit No Sugar Added 100% Juice,84,39,45,46.42857142857143
Organic Toilet Bowl Cleaner,81,19,62,23.456790123456788
"Matzo, Passover",50,4,46,8.0
Hash Browns Root Vegetable,344,89,255,25.872093023255815
Bowls Tortilla Casserole & Black Beans,1574,760,814,48.284625158831
Original Coconut Water,22,7,15,31.818181818181817
Organic Elbows & Creamy Mild Cheddar Sauce Creamy Deluxe Macaroni Dinner,588,306,282,52.04081632653062
Organic Lactose Free 1% Lowfat Milk,7569,6153,1416,81.29211256440745
"Vegetable Base, Organic",1143,300,843,26.246719160104988
Chocolate Peanut Butter Protein Plus Bar,37,16,21,43.24324324324324
Cracker Crunchers Cooked Ham,60,33,27,55.00000000000001
42% Lower Sodium Provolone Sliced Cheese,29,13,16,44.827586206896555
Yerba Mate Caffeinated Loose Tea,13,2,11,15.384615384615385
Organic White Rice Bowl,69,36,33,52.17391304347826
Veggie Rice and Corn Puffs,105,51,54,48.57142857142857
Organic Love Crunch Granola Dark Chocolate & Red Berries,3650,2574,1076,70.52054794520548
Thin Mint Cupcake Mix,3,0,3,0.0
Green Tea Iced Tea,42,26,16,61.904761904761905
Plain Goat Milk Yogurt,4778,3564,1214,74.59187944746756
Dark Chocolate Sea Salt Cashew,36,25,11,69.44444444444444
Earl Grey Tea Bags,623,281,342,45.10433386837881
Caprese Salad,119,46,73,38.655462184873954
Full Force Ultimate Clean Body Wash,17,3,14,17.647058823529413
Gaia Organic Blend Deep Roast Ground Coffee,22,14,8,63.63636363636363
Love Herbal Tea,36,8,28,22.22222222222222
"Giardiniera, Hot",48,13,35,27.083333333333332
Original Mashed Potatoes,1158,560,598,48.35924006908463
Organic Mild Barbecue Sauce,84,29,55,34.523809523809526
Scribblers Ice Pops,225,80,145,35.55555555555556
Pro-Strength Penetrex Gel Drain Cleaner,108,17,91,15.74074074074074
Chianti Classico Tuscany,5,2,3,40.0
Nooner Pilsner,29,8,21,27.586206896551722
Organic Distilled White Vinegar,9113,3072,6041,33.710084494677936
Homestyle Slices Potatoes,23,6,17,26.08695652173913
"Frankfurters, Beef, Colossal",8,2,6,25.0
Organic Coco Whip,192,65,127,33.85416666666667
Fruit & Veggie Bars,170,75,95,44.11764705882353
Chipotle Bar-B-Que Sauce,6,3,3,50.0
Venus Razor +2 Cartridges,27,2,25,7.4074074074074066
Pebbles Ice Cream Parlor,18,7,11,38.88888888888889
Tikka Masala Simmering Sauce,2,0,2,0.0
Nightlight Specialty 4 Watt Light Bulbs,22,1,21,4.545454545454546
Organic Sage,5262,1451,3811,27.575066514633217
100% Lactose Free 1% Milkfat Chocolate Lowfat Milk,122,72,50,59.01639344262295
Crossovers Lemon with Shortbread Crumble Low-Fat Greek Yogurt,26,14,12,53.84615384615385
Pro Health Multi Protection Refreshing Clean Mint Oral Rinse,30,0,30,0.0
Renewal Firming Night Cream,3,0,3,0.0
Russian River Valley Sauvignon Blanc Wine,86,43,43,50.0
Hydro Body Sponge Light Pink,17,1,16,5.88235294117647
Blended Vanilla Lowfat Yogurt,8,6,2,75.0
Original Beef Jerky,6476,4797,1679,74.07350216182829
Steam'ables Green Peas,27,12,15,44.44444444444444
Hawaiian Aloha HE Liquid Detergent,72,28,44,38.88888888888889
Pain Eze Muscular Tension Tablets,9,6,3,66.66666666666666
Ginger Cookie,63,36,27,57.14285714285714
Tartar Sauce,310,74,236,23.870967741935484
XL Back Medicated Patch,19,9,10,47.368421052631575
Folic Acid 800 Mcg,35,2,33,5.714285714285714
Grain Free Turkey Dinner Food For Dogs,13,7,6,53.84615384615385
Maximum Strength Instant Pain Relief Gel,5,1,4,20.0
Organic Yellow Popping Corn,18,8,10,44.44444444444444
Boston Advance Cleansing Contact Lens Solution,9,3,6,33.33333333333333
95% Fat Free Turkey Franks,33,21,12,63.63636363636363
California Lemonade,2104,1157,947,54.99049429657795
Fire Spicy Cinnamon Sugar Free Gum,67,43,24,64.17910447761194
Basil Dish Soap,3563,1582,1981,44.4007858546169
ProActive Health Smart Puppy Dog Food,22,2,20,9.090909090909092
Sesame Crackers,8,3,5,37.5
Tasters Choice Stick Columbian,17,13,4,76.47058823529412
Wasp & Hornet Killer,14,1,13,7.142857142857142
Vegan Rice Protein,8,0,8,0.0
Original Dish Liquid,616,196,420,31.818181818181817
Truffle Mac & Cheese,15,2,13,13.333333333333334
Lemon Verbena Candle,230,76,154,33.04347826086956
Cantaloupe Spears,206,112,94,54.36893203883495
Gluten Free Orzo Pasta,195,64,131,32.82051282051282
Regenerist Micro-Sculpting Cream Fragrance Free,4,0,4,0.0
Glide Pro-Health Clinical Protection Fresh Mint Floss,32,8,24,25.0
Reduced Sugar Craisins,502,157,345,31.274900398406373
Organic Sunday Bacon,12391,7680,4711,61.98046969574691
Tea Tree Scalp Treatment Conditioner,47,2,45,4.25531914893617
Dundee Orange Marmalade,20,8,12,40.0
Organic Pure Aloe,378,208,170,55.026455026455025
Organic Russet Potatoes,58,7,51,12.068965517241379
"Pain Relief, Gel, Value Size",37,11,26,29.72972972972973
Protein PLUS Vanilla Bean Protein Shake,58,37,21,63.793103448275865
Chicken Sausage 3 Cheese Italian Style,98,47,51,47.95918367346938
Muscat Grapes,1469,603,866,41.04833219877468
Light Beer Cans,78,37,41,47.43589743589743
Alkaline C Batteries,177,22,155,12.429378531073446
Italian Dill Spears Hot,441,250,191,56.68934240362812
TofuPlus Black Soybean Organic Firm Tofu,36,10,26,27.77777777777778
Strawberry Flavor Fermented Dairy Probiotic Acidophilus+C,239,161,78,67.36401673640168
Rapid Wrinkle Repair Eye Cream,5,2,3,40.0
Classic Potato Gnocchi,812,388,424,47.783251231527096
White Creamy Frosting,4,0,4,0.0
Whipped Cream Vodka,46,33,13,71.73913043478261
Chai Green Tea Bags,43,20,23,46.51162790697674
Deadman's Reach Organic Dark Roast Whole Bean Coffee,102,79,23,77.45098039215686
Raisin Bread,737,539,198,73.13432835820896
Vanilla Dairy-Free Yogurt,47,23,24,48.93617021276596
"Balsamic Vinegar, of Modena",38,6,32,15.789473684210526
Regular Cardboard Applicator Unscented Tampons,84,19,65,22.61904761904762
Sliced Pancetta Americana,463,114,349,24.622030237580994
Oreo Chocolate Sandwich Cookies,4914,2273,2641,46.25559625559625
"Ramen, Soba",117,28,89,23.931623931623932
Chocolate Brownie Wonder Crispy Protein Energy Bar,31,17,14,54.83870967741935
Pure Cotton Squares,37,6,31,16.216216216216218
Peach & Willowbark Deep Pore Scrub,30,10,20,33.33333333333333
Citrus Blend Sugar Free Menthol Drops Cough Suppressant,12,1,11,8.333333333333332
Yellow American Cheese Singles,45,31,14,68.88888888888889
Jewish Rye Bread,46,14,32,30.434782608695656
Naturals Purifying Pore Scrub,15,6,9,40.0
Mini,21,5,16,23.809523809523807
Original Pizza Sauce,178,59,119,33.146067415730336
Baby Food Pears Squash,1321,686,635,51.93035579106737
100% Pure Grade A Dark Amber Maple Syrup,315,71,244,22.53968253968254
Chicken Jerky Tenders Dog Treats,48,20,28,41.66666666666667
Cold Pressed Orange Juice,65,37,28,56.92307692307692
Radish,2500,1053,1447,42.120000000000005
Unscented Roll-on Anti-Perspirant Deodorant,27,9,18,33.33333333333333
Organic Naked Coconut Non-Dairy Frozen Dessert,19,3,16,15.789473684210526
Fiber Rich Wheat Tortillas Fajita Size,699,419,280,59.94277539341917
Organic Gluten Free Selections Dark Chocolate Chip Waffles - 6 CT,709,390,319,55.00705218617772
Chocolate Egg White Protein Mix,7,1,6,14.285714285714285
Series Sensitive Shave Cream,30,7,23,23.333333333333332
Hamburger Helper Crunchy Taco,38,16,22,42.10526315789473
Orbit Spearmint,165,91,74,55.15151515151515
Sesame Teriyaki Noodle Bowl,123,56,67,45.52845528455284
Splash Strawberry Kiwi,38,18,20,47.368421052631575
Choco-Mint Frozen Dessert,21,5,16,23.809523809523807
Red Bell Pepper,3471,1987,1484,57.24575050417747
Very Volumizing Pomegranate Conditioner,11,1,10,9.090909090909092
Free & Clear Dish Liquid,50,11,39,22.0
Medium Yellow Onions,29,9,20,31.03448275862069
"Black Elderberry, Vegetarian Liquid Phyto-Caps",17,4,13,23.52941176470588
Light Strawberries 'n Bananas Fat Free Yogurt,881,492,389,55.845629965947786
Snack Size Zipper Bags,213,59,154,27.699530516431924
Lychee,222,66,156,29.72972972972973
Kids' Cavity Protection Bubble Mint Toothpaste,309,92,217,29.773462783171524
Double Chocolate Chip Muffin Mix,9,2,7,22.22222222222222
Original Pork Sausage Patties,30,3,27,10.0
Chicken & Broccoli Alfredo,200,109,91,54.50000000000001
English Toffee Caramels,18,2,16,11.11111111111111
Chili Rellano Casserole Bowl,81,39,42,48.148148148148145
Sour Cream & Chives Mashed Potatoes,18,8,10,44.44444444444444
Bourbon,10,5,5,50.0
Cafe Steamers Grilled Chicken Marinara With Parmesan,459,241,218,52.505446623093675
California Chenin Blanc,10,0,10,0.0
STRAWBERRY CREAM,23,14,9,60.86956521739131
Sidecar Orange Pale Ale,3,0,3,0.0
Watermelon Unsweetened Drink Mix,24,10,14,41.66666666666667
Everything Cream Cheese,3,0,3,0.0
Cardamom,49,1,48,2.0408163265306123
Kids  Mix,17,13,4,76.47058823529412
Raw Mineral Rich Crusts,20,11,9,55.00000000000001
Minced Garlic Squeeze,36,6,30,16.666666666666664
Lite Country French Dressing,19,6,13,31.57894736842105
Slider Quart Storage Bags,96,36,60,37.5
Colby & Monterey Jack Cheese Sticks 12 Count,26,16,10,61.53846153846154
"Motion Sickness Relief, Less Drowsy Formula, 25 mg",29,4,25,13.793103448275861
Chicken Parmigiana & Penne,498,282,216,56.62650602409639
Paris Blonde Hair Coloring Color Touch Up Systems,10,3,7,30.0
Doritos Nacho Cheese Sandwich Crackers,7,1,6,14.285714285714285
Organic Jazz Apple,514,224,290,43.57976653696498
Organic Creamy Almond Butter,279,142,137,50.89605734767025
Coconut Creme Filled Dark Chocolate,7,0,7,0.0
Mezze Penne Pasta,612,263,349,42.97385620915033
French Vanilla Coconut Milk Creamer,5517,3789,1728,68.67862969004894
Normal Perfect C Serum,12,4,8,33.33333333333333
Round Dish Scrubber,81,6,75,7.4074074074074066
Vanilla Enriched Rice Drink,236,126,110,53.38983050847458
"Salad Dressing, Bleu Cheese, Vegan",201,93,108,46.26865671641791
Organic Daikon Radish Sprouts,164,72,92,43.90243902439025
Natural Stain Remover,515,204,311,39.6116504854369
"Cocoa Powder, Natural, Sweetened",4,0,4,0.0
Compleats Good Mornings Sausage Breakfast Scramble,7,0,7,0.0
Jolly Rancher,415,128,287,30.843373493975907
Navel,114,49,65,42.98245614035088
Apple Cinnamon Granola Clusters,104,58,46,55.769230769230774
Organic Chewy Dark Chocolate Almond Granola Bars,313,117,196,37.38019169329074
Hummus Chips Spicy Chili Pepper,16,8,8,50.0
Tender Favorites Chicken & Liver in Sauce Wet Cat Food,3,0,3,0.0
Peanut Butter & Molasses Healthy Treats for Dogs,18,8,10,44.44444444444444
7 in. Gluten Free Pizza Crusts,32,22,10,68.75
Beefaroni,410,222,188,54.146341463414636
Jade Cloud Green Tea,23,17,6,73.91304347826086
Rigatoni Pasta,4331,1893,2438,43.70815054259986
Family Pack Beef & Bean Chimichangas,337,212,125,62.908011869436194
Organic Black Mustard Seed,109,10,99,9.174311926605505
Limon,34,16,18,47.05882352941176
Septic System Treatment (Powder),7,1,6,14.285714285714285
Frozen Unsweetened Whole Strawberries,533,202,331,37.89868667917448
Organic Lotion Lavender Coconut,6,0,6,0.0
Smokey Chipotle Raw Sauerkraut,90,47,43,52.22222222222223
6 OZ LA PANZANELLA CROSTINI ORIGINAL CRACKERS,5388,3252,2136,60.35634743875279
Original Pancake Mix,105,49,56,46.666666666666664
Sunflower Fabric Softener,3,1,2,33.33333333333333
"Beet, Apple, Carrot, Lemon, Ginger Cold Pressed Juice Beverage",359,224,135,62.39554317548747
Kiwi Sandia Sparkling Water,9148,5896,3252,64.4512461740271
Indian Cuisine Bengal Lentils,222,56,166,25.225225225225223
Cinn A Rolls,14,5,9,35.714285714285715
Cashews,160,76,84,47.5
3D White™ Luxe Mouthwash - Fresh Mint,96,25,71,26.041666666666668
Gluten Free Supreme Pizza,734,356,378,48.50136239782017
ColorStay Eyeliner - Black Brown,15,0,15,0.0
Organic Gold Beets,859,289,570,33.64377182770664
No Sugar Added Cherry Mixed Fruit,34,4,30,11.76470588235294
Organic Cucumbers,230,90,140,39.130434782608695
Amontillado Sherry,4,0,4,0.0
Ultra Thin Super with Flexi-Wings Unscented Pads,86,18,68,20.930232558139537
Smart Ones Mixed Berry Smoothie,3,0,3,0.0
Birthday Candles,265,9,256,3.3962264150943398
Baby Wash & Shampoo,201,89,112,44.27860696517413
Peach Mango Stage 2 Baby Food,628,341,287,54.29936305732485
"Miso, Organic, Mellow, White",1009,158,851,15.659068384539149
Ritz Crackerfuls Classic Cheddar Filled Crackers,24,16,8,66.66666666666666
Sensitive Skin Extra Gentle Wipes Hand & Face,45,12,33,26.666666666666668
Air Infusion Clean Linen Scented Air Freshener Spray,73,18,55,24.65753424657534
Oatmilk Calendula Moisturizing Baby Shampoo & Wash,69,19,50,27.536231884057973
Organic Bakery Tortillas Whole Spelt,1849,1209,640,65.38669551108708
Light & Fluffy Buttermilk Complete Pancake Mix Family Size,29,7,22,24.137931034482758
Echinacea Goldenseal Compound,26,5,21,19.230769230769234
Sicilian Olives And Wild Capers Sauce,18,7,11,38.88888888888889
Pelmeni w/ Beef,108,66,42,61.111111111111114
Peeler,50,4,46,8.0
Egyptian Mint Green Tea,7,3,4,42.857142857142854
Deli Fresh Mesquite Smoked Turkey Breast Family Size,231,113,118,48.917748917748916
Beachside Flavors Party Mix Crunch Cat Treats,34,19,15,55.88235294117647
100% Natural Spring Water,6938,5052,1886,72.81637359469588
90 Calorie Cinnamon Coffee Cake Soft-Baked Bars,13,8,5,61.53846153846154
Manischewitz Tam Tams Original Snack Crackers,46,22,24,47.82608695652174
Halved Brussel Sprouts,7,1,6,14.285714285714285
Valentine's Day Milk Chocolate Kisses,13,0,13,0.0
Jumbo Ice Cream Cup Cones,9,2,7,22.22222222222222
Grand Ice Cream Nestle Toll House Mint Brownie,28,15,13,53.57142857142857
Crispy,8,1,7,12.5
Yellow Grape Tomatoes,7535,5443,2092,72.23623092236231
Sparking Apple Cider,65,13,52,20.0
Certified Organic Oranges,334,96,238,28.74251497005988
Gluten Free Matzo Meal,39,6,33,15.384615384615385
Organic Bananas Bananas Bananas Super Smooth Puree Stage 1,178,105,73,58.98876404494382
Allergy Tablets,24,4,20,16.666666666666664
Garlic Bread,2128,887,1241,41.68233082706767
Buttery Spread Light With Flaxseed Oil,365,177,188,48.49315068493151
Spicy Marinara Pasta Sauce,342,137,205,40.058479532163744
Chicken & Rice Traditional Ground Dinner Dog Food,154,100,54,64.93506493506493
Fresh Tomato & Basil Sauce,628,317,311,50.477707006369435
Yogurt Simply Plain,101,69,32,68.31683168316832
Complete ActionPacs Lemon Burst Dishwasher Detergent,357,135,222,37.81512605042017
Naturals Acne Foaming Scrub,4,0,4,0.0
Mediterranean Medley Greek Olives,29,16,13,55.172413793103445
Totally Natural Kettle Cooked Potato Chips,46,18,28,39.130434782608695
Pineapple Orange 100% Juice,874,459,415,52.517162471395885
Discreet Incontinence Underwear Maximum Classic Cut Extra-Large,14,8,6,57.14285714285714
Classic Pate Country Style Dinner Cat Food,13,6,7,46.15384615384615
Multigrain Large Buns,16,3,13,18.75
Captain Variety Pack,23,11,12,47.82608695652174
4 Pack Apple Turnover,22,10,12,45.45454545454545
Cauliflower Au Gratin,30,13,17,43.333333333333336
Cherry Echinacea Zinc Lozenges,150,41,109,27.333333333333332
Organic Potato Russet,1142,528,614,46.234676007005255
"Organic, Whole Bean, Espresso Roast Coffee",37,16,21,43.24324324324324
Sport Bottle with Flip Cap Natural Spring Water,490,363,127,74.08163265306122
Glycerin Suppositories,19,7,12,36.84210526315789
Sweet & Sour Chicken Complete Meals,16,4,12,25.0
Egg Pappardelle,45,11,34,24.444444444444443
Organic Wraps Wheat,817,599,218,73.3170134638923
Wakame,18,0,18,0.0
Caramel Biscuits,6,2,4,33.33333333333333
Natural Everyday Conditioner,31,13,18,41.935483870967744
Sugar Free Chewy Caramel,18,10,8,55.55555555555556
Select A Size Large Paper Towels,2,0,2,0.0
Select Bags Of Gold Frozen Appetizers,20,15,5,75.0
Banana Peanut Butter Greek Frozen Yogurt,46,12,34,26.08695652173913
Advantage Oral-B Complete Deep Clean Soft Bristles Toothbrush,220,66,154,30.0
Sweet Freedom No Sugar Added Low Fat Vanilla Ice Cream Mini Cones,4,1,3,25.0
Max Cockroach Killer,23,3,20,13.043478260869565
Rice & Quinoa Drink Organic Original Unsweetened,18,7,11,38.88888888888889
Pain Reliever and Fever Reducer Caplets,34,5,29,14.705882352941178
Peanut Almond & Dark Chocolate Protein Chewy Bars,551,267,284,48.457350272232304
Cashew Milk Snickerdoodle Non-Dairy Frozen Dessert,1044,494,550,47.31800766283525
Double Chocolate Chip Cookies with Dirty Mint Chip Ice Cream,610,268,342,43.9344262295082
Traditional Yellow Mustard,34,4,30,11.76470588235294
Gluten Free  Herb Crusted Fish Fillet,14,5,9,35.714285714285715
White Meat Chicken Spread,28,12,16,42.857142857142854
Honey Mustard Tiny Twists Pretzels,165,88,77,53.333333333333336
Turmeric Ginger Aid Elixir,212,119,93,56.132075471698116
Lite Mayonnaise,86,39,47,45.348837209302324
Sunwiches,367,189,178,51.49863760217984
Ground Espresso Coffee Medium Roast,1477,925,552,62.62694651320244
Black Cherry Soda,145,76,69,52.41379310344828
Warrior Meal High Protein Raw Almond Raisin,123,48,75,39.02439024390244
Bhuja Snacks Cracker Mix,25,9,16,36.0
Once Daily Probiotic,101,23,78,22.772277227722775
G Series Perform Lemon Lime Sports Drink,1498,864,634,57.67690253671562
Aloe Oatmeal Soap Bar,113,37,76,32.743362831858406
Cocoa Noir Cold Brew Coffee With Almondmilk,1174,641,533,54.59965928449745
Organic Ground New Mexico Chile,17,0,17,0.0
Au Jus Gravy,5,0,5,0.0
Canadian Style Turkey Bacon Muffin Sandwiches,27,8,19,29.629629629629626
Choice Cuts® Poultry Menu Variety Pack,113,72,41,63.716814159292035
Peppercorn Medley Grinder,882,106,776,12.01814058956916
Clinical Strength Stress Response,34,12,22,35.294117647058826
Pearl Super Scented Tampons,124,32,92,25.806451612903224
Ethiopia Limu Gale Kemise Medium Roast Coffee,33,22,11,66.66666666666666
Dry Roasted 100 Calorie Packs Almonds,731,406,325,55.54035567715459
Organic Fruity Hearts,31,2,29,6.451612903225806
Active Naturals Positively Nourishing Body Wash With Hydrating Fig & Shea Butter,23,5,18,21.73913043478261
Organic Jalapeno Cilantro Hummus,1288,613,675,47.59316770186335
Robust Italian Dressing,8,2,6,25.0
Children's Grape Flavor Nighttime Cough Syrup,43,12,31,27.906976744186046
Crunchy Peanut Choco Crunch Granola Bars,102,60,42,58.82352941176471
Wonderful 100% Pomegranate Blueberry  Juice,103,62,41,60.19417475728155
Peanut Butter Ice Cream Slice Bars,5,0,5,0.0
Allergy 24 Hour Relief - 15 CT,87,15,72,17.24137931034483
Cherry And Almond 70% Dark Chocolate Bar,433,210,223,48.49884526558891
Organic Peas,73,39,34,53.42465753424658
"Smart Strips, Chik’n Style Seasoned Veggie Strips",5,1,4,20.0
Japanese Thick Udon Noodles,4,1,3,25.0
Sliced Pepper Jack Cheese,662,408,254,61.631419939577036
Stress B-Complex with Vitamin C & Zinc,16,1,15,6.25
Super Nutty Granola,204,143,61,70.09803921568627
Blue Cheese Dressing & Dip,664,399,265,60.09036144578314
Unfrosted Buncha Blueberries Toaster Pastries 6 Count,170,92,78,54.11764705882353
Slow Cooker Liners,452,144,308,31.858407079646017
Organic Mung-Bean Sprouts,4057,2010,2047,49.54399802809958
Sun Dried Tomato Garlic Pre-Cooked Polenta,39,13,26,33.33333333333333
Organic Pomegranate Blueberry Cherry Juice,26,19,7,73.07692307692307
Hot Pocket Sausage Egg & Cheese Breakfast Sandwich,219,112,107,51.141552511415526
Kettle Cooked Waffle Cut Buffalo Cheddar Potato Chips,59,20,39,33.89830508474576
Elegant Medleys Tuna Recipe Variety Wet Cat Food,45,28,17,62.22222222222222
Ultra Soft & Strong Bathroom Tissue Rolls,86,46,40,53.48837209302325
Garlic Parmesan Popcorn Seasoning,27,6,21,22.22222222222222
Sweetened Iced Black Coffee,41,17,24,41.46341463414634
Mega Moist Conditioner,62,12,50,19.35483870967742
Snack Size Candy Bar,186,84,102,45.16129032258064
"Cheese, Sheep & Goat's Milk, Barrel-Aged, Feta",858,438,420,51.048951048951054
Organic Vanilla Lowfat Milk,123,80,43,65.04065040650406
Plain Baked Pita Chips,56,21,35,37.5
Green Tea 6pk,74,52,22,70.27027027027027
Kb Clb Stick Organic Fmly,1,0,1,0.0
Gluten-Free Lemon Thyme Linguine,457,245,212,53.610503282275715
Light Spread Butter Substitute,942,421,521,44.69214437367304
Bubblemint Sugarfree Gum,202,132,70,65.34653465346535
Compact Emery Boards,16,2,14,12.5
Ferrero Collection Chocolate Variety,13,4,9,30.76923076923077
Oktoberfest Malt Liquor,5,1,4,20.0
Number 4 Vim and Vigor Cold-Pressed Juice,8,3,5,37.5
Coffee-Mate Creme Brulee Flavor Coffee Creamer,58,25,33,43.103448275862064
Diet Caffeine Free Soda,599,360,239,60.10016694490818
"Thins, Garlic & Onion",125,46,79,36.8
Bar All Natural Harbor New England Style Lobster Bisque Soup,62,18,44,29.03225806451613
Special Dark Miniatures Chocolate Candy,70,41,29,58.57142857142858
Rice Sides Mushroom Side Meal,39,21,18,53.84615384615385
Organic Ground Turkey,3687,2128,1559,57.716300515324114
Decaf Roast Coffee,40,13,27,32.5
Jalapeno Swirls,65,17,48,26.153846153846157
Almond Toffee Ice Cream,17,3,14,17.647058823529413
Solid White Longline Albacore Tuna In Water,111,63,48,56.75675675675676
Soft Full Head Toothbrush,42,2,40,4.761904761904762
Original Spray,1512,893,619,59.06084656084656
Stuffed Hash Browns Sausage &  Cheese,33,10,23,30.303030303030305
Conditioner - More Moisture Baobab,16,3,13,18.75
Chocolate Almond Coconut High Protein & Fiber Bar,788,433,355,54.9492385786802
Kids Broad Spectrum 50+ Spray Sunscreen,8,1,7,12.5
Special K Chocolatey Delight Cereal,1020,654,366,64.11764705882354
Peanut Butter Eggs,31,4,27,12.903225806451612
"Yogurt, Lowfat, Strawberry",8030,5666,2364,70.56039850560398
Daily Fiber Formula,3,0,3,0.0
Fruit and Nut Dark Chocolate,11,3,8,27.27272727272727
Mexican Style Hominy,1406,409,997,29.089615931721198
72% Dark Chocolate Spicy Aztec Bar,7,3,4,42.857142857142854
Fat Free Lemon Greek Yogurt,15,5,10,33.33333333333333
Whiskas® Temptations® SUPER Mega Bag Chicken,28,14,14,50.0
101 Bourbon Whiskey,31,17,14,54.83870967741935
Plus OxiClean Stain Fighters Fresh Scent Power Paks Laundry Detergent,5,0,5,0.0
Organic Stage 2 Pear Apricot Barley Baby Food,502,317,185,63.147410358565736
House Blend Medium/Smooth Ground Coffee,7,1,6,14.285714285714285
Multigrain Oat Bread,4970,3507,1463,70.56338028169013
Decaf House Blend Ground Coffee,48,15,33,31.25
Power O's Strawberry,135,61,74,45.18518518518518
Premium Cat Foods Pate Chicken & Liver Entree,21,12,9,57.14285714285714
Organic Hojicha Green Tea,166,57,109,34.33734939759036
Peanut Butter & Co Cinnamon Raisin Swirl,107,51,56,47.66355140186916
Citrus Iced Green Tea,132,71,61,53.78787878787878
Peach Pure Body Immune Support Blend,244,196,48,80.32786885245902
Perfectly Protein Vanilla Chai Tea,204,110,94,53.92156862745098
Daily Care Fortifying Shampoo,21,3,18,14.285714285714285
Chunky Chicken Broccoli Cheese with Potato Soup,134,45,89,33.582089552238806
Fruit Punch Flavored Soda,9,3,6,33.33333333333333
Eez-Thru Floss Threaders,13,1,12,7.6923076923076925
Fresno Fog Split Pea Soup,5,0,5,0.0
Goat Cheese and Roasted Tomato Mezzelune Pasta,250,115,135,46.0
Organic Tomato,948,315,633,33.22784810126582
Classic Macaroni and Cheese Cups,286,181,105,63.286713286713294
Original Non-Dairy Creamer,11,5,6,45.45454545454545
Jumbo Spaghetti & Meatballs In Hearty Tomato Sauce,61,39,22,63.934426229508205
Berries Strawberry,4,0,4,0.0
Crenshaw Melon,44,7,37,15.909090909090908
Banquet Beer,3,1,2,33.33333333333333
Organic Bread Crumbs,47,9,38,19.148936170212767
Spaghetti Squash,3177,1228,1949,38.65281712307208
Lofhouse Frosted Sugar Cookies - 10 CT,10,3,7,30.0
Toasted Sliced Almonds,101,19,82,18.81188118811881
Bun Length Beef Franks,1806,908,898,50.27685492801772
Greek Yogurt Vanilla Honey,18,11,7,61.111111111111114
Organic Cara Cara Orange,427,202,225,47.306791569086656
Deluxe Original Cheddar Macaroni & Cheese Dinner,754,357,397,47.3474801061008
Citroen Vodka,19,8,11,42.10526315789473
Tootie Fruities,48,23,25,47.91666666666667
Butter Lover's Microwave Popcorn,65,24,41,36.92307692307693
Kalamata Greek Olives,15,2,13,13.333333333333334
0% Fat Peach Greek Yogurt,90,36,54,40.0
Organic Protein Chewy Peanut Butter Chocolate Chip Granola Bars,1393,755,638,54.19956927494616
Steamers Green Beans & Almonds,459,248,211,54.03050108932462
Canine Cuisine Gourmet Filet Mignon New York Strip Wet Dog Food,137,85,52,62.04379562043796
Cocktail Tomatoes,79,42,37,53.16455696202531
Sno Balls,32,9,23,28.125
Cheese Flavor Puffcorn,113,69,44,61.06194690265486
Organic Whole Peeled Tomatoes,5488,2228,3260,40.59766763848396
Organic Nine Grain,537,431,106,80.26070763500931
Decaffeinated Blackberry Pomegranate Green Tea,21,7,14,33.33333333333333
Canned Spam With Real Bacon,42,14,28,33.33333333333333
Mixed Fruit  No Sugar Added,165,77,88,46.666666666666664
Ultimate Flora RTS Daily Probiotic 15 Billion,138,34,104,24.637681159420293
Classic Candy Corn Made With Real Honey,34,2,32,5.88235294117647
Gluten Free Corn Elbow Style Pasta,21,6,15,28.57142857142857
Almond Butter Biscuits,326,219,107,67.17791411042946
French Vanilla Granola,75,37,38,49.333333333333336
Organic Gunpowder Green Tea,1009,512,497,50.74331020812686
Children's DHA Arctic Cod Liver Oil,34,4,30,11.76470588235294
Wood Chips 100% Natural Hickory,8,0,8,0.0
Grass Fed Top Sirloin Steak,8,3,5,37.5
Milano Dark Chocolate Cookies,1121,602,519,53.70205173951829
Thai Coconut Nut Burger,12,2,10,16.666666666666664
Calorie Free Sweetener,905,523,382,57.790055248618785
Pet Stain And Odor Remover Spray,116,28,88,24.137931034482758
Red Pearl Onions,47,13,34,27.659574468085108
"Heavy Duty 18\"" Aluminium Foil",576,126,450,21.875
Original Baked Whole Grain Wheat Crackers,4344,2361,1983,54.350828729281766
Multigrain Sandwich Rounds,14,4,10,28.57142857142857
Pan di Stelle,29,18,11,62.06896551724138
Organic Fruit Yogurt Smoothie Mixed Berry,1518,1036,482,68.24769433465086
pumpkin spice,207,67,140,32.367149758454104
Pureed Baby Food Strawberries Carrots,288,78,210,27.083333333333332
Midnight Brownie Cookies,1,0,1,0.0
Click Regular Compact Tampons,19,4,15,21.052631578947366
Sangria,47,15,32,31.914893617021278
Port & Porcini Mushroom Tortelloni,4,0,4,0.0
Sport Milk Chocolate With Cornflakes Bar,75,46,29,61.33333333333333
"Moisturizing Cream Shave, Aloe-Unscented",25,10,15,40.0
Dark Roast French Roast Ground Coffee,47,18,29,38.297872340425535
Arnica Montana 6C Homeopathic Pellets,87,28,59,32.18390804597701
HE Turbo Clean Plus Downy April Fresh Scent Liquid Laundry Detergent,255,146,109,57.25490196078431
Extra Fresh Body Wash with Pump,85,27,58,31.76470588235294
ProSobee Soy Infant Formula Powder,6,1,5,16.666666666666664
Teriyaki Marinade,311,88,223,28.29581993569132
Good Start® Gentle for Supplementing Powder Infant Formula,7,3,4,42.857142857142854
Sweet 'n Crunchy Kettlecorn,104,39,65,37.5
Organic Lite Balsamic Vinaigrette Dressing,29,12,17,41.37931034482759
Sweet Red Chili Dipping & All-Purpose Sauce,530,94,436,17.735849056603772
Premium Sprouted Artisan Seven-Grain Wraps,152,81,71,53.289473684210535
Hungry Man Country Fried Steak,7,2,5,28.57142857142857
King Crab Legs,2,0,2,0.0
Lancaster Caramel Soft Cremes,5,0,5,0.0
Antibacterial Sheer Bandages,15,0,15,0.0
Blue Edition Blueberry Flavored Energy Drink,193,135,58,69.94818652849742
Chopped Walnuts,10027,3639,6388,36.29201156876434
Pomegranate Blackberry Probiotics Juice Drink,2023,1168,855,57.73603559070687
Organic Green Lemonade,485,156,329,32.16494845360825
Split Pea & Ham with Natural Smoke Flavor RTS Soup,27,10,17,37.03703703703704
Sugar Free Gum Ice Cubes Cinnamon,11,6,5,54.54545454545454
Original Denture Adhesive Cream,24,11,13,45.83333333333333
Coconut Cookies,4,1,3,25.0
Knot Today Leave In Conditioner/Detangler,69,20,49,28.985507246376812
100% Whole Wheat Fusilli No. 34,237,145,92,61.18143459915611
Arm & Hammer Kid's Spinbrush My Way! Crazy Wrapz Powered Toothbrush,16,1,15,6.25
Compleats Turkey & Dressing,50,25,25,50.0
Core Original Fish And Fowl Cat Food,21,14,7,66.66666666666666
Mint Chocolate Chip High Protein Bar,537,278,259,51.76908752327747
Pecan Pie Fruit & Nut Food Bar,1818,919,899,50.550055005500546
Peppered Salame,505,248,257,49.10891089108911
Italian Lemon Juice,113,35,78,30.973451327433626
Farmer’s Market Vine Ripened Tomato & Basil Hummus,21,8,13,38.095238095238095
Three Cheese Tortellini with Bacon,35,14,21,40.0
"Bread, Double Fiber",1528,1018,510,66.62303664921467
Organic Turkey Gravy,379,61,318,16.094986807387862
California Seedless Raisins,12,4,8,33.33333333333333
Fragrance Free Baby Shampoo & Wash,26,6,20,23.076923076923077
100% Organic Lignan Rich Flax Oil,6,1,5,16.666666666666664
Organic Blueberry Lowfat Kefir,5,1,4,20.0
Vegetable Lumpia,9,4,5,44.44444444444444
Citrus Soda,263,145,118,55.13307984790875
Wild Caught Sockeye Salmon Fillets,133,39,94,29.32330827067669
Penne Rigate,9097,4866,4231,53.49016159173354
Premium Turkey Formula Cat Food,89,48,41,53.93258426966292
Cinnamon Raisin Mini Bagels,88,35,53,39.77272727272727
Toll House Milk Chocolate Morsels,920,326,594,35.434782608695656
Gourmet Ice Cream Sandwiches,4,1,3,25.0
Arabica Premium Whole Bean Medium Roast Coffee,20,10,10,50.0
Hair Expertise EverPure Smooth Shampoo,13,2,11,15.384615384615385
Rotisserie Deli Shave Chicken Breast,1293,798,495,61.7169373549884
100% Natural Tomato Puree,72,12,60,16.666666666666664
Natural Cheese Pizza,69,36,33,52.17391304347826
Assorted Latex Free Fabric Bandages,171,24,147,14.035087719298245
Lemon Scented Room Freshener,28,8,20,28.57142857142857
Sweeper X-Large Floor Mop Starter Kit,13,0,13,0.0
Organic Darkest Cacao Truffles,133,97,36,72.93233082706767
Enriched Gold Peanut Oil,69,15,54,21.73913043478261
Wicked Blue Citrus Liquid Water Enhancer,66,40,26,60.60606060606061
Non-Dairy Low Fat Strawberry Almond  Yogurt,585,336,249,57.43589743589743
Organic Low Sodium Very Veggie Juice,441,294,147,66.66666666666666
Puttanesca Pasta Sauce,71,16,55,22.535211267605636
Ground Pork,688,301,387,43.75
Premium Healthy Kids No Pulp Orange Juice,88,49,39,55.68181818181818
Mushroom Cabbage Pierogi with Fresh Sauerkraut & Onion,44,19,25,43.18181818181818
Honey Nut Chex Cereal,1554,839,715,53.98970398970398
French Fried Curly Fries Potatoes,17,6,11,35.294117647058826
Light Rye Crispbread,1205,595,610,49.37759336099585
Creamy Spicy Pepper Jack Cheese Wedge,202,95,107,47.02970297029702
Parmigiano Reggiano Marinara,42,22,20,52.38095238095239
Fresh Mozzarella All-Natural Sliced Cheese,2337,1261,1076,53.95806589644844
Organic Sambucus for Kids Standardized Elderberry,124,53,71,42.74193548387097
Baby Lima Beans & Butter Sauce Steamers,30,17,13,56.666666666666664
Prepared Meals Beef Stew Wet Dog Food,243,151,92,62.139917695473244
Filberts,68,14,54,20.588235294117645
Pure Zero Cola,104,63,41,60.57692307692307
Adult Indoor Advantage Cat Food,467,250,217,53.53319057815846
Sliced Carrot Loaf,61,42,19,68.85245901639344
Medium Tomato Jalapeno Salsa w/ Roasted Chiles,41,19,22,46.34146341463415
Organic Amazon Energy Jungle Love,11,6,5,54.54545454545454
Crunchy Flamin' Hot,1205,600,605,49.79253112033195
Butternut Squash Pasta Sauce,351,119,232,33.903133903133906
"Liquid Laundry Detergent, Original scent",984,383,601,38.922764227642276
French Milled Shea Butter Oval Soap,25,8,17,32.0
Coffee Creamer Frosted Vanilla Cookie,29,6,23,20.689655172413794
Corn Tortilla Chips,2823,1617,1206,57.279489904357064
Cotton Butcher's String 185 Feet,5,0,5,0.0
Ginger Ale,12536,6534,6002,52.12188895979579
CleanWear Ultra Thin Regular with Wings Pads,43,8,35,18.6046511627907
Candy Bars,69,30,39,43.47826086956522
Coconut Sparkling Water,4114,2683,1431,65.21633446767137
Applewood Bacon,308,155,153,50.324675324675326
Cream Style Corn Golden Sweet,39,9,30,23.076923076923077
Fire Sauce,48,17,31,35.41666666666667
Issimo Caffe Iced Coffee Drink,243,155,88,63.78600823045267
Home Style Italian-Style Wedding Spinach & Meatballs Chicken Soup,113,65,48,57.52212389380531
Organic Cinnamon Mints,74,55,19,74.32432432432432
Mediterranean Style Nonfat Yogurt,7,1,6,14.285714285714285
Original Muesli Cereal,257,132,125,51.36186770428015
Detergent With Stain Remover & Brightener Original Scent Pods,9,4,5,44.44444444444444
Gold Medal Apple Juice,4,1,3,25.0
Pineapple Chunks In Juice,120,48,72,40.0
Cold Pressed Strawberry Apple Juice,109,59,50,54.12844036697248
Super Greens Veggie Burgers,1834,998,836,54.41657579062159
Reserva Malbec Red Wine,4,1,3,25.0
Saigon Sizzle Stir Fry Sauce,5,0,5,0.0
Organic Pasture Raised Brown Eggs,3693,2854,839,77.28134308150555
Light Recipe Vanilla Bean,13,6,7,46.15384615384615
Ultra Blue,111,85,26,76.57657657657657
Complete Maximum Strength Caplets,82,14,68,17.073170731707318
Jumbo Garlic,791,297,494,37.54740834386852
Zap-Ems Rigatoni In Sauce With Broccoli & White Chicken,19,6,13,31.57894736842105
Morning Oat Crunch,2744,1722,1022,62.755102040816325
Classic Lime Margarita,23,6,17,26.08695652173913
Chicken Cat Food,20,7,13,35.0
Creamy & Sweet No Stir Peanut Butter,84,34,50,40.476190476190474
Signature Recipes Vodka Sauce Pasta Sauce,888,343,545,38.626126126126124
Hops Hard Apple Cider,10,5,5,50.0
Chicken Breast Fries,36,17,19,47.22222222222222
Cheddar & Sour Cream Flavored Potato Chips,10,1,9,10.0
Bbq Potato Chips,13,5,8,38.46153846153847
Gluten Free Organic Oat Based Cereal,423,276,147,65.24822695035462
Fruit and Nut Granola,279,147,132,52.68817204301075
Organic Sea Buckthorn,4,0,4,0.0
Organic Just Tart Cherry Juice,907,477,430,52.590959206174205
Banana Frozen Fruit Bar,19,4,15,21.052631578947366
"Super Foods/Organic Apples, Spinach, Peas & Broccoli + Super Chia Snack Pouch",1881,1100,781,58.47953216374269
Deep Applewood Smoked Thick Sliced Bacon,94,51,43,54.25531914893617
Gluten Free Matzo Style Squares,221,83,138,37.55656108597285
BabyRub® Soothing Ointment,90,7,83,7.777777777777778
Baby Kosher Dills Wholes Pickles,269,147,122,54.646840148698885
Earwax Removal Aid,9,0,9,0.0
Peanut Candies,92,41,51,44.565217391304344
Apricot Preserves,3663,1284,2379,35.053235053235056
Belgian Chocolate Thins,11,4,7,36.36363636363637
Max Laundry Stain Remover,30,12,18,40.0
Greek 100 Calories Whips! Raspberry Yogurt,88,40,48,45.45454545454545
"Whisk, Stainless, 11 Inch",6,0,6,0.0
Ultra Moisture Moisturizing with Shea Butter Body Wash,47,15,32,31.914893617021278
Chocolate Cashew Milk,189,124,65,65.60846560846561
Fresh Blueberry Vanilla Goat Cheese,47,13,34,27.659574468085108
Hi Caf Teas Gingermint Green Tea Bags,5,1,4,20.0
"Jalapeno Peppers,  Whole, Marinated, Hot",8,0,8,0.0
"Popping Corn, Gourmet, Simply Salted",83,44,39,53.01204819277109
Fruit & Veggie Fusions Cherry Fruit Trio,10,4,6,40.0
Organic Horseradish Mustard,690,145,545,21.014492753623188
100% Baby Kale,1137,584,553,51.363236587511
Go Fresh Nutrium Moisture Cucumber & Green Tea Body Wash,44,10,34,22.727272727272727
Boardwalk Pistachio Almond Ice Cream,3,2,1,66.66666666666666
Omega-3 Adult,14,6,8,42.857142857142854
Lady Grey Tea,204,92,112,45.09803921568628
Large Greenhouse Tomato,10405,5961,4444,57.28976453628063
Strawberry Nonfat Yogurt,28,21,7,75.0
Granny Smith Apple Fruit Chips,39,28,11,71.7948717948718
Dark Temptation Refreshing Shower Gel,30,12,18,40.0
Trix Cereal,116,41,75,35.3448275862069
Cherry Pomegranate Juice Drink,16,7,9,43.75
Cinnamon Multigrain Cereal,1388,688,700,49.56772334293948
Provolone Style Slices,462,180,282,38.961038961038966
Grain Free Chicken Salmon Beef Ground Entrees Wet Dog Food Variety Pack,10,5,5,50.0
"Conditioner, Moisturizing, 84% Aloe Vera, for Dry Hair",31,8,23,25.806451612903224
Blackberry Hibiscus,7,2,5,28.57142857142857
Bleu Cheese Dressing,30,5,25,16.666666666666664
Real Bleu Cheese Dressing Dipping,294,91,203,30.952380952380953
"Four Cheese Cannelloni with ricotta, mozzarella, Parmesan & Romano cheese. Four Cheese Cannelloni",564,293,271,51.95035460992907
S'mores Frozen Greek Yogurt Bars,9,6,3,66.66666666666666
Cacao Hemp Walnut Bar,120,100,20,83.33333333333334
Ginkgo Smart Maximum Focus And Memory,11,1,10,9.090909090909092
Red Pepper Jelly,70,20,50,28.57142857142857
Organic Du Puy Lentils,195,52,143,26.666666666666668
Black Bobby Pins,73,7,66,9.58904109589041
"Jam, Pure, Blackberry, Seedless",20,2,18,10.0
"CousCous, Lemon Spinach",11,4,7,36.36363636363637
Sour Gummi Worms,34,13,21,38.23529411764706
Vitamin C Serum,23,2,21,8.695652173913043
Tree Ripe Peaches,746,370,376,49.597855227882036
Grow Well Muscle Baby Food,519,290,229,55.8766859344894
All Natural Vanilla Extract,3,2,1,66.66666666666666
Deli Snackers Turkey Breast/Bacon Pieces/Colby & Monterey Jack Cheese Portable Protein Pack,45,23,22,51.11111111111111
Special K Protein Milk Chocolate Protein Shakes,263,157,106,59.6958174904943
Chicken Alfredo Florentine,99,37,62,37.37373737373738
Dilly Bites Fresh Dill Pickle Snacking Cuts,109,58,51,53.21100917431193
Hawaiian Aloha Febreze Freshness Tall Kitchen Bags,81,30,51,37.03703703703704
Nut Butter Coconut Almond Butter,365,199,166,54.52054794520548
Lemon Herb Tahini Dip & Dressing,7,0,7,0.0
Organic Gluten Free Spaghetti,1498,752,746,50.200267022696934
Pie Crust,86,15,71,17.441860465116278
French Style Green Beans,227,89,138,39.20704845814978
Sparkling Blood Orange Soda,195,100,95,51.28205128205128
Banana Chips,475,268,207,56.42105263157895
Pumpkin & Blueberry Cruncy Dog Treats,68,30,38,44.11764705882353
Maximum Strength Melatonin 5 mg,38,8,30,21.052631578947366
Commerical Cleanser With Bleach,147,31,116,21.08843537414966
Poultry Seasoning,106,4,102,3.7735849056603774
"Ice Cream, Dad's Cardamom",298,140,158,46.97986577181208
Microfiber Kitchen Cloths,14,4,10,28.57142857142857
"Happy Baby Stage 2 Brown Rice Pudding with Banana, Apple  & Cinnamon",209,98,111,46.889952153110045
Organic Rainbow Kale,110,53,57,48.18181818181818
Raspberry Beret Trail Mix,901,524,377,58.157602663706996
"Ginger Brew, Extra, Light",21,8,13,38.095238095238095
Ready Pac Salad Santa Fe Caesar Bowls,805,544,261,67.5776397515528
Clean & Fresh Sparkling Lemon & Sunflower Essence Scent Multi-Surface Cleaner,235,87,148,37.02127659574468
Pizza Roasted Vegetable No Cheese,3323,2189,1134,65.87421005115858
Cinnamon Toast Crunch,3751,2465,1286,65.71580911756865
Grape Nut Flakes Cereal,125,73,52,58.4
"Tea, Tulsi Sleep, Caffeine-Free, Infusion Bags",78,33,45,42.30769230769231
Fun Size Candy Snack 6 Count,23,10,13,43.47826086956522
Crunch Milk Chocolate with Crisped Rice Chocolate Bar,16,7,9,43.75
International Café Vienna,11,5,6,45.45454545454545
Pro Health Stages Crest Pro-Health Stages Kids Toothpaste,65,10,55,15.384615384615385
"Creme Fraiche, Organic",97,31,66,31.958762886597935
Bold Sriracha Flavored Almonds,218,124,94,56.88073394495413
"L-Tryptophan, 500 mg, Veg Capsules",5,0,5,0.0
with Crispy Almonds Cereal,4330,3083,1247,71.20092378752886
Swirl Thick Slice French Toast Bread,28,16,12,57.14285714285714
Iced Tea With Natural Lemon,132,79,53,59.84848484848485
Potato Chips Sea Salt & Vinegar,1030,727,303,70.58252427184466
WetJet with Dawn Twin Pack Cleaner Solution Refill,17,4,13,23.52941176470588
Island Vanilla Roll-On Perfume,4,0,4,0.0
Hello Hydration Herbal Essences Hello Hydration Body Wash,13,3,10,23.076923076923077
Nonfat Plain Greek Yogurt,685,276,409,40.29197080291971
Glazed Original Walnuts,54,24,30,44.44444444444444
For Men Maximum Absorbency Underwear,18,4,14,22.22222222222222
Gluten-Free Chia Seeds Organic Yellow Corn Tortilla Chips,254,136,118,53.54330708661418
Whole  Cashews,17,6,11,35.294117647058826
Dish Powder Packs Lemon Scent,6,0,6,0.0
Just Once Prenatal One Multivitamin,226,29,197,12.831858407079647
Book Matches,35,12,23,34.285714285714285
Sour Gourmet Jelly Beans,27,14,13,51.85185185185185
Natural Strawberry Jel Dessert,240,42,198,17.5
Cornnuts Ranch,23,3,20,13.043478260869565
OTC Acid Reducer,145,66,79,45.51724137931035
Chocolate Chip Little Muffins,64,44,20,68.75
"Master Brew Kombucha, Pineapple Peach",1286,845,441,65.70762052877139
Ginger Ice Cream,26,10,16,38.46153846153847
Sweet Water Hand Wash,895,241,654,26.927374301675975
Lil Pony Toddler Paste,43,15,28,34.883720930232556
Mango Coconut & Pepper Dressing,76,38,38,50.0
Onion Baked Beans,31,12,19,38.70967741935484
Overstuffed Beef Ravioli,103,50,53,48.54368932038835
Great Lash®  Mascara - Blackest Black 100,20,6,14,30.0
Impressions Napkins,994,524,470,52.716297786720325
Zingz Chipotle Cheddar Baked Snack Crackers,8,2,6,25.0
Bay Scallops,33,8,25,24.242424242424242
Kids Natural Insect Repellent Pump Spray,10,1,9,10.0
White Cranberry Juice Drink,71,46,25,64.7887323943662
Dried Figs,33,19,14,57.57575757575758
Crimini Delight Mushrooms,2128,941,1187,44.21992481203007
Pepperoni Pizza,1325,672,653,50.71698113207547
Pretzel Chocolate Candy,176,90,86,51.13636363636363
Gluten Free Oatmeal Classic with Flax & Chia,364,170,194,46.7032967032967
Organic Turmeric Ginger Tonic,1237,783,454,63.29830234438156
Organic Acai Juice Blueberry,17,8,9,47.05882352941176
Organic Pureed Garlic,245,80,165,32.6530612244898
Lowfat Small Curd Cottage Cheese,7562,4904,2658,64.85056863263688
Original Spicy Chili,5,3,2,60.0
Organic Hot Cocoa Mix,1360,502,858,36.911764705882355
Crispy Battered Fish Fillets,61,32,29,52.459016393442624
GoGurt Yogurt Tubes Strawberry and Blue Raspberry,159,70,89,44.0251572327044
HomeStyle Roasted Turkey Gravy,13,2,11,15.384615384615385
Spicy Mongolian Noodle Bowl,83,49,34,59.036144578313255
Organic Black Ground Pepper,52,4,48,7.6923076923076925
Vegan Brown Rice Crispy Treat,50,30,20,60.0
Refried Beans Fat Free,325,130,195,40.0
Camembert,1232,479,753,38.87987012987013
Goji Maca Snakaroons,33,11,22,33.33333333333333
Salt-Free Citrus Pepper Seasoning Grinder,6,0,6,0.0
Special K Nourish Bites Dark Chocolate Pistachio,9,4,5,44.44444444444444
Fresh Cut Butternut Squash,1147,614,533,53.530950305143854
Chia Squeeze Cherry Beet,76,47,29,61.8421052631579
Instant Lunch Ramen Noodle Soup Sriracha Chicken,14,7,7,50.0
Fine Tip All Purpose Glue,15,1,14,6.666666666666667
Holiday K Cups,16,5,11,31.25
Ultra Thin Turkey,175,84,91,48.0
Boneless Beef Top Round Steak,4,1,3,25.0
Mach3 Base Cartridges  Razors,10,0,10,0.0
Men's Rogaine Hair Regrowth Treatment Foam 3-Month Supply,20,4,16,20.0
Haunted Ghost Pepper Chips,30,13,17,43.333333333333336
The Complete Cookie Double Chocolate,373,237,136,63.53887399463807
"Vegetable Oil, Pure & 100% Natural",828,208,620,25.120772946859905
Roll-on Lavender & White Tea Mineral Deodorant,105,26,79,24.761904761904763
Cozy Chamomile Herbal Tea,658,252,406,38.297872340425535
Robusto! Sauteed Onion & Garlic Pasta Sauce,82,36,46,43.90243902439025
Organic Vegetarian Pho Soup Starter,48,15,33,31.25
Organic Apple Juice Boxes,5698,3554,2144,62.37276237276237
Organic Sprouted Mung Beans,197,51,146,25.888324873096447
Natural Squeeze Grape Spread,91,35,56,38.46153846153847
Sensitive Skin Moisturizing Body Wash,566,191,375,33.745583038869256
Go Gurt Burstin Melon Berry,15,6,9,40.0
Organic Bosc Pear Bag,22,3,19,13.636363636363635
"Pretzel Bread Roasted Turkey, Bacon & Cheese",222,115,107,51.80180180180181
Cinnamon Vanilla Toastables,3,0,3,0.0
Oreo Thin Crisps 100 Cal Baked Chocolate Wafer Snack Packs,96,32,64,33.33333333333333
Cranberry Walnut Granola,22,12,10,54.54545454545454
"Echinacea, 400 mg, Capsules",8,0,8,0.0
Plus Whitening Fresh Mint with Baking Soda & Peroxide Complete Care Toothpaste,75,19,56,25.333333333333336
Creamy Chicken Noodle Soup,17,4,13,23.52941176470588
"Seitan, Chipotle Style, Ground",62,36,26,58.06451612903226
Cookies 'N Cream Coconut Milk Frozen Dessert,248,59,189,23.790322580645164
Purified Alkalkine Water with Minerals pH10,728,607,121,83.37912087912088
"Delifresh Mesquite Turkey Breast, 98% Fat Free, Gluten Free",1358,737,621,54.27098674521355
Triple Blade Cartridges,235,79,156,33.61702127659574
Snack Size! Cinnamon Donuts,24,13,11,54.166666666666664
Organic Maple Drinkable Yogurt,14,2,12,14.285714285714285
Special K Protein Dark Chocolate Granola Bars,136,69,67,50.73529411764706
Feta Cheese Stuffed Olives,30,5,25,16.666666666666664
Organic Thyme Leaves,88,3,85,3.4090909090909087
Shredded Pizza Blend Cheese,53,26,27,49.056603773584904
Sesame Melba Snacks,34,8,26,23.52941176470588
Medium Latex Gloves,142,39,103,27.464788732394368
Pure Peanut Oil,94,22,72,23.404255319148938
Kola Soda,60,40,20,66.66666666666666
Chocolate Peanut Butter Ice Cream Sandwich,43,14,29,32.55813953488372
Cheese Flavor Sprinkles,21,17,4,80.95238095238095
Lavender Hand Sanitizer Wipes,776,442,334,56.95876288659794
Pure Zero Mango Orange Passion Fruit Energy Drink,3,1,2,33.33333333333333
Double Zipper Freezer Bags,454,102,352,22.46696035242291
No Salt Cashews,26,0,26,0.0
GOLEAN Crisp! Toasted Berry Crumble Cereal,2786,1724,1062,61.88083273510409
Yellow Rice Mix,16,7,9,43.75
Gluten Free Vanila Yogurt Pretzels,55,17,38,30.909090909090907
Organic Wild Rice,170,50,120,29.411764705882355
Kitchen And Bath Wipes,5,0,5,0.0
100% Organic Yellow Pop Corn,126,50,76,39.682539682539684
Aged Balsamic Vinegar of Modena,37,8,29,21.62162162162162
Frozen Dessert Dairy-Free Madagascar Vanilla Bean,4,0,4,0.0
T-Bone Steak Flavor in Meaty Juices Wet Dog Food,26,12,14,46.15384615384615
Organic Einkorn Whole Wheat Rigatoni Pasta,10,2,8,20.0
Pibb Xtra Soda,64,35,29,54.6875
Mini Chocolate Chip Cookies,158,100,58,63.29113924050633
Beer Battered Fish Fillets,333,136,197,40.84084084084084
Medium Round Container,28,7,21,25.0
Gourmet Popping Corn Movie Theater Butter Single Serve 100% Whole Grain Microwave Popcorn,33,16,17,48.484848484848484
Russian River Pinot Noir Wine,11,0,11,0.0
Reduced Sodium Chicken Broth,125,43,82,34.4
Honey Bunches Of Oats With Crispy Almonds Cereal,26,9,17,34.61538461538461
Diet Mountain Dew Mini Cans,65,30,35,46.15384615384615
"Organic Milk Reduced Fat, 2% Milkfat",12737,10667,2070,83.74813535369397
Extra Fine Flour,153,70,83,45.751633986928105
Magazine,51,15,36,29.411764705882355
Fudge Graham Nutrition,170,120,50,70.58823529411765
"Tangerine 1,000 mg Vitamin C Dietary Supplement",878,248,630,28.246013667425967
Organic Whole Grain Black Beans & Rice Rice & Seasoning Mix,128,44,84,34.375
Mini Four Cheese Medley Pierogies,54,17,37,31.48148148148148
Beef Ramen Noodle Soup,180,67,113,37.22222222222222
Lavender & Vanilla Candle,128,56,72,43.75
Thin Sliced Powerseed Bread,164,108,56,65.85365853658537
Bag of Organic Bananas,379450,315913,63537,83.2555013835815
Warrior Blend Vanilla Dietary Supplement,15,2,13,13.333333333333334
Spicy Indian Veggie Burger,48,18,30,37.5
Pears & Cinnamon With Oatmeal,228,150,78,65.78947368421053
Natural Sam E Full Potency 200 mg,21,8,13,38.095238095238095
Country Loaf,55,38,17,69.0909090909091
Lager Especial Beer,49,20,29,40.816326530612244
Hickory Smoking Chips,6,3,3,50.0
Lemon Iced Tea Mix Packets,26,11,15,42.30769230769231
"Vitamin C, 500 mg, Chewable Wafers, Mixed Fruit",7,1,6,14.285714285714285
No Sugar No Salt No Stir Creamy Almond Butter,38,6,32,15.789473684210526
Original Chicken Patties,822,509,313,61.92214111922141
Genuine Draft Bottles,11,3,8,27.27272727272727
Powercore Pacs Oxi,6,1,5,16.666666666666664
Medium Egg Noodles,146,47,99,32.19178082191781
Sun Dried Tomato Halves,27,5,22,18.51851851851852
PB & Chocolate Chip Nirvana Protein Bar,22,7,15,31.818181818181817
Special Sauce,313,100,213,31.948881789137378
Chewy Granola Bars Variety Pack,2209,1114,1095,50.430058850158446
Café Caramel Shake,109,77,32,70.64220183486239
Sheep's Milk Halloumi Cheese,1056,481,575,45.54924242424242
Alexander Valley Cabernet Sauvignon Wine,78,34,44,43.58974358974359
85% Lean Ground Beef,12123,7556,4567,62.32780664851935
Bleach & Blue Automatic Toilet Bowl Cleaner,51,18,33,35.294117647058826
Rosehip & Rosewater Body Oil Mist,13,2,11,15.384615384615385
Doublewood Single Malt Scotch Whiskey,33,9,24,27.27272727272727
Organic Grape Tomato,65,22,43,33.84615384615385
Natural Bliss Salted Caramel Flavor All-Natural Coffee Creamer,1983,1220,763,61.52294503277862
Mints Wint O Green Sugar Free,55,21,34,38.18181818181819
"Kefir Cultured Milk Smoothie, Lowfat, Plain",125,72,53,57.599999999999994
Sweet Cream Ice Cream,66,32,34,48.484848484848484
Berries & Biscuits,6,0,6,0.0
No Salt Tomato Ketchup,60,18,42,30.0
Light Wheat Hot Dog Buns,43,14,29,32.55813953488372
Italian Style Shredded Parmesan Cheese,167,66,101,39.52095808383233
PB 8 Pro-Biotic Vegetarian Formula Dietary Supplement,38,16,22,42.10526315789473
Ground Black Pepper,4173,648,3525,15.528396836808051
Zero Calorie Stevia Sweetener Born Sweet,22,9,13,40.909090909090914
Gluten Free Teriyaki Wrap,181,85,96,46.96132596685083
Awapuhi Volumizing Conditioner,6,2,4,33.33333333333333
Organic Peach,156,76,80,48.717948717948715
12 Hour Orange Adult Cough Suppressant,53,7,46,13.20754716981132
Super Spicy Pumpkin Seeds,26,9,17,34.61538461538461
Organic Unsweetened Plain Soymilk,1196,863,333,72.15719063545151
Hawkridge Body Wash,13,2,11,15.384615384615385
Toilet Bowl Cleaner - Emerald Cypress and Fir,453,59,394,13.024282560706402
Chocolate Sea Salt & Lime Creme Filled Dark Chocolate 72% Cocoa,2,0,2,0.0
"Grape Seed Oil, All Natural",258,145,113,56.201550387596896
Organic Black Cardamom,35,6,29,17.142857142857142
Lowfat Milk,4280,2789,1491,65.16355140186916
"Sauvignon Blanc, California, 2013",16,10,6,62.5
Little Movers,59,26,33,44.06779661016949
Sandies Toffee Shortbread Cookies,9,0,9,0.0
Grapefruit Citrus Zing,5,1,4,20.0
Wasabi & Soy Sauce Almonds,1102,577,525,52.35934664246824
Organic Cayenne Pepper,1434,129,1305,8.99581589958159
Strawberry 0% Fat Oikos Greek Yogurt,112,47,65,41.964285714285715
Vermont White Cheddar Mac & Cheese,45,16,29,35.55555555555556
Whipped Chocolate Frosting,41,3,38,7.317073170731707
Organic Lemongrass,52,0,52,0.0
Eucalyptus & Menthol Shower Gel,17,5,12,29.411764705882355
Original Egg Substitute,1978,1189,789,60.111223458038424
"Aloe Vera Gel, Inner Fillet",29,3,26,10.344827586206897
Organic Irish-Style Oatmeal High Fiber Cereal,28,6,22,21.428571428571427
"Licorice, Twists, Black",89,64,25,71.91011235955057
Premium Double Chocolate Hot Cocoa,310,72,238,23.225806451612904
No Pulp 100% Pure Florida Orange Juice,341,156,185,45.74780058651026
Pocket Wheat Pita Bread,39,14,25,35.8974358974359
Vitamin D3 Dietary Supplement Tablet,34,5,29,14.705882352941178
"Natural Artesian Water, Mini & Mobile",3124,2130,994,68.18181818181817
Cream Cheese Fruit Dip,37,8,29,21.62162162162162
Niblets Corn Steamers,26,12,14,46.15384615384615
Cranberry Apple Crunch Protein Oatmeal,3,0,3,0.0
Skim Milk,14289,10998,3291,76.96829729162292
Double Protein Oatmeal English Muffins,315,144,171,45.714285714285715
Organic Chamomile with Lavender Herbal Tea Bags,1743,728,1015,41.76706827309237
Baguette Sourdough,2368,1367,1001,57.72804054054054
Gluten Free Chocolate Creme Filled Chocolate Cookies,112,65,47,58.03571428571429
Medium Cantina Style Serranos Salsa,7,3,4,42.857142857142854
Family Size Cookie Pack,974,415,559,42.60780287474333
Cappuccino,140,39,101,27.857142857142858
Portion Pack Snack Bags,16,2,14,12.5
Dark Fudge Swirl 3.8 fl. oz. Greek Frozen Yogurt,7,3,4,42.857142857142854
Organic Variety Pack,3097,1692,1405,54.63351630610268
Winter Mix Vegetable,64,15,49,23.4375
Napa Valley Homemade Marinara Sauce,231,87,144,37.66233766233766
Bluegrass Soy Sauce,5,0,5,0.0
Non Fat Acai & Mixed Berries Yogurt,8662,5811,2851,67.08612329716
Sesame Ginger Wild Salmon,15,4,11,26.666666666666668
"Plus Febreze Freshness Spring And Renewal Scent HE Turbo Clean Liquid Laundry Detergent, 92 oz, 48 loads Laundry",278,110,168,39.568345323741006
Manchego,10,1,9,10.0
Purple Rain Premium Cake Mix,8,2,6,25.0
Waxed Mint Dental Floss,56,11,45,19.642857142857142
Oh My Yog! Pacific Coast Strawberry Trilayer Yogurt,2857,1565,1292,54.77773888694435
"Frosted Flakes, Marshmallow",14,5,9,35.714285714285715
Maple Almond Protein Bar,22,3,19,13.636363636363635
Pickle Pak Kosher Dill Petites,67,44,23,65.67164179104478
Daily Moisture with Olive Oil & Vitamin E Beauty Bar,149,65,84,43.624161073825505
Signature Fudge Marble Cake Mix,16,3,13,18.75
Rotisserie Chicken Breast,26,9,17,34.61538461538461
Nickelodeon SpongeBob SquarePants Mild Bubble Fruit Flavor Cavity & Enamel Protection Toothpaste,30,6,24,20.0
Microwaveable Hamburgers,385,197,188,51.16883116883116
"Hand Soap, Refill Size, French Lavender",184,65,119,35.32608695652174
Fruitables Fruit & Vegetable Juice Strawbery Kiwi,22,9,13,40.909090909090914
Unfiltered Extra Virgin Olive Oil,1895,767,1128,40.47493403693932
Ultra Thin Slender w/Flexi-Wings Pads,7,1,6,14.285714285714285
Multigrain Wraps,8,2,6,25.0
Apples and  Cranberries Instant Oatmeal,21,8,13,38.095238095238095
Parmesan Garlic & Herb Pita Chips,267,111,156,41.57303370786517
Organics Second Generation Grain Free Cat Food,66,52,14,78.78787878787878
Dairy Pure Fat Free Milk,634,387,247,61.041009463722396
Bistro Bowl Chicken Caesar Salad,1240,811,429,65.40322580645162
Adult Complete Nutrition Dry Food for Dogs,24,10,14,41.66666666666667
Organic Alfredo Risotto,144,38,106,26.38888888888889
Compact Emeryl File,17,1,16,5.88235294117647
Organic Cabbage,350,126,224,36.0
"Juice Beverage, Cold Pressed, Kale Apple Ginger Romaine Spinach Cucumber Celery Parsley Lemon",8025,5516,2509,68.73520249221184
For Sensitive Skin Perfume & Dye Free Liquid Laundry Detergent,251,113,138,45.0199203187251
Asian Veggie Patties,16,5,11,31.25
Organic Fleur de Sel Coconut Palm Sugar,27,8,19,29.629629629629626
Deluxe Pizza,10,3,7,30.0
"Baking Bar, 70% Bittersweet Chocolate",100,27,73,27.0
Deep Sleep,29,5,24,17.24137931034483
Medicated Creme,13,3,10,23.076923076923077
"Nutrition Energy Bar, Dark Chocolate Coconut",13,8,5,61.53846153846154
100% Juice Cranberry Pomegranate,27,8,19,29.629629629629626
Chicken Breasts,142,80,62,56.33802816901409
"Pinot Noir, California",838,526,312,62.76849642004774
Whole Peeled Tomatoes,2660,953,1707,35.82706766917293
100% Whey Protein Vanilla Flavor,63,13,50,20.634920634920633
"Body Oil, French Lavender",49,13,36,26.53061224489796
"Outlast Invisible Solid, Clear Gel, Completely Clear Deodorant",62,18,44,29.03225806451613
Anticavity Fluoride Fresh Mint Mouthwash,69,27,42,39.130434782608695
Abate Fetel Pear,21,3,18,14.285714285714285
Rice Thin Sesame Seed Gluten Free Crackers,1278,748,530,58.52895148669796
Black Raspberry & Vanilla Hand Soap,47,13,34,27.659574468085108
Healthy Request Cheddar Cheese Soup,37,2,35,5.405405405405405
Favor Brilliant Shine Furniture Polish,45,12,33,26.666666666666668
Immune Support Supplement Assorted Fruit Flavored,91,50,41,54.94505494505495
Hydro Silk Women's Refill Blades,45,16,29,35.55555555555556
Mediterranean Fig Hand Wash,15,3,12,20.0
Heavenly Hydration Cherry Blossom Shampoo,5,0,5,0.0
Organic YoToddler Pouch Pear Spinach Mango Yogurt,167,120,47,71.8562874251497
With Febreze Bounce Fabric Softener Dryer Sheet Spring & Renewal 105CT Fabric Enhancers,234,46,188,19.65811965811966
Lorraine Swiss,18,10,8,55.55555555555556
Pain Relieving Creme,16,6,10,37.5
Angus Beef Homestyle Meatballs,34,13,21,38.23529411764706
Petite Broccoli Florets,191,72,119,37.696335078534034
Premium Extract Milk Thistle Standardized Capsules 80% Silymarin Dietary Supplement,3,0,3,0.0
Cold + Mucus Severe Liquid,6,0,6,0.0
Bare Apple Cinnamon Chips,133,45,88,33.83458646616541
100% Colombian Medium Coffee,13,5,8,38.46153846153847
Original Veggie Breakfast Sausage Patties,479,277,202,57.82881002087683
Cranberry Almond Granola  Gluten Free,417,320,97,76.73860911270984
Cream Cheese Alternative Chive & Garlic,26,4,22,15.384615384615385
Organics Chocolate Chip Organic Cookie Mix,114,36,78,31.57894736842105
Buttermilk Pancake Mix,180,63,117,35.0
Hearty Sage,74,6,68,8.108108108108109
Strawberry Blueberry Yogurt,49,36,13,73.46938775510205
Happy Pho Zesty Ginger Brown Rice Noodle Soup,37,4,33,10.81081081081081
Cinnamon Stick Black Tea Bags,16,5,11,31.25
"Cheese, Gouda, Apple Smoked",280,71,209,25.357142857142854
Gluten Free Smoked Gouda Mac and Cheese,1105,616,489,55.74660633484163
Dairy Free Unsweetened Almond Milk Beverage,92,19,73,20.652173913043477
Extra Strength Glacier Mint Drops With Natural Menthol,150,37,113,24.666666666666668
Electronic Screen Cleaner,6,0,6,0.0
Gluten Free Plain Bread,253,174,79,68.77470355731225
Fresh Burst Antiseptic  Mouthwash,135,46,89,34.074074074074076
Rectangular Cake Pans,59,8,51,13.559322033898304
Wellness Cough Syrup,10,0,10,0.0
Mandarin Liquid Hand Soap,385,138,247,35.84415584415584
Cocoa Radiant Body Gel Oil,6,0,6,0.0
Organic Chili Cayenne,6,0,6,0.0
Canola & Coconut Oil Blend,15,4,11,26.666666666666668
Vine Ripened Golden Berries,225,122,103,54.22222222222223
Total 0% Peach Yogurt,3686,2728,958,74.00976668475312
"Sesame Oil, Premium, Hot",27,5,22,18.51851851851852
White Meat Chicken Florentine Pate Cat Food,19,10,9,52.63157894736842
Teenage Mutant Ninja Turtles Brand Adhesive Bandages,11,0,11,0.0
Sweet Seaweed Snack,6,1,5,16.666666666666664
Flings Moonlight Breeze Laundry Detergent Pacs,15,3,12,20.0
Pomegranate Berry Sparkling Water with Juice,37,23,14,62.16216216216216
Chocolate Chip Cookie Dough Protein Bar,24,9,15,37.5
Corn Original Ritz,4,0,4,0.0
Ready-to-Eat Meals Salami & Cheese,94,53,41,56.38297872340425
Soft 360 Whole Mouth Clean Toothbrush,33,14,19,42.42424242424242
Instant Cheesecake Pudding & Pie Filling Mix,7,0,7,0.0
"Juice, Vegetable & Fruit, Purify",389,171,218,43.958868894601544
Complete Adult Dog Food,42,21,21,50.0
Oven Roasted Turkey Breast Reduced Sodium,89,46,43,51.68539325842697
Ultimate Softening Foot Cream,15,4,11,26.666666666666668
"Cookies, Cocoa",8,2,6,25.0
Organic Cooked Vanilla Pudding & Pie Filling Mix,233,29,204,12.446351931330472
Original Berry Flavor  Children's,200,52,148,26.0
Packaging Tape High Performance,492,90,402,18.29268292682927
Mixed Berry Sparkling Water,225,175,50,77.77777777777779
High-Traffic Foam Large Area Carpet Cleaner,352,87,265,24.71590909090909
Food Coloring,123,2,121,1.6260162601626018
"Lubricant /Redness Reliever Eye Drops, Maximum Redness Relief",64,23,41,35.9375
Vitaminwater Zero Focus Kiwi-Strawberry,477,340,137,71.27882599580713
Farfalle Tricolor Pasta No. 93,21,13,8,61.904761904761905
Swaddlers Diapers Jumbo Pack Size,71,49,22,69.01408450704226
Stir Fry Vegetables,1177,640,537,54.375531011045034
"Farfalle, 85",28,3,25,10.714285714285714
Organic Blue Corn Tortilla Chips,13040,7165,5875,54.94631901840491
Sweet Potato Fettuccine,4,0,4,0.0
Japanese Style Stir Fry Vegetables,84,30,54,35.714285714285715
Jammy Sammy Apple Cinnamon & Oatmeal Snack Size Sandwich Bar,208,141,67,67.78846153846155
Boneless Duck Breast,104,30,74,28.846153846153843
Italian Style Smoked Chicken Sausage With Mozzarella Cheese,791,357,434,45.13274336283185
Extra Grainy Cracked Wheat & Oats Bread,9,1,8,11.11111111111111
Vanilla Frozen Greek Yogurt Sandwiches,2,1,1,50.0
Land O' Lakes Mini Moo's Half & Half,964,548,416,56.84647302904564
Get Cultured  Functional Breakfast Burrito,190,67,123,35.26315789473684
Deli Deluxe 2% Milk American Cheese Slices,128,57,71,44.53125
Perfect Pinch Italian Seasoning,359,35,324,9.749303621169917
Premium Sesame Oil 100% Pure,65,6,59,9.230769230769232
Diced Peeled Tomatoes in Tomato Juice,175,56,119,32.0
Antioxidant Vitamin C Goji Berries,107,44,63,41.1214953271028
Tropical Citrus Super Drink,50,37,13,74.0
Chicken Corn Chowder Soup,539,246,293,45.640074211502785
"Molasses, Bead",1,0,1,0.0
HL HUMMUS    RED PEPPER,94,42,52,44.680851063829785
Organic Hard Candies Ginger,90,31,59,34.44444444444444
"Corn Dogs, 100% Beef",107,43,64,40.18691588785047
Valerian Extract,8,3,5,37.5
Rich & Sassy Barbeque Sauce,89,14,75,15.730337078651685
Sherry Wine Vinegar,33,2,31,6.0606060606060606
Advance Organic Powder,77,54,23,70.12987012987013
Rapid Wrinkle Repair Moisturizer Broad Spectrum SPF 30,7,1,6,14.285714285714285
Daily Greens Fruit and Vegetable Juice,58,19,39,32.758620689655174
All Natural Crushed Rosemary,61,3,58,4.918032786885246
Organic Jasmine Loose Leaf Green Tea,16,1,15,6.25
Dubliner Wedge Pre Cut Cheese,2988,1444,1544,48.32663989290496
White Cherry Sports Drink,61,19,42,31.147540983606557
"Italy's Favorite Coffee Santa Marta 100% Arabica, Colombia Ground Coffee",29,19,10,65.51724137931035
Spring Mint Antiseptic Mouth Rinse,6,1,5,16.666666666666664
Apple Wedger,4,0,4,0.0
All Natural Marjoram,12,0,12,0.0
100% Pear Juice,92,48,44,52.17391304347826
Facial Cleansing Creme with Argan Oil + Mint,58,16,42,27.586206896551722
Strawberry Frozen Greek Yogurt Bars,507,254,253,50.09861932938856
24 Hour Infection Protection Pain Relief Ointment,141,8,133,5.673758865248227
Tofu Black Bean Veggie Pie,109,63,46,57.798165137614674
"Chardonnay, Napa Valley, 2013",9,5,4,55.55555555555556
Advanced Care Plaque Guard Frosted Mint Antiplaque Mouthwash,6,1,5,16.666666666666664
Unflavored Whey Protein,5,1,4,20.0
Grands! Flaky Layers Original Biscuits,1505,575,930,38.205980066445186
Almonds,4488,2844,1644,63.36898395721925
Blueberry Bliss Luna Bar,675,458,217,67.85185185185185
Sour Cream Light,21,8,13,38.095238095238095
Cranberry with Lime Juice Cocktail,11,7,4,63.63636363636363
Curried Red Lentil Organic Soup,138,40,98,28.985507246376812
Fold Top Sandwich Bags,43,11,32,25.581395348837212
Premium Light Tuna in Water,236,126,110,53.38983050847458
Flaky Biscuits,6877,3514,3363,51.09786244001745
"Bubble Bath, Honey",4,0,4,0.0
Total Care Sensitive Formula Mint Mouthwash,5,0,5,0.0
Organic Soy Milk Powder,6,0,6,0.0
Amish Blue Cheese,360,97,263,26.944444444444443
Chocolate Chip Cookie Chips,5,0,5,0.0
Maraschino Cherries With Stems,15,1,14,6.666666666666667
Coconut Milk Chocolate Truffles,4,1,3,25.0
Ultra Free & Gentle Liquid Fabric Conditioner 90 loads,43,17,26,39.53488372093023
Chili Garlic Sauce,1164,178,986,15.292096219931272
Wondra Quick Mixing Flour,115,17,98,14.782608695652174
Beef Ravioli Big Size Bowl,6,0,6,0.0
Chocolate Banana Meal Replacement Shake,23,12,11,52.17391304347826
Hot Chili Flavor Ramen Noodle Soup,186,85,101,45.69892473118279
Black Mole Sauce,6,1,5,16.666666666666664
Organic Refried Pinto Beans,152,77,75,50.6578947368421
Margherita With Cherry Tomatoes Pizza,1890,1212,678,64.12698412698413
Safari Animals Strawberry Instant Oatmeal,24,6,18,25.0
"Peter Rabbit Organics Beet, Carrot & Pear Sauce",147,87,60,59.183673469387756
Balsamic Glaze,77,11,66,14.285714285714285
Organic White Sesame Seeds,230,13,217,5.6521739130434785
Organic Refried Vegetarian Pinto Beans,490,269,221,54.89795918367347
Organic Unrefined Coconut Sugar,108,27,81,25.0
Nuts Coffee Honey Organic Snack Bar,21,4,17,19.047619047619047
Thai Spicy Mochi Rice Cracker,82,53,29,64.63414634146342
Magic Shell Chocolate,130,46,84,35.38461538461539
Pad Thai Brown Rice Noodles,1932,842,1090,43.581780538302276
Pear Acai Flavor Enhancer,18,5,13,27.77777777777778
English Breakfast Tea,48,12,36,25.0
Bites Cherry,12,1,11,8.333333333333332
Epoisses Cheese,37,10,27,27.027027027027028
Caribou Blend Medium Roast Ground Coffee,301,178,123,59.136212624584715
Mustard Seed,11,2,9,18.181818181818183
Curried Lentils,17,4,13,23.52941176470588
Pad Thai Stir Fry Sauce,13,3,10,23.076923076923077
Dark Chocolate Fudge Stripe,19,14,5,73.68421052631578
Italian Arborio Rice,21,5,16,23.809523809523807
Autostop A-55 Real Black Haircolor Application Kit,10,5,5,50.0
"Seasoning, Pasta & Spaghetti, Organic",5,0,5,0.0
Casa Color Mini Brush Scrubber,30,4,26,13.333333333333334
Sausage & Uncured Pepperoni Pizza,424,197,227,46.4622641509434
Dark Magic K Cup Coffee,20,9,11,45.0
100% Canola Oil Original No-Stick Spray,5,1,4,20.0
Busy Bone Dog Treats Real Meat Sm & Med 6,200,112,88,56.00000000000001
Coconut Almond Granola,819,438,381,53.47985347985348
OlivExtra Original Canola Oil And Extra Virgin Olive Oil,32,1,31,3.125
Rich Milk Chocolate Hot Cocoa Mix,288,89,199,30.90277777777778
Antigingivitis Rinse Peppermint Twist,84,42,42,50.0
Coffee All Natural Lowfat Yogurt,415,326,89,78.55421686746989
Boo Chips,99,36,63,36.36363636363637
Extra Noodle Soup Mix,684,344,340,50.29239766081871
Natural Lemon Flavor & Herb Tartar Sauce,38,10,28,26.31578947368421
Allure Drink,26,18,8,69.23076923076923
Sundried Tomato Paste,10,2,8,20.0
Exfoliating Facial Wipes,84,33,51,39.285714285714285
Chocolate Candy Bars,124,57,67,45.96774193548387
Acetyl L Carnitine 500 Mg,12,3,9,25.0
Bucatini,276,107,169,38.768115942028984
Fancy Feast Elegant Medleys Yellowfin Tuna Tuscany Cat Food,29,21,8,72.41379310344827
Jalapeno Slices,241,73,168,30.29045643153527
Whenever Green Tea & Lime Scent Shampoo,2,0,2,0.0
Spreadable W/Canola Oil Butter,63,41,22,65.07936507936508
Salt-Free Seasoning Blend Garlic & Herb,179,52,127,29.05027932960894
Peanut Butter Cookie Luna Bar,104,56,48,53.84615384615385
New York Sharp Cheddar Cheese,11,5,6,45.45454545454545
Tofu Shirataki,988,505,483,51.11336032388664
Gluten and Dairy Free Sonoma Veggie Burger,1022,573,449,56.06653620352251
Spray & Stay Intense Hold Hairspray,6,1,5,16.666666666666664
Unsweetened Rose Green Tea,219,150,69,68.4931506849315
Mild Sliced Cheddar Cheese,2557,1170,1387,45.75674618693782
Cococcino Coconut Milk Iced Coffee Mocha,2,0,2,0.0
Blue Cheese Crumbles Cheese,352,145,207,41.19318181818182
Variety Snaps Little Bites with Beef Bacon Cheese & Peanut Butter Flavors Dog Treats,13,4,9,30.76923076923077
Baked Chicken,276,136,140,49.275362318840585
Grass Fed Ghee,117,60,57,51.28205128205128
Magic Shell Chocolate Fudge,129,47,82,36.434108527131784
Unsalted Matzo Thins,20,7,13,35.0
Silver Grade Pacific Arame,22,4,18,18.181818181818183
24HR Capsules,43,7,36,16.27906976744186
Simply Organic Garlic Salt,1156,212,944,18.33910034602076
Low Fat Strawberry Yogurt Bars,575,403,172,70.08695652173913
Organic Smoked Chicken Breast,2062,1062,1000,51.50339476236664
Truffles Milk Chocolate Caramel,16,5,11,31.25
Old Fashioned Apple Cider,649,230,419,35.43913713405239
French Lavender Bath & Shower Gel,132,33,99,25.0
Laundry Stain Remover Spray,832,324,508,38.94230769230769
Whole Wheat Bread,10512,7314,3198,69.57762557077626
Dual Cup Dispenser,14,0,14,0.0
Original Cracklebred,558,316,242,56.63082437275986
Citric Acid,26,3,23,11.538461538461538
Splash Mango Peach Juice,267,148,119,55.430711610486895
Cream Style Golden Sweet Corn No Salt Added,21,6,15,28.57142857142857
Great Lash Curved Brush Washable Mascara - Very Black,8,3,5,37.5
Gluten Free Plain Tortilla,859,468,391,54.48195576251456
Balsamic Vinegar,1297,348,949,26.83114880493446
Canola Oil Non Stick Cooking Spray,57,10,47,17.543859649122805
Jambalaya Original Rice Mix,72,25,47,34.72222222222222
Almond Chunky Chocolate,30,13,17,43.333333333333336
Organic Three-Year Barley Miso,22,3,19,13.636363636363635
Honey Dijon Dressing Calorie Free,36,19,17,52.77777777777778
Petite Camembert Cheese,46,1,45,2.1739130434782608
Turkey Stick & Crunch,73,54,19,73.97260273972603
Spanish Amber Votive Candle,14,1,13,7.142857142857142
AntiStatic Spray,109,20,89,18.34862385321101
Organic Medium Salsa,14678,7231,7447,49.26420493255212
Shredded Parmesan Cheese,3743,1473,2270,39.35345979161101
Pepperoni & Sausage Pizza Frozen Sandwiches,146,54,92,36.986301369863014
Smoked Basmati Rice,2,0,2,0.0
Purify Coconut Water Cleansing Wipes,108,23,85,21.296296296296298
"Fabric Softener Sheets, Outdoor Fresh scent",476,125,351,26.260504201680675
100% Whole Wheat Bagels,2741,2004,737,73.11200291864283
Oreo Cookies & Cream Bars,375,166,209,44.266666666666666
Upside Down Regular Pizza,13,4,9,30.76923076923077
3 Color Deli Coleslaw,1593,787,806,49.40364092906466
Green Tea & Honey Lemon Multi-Symptom Pain Reliever/Fever Reducer,47,7,40,14.893617021276595
Cranberry Ginger Delight 100% Juice,5,0,5,0.0
Variety Tea Bags 15 Count,22,4,18,18.181818181818183
Guacamole Dip,1187,627,560,52.82224094355518
Lavender Scent Surface Scrub,171,29,142,16.95906432748538
Dill Chabis Pure Goat Milk Cheese,30,3,27,10.0
"Natural Deodorant, Mint, Rosemary",22,0,22,0.0
Potato Roll Sandwich Thins,8,2,6,25.0
Cooling After Shave,13,4,9,30.76923076923077
Organic Gluten Free Dude Ranch Multigrain Snack Chips,1417,801,616,56.52787579393084
Shampoo Chamomile + Mimosa Bark,15,2,13,13.333333333333334
Vitamin E Lotion,25,4,21,16.0
Decaffeinated Green Tea Bags,38,6,32,15.789473684210526
Smooth Caramel Hard Candy,78,48,30,61.53846153846154
Grands! Jr. Golden Layers Buttermilk Biscuits,242,89,153,36.77685950413223
A+ Cinnamon Sweet Potato Pancakes,2547,2061,486,80.91872791519434
Electrolyte Stamina Power Pak 1200 mg Vitamin Lemon Lime,11,2,9,18.181818181818183
False Alarm Mild Chili Kit,46,17,29,36.95652173913043
Mushroom Baby Bella,1295,658,637,50.810810810810814
Relax & Relief Foaming Bath,18,8,10,44.44444444444444
No Salt Added Gluten-Free Blue Chips Made with Organic Blue Corn,1772,1067,705,60.214446952595935
The Icicle Reusable Ice Substitute,10,1,9,10.0
Fancy Shredded Cheese,18,4,14,22.22222222222222
Yogurt Almond Milk Coconut,5,2,3,40.0
Glow Organic Juice,26,14,12,53.84615384615385
Organic Macobado Cane Sugar,27,12,15,44.44444444444444
"Energy Drink, Organic, Cranberry Apple",7,2,5,28.57142857142857
Plastic Lined True Blue Tablecover,11,0,11,0.0
Mini Butter Croissant,507,356,151,70.21696252465483
Tangy Original Orange Flavor Juice Drink,88,51,37,57.95454545454546
Apples,12575,9795,2780,77.89264413518887
Traditional Refried Pinto Beans,104,38,66,36.53846153846153
Peach & Pecan in Milk Chocolate,52,33,19,63.46153846153846
Natural Sliced Gouda Cheese,599,326,273,54.42404006677797
Sun-Dried Tomato Basil 6 Ct Wraps,252,140,112,55.55555555555556
Beyond Natural Cat Food Trout & Catfish Pate,78,42,36,53.84615384615385
Pranqster Belgian Style Golden Ale,52,31,21,59.61538461538461
Light Italian Bread,70,42,28,60.0
Spanish Extra Virgin Olive Oil,7,1,6,14.285714285714285
Quick One Minute Oatmeal,45,28,17,62.22222222222222
Non-Alcoholic White Chocolate Peppermint Bark Coffee Creamer,7,1,6,14.285714285714285
PlugIns Scented Oil Refill - Lavender & Peach Blossom,107,48,59,44.85981308411215
Vermont Maple & Sea Salt Microwave Popcorn,77,19,58,24.675324675324674
Classic Seasoning with Lime,175,45,130,25.71428571428571
Dried Porcini Mushrooms,105,13,92,12.380952380952381
Taster's Choice Original Sticks Instant Coffee House Blend,68,24,44,35.294117647058826
Peanut Chocolate Candies,173,68,105,39.30635838150289
Frothed Milk & Cold Pressed Espresso Draft Latte,103,53,50,51.45631067961165
Yellow American Cheese 2% Milk Singles,30,15,15,50.0
Good Friends Cereal,5,2,3,40.0
337 Cabernet Sauvignon Wine,192,85,107,44.27083333333333
Unsweet Pineapple Water,771,520,251,67.44487678339819
Strawberry C Monster Smoothie Blend,307,182,125,59.28338762214984
Soy & Dairy Free Plain Unsweetened Almond Milk Yogurt,1005,529,476,52.63681592039801
Ravishing Rocky Road,44,23,21,52.27272727272727
Cream Of Tartar Powder,33,1,32,3.0303030303030303
Infusions Ultra Downy® Infusions™ Botanical Mist™ Fabric Softener Sheets 105 count Fabric Enhancers,34,11,23,32.35294117647059
Wheat Krisp Protein Bar,11,5,6,45.45454545454545
Tarragon Chicken Salad,1041,668,373,64.16906820365034
Baked Chipotle Tofu,9,4,5,44.44444444444444
Frosted berry Strawberry Toaster Pastries,2203,1342,861,60.91693145710395
Egg And Cheese Breakfast Sandwiches,123,85,38,69.10569105691057
Pre Workout Energizer Lemon Lime Powdered Dietary Supplement,9,1,8,11.11111111111111
Oral Electrolyte Powder Assorted Flavors,57,12,45,21.052631578947366
"Heirloom Brown Eggs, Cage Free",446,295,151,66.14349775784754
Party Drinking Flex Straws,124,28,96,22.58064516129032
Greek Nonfat Yogurt Strawberry,6,2,4,33.33333333333333
Dark Truffle Piglet Chocolate Bar,7,1,6,14.285714285714285
Berry Mint Gems,23,15,8,65.21739130434783
Spring & Renewal™ Liquid Fabric Conditioner,29,13,16,44.827586206896555
"Cookies, Family Recipe, Ginger Snap",7,1,6,14.285714285714285
Steam Fingerling Potato,14,6,8,42.857142857142854
Banana Split Ice Cream,143,38,105,26.573426573426573
Caramello Milk Chocolate Candy Bar,96,57,39,59.375
Outdoor Fresh Fabric Softener Dryer Sheets,228,35,193,15.350877192982457
Decker Bundle,150,71,79,47.333333333333336
Simply Pinto Bean & Flax Bean Chips,306,157,149,51.307189542483655
Charcoal Briquettes Mesquite,40,13,27,32.5
Heirloom Navel Orange,123,62,61,50.40650406504065
Leaf Cut Spinach,110,49,61,44.54545454545455
Pure Performance Protective Shampoo Rose & Chamomile,43,13,30,30.23255813953488
Simply 100 Vanilla Blended Non-Fat Greek Yogurt,238,134,104,56.30252100840336
English Breakfast Tea Bags,1001,457,544,45.654345654345654
Oregon Strawberry Ice Cream,42,9,33,21.428571428571427
Organic Snipped Green Beans,17423,11899,5524,68.29478275842278
Ranch Dressing Light,18,0,18,0.0
Bacon Cheddar Beef Burger,309,144,165,46.601941747572816
Healthy Skin Anti-Wrinkle Cream with Sunscreen SPF 15,18,3,15,16.666666666666664
"Toothpaste, Sensitive, Soothing Mint",115,25,90,21.73913043478261
100% Pure Grape Juice,545,353,192,64.77064220183486
Uncured Hickory Smoked Pepper Bacon,96,58,38,60.416666666666664
100% Natural Diced Fire Roasted Tomatoes,957,330,627,34.48275862068966
Salt & Vinegar Potato Chips,509,268,241,52.652259332023576
Light White Chocolate Strawberry Fat Free Yogurt,7,1,6,14.285714285714285
Sliced Almonds,2492,817,1675,32.78491171749599
Asian Pears,2238,1127,1111,50.35746201966042
Earl Grey  Black Tea Blend,918,439,479,47.82135076252723
Whole Grain Blends Wheat Couscous Roasted Garlic & Olive Oil,207,64,143,30.917874396135264
Zero Calorie Lemon Lime Soda,1117,683,434,61.145926589077895
Kelp Atlantic Kombu,29,2,27,6.896551724137931
Organic Spaghetti No. 12,246,134,112,54.47154471544715
Lemon Hummus,16439,11948,4491,72.68082000121662
Quince Day Cream,10,1,9,10.0
Enlightened Gluten Free Garlic And Onion Crisps,38,21,17,55.26315789473685
"Applesauce On The Go Pouches, Variety",331,194,137,58.610271903323266
Maple Nut Hot Oatmeal,592,381,211,64.3581081081081
Special K Chocolate Caramel Protein Meal Bar,4,0,4,0.0
Classic Pate Chicken & Tuna Dinner Cat Food,21,10,11,47.61904761904761
Pistachio Cream Body Wash,34,15,19,44.11764705882353
Savory Butter Rolls,1013,441,572,43.53405725567621
Pizza for One Deluxe Frozen Pizza,109,55,54,50.45871559633027
Natural Bliss Almond & Vanilla Liquid Coffee Creamer,49,11,38,22.448979591836736
Coleslaw Dressing Calorie Free,3,0,3,0.0
Smooth & Sleek Anti-Freeze Shampoo with Argan Oil,51,8,43,15.686274509803921
Root 66 Max Volume Conditioner,23,6,17,26.08695652173913
Original Kombucha,1966,1279,687,65.05595116988809
Wheat Free Gluten Free Instant Oatmeal Maple Raisin With Flax,511,330,181,64.57925636007828
Calzone Spinach Feta & Tomato,113,74,39,65.48672566371681
Power Up Greens Baby Kale & Greens,90,49,41,54.44444444444444
SPF 40 Facial Moisturizer,13,3,10,23.076923076923077
Water Softener Pellets,3,1,2,33.33333333333333
Lemon Sandwich Creme Cookies,32,14,18,43.75
Organic Lemonade 10% Fruit Juice From Concentrate,3,0,3,0.0
Powersmile Peppermint Toothpaste,281,118,163,41.99288256227758
Chicken Taco Spices & Seasonings,132,52,80,39.39393939393939
"Tea Tree Oil Mouthwash, with Essential Oil of Spearmint",74,19,55,25.675675675675674
Sliced Van Gogh Original Gouda Cheese,29,10,19,34.48275862068966
Natural Raw Almonds,407,161,246,39.55773955773956
Organic Cheddar Snack Mix Bunnies,119,45,74,37.81512605042017
70% Cacao Baking Bar,9,0,9,0.0
Pure Tart Cherry 100% Juice,353,222,131,62.889518413597735
Spiked Up Look Putty,15,4,11,26.666666666666668
Split Pea & Ham Soup,11,3,8,27.27272727272727
Chocolate Coins Dark Blue & Silver,12,0,12,0.0
Original Bacon,811,374,437,46.11590628853268
Every Woman's One Daily 40+ Multivitamin,24,10,14,41.66666666666667
Pure Mint With Herbal Accent Sugar Free Gum,89,69,20,77.52808988764045
Original rising Crust Hawaiian Style Pizza,67,29,38,43.28358208955223
Culinary Crisps Asiago Cheese,7,3,4,42.857142857142854
Vanilla Cream Filled Wafers,6,2,4,33.33333333333333
Pumpkin Pancakes & Waffle Mix,6,1,5,16.666666666666664
"Drumstick Super Nugget Strawberry, Vanilla Fudge And Vanilla Frozen Dairy Dessert Cones",45,14,31,31.11111111111111
Cherry Limeade Lemonade,27,8,19,29.629629629629626
More Flavors Assorted Dog Treats,140,74,66,52.85714285714286
Malty Assam Black Loose Leaf Tea,9,5,4,55.55555555555556
Organic Chili Chipotle Ground,15,0,15,0.0
PM Headache Aspirin,6,0,6,0.0
Fully Cooked Calabrese Italian Pork Sausage,53,13,40,24.528301886792452
Small Lamb Loin Chops,94,55,39,58.51063829787234
9 Grain English Muffins,110,64,46,58.18181818181818
Meaty Bits Chicken Dinner in Gravy Cat Food,72,34,38,47.22222222222222
Soup on the Go Cheesy Potato With Bacon Flavor Soup,18,10,8,55.55555555555556
Lavender Scent Glass Cleaner,88,12,76,13.636363636363635
Greek Raspberry Whole Milk Yogurt,110,60,50,54.54545454545454
Soft Wave ZigZag Toothbrushes,7,0,7,0.0
Fresh Whole Mushrooms,46,15,31,32.608695652173914
Thick Sliced Naturally Hardwood Smoked Bacon,183,79,104,43.169398907103826
Good Seed Organic Thin Sliced Bread,5608,3772,1836,67.26105563480742
Maximum Strength Rapid Clear® Treatment Pads,61,33,28,54.09836065573771
Combination Pizza Bites,8,2,6,25.0
Yoga Bath Soak,5,3,2,60.0
Caramel Macchiato Latte,81,51,30,62.96296296296296
Essential Red,312,177,135,56.730769230769226
"Liquid Hand Soap, Refill, Lavender Scent",999,271,728,27.127127127127125
Organic Dailt Vitamin Pops,810,293,517,36.172839506172835
Original Diced Tomatoes and Green Chilies,30,3,27,10.0
Acai Pomegranate Natural Energy Powder,4,0,4,0.0
Cold Brew Coffee Double Espresso with Almond Milk,6027,3934,2093,65.27293844367014
100% Pure Sensitive Skin Care Grape Seed Oil,58,20,38,34.48275862068966
"Oregano, Ground",6,0,6,0.0
Soft Frozen Variety Pk Lemonade Lemon & Raspberry Lemonade,234,122,112,52.13675213675214
Rich Milk Chocolate Complete Nutritional Drink,492,283,209,57.52032520325203
Organic Red Lentil Mini Fettucini,173,90,83,52.02312138728323
Grape with Electrolytes & Vitamins Water Beverage,468,303,165,64.74358974358975
Hawaiian Rolls,264,129,135,48.86363636363637
Yellow Peach,217,65,152,29.953917050691242
Organic Alphonso Mango Lassi,394,233,161,59.13705583756346
Muenster Chunk Cheese,50,24,26,48.0
"Coffee Drink, Mochaccino",13,5,8,38.46153846153847
Fresh Tartar Sauce,54,30,24,55.55555555555556
Authentic Green Tea,36,7,29,19.444444444444446
Gourmet Cumin,10,0,10,0.0
Immunity Probiotic,134,38,96,28.35820895522388
Grilled Chicken,20,13,7,65.0
Sweet & Simple Lemon Cookies,61,27,34,44.26229508196721
Organic Sweet Potatoes,528,164,364,31.060606060606062
Ultra Soft & Strong Bath Tissue,29,11,18,37.93103448275862
Outshine Fruit Bars Assorted Fruit,480,216,264,45.0
Red Potatoes,10415,4630,5785,44.45511281805089
Grandmas Brownie Bc 2.875 Oz,6,2,4,33.33333333333333
Loaded Potato Salad,31,8,23,25.806451612903224
Sesame Chicken Rice Noodle Soup Bowl,24,9,15,37.5
100% Juice Cranberry Blend Frozen Concentrate,17,4,13,23.52941176470588
Gummi Worms Candy,5,1,4,20.0
Healing Baby Diaper Rash Cream,13,1,12,7.6923076923076925
Organic Summer Strawberry Bunny Fruit Snacks,12568,7523,5045,59.858370464672184
Deodorant Fresh Scent,71,14,57,19.718309859154928
Organic Coconut Almond Peanut,66,13,53,19.696969696969695
French Vanilla Sugar Free Powder Coffee Creamer,55,28,27,50.90909090909091
H'aole Special Cocoa Spread,14,5,9,35.714285714285715
Cinnamon Whiskey,174,64,110,36.7816091954023
Best Sloppy Joe Skillet Sauce,194,91,103,46.90721649484536
"Honeycrisp Apples, Bag",22,7,15,31.818181818181817
Diced San Marzano Style Organic Plum Tomatoes,70,10,60,14.285714285714285
Outshine Fruit & Veggie Bars Tangerine Medley,64,19,45,29.6875
Chewable Acidophilus And Bifidum Strawberry Flavor,5,0,5,0.0
Organic Sea Salt Dark Chocolate,331,244,87,73.71601208459214
Halogen Soft White 43 W Light Bulbs,6,1,5,16.666666666666664
Warehouse Direct Styrofoam 28 Qt Ice Chest Disposable Cooler,20,1,19,5.0
Chocolate Espresso High Protein Bar,15,3,12,20.0
Instant Oatmeal Maple & Brown Sugar,2836,1466,1370,51.69252468265162
Tastes Of India Butter Chicken Simmer Sauce,13,2,11,15.384615384615385
Fruit Gushers Strawberry Splash/Tropical Variety Pack Fruit Flavored Snacks,124,90,34,72.58064516129032
"Raw Snack, TigerNut, Original",90,28,62,31.11111111111111
Raspberry Soft Serve Fruit Pop,260,101,159,38.84615384615385
Simply Dressed Lemon Vinaigrette,21,10,11,47.61904761904761
Vanilla Honey with Moisturizer Hand Soap,87,35,52,40.229885057471265
Smoothing Jasmine and Vitamin E Hawaiian Moisture Cream,16,3,13,18.75
Organic Baby Cereal Protein-Packed Quinoa 6+Mths,91,36,55,39.56043956043956
Lemon Butter Cookies,11,7,4,63.63636363636363
Mango Chia Bar,510,261,249,51.17647058823529
Natural Goat Cheese,108,36,72,33.33333333333333
Beef Franks 8 Count,313,147,166,46.96485623003195
"Ground Pork, Extra Lean, 4% Fat",601,247,354,41.098169717138106
Food Storage Square Green - 2 PK,57,5,52,8.771929824561402
Hello Hydration Shampoo,26,7,19,26.923076923076923
Pitted Medium Ripe Olives,20,8,12,40.0
Cherry Garcia Frozen Yogurt,1447,734,713,50.725639253628195
Roast Turkey Breast Slices Turkey,13,4,9,30.76923076923077
Sun Blossom Probiotic Kombucha,1072,805,267,75.09328358208955
Organic Curry Leaves,130,17,113,13.076923076923078
Summer Strawberry Fruit Strip,1325,797,528,60.15094339622642
Peach Vodka,20,6,14,30.0
Dual Action Beta Immune and Anti-Oxidant Citrus,5,1,4,20.0
Carrot Squash & Apple 100% Vegetable & Fruit Puree,877,528,349,60.20524515393386
Thyme,5136,1712,3424,33.33333333333333
Milano Salame,12,2,10,16.666666666666664
18-in-1 Hemp Pure-Castile Soap Lavender,778,265,513,34.06169665809769
Any'tizers Homestyle Chicken Fries,226,135,91,59.73451327433629
Sliced Yellow Cling 100 Calorie in Extra Light Syrup Peaches,31,14,17,45.16129032258064
Lettuce Boston,95,26,69,27.368421052631582
Protein & Fiber Bar S'mores,34,11,23,32.35294117647059
Cheddar Cheese Flavor Freshly Popped Rice Cakes,66,46,20,69.6969696969697
Sweet Tangerine All Good Lips SPF 12 Lip Balm with Clear Zinc,5,0,5,0.0
Garlic Hummus To Go,8,0,8,0.0
Triscuit Reduced Fat Crackers,826,501,325,60.653753026634384
Oh Berries Pacific Blackberry Jam,100,31,69,31.0
Hot 'n Spicy Snack Mix,6,0,6,0.0
Fig Newmans Strawberry Fig and Strawberry filled Cookies,65,33,32,50.76923076923077
Organic Sprouted Honey Wheat Bread with Flaxseed,203,147,56,72.41379310344827
Organic Spicy Very Veggie Juice,89,41,48,46.06741573033708
Anjou Pear,11,0,11,0.0
Organic Unsweetened Lemon Iced Green Tea,394,239,155,60.659898477157356
French Roast Organic Whole Bean Coffee,996,672,324,67.46987951807229
42.2 Oz Wj Rf Lav&Van,66,10,56,15.151515151515152
Organic Chocolate Cakes,127,62,65,48.818897637795274
Free & Clear Overnight Diapers Size 5,129,70,59,54.263565891472865
Salted Sweet Cream Butter,6240,3189,3051,51.105769230769226
Vegetarian Fed Hens Grade A Brown Eggs Large,245,111,134,45.30612244897959
"Pasta Sauce, Hearty, Tomato & Basil",132,63,69,47.72727272727273
Gluten Free Everything Baked Cracker,423,225,198,53.191489361702125
1% Milkfat Low Fat Vitamin A & D Milk,1486,1227,259,82.5706594885599
Light and Lean Macaroni and Cheese,2769,1717,1052,62.00794510653665
Organic Black Cherry Lowfat Yogurt,544,339,205,62.31617647058824
"Ale,Variety",10,4,6,40.0
Reclosable Gallon Freezer Bags,17,4,13,23.52941176470588
Dressing with Olive Oil Mayonnaise,36,10,26,27.77777777777778
Easy Grab Glass Bakeware,6,0,6,0.0
Organic Rotini,24,8,16,33.33333333333333
Soothing Mint Get Regular Gentle Herbal Laxative Tea,171,62,109,36.25730994152047
Honey Maple Ham,279,186,93,66.66666666666666
Chunky Baked Potato with Cheddar & Bacon Bits Soup Bowl,22,12,10,54.54545454545454
"\""Im Pei-nut Butter\"" Double Chocolate Cookie & Peanut Butter Ice Cream",112,48,64,42.857142857142854
Berry Colossal Crunch Cereal,34,17,17,50.0
Roasted Salted Cashews,6935,4185,2750,60.34607065609229
Peanut Butter Cookies,79,25,54,31.645569620253166
Natural Hibiscus Full Leaf Loose Herb Tea,4,0,4,0.0
Super Soft Flour Tortillas,770,376,394,48.83116883116883
Nutrish® Real Chicken & Veggies Super Premium Dog Food,125,54,71,43.2
Makeup Remover Face Wipe,35,8,27,22.857142857142858
Sweet Gherkins Pickles,30,12,18,40.0
Plum Preserves,125,41,84,32.800000000000004
Original Bite Size Candy,52,15,37,28.846153846153843
Garlic & Herbs Spreadable Cheese,379,169,210,44.59102902374671
Mild Salsa,14664,7890,6774,53.80523731587561
Dark Chocolate Sauce,219,65,154,29.68036529680365
Standard Bottle with Level 3 Nipple,25,3,22,12.0
Sour Skittles,36,10,26,27.77777777777778
"Red Wine Vinegar, Italian",17,5,12,29.411764705882355
Ultra Thin Oven Roasted Turkey Breast,1753,1021,732,58.24301197946377
Chicken Mozzarella Tortelloni,85,40,45,47.05882352941176
Fromage Blanc Cheese,16,2,14,12.5
Grape Leaves,72,13,59,18.055555555555554
Natural Free & Clear Dish Liquid,9175,4377,4798,47.705722070844686
"Makeup Dissolving Facial Cleansing Wipes, Oil-Free",20,2,18,10.0
"Fillo Appetizers, Spinach & Feta, Spanakopita",69,25,44,36.231884057971016
Caffe Verona Dark Keurig Brewed K-Cups Ground Coffee,632,421,211,66.61392405063292
Sweetened Lime Juice,102,32,70,31.372549019607842
Kickin' Chicken Recipe Dog Food,127,84,43,66.14173228346458
Italian Style Whole Peeled Tomatoes With Basil Leaf,80,21,59,26.25
"9\"" Strawberry Rhubarb Pie",59,17,42,28.8135593220339
Thai Basil & Sweet Chili Medium Stir-Fry Sauce,20,6,14,30.0
Moist & Meaty Rise & Shine Awaken Bacon and Egg Flavor Dog Food,17,7,10,41.17647058823529
Goat Cheese & Basil Ravioli,830,527,303,63.493975903614455
Chocolate Shell Topping,51,9,42,17.647058823529413
"Nutmeg, Ground",142,6,136,4.225352112676056
Organic Classic Sea Salt  Oven Crinkles Fries,2117,1116,1001,52.71610769957486
Organic Broccoli Crown,5902,2936,2966,49.7458488647916
Caesar Salad Dressing,582,196,386,33.67697594501718
Ylang Ylang + Cedarwood Hand Soap,272,84,188,30.88235294117647
NyQuil Severe Cold & Flu and DayQuil Severe Cold & Flu Caplets Convenience,77,4,73,5.194805194805195
Xtra Protection Long Unscented Pantiliners,20,5,15,25.0
Gallon Size Black Iced Tea Bags,31,8,23,25.806451612903224
Organic All Stars Pasta In Tomato & Cheese Sauce,1894,1017,877,53.69588173178458
"Lash Stiletto Ultimate Length Mascara, Very Black 951",8,1,7,12.5
Tomatoes Kumato,4,0,4,0.0
Organic Ashwagandha True Chai Elixir,237,142,95,59.91561181434599
Maximum Absorbency XL for Women Underwear,25,10,15,40.0
Amazing Meal Chocolate Infusion Single,6,2,4,33.33333333333333
Revive Beauty Bar,18,1,17,5.555555555555555
Vanilla Porter Ale,19,8,11,42.10526315789473
Deluxe Plain Bagels,4214,2886,1328,68.48599905078311
Crumbled Gorgonzola,45,22,23,48.888888888888886
"Sparkle Moisturizing Body Wash, Diamond Powder & White Calla Blossom Scent",16,1,15,6.25
Small Soft and Fluffy Flour Tortillas,414,228,186,55.072463768115945
Lightly Salted Baked Snap Pea Crisps,24950,15663,9287,62.77755511022044
Citrus Chia Power Snacks,35,13,22,37.142857142857146
Trimmed Green Beans,139,74,65,53.23741007194245
Crunch Chocolate Dipped Mixed Nuts,83,53,30,63.85542168674698
Organic Pumpkin,4594,2055,2539,44.73225946887244
Simply Sleep Nighttime Sleep Aid,45,41,4,91.11111111111111
Laredo Chili With Beans,48,21,27,43.75
Smoked Salmon,4054,2175,1879,53.65071534287124
Daily Grind Black Peppercorn,115,7,108,6.086956521739131
Organic Green Tea with Ginger,269,93,176,34.572490706319705
Mold & Mildew Stain Remover,16,0,16,0.0
Mushrooms Premium Large White,63,38,25,60.317460317460316
Goat Milk Yogurt Blueberry,743,516,227,69.44818304172274
Spill-Proof 6+ Months Sippy Cups,13,4,9,30.76923076923077
Chocolate Chip Muffins,532,370,162,69.54887218045113
Caramel Cookie Crunch Gelato,5517,2543,2974,46.09389160775784
Fluffly Vanilla Marshmallow Frosting,6,2,4,33.33333333333333
Chunk White in Water To Go Tuna Cups,9,1,8,11.11111111111111
Parsley Freeze-Dried Herbs,28,2,26,7.142857142857142
Cashew Milk Salted Caramel Cluster Non-Dairy Frozen Dessert,1281,634,647,49.49258391881342
Assorted Twin Pops,42,23,19,54.761904761904766
Normal to Oily Skin Daily Facial Cleanser,133,26,107,19.548872180451127
Meatballs Italian,72,24,48,33.33333333333333
Marble Pound Cake,279,165,114,59.13978494623656
Glazed Chocolate Pie,15,7,8,46.666666666666664
London Dry Gin England,442,239,203,54.07239819004525
Heel Balm,12,2,10,16.666666666666664
Sicilian Orange Marmalade,41,17,24,41.46341463414634
Dark Chocolate with Marzipan,192,121,71,63.020833333333336
Mint Glide Floss Picks,318,78,240,24.528301886792452
Vanilla Whole Milk Yogurt,41,26,15,63.41463414634146
Dusk Deodorant Milled Bar Soap,9,4,5,44.44444444444444
Nail Lacquer Top Coat,10,0,10,0.0
Baby Peas,49,30,19,61.224489795918366
Potatoes O'Brien with Peppers and Onions,12,1,11,8.333333333333332
Shabbos Candles,42,7,35,16.666666666666664
Pomegranate & Spruce Candle,21,8,13,38.095238095238095
Organic Seedless Raisins,38,10,28,26.31578947368421
Eco-Foil Poultry Pans & Lids (9 3/8 in x 9 3/8 in x 2 3/8 in),28,1,27,3.571428571428571
Jasmine Rice,2509,997,1512,39.736946990833
Persian Rose Soap Bar,10,4,6,40.0
Lager,880,460,420,52.27272727272727
VitaSea Juice,13,7,6,53.84615384615385
"Sparkling Citrus Beverage, with Orange Pulp!",154,101,53,65.5844155844156
Cheez-It Baked Snack Crackers,3842,2606,1236,67.82925559604372
Wet Skin Broad Spectrum SPF 30 Sunscreen Spray,4,0,4,0.0
Premium Crab Meat,8,2,6,25.0
Organic Snackimals Chocolate Crisp Cereal,101,41,60,40.5940594059406
Silver Ultra Men's Multivitamin/Multimineral Supplement,14,3,11,21.428571428571427
Decaf Librarian's Blend Whole Bean,45,16,29,35.55555555555556
"Orange, Cherry, & Grape Ice Pops",1087,447,640,41.12235510579577
Vegetable Classics Garden Vegetable Soup,373,145,228,38.8739946380697
Heirloom Red & Black Quinoa Polenta,107,52,55,48.598130841121495
Cucumbers,22,4,18,18.181818181818183
Curry Powder,903,90,813,9.966777408637874
Very Berry Cheesecake,38,15,23,39.473684210526315
Shredded Italian Five Cheese Blend,239,81,158,33.89121338912134
No Sugar Added Sweet Relish,16,3,13,18.75
"Energizing Bites, Crunchy, Almond Blueberry Lemon",27,12,15,44.44444444444444
Multi Surface Antibacterial Everyday Fresh Citrus Cleaner,210,66,144,31.428571428571427
Organic Gen Mai Cha Tea Sachets,5,0,5,0.0
Sweetened Raspberries,217,82,135,37.78801843317972
Blackcurrant Jelly,53,19,34,35.84905660377358
Milk Thistle,68,15,53,22.058823529411764
Lemon Thins,109,50,59,45.87155963302752
Hot Chocolate All Natural,130,21,109,16.153846153846153
Naturally Hickory Smoked Bacon,319,160,159,50.15673981191222
Milk Chocolate With Whole Almonds Bar,72,37,35,51.388888888888886
Original 0 Calorie Sweetener,145,55,90,37.93103448275862
Organic Potato Quinoa & Spinach Soup,197,81,116,41.11675126903553
Body Creme,12,2,10,16.666666666666664
ProActive Health Adult Chicken Dry Dog Food,163,91,72,55.828220858895705
Organic Gluten-Free White Cheddar Macaroni & Cheese,37,11,26,29.72972972972973
Herbal Expec Herbal Expectorant Natural Cherry,25,11,14,44.0
Pure Water,5287,3505,1782,66.29468507660299
2 in 1 Whitening Toothpaste,416,149,267,35.81730769230769
V-Fusion Light Strawberry Banana Juice,163,111,52,68.09815950920245
Montanas Chocolate Chip Cookies,97,53,44,54.63917525773196
Wastebasket Liners,972,294,678,30.246913580246915
Organic Extra Large Omega 3 Grade AA Eggs,852,589,263,69.13145539906104
Special K Berry Streusel Pastry Crisps,44,20,24,45.45454545454545
Mixed Fruit Snacks,1208,654,554,54.13907284768212
"Cheese, Fresh Mozzarella",27,6,21,22.22222222222222
Special Request Rich Sante Fe Blend Dressing,3,0,3,0.0
Hello Hydration Moisturizing Conditioner,192,43,149,22.395833333333336
Colby Jack Shredded Cheese,380,211,169,55.52631578947368
Homegrown Mini Oatmeal Cookies Bites,36,10,26,27.77777777777778
Thai Style Tom Yum Noodle Soup Bowl,121,43,78,35.53719008264463
Protein Power Gluten-Free Black Bean And Quinoa Pasta Elbows,223,78,145,34.97757847533632
Swiss Fudge Cookies,70,37,33,52.85714285714286
Almond Walnut Macadamia With Peanuts Plus Protein Bars,76,28,48,36.84210526315789
Shoepeg White Corn & Butter Sauce Steamers,34,5,29,14.705882352941178
Steamy Vegetables,51,21,30,41.17647058823529
Rain Forest Incense of Auroville,11,5,6,45.45454545454545
Mint Chocolate Chip Frozen Yogurt,138,84,54,60.86956521739131
Enameled Lemon Squeezer,6,0,6,0.0
Chicken Pot Pie,5484,3018,2466,55.032822757111596
Cheddar Slices,25,8,17,32.0
Rustic Tomato Basil Sauce,278,144,134,51.798561151079134
Maximum Whitening Liquid Mint Toothpaste,16,6,10,37.5
Reserve Dark Roast Guatemala San Sebastián Ground Coffee,8,2,6,25.0
Plain Round Challah Bread,9,2,7,22.22222222222222
"Tulsi Cleanse, Caffeine Free, Infusion Bags",21,7,14,33.33333333333333
Seasoned Steak Fries,58,16,42,27.586206896551722
Reduced Fat Creamy Peanut Butter Spread,1704,875,829,51.34976525821596
Vitamin E 1000 IU,9,4,5,44.44444444444444
100% Whole Wheat Flour Tortillas,625,333,292,53.28000000000001
Caramel & Chocolate Milk Duds,316,145,171,45.88607594936709
Sambucus Standardized Elderberry Gummies,97,41,56,42.2680412371134
Beautiful Earth Long Lasting Women's Deodorant,148,6,142,4.054054054054054
"Jalapeño String Cheese, Low Moisture Part Skim Mozzarella Cheese with Jalapeño Peppers",233,159,74,68.24034334763948
Evenly Gorgeous Burnt Brown Sugar & Karite Butter Body Wash,40,13,27,32.5
Palmetto Cheese Original,82,37,45,45.1219512195122
Cocoa Mocha Almonds,46,39,7,84.78260869565217
Organic Mint,19745,10797,8948,54.68219802481641
Luxurious Volume All Day Hold Hairspray,15,8,7,53.333333333333336
"Black Pepper, Coarse Ground",9,2,7,22.22222222222222
Peppermint Pattie Bar,68,37,31,54.41176470588235
Snow Peas,4447,1470,2977,33.05599280413762
Basil & Garlic Pre-Cooked Polenta,16,2,14,12.5
Chanukah Candles,3,0,3,0.0
Hearty Style 100% Whole Grain Whole Wheat Bread,29,16,13,55.172413793103445
Ultra Sharp Cheese Cheddar,17,9,8,52.94117647058824
Grated Sushi Wasabi,3,0,3,0.0
"Gourmet Red Velvet Cupcakes, Real Cream Cheese Filled",55,15,40,27.27272727272727
One Chocolate Cherry Almond Meal Bar,203,128,75,63.05418719211823
Giant Peach,782,578,204,73.91304347826086
Braeburn Apple,1798,886,912,49.2769744160178
Sonoma Pinot Noir Wine,484,219,265,45.24793388429752
Oreo Cookie Sticks & Creme Dip,49,20,29,40.816326530612244
Watermelon Gummy Candy,37,16,21,43.24324324324324
Baguette,488,261,227,53.48360655737705
Greek Yogurt Covered Craisins,71,32,39,45.07042253521127
Sport Chocolate Coconut Almond Energy Bar,11,6,5,54.54545454545454
Moroccan Beets,11,7,4,63.63636363636363
Ultimate Caesar Salad Kit,553,319,234,57.68535262206148
Mixed Berry Fruit On The Bottom Yogurt,54,29,25,53.70370370370371
Fructis® Sleek & Shine Intensely Smooth Leave-In Conditioning Cream,34,9,25,26.47058823529412
Simple Mornings Triple Chocolate Chunk Muffin Mix,7,1,6,14.285714285714285
Snug & Dry Diapers Step 1 Jumbo,15,2,13,13.333333333333334
Organic Mango Yogurt,1675,952,723,56.835820895522396
Oven Roasted Chicken Breast,635,369,266,58.110236220472444
Biosil Beauty Bones & Joint Liquid,20,4,16,20.0
Bistro Wild Salmon Frozen Entree,27,10,17,37.03703703703704
Delightfully Turkish Sun Dried Figs,119,65,54,54.621848739495796
"Grape Leaves, in Vinegar Brine",10,2,8,20.0
UltraClean Access Flosser with Disposable Heads,16,2,14,12.5
Unsweetened Coconut Juice,21,14,7,66.66666666666666
Citrus Soda Mini Cans,158,83,75,52.53164556962025
Bellavitano Raspberry Wedge,44,25,19,56.81818181818182
Cabernet Sauvignon 2015,1,0,1,0.0
Thick Meatless Wild Mushroom Pasta Sauce,216,77,139,35.648148148148145
Tea Temples Lemon&Ginger Caffeine Free,47,18,29,38.297872340425535
Milk Chocolate Hobnobs,27,20,7,74.07407407407408
Raw Super Sauerkraut Salad,60,40,20,66.66666666666666
Almond Oat Bars,116,85,31,73.27586206896551
"Sprinkles, Rainbow Nonpareils",70,7,63,10.0
Smoothing Sea Kelp Conditioner,26,4,22,15.384615384615385
White Buttermints,561,273,288,48.663101604278076
Glaze With Balsamic Vinegar Of Modena,61,6,55,9.836065573770492
French Lilac Soy Candle,22,8,14,36.36363636363637
Garden Fresh Sweet Onion Salsa,137,58,79,42.33576642335766
Tortilla Chips,925,507,418,54.81081081081081
Tender Favorites Salmon & Crab Meat in Sauce Wet Cat Food,16,7,9,43.75
Sweet Tea,420,268,152,63.8095238095238
Pediatric Fruit Flavor Electrolyte Solution,29,2,27,6.896551724137931
Mini Semisoft Gouda Cheeses,563,297,266,52.753108348134994
Greek Nonfat Strained Yogurt Blended with Blueberry,13,4,9,30.76923076923077
Cappucino with Lowfat Milk & Cocoa Iced Coffee Drink,31,14,17,45.16129032258064
Popcorn Crisps Sea Salt,8,2,6,25.0
Green Label Syrah Shiraz,9,2,7,22.22222222222222
Whole Grain Seeded Dinner Roll,32,2,30,6.25
Mango Ice Bars,53,15,38,28.30188679245283
"Ice Cream, Mint Chip",526,286,240,54.372623574144484
Cranberries & Glazed Walnuts,67,23,44,34.32835820895522
Crunchy Honey Oat Flax Granola & Seed Bars,194,79,115,40.72164948453608
Regular Mouth Mason Lids,2,0,2,0.0
Chipotle Mustard,13,2,11,15.384615384615385
Lemon Twist Hummus,242,135,107,55.78512396694215
Oikos Greek Frozen Yogurt Mint Chocolate Chip,7,0,7,0.0
Double Chocolate Chip Protein Bar,1257,752,505,59.82498011137629
Flip Sriracha Mango Greek Yogurt,6,1,5,16.666666666666664
Duck Bacon,8,2,6,25.0
Organic Honey Lemon Manuka Drops,9,1,8,11.11111111111111
Mushroom Blend,15,5,10,33.33333333333333
Mandarin Soda Pop,21,2,19,9.523809523809524
"Laundry Detergent, 40 Loads",8,3,5,37.5
Gluten Free Chocolate Chip Snack'n Go Packs,358,199,159,55.58659217877096
Pain Reliever Fever Reducer Extra Strength For Adults Acetaminophen,492,73,419,14.83739837398374
Pinquito Beans,10,1,9,10.0
A Trois Silk Red,54,34,20,62.96296296296296
Squeeze Mayonnaise Dressing with Olive Oil,184,48,136,26.08695652173913
Sleek Shampoo,4,0,4,0.0
Triscuit Original Baked Whole Grain Wheat Crackers,1759,989,770,56.22512791358727
Wide Noodles,197,12,185,6.091370558375635
"Cottage Cheese 2% Milkfat Lowfat,Blueberry Topping",14,8,6,57.14285714285714
Rotini Veggie Pasta,60,36,24,60.0
Puffed Corn Cereal,174,140,34,80.45977011494253
Simply Fruit Blackberry Spread,79,29,50,36.708860759493675
Vietnamese Brown Rice Spring Roll Wrappers,284,54,230,19.014084507042252
Baked Pizzeria Pretzel Snacks,9,0,9,0.0
Butter & Garlic Classic Cut Croutons,112,39,73,34.82142857142857
Black Bean Salsa,176,86,90,48.86363636363637
"Snacking Cheese, Fresh Mozzarella",290,151,139,52.06896551724138
"Cheese Alternative, American Style, Slices",1406,859,547,61.095305832147936
Cranberry Creme Brulee Kefir Cultured Lowfat Milk Smoothie,3,0,3,0.0
Lavender & Chamomile Hand Soap,26,3,23,11.538461538461538
Homemade Marinara Sauce,668,394,274,58.982035928143716
Aromatic Bitters,99,14,85,14.14141414141414
Original Bubble Bath,44,16,28,36.36363636363637
Outshine Mango Yogurt Bar,99,59,40,59.59595959595959
Cook & Serve Vanilla Pudding & Pie Filling,35,7,28,20.0
Simply One Women One-Per-Day Multi-Vitamin Tablets,6,0,6,0.0
Old Spice For Men 1 Dandruff Shampoo And Conditioner,9,1,8,11.11111111111111
Organic Unsweetened Vanilla Almond Milk,15935,12923,3012,81.09821148415438
Epic Fruit & Yogurt Filled Pouches,37,15,22,40.54054054054054
Sparkling Apple Juice,2348,1337,1011,56.94207836456558
Original/Ranch/BBQ/Chile Picante con Limon Variety Pack,420,239,181,56.904761904761905
Oregon Raspberry Lowfat Yogurt,81,49,32,60.49382716049383
Organic Freeze Dried Bananas,552,330,222,59.78260869565217
Mexican Traditional Chipotle Cooking Sauce,15,5,10,33.33333333333333
Macro Greens Drink Mix,8,4,4,50.0
Organic Coconut Sugar Vanilla,26,4,22,15.384615384615385
Souper 6-Pack Shrimp Flavor Ramen Noodle Soup,68,32,36,47.05882352941176
Roasted Chickpeas,34,18,16,52.94117647058824
"Green Beans, Organic, Cut",497,264,233,53.118712273641854
Roasted Garlic,852,273,579,32.04225352112676
Velveeta Original Shells & Cheese,390,246,144,63.07692307692307
Whole Grain 7 Grain Water Crackers,14,4,10,28.57142857142857
Grape Baby Cough Syrup & Mucus Reducer,5,0,5,0.0
Olive Oil Popcorn,251,151,100,60.1593625498008
Steam Crisp Super Sweet Yellow & White Whole Kernel Corn,55,14,41,25.454545454545453
Frozen Desserts 150 Calories Per Pint Strawberry,115,61,54,53.04347826086957
Kelp 660 mg Capsules,11,2,9,18.181818181818183
Pike Place Roast Medium Keurig Brewed K-Cups,1569,1028,541,65.51943913320586
Mountain Breeze Laundry Detergent,76,23,53,30.263157894736842
Natural Hickory Smoked Ham Steak,28,12,16,42.857142857142854
The Original Slaw Dressing,13,4,9,30.76923076923077
Chop Italian Bistro Bowl,32,12,20,37.5
Mild Chili Beans,62,20,42,32.25806451612903
Wild Collection Wolfthorn Scent Men's Invisible Solid Anti-Perspirant & Deodorant,53,17,36,32.075471698113205
"Light, Very Vanilla",2070,1408,662,68.01932367149759
Organic Coconut Bliss Vanilla Island Ice Cream,1496,766,730,51.20320855614974
C Batteries,95,4,91,4.2105263157894735
Orange Chicken,1452,768,684,52.892561983471076
Veggie Deli Turkey Slices,92,56,36,60.86956521739131
Ground Rosemary,9,0,9,0.0
Premium Traditional Homestyle Cream Style Corn,260,66,194,25.384615384615383
Pretzel Bread Grilled Chicken with Jalapeno Cheddar Sandwiches,774,435,339,56.201550387596896
Original Low Fat Fudge Pops,124,32,92,25.806451612903224
Mint Eez-Thru Flossers,10,2,8,20.0
Organic Yo Kids Squeezers,53,26,27,49.056603773584904
18-Ounce Classic With Sport Cap Organic Garden,4,0,4,0.0
Tuscan Peasant Soup,10,1,9,10.0
Fat-Free Refried Beans,336,106,230,31.547619047619047
Potassium Gluconate 595 mg Caplets,4,0,4,0.0
Gluten and Dairy Free Rice Macaroni and Cheeze,3412,2277,1135,66.73505275498242
Tesora Medium Roast,2692,1948,744,72.36255572065379
Tangerine Melon Bubble Bath,1,0,1,0.0
Organic Chicken Bone Broth,8479,4482,3997,52.86000707630617
Cinnabon Cream Cheese Icing Cinnamon Rolls,282,98,184,34.751773049645394
Traditional Hearty Chicken and Rotini Soup,614,261,353,42.508143322475576
Chili Con Carne,102,57,45,55.88235294117647
Lean Protein & Fiber Bar Chocolate Almond Brownie,1321,830,491,62.831188493565485
Ice Cream Grand Rocky Road,365,201,164,55.06849315068493
Orange Wheat Beer,9,2,7,22.22222222222222
Whitening Plus Scope Crest Complete Whitening + Scope Multi-Benefit Minty Fresh Striped Toothpaste 12.4oz Twin Pack  Dentifrice,278,88,190,31.654676258992804
Fresh Spring Flowers Fabric Softener,6,0,6,0.0
Comforting Geranium Bubble Bath,7,0,7,0.0
Frozen Sandwich Bags,10,4,6,40.0
Ultra Soft & Strong,269,173,96,64.31226765799256
Mulberry Berries,475,231,244,48.63157894736842
Organic Cowgirl Ranch Dressing,434,83,351,19.12442396313364
Hot Roasted Habanero Salsa,576,260,316,45.13888888888889
Light Red Kidney Beans,423,95,328,22.458628841607563
Guinness Beer Brats,28,12,16,42.857142857142854
Sliced Wheat Bread,1584,1175,409,74.17929292929293
Sweet Cream Salted Butter,5276,2721,2555,51.573161485974225
Original Worcestershire Sauce,402,56,346,13.930348258706468
T-Bonz Porterhouse Flavor Steak-Shaped Dog Treats,19,8,11,42.10526315789473
"Deli Slices, Bologna Style",814,546,268,67.07616707616708
Original Zero Clean Energy Drink,93,42,51,45.16129032258064
Fresh Mozzarella Sliced Cheese,27,7,20,25.925925925925924
Ultra Strength,28,6,22,21.428571428571427
Reduced Fat Sharp Cheddar Cheese,329,148,181,44.984802431610944
Organic Raw Blue Agave Syrup,10,1,9,10.0
Seasoned White Meat Chicken With Pasta and Vegetables in a Parmesan Sauce Grilled Chicken & Vegetables,24,9,15,37.5
Green Tea With A Hint Of Jasmine,202,72,130,35.64356435643564
Spring Meadow Scent Laundry Detergent Pods,48,12,36,25.0
Seedless Watermelon,3517,1479,2038,42.05288598237134
Seasonal,34,20,14,58.82352941176471
Kiwi,10872,5745,5127,52.84216335540839
Dual-Force Foamer Clog Remover,136,25,111,18.38235294117647
Ready to Bake! Chocolate Chip with Hershey's Chocolate Chips Cookies,696,248,448,35.63218390804598
Heath Milk Chocolate English Toffee Bar Frozen Dairy Dessert,116,39,77,33.62068965517241
Peanut Butter Candy,710,418,292,58.87323943661972
Get Relaxed Tea,25,7,18,28.000000000000004
Red Meat Medley Dog Food,57,35,22,61.40350877192983
Penne Pasta,7558,3518,4040,46.54670547763959
Natural Home Care Dish Soap Aloe & Green Tea,9,3,6,33.33333333333333
Super Shine Apricot Shampoo,8,3,5,37.5
Cook & Serve Butterscotch Pudding & Pie Filling,38,14,24,36.84210526315789
Raspberry Chipotle Sauce,14,4,10,28.57142857142857
Popped Corn Just The Caramel Corn,160,82,78,51.24999999999999
Raisin Snail Pastries,77,37,40,48.05194805194805
Hot Stuff Potato Chips,159,106,53,66.66666666666666
Original Black Tea,19,3,16,15.789473684210526
Chocolate Almond Milk,129,60,69,46.51162790697674
"Sparkle Gel, Red",4,0,4,0.0
Miso Paste,16,0,16,0.0
Steamers Asparagus Cuts,147,29,118,19.727891156462583
Gluten Free Mint Slims Cookies,70,54,16,77.14285714285715
Caffeine Free Peppermint Herbal Tea,607,180,427,29.654036243822073
Fruit & Nutty Almonds Raisins Cranberries Pecans Granola,2794,1718,1076,61.4889047959914
Boneless Herring Fillets Kippered Seafood Snacks,39,19,20,48.717948717948715
Maximum Strength Zinc Oxide Diaper Rash Paste,28,8,20,28.57142857142857
Organic Nut Butter Buddha Protein Bar,31,17,14,54.83870967741935
Bold & Crispy Zesty Twirls,169,50,119,29.585798816568047
Home Dishwashing Liquid Green Apple Scent Ultra Concentrated,22,9,13,40.909090909090914
White Cookie Icing,62,3,59,4.838709677419355
Greek Strawberry Nonfat Yogurt,104,58,46,55.769230769230774
Premium Beef Franks,366,189,177,51.63934426229508
Golden Echinacea Liquid Herbal Extract,8,4,4,50.0
Maria Cookies,19,15,4,78.94736842105263
"Everyday Napkins Design Collection, Printed, 2-Ply",182,67,115,36.81318681318682
63% Dark Chocolate Sea Salt & Nibs Bar,216,101,115,46.75925925925926
Chicken Fried Beef Steak Meal,64,31,33,48.4375
Tomato Paste,11279,3717,7562,32.95504920648994
Wasabi Dijon Fat-Free Dressing,7,0,7,0.0
Black Cherry Gelato,975,404,571,41.43589743589743
Everyday Tissues,16,0,16,0.0
"Super Lysine, Cold Sore Treatment",12,0,12,0.0
Hot Thick & Chunky Salsa,51,13,38,25.49019607843137
GUM® Crayola Battery-Powered Toothbrush,9,2,7,22.22222222222222
Organic White Meat Chicken Pie,356,180,176,50.56179775280899
Whey To Go Whey Protein Powder Natural Vanilla,18,4,14,22.22222222222222
"Light Bulb, Soft White, 150W",96,23,73,23.958333333333336
Angus Roast Beef,56,37,19,66.07142857142857
Amazonas Honduras Coffee,25,19,6,76.0
Organic Raspberry Energy Chews,178,116,62,65.1685393258427
Cote D'Azur Hand Wash,5,0,5,0.0
Baby Food Stage 2 Pumpkin Banana,4460,2832,1628,63.497757847533634
Jalapeno Smoked Sausage,45,14,31,31.11111111111111
TheraPearl Hot/Cold,6,1,5,16.666666666666664
Gentle Iron 28mg Capsules,7,0,7,0.0
Stye Eye Relief Drops,7,0,7,0.0
"Probiotic, Super 8 Hi-Potency, Vegetarian Capsules",26,9,17,34.61538461538461
Clarifying Acne Glycolic + Zinc Towelettes,9,1,8,11.11111111111111
Grade A Large Eggs Cage Free Omega 3,8568,6238,2330,72.80578898225957
Simply Clean & Sensitive Cool Cotton,5,0,5,0.0
Triple Orange Liqueur,38,4,34,10.526315789473683
Three Cheese Ravioli In Egg Pasta,707,486,221,68.74115983026874
"Miso, Sweet, Light",145,23,122,15.862068965517242
Fettuccine  No. 6 Pasta,1110,339,771,30.54054054054054
First Cleanse 2 Week Program,5,0,5,0.0
Shot Bloks Cran-Razz Energy Chews,19,8,11,42.10526315789473
Cucumber Vodka,18,10,8,55.55555555555556
Honey Nut Dream Granola,504,334,170,66.26984126984127
Cran Raspberry Juice Drink,135,87,48,64.44444444444444
"Soft Baked Oat Bars, Organic Banana Carrots",31,9,22,29.03225806451613
Golden Battered Fish Fillet With Rice And Cheesy Broccoli,112,62,50,55.35714285714286
Eye Makeup Remover Pads With Kiwi Extract No Fragrance Added,9,0,9,0.0
Slow Cooker Chicken & Dumplings Starter,6,2,4,33.33333333333333
Natural Artesian Water,13727,10385,3342,75.6538209368398
Electric Blue Sparkling Sugar,7,0,7,0.0
Three Cheese Semolina Loaf,267,192,75,71.91011235955057
"Spaghetti, Whole Wheat/Whole Grain",13,3,10,23.076923076923077
Cheeseburger,62,42,20,67.74193548387096
BBQ Recipe Chicken with Bacon Hand-Tossed Style Crust Pizza,47,22,25,46.808510638297875
Garlicky Hummus 8oz,186,130,56,69.89247311827957
Organic Sunflower Butter Chocolate Macrobar,1559,1058,501,67.86401539448364
Sensitive Wax Strips,18,7,11,38.88888888888889
Organic Sweetened Condensed Milk,1129,297,832,26.30646589902569
Cream Cheese With Chive & Onion,39,19,20,48.717948717948715
Organic Uncooked Corn Tortillas,6,3,3,50.0
"Yogurt Spread, Mediterranean, Original",6,1,5,16.666666666666664
DHA 3-6-9 Blend Udo's Oil,43,14,29,32.55813953488372
Kids Peachy Clean Body+Hair Wash,16,5,11,31.25
Spring Water Refill Liquid Hand Soap,109,27,82,24.770642201834864
"Sunscreen, Antioxidant Natural, SPF 30, Oil-Free Face Lotion",10,1,9,10.0
Dark Chocolate Caramel Bar,5,0,5,0.0
Large Fresh Fruit Tart,44,16,28,36.36363636363637
Coke Zero Diet Soda,2096,1210,886,57.729007633587784
The Wall Street Journal Newspaper,10,5,5,50.0
Original Rice Pudding,145,78,67,53.79310344827586
Soy Ginger Asian Noodles,10,1,9,10.0
Chicken Bone Broth,83,36,47,43.373493975903614
Coconut Lemon Hand Sanitizer Wipes,135,43,92,31.851851851851855
Cruisers Size 5 Giant Pack Diapers,183,107,76,58.46994535519126
Organic Vegetable Quinoa Soup,282,80,202,28.368794326241137
"Organic Red Potatoes, Bag",49,19,30,38.775510204081634
Snickers Candy Bars,191,87,104,45.54973821989529
Variety Pack Apple Pear White Grape 100% Juice,31,19,12,61.29032258064516
Duck & Veal Demi Glace,2,0,2,0.0
Fancy Fruit Flavored Slices,5,2,3,40.0
Mini & Meatballs in Tomato Sauce Beef Ravioli,74,36,38,48.64864864864865
"Flax Oil, Fresh",136,28,108,20.588235294117645
Organic Refried Black Beans,4905,2518,2387,51.33537206931702
Italian Five Cheese Shredded Cheese,185,61,124,32.972972972972975
Prenatal DHA,255,63,192,24.705882352941178
Milk Chocolate Morsels,74,23,51,31.08108108108108
Caramel Dark Chocolate Bar,115,82,33,71.30434782608695
Toasted Coconut Almond Chip Ice Cream,182,87,95,47.8021978021978
Kaiser Sandwich Buns,37,7,30,18.91891891891892
Quinoa Yogurt Fruit & Nut Granola Bars,42,18,24,42.857142857142854
Stir Fry Teriyaki Sauce Marinade,84,16,68,19.047619047619047
Draught Beer Keg,16,7,9,43.75
Kava Stress Relief Tea,1050,407,643,38.761904761904766
Champagne Wine Vinegar,126,9,117,7.142857142857142
Tropical Goodness Juice Smoothie,18,8,10,44.44444444444444
Wieners,1859,1090,769,58.633674018289405
Gummy Vites Complete,73,26,47,35.61643835616438
Cut Crystal Clear Plastic Cups,162,61,101,37.65432098765432
Expressions Facial Tissue,450,245,205,54.44444444444444
Organic Kiwi Bag,232,79,153,34.05172413793103
Organic Light in Sodium Creamy Butternut Squash Soup,183,39,144,21.311475409836063
Light Italian Style Meatball Soup,74,17,57,22.972972972972975
White Wine Vinegar,610,62,548,10.163934426229508
Gluten Free Cinnamon Roll Mix,6,1,5,16.666666666666664
All Natural Half Lemon Aid & Half Iced Tea,564,373,191,66.13475177304964
Flour,477,131,346,27.463312368972748
Ultra DigestMore Vegetable Capsules,11,2,9,18.181818181818183
Manzanilla Spanish Olives with Pimentos,18,3,15,16.666666666666664
Mango Soda,12,1,11,8.333333333333332
"Cornmeal, Stone Ground",123,2,121,1.6260162601626018
Sea Salt Garden Veggie Straws,744,443,301,59.543010752688176
Organic Kids Clearly Grape,13,2,11,15.384615384615385
Original Mineral Salts,20,6,14,30.0
Vantage Choose-A-Size Giant Roll Paper Towels,305,103,202,33.77049180327869
Candy Corn,102,13,89,12.745098039215685
Bonito del Norte in Olive Oil,52,32,20,61.53846153846154
Organic Amchoor Powder,5,0,5,0.0
Westfalia Red Ale,51,23,28,45.09803921568628
Cut Green Beans Valley Fresh Steamers,275,112,163,40.72727272727273
Maxi Super Pads,16,1,15,6.25
Dog Treat Beneful Healthy Smile Twists Large,33,17,16,51.515151515151516
Organic Packham Or Anjou Pears,313,71,242,22.683706070287542
Watermelon Sore Throat Drops,37,5,32,13.513513513513514
Walnuts & Honey Organic Nut Milks Blend,5,0,5,0.0
Sprouted Pumpkin Seeds with Celtic Sea Salt,854,294,560,34.42622950819672
Orange Gelatin Mix,8,4,4,50.0
Mini I.D.'s Caramel Macchiato Non-Dairy Coffee Creamer,177,76,101,42.93785310734463
Dark Chocolate Almonds,565,316,249,55.929203539823014
Natural Body Brush,44,0,44,0.0
Pure Vanilla Extra Rich Extract,39,3,36,7.6923076923076925
Black Raspberry Sparkling Water,17,6,11,35.294117647058826
Hard ranberry Lemonade,11,4,7,36.36363636363637
Cheetos Crunchy Xxtra Hot Cheese Snacks,41,29,12,70.73170731707317
Cran-Cherry Juice Drink,139,85,54,61.15107913669065
Plain Steel Cut Oats,16,2,14,12.5
Sliced Peaches In 100% Fruit Juice,484,300,184,61.98347107438017
Gluten Free Chocolate Biscotti,14,5,9,35.714285714285715
Gluten-Free Vegetarian and Dairy Free Burrito,9,3,6,33.33333333333333
Multi Purpose Solution,5,0,5,0.0
Greek Frozen Yogurt Strawberry,66,43,23,65.15151515151516
Sugar Free Gum with Xylitol Spearmint,301,183,118,60.797342192691026
Organic Sparkling Grapefruit Beverage,91,29,62,31.868131868131865
Selects Chocolate Hazelnut Wafer,11,6,5,54.54545454545454
Choco Taco,238,110,128,46.21848739495798
Raisin Bran Granola,2,0,2,0.0
Pure Seedless Strawberry Jam,126,46,80,36.507936507936506
Mochaccino Crunch Candy Bar Made with Low Fat Ice Cream,97,42,55,43.29896907216495
Organic Yellow Mustard,6046,1424,4622,23.552762156797883
Pluot,1039,351,688,33.78248315688162
Fruit & Nut Medley,361,227,134,62.880886426592795
Phish Food® Ice Cream,3028,1584,1444,52.3117569352708
"Brownie Brittle, Mint Chocolate Chip",21,8,13,38.095238095238095
White Regular Paper Towel Rolls,378,165,213,43.65079365079365
Apple Cinnamon Scented Oil,96,31,65,32.29166666666667
Tots Teensy Fruits Peach Snacks,55,31,24,56.36363636363636
Premium Blackeye Peas,34,10,24,29.411764705882355
"All Purpose Cleaner, Antibacterial",22,5,17,22.727272727272727
Cafe Steamers Simply Beef & Broccoli,19,4,15,21.052631578947366
Home Menu Meals for 2 Sweet & Sour Chicken,123,72,51,58.536585365853654
Sheepherders Bread,96,57,39,59.375
Gluten Free Pie Crusts,20,4,16,20.0
Original Classic Sausage Pizza,222,129,93,58.108108108108105
Mortadella,843,516,327,61.20996441281139
California Pinot Noir,544,329,215,60.47794117647059
Tulsi Spiced Berry Immune Tea,23,7,16,30.434782608695656
Pure Mint Extract,71,11,60,15.492957746478872
Limone Flavored Potato Chips,121,61,60,50.413223140495866
Collezione Orecchiette Pasta,66,14,52,21.21212121212121
All Natural Sweet Onion & Roasted Garlic Pasta Sauce,93,55,38,59.13978494623656
Sprouted Seven Grain Reduced Sodium Sliced Bread,80,35,45,43.75
Organic Beef Bone Broth,2052,1007,1045,49.074074074074076
Organic Trail Mix Pumpkin N Spice Flax Plus Chewy Granola Bars,158,84,74,53.16455696202531
Three Cheese Pizza Shell,275,172,103,62.54545454545455
Organic Almond Chocolate Non Dairy Beverage,269,212,57,78.81040892193309
Hinged Liter Jar,7,0,7,0.0
All-Natural Alcohol Free Hand Sanitizing Wipes,56,26,30,46.42857142857143
Honey Sunflower Butter,22,17,5,77.27272727272727
L Glutamine (Free Form) 500 mg,3,1,2,33.33333333333333
Cool Mint Cocoa Butter Lip Balm,8,1,7,12.5
Paneer,1231,809,422,65.71892770105605
Whipped Mixed Berry Tub,161,71,90,44.099378881987576
Enlighten Mint Organic,1753,1388,365,79.17855105533371
Cloves,4,0,4,0.0
Turmeric Ginger Tea,6,1,5,16.666666666666664
"Arctic Cod Liver Oil, Great Orange Taste!",10,3,7,30.0
Organic Dark Chocolate Chewy Banana Bites,8,1,7,12.5
Organic Nonfat Milk,3063,2514,549,82.07639569049951
Original 5-Cheese Pizza,1069,643,426,60.14967259120674
"Vegetarian Beans in Rich Tomato Sauce, No Meat",53,34,19,64.15094339622641
Fat Free Dill Vegetable Dip,19,5,14,26.31578947368421
Blue Cookie Icing,31,1,30,3.225806451612903
Fiesta Lime Rice Chips,1000,672,328,67.2
"Couscous, Israeli, Pearl, Original",151,73,78,48.34437086092716
Finocchiona Salami,624,325,299,52.083333333333336
BBQ Chicken Crispy Thin Crust Pizza,1651,980,671,59.35796486977589
Organic Cold Care P.M. Herbal Tea,22,2,20,9.090909090909092
Whole Grain Cheddar Baked Goldfish Crackers,2619,1575,1044,60.13745704467354
"1000 mg, Capsules",18,7,11,38.88888888888889
Lavender Scent Daily  Bar Soap,44,5,39,11.363636363636363
Organic Herbal Variety Pack,176,117,59,66.47727272727273
Amber Ale,1145,657,488,57.37991266375546
Cherry Preserves,1647,700,947,42.50151791135398
Yellow Corn Triangles Tortilla Chips,8,2,6,25.0
Invisible Solid Outlast Completely Clean - 5.2 oz Twin,5,0,5,0.0
Organic Chocolate Chip Cookie Mix,110,32,78,29.09090909090909
Oreo Mini Bite Size Chocolate Sandwich Cookies,473,215,258,45.45454545454545
Herb Salami,6,0,6,0.0
Smoked Turkey Drums,82,30,52,36.58536585365854
New England Cocktail Sauce,15,4,11,26.666666666666668
"Hello Morning Blueberry, Banana & Quinoa Oatmeal",91,49,42,53.84615384615385
Gluten Free Nut Bar Cranberry,3,1,2,33.33333333333333
All-In-One Orange Dishwasher Gel Pacs,59,7,52,11.864406779661017
Sweet Cinnamon Crispy Crunchy Chick Peas,11,3,8,27.27272727272727
Yerbamate Lemon Energy Shot,247,172,75,69.63562753036437
Limeade,2704,1730,974,63.9792899408284
"Spray Gel, Citrus Scent",86,6,80,6.976744186046512
2-Ply 100% Recycled White Facial Tissues,1170,648,522,55.38461538461539
Go Blonder Lightening Shampoo,16,11,5,68.75
Gluten Free Breaded Chicken Nuggets,255,123,132,48.23529411764706
California Sliced Black Olives,64,28,36,43.75
Organic Dill Bunch,46,20,26,43.47826086956522
Home Style Fat Free Gravy - Classic Chicken,10,2,8,20.0
Organic Baby Brown Rice Cereal,22,7,15,31.818181818181817
Unflavored Oral Electrolyte Solution,397,177,220,44.584382871536526
Pico De Gallo Beans & Rice Chips,315,198,117,62.857142857142854
Spicy Black Bean Veggie Burgers,170,58,112,34.11764705882353
Proxabrush Go Betweens Tight Cleaners,6,0,6,0.0
Nourish+ Condition Leave-In Treatment Spray,5,0,5,0.0
With Chicken & Veal in Meaty Juices Wet Dog Food,64,46,18,71.875
Sandwich Cookies & Crackers Variety Snack Packs,967,680,287,70.32057911065151
Santoku 7 Inch Knife,9,0,9,0.0
Skillets Nacho Supreme Dinner Kit,19,5,14,26.31578947368421
"Bread Crumbs, Plain",29,10,19,34.48275862068966
Ezekiel 4:9 Sprouted Grain Pasta Penne,26,9,17,34.61538461538461
Fresh Scent Laundry Detergent,1548,749,799,48.38501291989664
Fat Free Gluten Free Low Sodium 12 Flavor Gummi Bears,89,62,27,69.66292134831461
Espresso Ground Coffee,1386,904,482,65.22366522366522
Complete Nutrition On-The-Go Milk-Based Singles Powder Packets Infant Formula,16,3,13,18.75
All-Purpose Fresh Citrus Scent Scrubber Sponges,13,1,12,7.6923076923076925
Rich & Hearty Savory Beef Barley Vegetable Soup,254,116,138,45.66929133858268
True Organic Bunched Greens,13,2,11,15.384615384615385
Mini Chicken Dog Bones,198,138,60,69.6969696969697
Gluten-Free Whole Grain Pancakes,95,28,67,29.47368421052631
Texas BBQ Seaweed Snack,30,12,18,40.0
Organic Ground Black Pepper,2761,630,2131,22.817819630568632
Organic Turmeric Gold Fields Tea,26,6,20,23.076923076923077
Organic Mixed Berry,6,0,6,0.0
Strawberry Lemonade Unsweetened Soft Drink Mix,26,10,16,38.46153846153847
Organic Turkish Mini Figs,16,7,9,43.75
Hawaiian Recipe Crispy Thin Crust Pizza,17,6,11,35.294117647058826
Bowl Blaster Toilet Bowl Cleaner,8,0,8,0.0
With Savory Chicken & Turkey Cat Food,127,72,55,56.69291338582677
Total Greek Yogurt With Honey,1562,1112,450,71.19078104993598
"Organic Dark Chocolate with Almonds, 72% Cacao",7,1,6,14.285714285714285
Canned Soda,142,39,103,27.464788732394368
Invisible Clean Finish Advanced Care Anti Perspirant,5,0,5,0.0
Lemon Pepper Chicken Breast,76,35,41,46.05263157894737
Toasted Southern Pecan,32,26,6,81.25
Special Dark Mildly Sweet Chocolate Bar,252,120,132,47.61904761904761
Smokehouse Almonds,1695,991,704,58.46607669616519
Cheese & Spinach Tortellini Pasta Dinner,82,41,41,50.0
Pure Premium Low Acid Orange Juice,886,591,295,66.70428893905192
Chocolate Mint Builder's Bar,2258,1468,790,65.0132860938884
"Odor Rescue with Febreze Odor Defense In-Wash Laundry Booster Pacs, 18 loads Laundry Additives",41,14,27,34.146341463414636
Original Cheezy Chipotle Kale Krunch,474,283,191,59.70464135021098
Select-A-Size Paper Towels,239,149,90,62.34309623430963
Challah Raisin Bread,7,0,7,0.0
Goji Blackberry Zero Calorie Iced Green Tea,237,153,84,64.55696202531645
Uncured Bacon,279,94,185,33.691756272401435
Grands! Jr Golden Layers Butter Tastin' Biscuits,18,2,16,11.11111111111111
Espresso + Vanilla Bean Almond Butter,28,4,24,14.285714285714285
Breaded Raw Stuffed Chicken Breasts Kiev,31,10,21,32.25806451612903
Great Lash Big Mascara -  Brownish Black 132,4,0,4,0.0
Cornish Game Hens,58,24,34,41.37931034482759
Strawberry Guanabana Asian Yogurt,103,68,35,66.01941747572816
Florida Avocado,8,4,4,50.0
Organic Freeze-Dried Mango,1073,657,416,61.23019571295434
Sliced Black Olives,10816,6256,4560,57.84023668639053
Sf Protein Hawaiian Style,10,2,8,20.0
Dulce de Leche Caramel Ice Cream,1708,854,854,50.0
Grain Sweetened Chocolate Chips,54,41,13,75.92592592592592
Oat Chocolate Chip Coconut Whenever Bars,822,624,198,75.91240875912408
Sweet Baguette,6953,4606,2347,66.24478642312671
Heart Healthy Southwest Style Vegetable Soup,31,3,28,9.67741935483871
Caramel Praline Crunch Fat Free Frozen Yogurt,116,55,61,47.41379310344828
Strawberry Probiotic Dairy Drink,566,373,193,65.90106007067138
Sourdough Whole Grain Crispbread,729,350,379,48.010973936899866
Blood Orange & Vanilla Body Milk,8,2,6,25.0
Natural Hard Apple Cider Honey Crisp,13,5,8,38.46153846153847
Disposable Mini Red Cups,38,3,35,7.894736842105263
Anti-Breakage with Vitamin E Strengthening Shampoo,5,1,4,20.0
Milk Chocolate Filled with Caramel,86,32,54,37.2093023255814
Organic Spaghetti,2280,913,1367,40.04385964912281
Mixed Berry Simply Good Gelatin,5,0,5,0.0
100% Organic Raw Pecan Nut Butter With Cashews,123,36,87,29.268292682926827
Bissell SteamBoost Open Window Fresh Scent Steampad Refill,28,5,23,17.857142857142858
Huevos Rancheros Breakfast Wrap,96,60,36,62.5
Organic Go Take A Break Mix,21,10,11,47.61904761904761
"Rice Chips, Seaweed, Teriyaki",81,42,39,51.85185185185185
Carpet & Rug Shampoo Concentrate,3,1,2,33.33333333333333
Organic Ice Cream Birthday Cake,1,0,1,0.0
One Bun Multigrain Whole Grain Pita,1951,1229,722,62.99333675038442
Organic White Balsamic Condiment,5,1,4,20.0
Sliced Muenster Cheese,1569,995,574,63.4161886551944
Nutrish Naturally Delish Wet Dog Food - Chicken Muttballs,6,1,5,16.666666666666664
Dishmate Dish Liquid Almond,316,150,166,47.46835443037975
"Happy Baby Spinach, Mango, and Pear Baby Food",3962,2394,1568,60.42402826855123
Classic Seafood Feast Cat Food,361,251,110,69.52908587257618
Whole Wheat Eggo Waffles,2516,1685,831,66.97138314785374
Basic White Paper Towels,54,15,39,27.77777777777778
Supremo Queso Oaxaca,10,2,8,20.0
Vanilla Whey Protein Dietary Supplement,28,10,18,35.714285714285715
"Ice Cream, Super Premium, Vanilla",13,3,10,23.076923076923077
Farmhouse Potato Bread,157,83,74,52.86624203821656
Caramels,287,104,183,36.23693379790941
Miso-Cup Ruduced Sodium Soup - 4 CT,126,34,92,26.984126984126984
No Salt Added Cut Green Beans,37,22,15,59.45945945945946
Tri-Color Rotini Pasta,1294,597,697,46.13601236476043
"Curry Chicken, Thai Style",53,36,17,67.9245283018868
Bruschetta Artichoke,52,5,47,9.615384615384617
Old World Style Organic Traditional Pasta Sauce,705,311,394,44.11347517730497
Ovals Hamburger Dill Chips,245,80,165,32.6530612244898
Original Slaw Dressing,18,3,15,16.666666666666664
Flour Soft Taco Tortillas,468,215,253,45.94017094017094
Whole Milk Pure Blueberry,89,46,43,51.68539325842697
Pure Earth 100% Pineapple Lime Juice,42,9,33,21.428571428571427
Grated Pecorino Romano,366,153,213,41.80327868852459
Scooby-Doo Tropical Fruit Snacks 20 Ct,92,42,50,45.65217391304348
Mini White Meat Chicken Egg Rolls,23,11,12,47.82608695652174
Organic Creamy Tomato & Bunny Pasta Soup,153,40,113,26.143790849673206
Organic Freeze Dried Goji Berry Powder,24,7,17,29.166666666666668
Canine Cuisine Poultry Multipack,26,15,11,57.692307692307686
Pasta Spaghetti,15,3,12,20.0
Canadian Bacon,15,3,12,20.0
Soothing Aloe Vera Moisturizing Body Wash,951,309,642,32.49211356466877
Chewy Chocolate Chip Protein Bars,90,43,47,47.77777777777778
"Disinfectant Spray, Early Morning Breeze Scent",67,18,49,26.865671641791046
Premium Chunk Light Tuna in Water,56,23,33,41.07142857142857
Organic  No Salt Sprouted Multigrain Bread,255,161,94,63.13725490196078
Vegan Sicilian Pistachio Frozen Dessert,54,14,40,25.925925925925924
Pure Butter Shortbread Assorted,20,2,18,10.0
Mixed Berry Fruit & Grain Cereal Bars,25,12,13,48.0
Strawberry Boom Fruit Drink,2,0,2,0.0
Hello Morning Cherries & Oats Stage 1 Baby Food,19,3,16,15.789473684210526
Vegan Tortilla Soup with Baked Chips,266,108,158,40.6015037593985
Smart Relief TENS Therapy Back Pain Starter Kit,4,0,4,0.0
Organic Chicken Fingers,149,46,103,30.87248322147651
Classic French Veal Demi Glace,6,0,6,0.0
"Fra Diavolo, Hot & Spicy Pasta Sauce",9,5,4,55.55555555555556
Cheese Tortellini Bowls,29,12,17,41.37931034482759
Bunny Honey Grahams,24,2,22,8.333333333333332
Natural Goodness 33% Less Sodium Chicken Broth,4708,2022,2686,42.9481733220051
G Series Perform Ice Punch Sports Drink,90,59,31,65.55555555555556
Soft Giant Bread,30,18,12,60.0
Lite French Onion Dip,133,37,96,27.819548872180448
Organic Beefsteak Tomato,2119,857,1262,40.44360547428032
Organic Cleansing Make Up Removal Wipes For Sensitive Skin,20,8,12,40.0
Wicked Fresh! Spearmint Ice Toothpaste,403,137,266,33.99503722084367
"Birthday Candle, Numeral 3",18,0,18,0.0
"Freshly cooked pasta in a creamy garlic parmesan cheese sauce, topped with garlic seasoned bread crumbs Garlic Parmesan Macaroni & Cheese",30,15,15,50.0
Maximum Strength Anti Itch Ointment,19,2,17,10.526315789473683
Chocolate Creme Egg Single,6,1,5,16.666666666666664
Hand Wash Fresh Lemon & Tea Tree,43,16,27,37.2093023255814
Night Cold Lemon Effervescent Tablets Multi-Symptom Relief,28,4,24,14.285714285714285
Organic Coconut Water With Pineapple,13,8,5,61.53846153846154
Sweet N' Sour Sauce,29,13,16,44.827586206896555
"Fruit Medley, Organic",75,16,59,21.333333333333336
Bliss Premium Latex Free Gloves,21,6,15,28.57142857142857
Oats & Honey Granola,3510,1768,1742,50.37037037037037
Ultra Comfort Care 2-Ply Double Rolls Toilet Paper,57,13,44,22.807017543859647
Mild Cheddar Cheese Macaroni Dinner,8,2,6,25.0
Odor Fresh Scent Flying Insect Killer,68,18,50,26.47058823529412
Uncured Turkey Pastrami,24,8,16,33.33333333333333
Marjoram Leaves,20,3,17,15.0
Soba Noodles With Sesame Almond Sauce,31,17,14,54.83870967741935
Medium Roast Breakfast Blend Coffee,15,11,4,73.33333333333333
Double Roll Bath Tissue,38,13,25,34.21052631578947
Garlic Herb Cashew Chia Spread,79,34,45,43.037974683544306
Puff Pastry Sheets,1078,274,804,25.41743970315399
Funsize Mix 65 Pieces Candies,451,222,229,49.2239467849224
Roadhouse with Bean Chili,36,13,23,36.11111111111111
Thick & Creamy Strawberry Flavored Lowfat Yogurt,50,29,21,57.99999999999999
Brioche Tressee Slice Loaf,448,298,150,66.51785714285714
Melatonin 2.5 Mg Peppermint Flavored Sublingual Tablets,46,9,37,19.565217391304348
Spring & Renewal Febreeze Freshness Laundry Detergent,165,73,92,44.24242424242424
Unsweetened Lemon Flavor Real Brewed Tea,4,0,4,0.0
Fusion Proshield Razor,28,0,28,0.0
Gourmet Seafood Tartar Sauce,26,4,22,15.384615384615385
Organic Tomato Basil Soup,1705,568,1137,33.313782991202345
Easy Digest Tea Bags 16 Count,6,1,5,16.666666666666664
Organic Cello Lettuce,959,403,556,42.02294056308655
Delights Turkey Sausage Egg Whites & Cheese English Muffin,1520,973,547,64.01315789473684
Cinnamon Cashew Vanilla Organic Cold-Pressed Coffee,309,158,151,51.1326860841424
Dozen Roses,880,440,440,50.0
Watermelon Lemonade,1073,510,563,47.53028890959926
Star Ruby Grapefruit Soda,74,36,38,48.64864864864865
Nutrisse Nourishing Color Creme - 40 Dark Brown,8,3,5,37.5
Funfetti Premium Cake Mix With Candy Bits,666,136,530,20.42042042042042
Miso & Chia Seed Sesame Seed Dressing,33,8,25,24.242424242424242
Chewy Chocolate Made with Reese's Peanut Butter Cups Cookies,59,21,38,35.59322033898305
Portabella Mushrooms,14,7,7,50.0
Fast Act Lactose Enzyme Vanilla Twist Flavor Supplement Chewable Tablets,85,26,59,30.58823529411765
Abruzzese Italian Meatball,36,11,25,30.555555555555557
Soothie Pacifiers For 0-6 Months,9,1,8,11.11111111111111
Standard Playing Cards,3,0,3,0.0
Dish Soap,13,5,8,38.46153846153847
Pina Colada Drink,8,3,5,37.5
Crispy Fruit Freeze-Dried Asian Pear,223,132,91,59.19282511210763
Red Blend Wine,3,1,2,33.33333333333333
Traditional Basil Pesto,579,188,391,32.469775474956826
Twisted Berry Juice,9,6,3,66.66666666666666
Organic Raisin Bread,125,78,47,62.4
Regular with Wings Maxi Pads,5,0,5,0.0
For Men Active 3 in 1 Body Wash,6,2,4,33.33333333333333
White Minty Bubble Sugar Free Gum,4,1,3,25.0
Hopocalypse,3,0,3,0.0
"Green Chili, Bean & Cheese Burrito",76,46,30,60.526315789473685
Classic Wholesome Chicken Broth,98,46,52,46.93877551020408
Chocolate Mexicano Cinnamon Classic Discs,62,23,39,37.096774193548384
The Original Irish Cream Liqueur,29,6,23,20.689655172413794
Gluten Free Broccoli and Kale Lasagna,87,37,50,42.5287356321839
Yorkshire Black Tea,105,57,48,54.285714285714285
Organic Lowfat Strawberry Yogurt Kefir,1,0,1,0.0
Cranberry Fruit 4200 mg Plus Vitamin C Softgel,28,15,13,53.57142857142857
Soy Powder Infant Formula,35,32,3,91.42857142857143
Organic Whole Wheat Couscous,64,26,38,40.625
Turkish Apricots,104,23,81,22.115384615384613
Sea Salt Grinder,1294,272,1022,21.020092735703248
"Egg Noodles, Extra Wide",293,95,198,32.42320819112628
Ranch Style Beef & Vegetable Recipe Dog Treats,6,2,4,33.33333333333333
Ibuprofen Liquid Softgels,35,10,25,28.57142857142857
Kung Pao Chicken Cafe Steamers,80,50,30,62.5
Goat Milk Feta Crumbled,98,25,73,25.510204081632654
Bag Of Baby Lemons,205,48,157,23.414634146341466
Margherita Crispy Flatbread Pizza,31,16,15,51.61290322580645
Light New England Clam Chowder,286,99,187,34.61538461538461
Cough Drop,142,33,109,23.239436619718308
Plug In Scented Oil Refills - Blue Odyssey,17,8,9,47.05882352941176
Delights Super Moist Triple Chocolate Fudge Cake Mix,292,63,229,21.575342465753426
Pineapple Mango Chilled Juice Blend,41,7,34,17.073170731707318
Advanced Therapy Healing Ointment,27,2,25,7.4074074074074066
Organic Cherry/Watermelon Fruity Hearts Treat Packs,95,5,90,5.263157894736842
Organic Chewy Oatmeal Raisin Granola Bars,837,379,458,45.28076463560334
Rice Bran Oil,54,20,34,37.03703703703704
Hurtin' Habanero Hot Sauce,29,4,25,13.793103448275861
Chocolate Crunchy Seven Nut & Seed Butter,4,0,4,0.0
Denture Cleaner Tablets,20,2,18,10.0
Extreme Clay Cat Litter,211,158,53,74.88151658767772
Veggie Chips,8377,5431,2946,64.83227885877999
Original Spread,1940,932,1008,48.04123711340206
"Macadamia Crunch, Kona Coffee Banana",9,4,5,44.44444444444444
Eggo Chocolate Chip Pancakes 12 Count,646,500,146,77.39938080495357
"Coconut, Sweet Young, Thai",60,38,22,63.33333333333333
Morita Salsa,40,24,16,60.0
Organic V 100% Juice,330,140,190,42.42424242424242
Lemonade With Mint,2,0,2,0.0
B 50 Complex,30,8,22,26.666666666666668
Organic Dark Mint Chocolate,668,489,179,73.20359281437125
Organic Light In Sodium Traditional Refried Beans,1224,659,565,53.83986928104575
"Cabernet Sauvignon, H3 Collection, Horse Heaven Hills",19,15,4,78.94736842105263
De Mexico,1371,905,466,66.01021152443471
"100% Fruit Strip, Wildberry",45,22,23,48.888888888888886
Diced Hot Green Chiles,1754,640,1114,36.488027366020525
Original Vanilla Nutrition Shake,471,324,147,68.78980891719745
Lasagna Italiano,51,9,42,17.647058823529413
Vanilla Whey Protein Powder,2350,922,1428,39.234042553191486
Tommy/Kent/Keitt/Haden Mango,8400,5005,3395,59.583333333333336
Cocoa Loco Baked Chewy Bars,960,707,253,73.64583333333333
Cold Max Day Non-Drowsy Caplets Cold Medicine,56,10,46,17.857142857142858
Home Menu Grilled with Lo Mein Noodles Chicken Teriyaki,33,9,24,27.27272727272727
Restaurante Guacamole Tortilla Strips,9,3,6,33.33333333333333
Organic Protein Bar Cocoa Almond,413,219,194,53.026634382566584
Whole Wheat Challah Rolls,262,174,88,66.41221374045801
Mahogany Dark Roast Ground Coffee,150,89,61,59.333333333333336
Everyday Facial Tissue,491,192,299,39.103869653767816
Brown Rice Pasta Vegetable Spirals,216,98,118,45.370370370370374
Organic Southwestern Chicken Burrito,39,5,34,12.82051282051282
Dumplings Noodles,16,4,12,25.0
Organic Cacao Butter,8,0,8,0.0
Lasagne,75,24,51,32.0
Organic White Popcorn,52,20,32,38.46153846153847
Multiseed Spelt Flatbread,37,19,18,51.35135135135135
Simple Delight Salted Caramel Topping,64,14,50,21.875
Organic Premium Sweet Petite Mini Peeled Carrots,925,542,383,58.5945945945946
"Italian Pasta Sauce Basilico Tomato, Basil & Garlic",319,120,199,37.61755485893417
Plain Organic Kale Krunch,50,17,33,34.0
Hydroponic Bibb Lettuce,365,203,162,55.61643835616439
Sea Captain's Choice Classic Pate Cat Food,73,51,22,69.86301369863014
Natural Glass and Surface Cleaner,887,191,696,21.53325817361894
Extra Soft One-Ply Unscented Mega Roll  Bathroom Tissue,86,53,33,61.627906976744185
White Miso Soup,131,57,74,43.51145038167939
Chocolates Kisses,6,1,5,16.666666666666664
Fruity Snacks Variety Pack,99,45,54,45.45454545454545
Organic Frozen Peas,20228,11394,8834,56.32786236899348
"Eco Farmed Rice Cakes Brown Rice,Salt Free",250,92,158,36.8
Breakfast Sausage  Egg & Cheese,519,263,256,50.67437379576107
Living Limon Kombucha,8,4,4,50.0
Whole Grain Bread,140,67,73,47.85714285714286
Banana Nut Muffin Flavor Protein Bar,60,37,23,61.66666666666667
Tecas Barbeque Fava Crisps,57,25,32,43.859649122807014
Plastic Tumbler Glasses,35,4,31,11.428571428571429
Graziers Salted Butter,21,7,14,33.33333333333333
With Stainlifters Free Clear 63 Loads Laundry Detergent,206,93,113,45.14563106796117
Bamboo Skewers,329,9,320,2.735562310030395
Uncured Turkey Bacon,475,268,207,56.42105263157895
Hardwood Slow Smoked Signature Pulled Pork,8,4,4,50.0
Disposal Cleaner,9,0,9,0.0
Organic Tea Tree Oil,45,4,41,8.88888888888889
Hello Dinner Broccoli & Cheese Baby Pasta Stage 3 Baby Food,4,1,3,25.0
Lightly Salted Pistachios,68,19,49,27.941176470588236
Ramen Noodle Soup Shrimp Flavor,90,19,71,21.11111111111111
Unsalted Smooth Almond Butter,322,211,111,65.527950310559
All Natural 100% Juice Apple,188,83,105,44.148936170212764
3D White Radiant Soft Toothbrush,84,15,69,17.857142857142858
"Taquitos, Crispy, Large, Vegan Chorizo & Black Bean Style 8 Count",149,58,91,38.92617449664429
Sugar Sweetened Peach Iced Tea Mix,13,2,11,15.384615384615385
Vitamin E Intensive Therapy Body Lotion Fragrance-Free,10,3,7,30.0
Maple Honey Ham,4109,3339,770,81.26064735945485
Grande Galette French Butter Cookies,31,20,11,64.51612903225806
Organic Bagged Valencia Oranges,2823,1256,1567,44.4916755224938
Pie Crusts,1892,615,1277,32.50528541226216
"Olives, Spanish, Queens, Stuffed with Minced Pimiento",24,7,17,29.166666666666668
Despicable Me Mini Cheddar Baked Crackers,8,2,6,25.0
Stoli Blueberi,135,69,66,51.11111111111111
Lime Seltzer,516,380,136,73.64341085271317
Recover Peanut Butter Chocolate Protein Shake,13,9,4,69.23076923076923
Organic Lowfat Mango Kefir,1666,1134,532,68.0672268907563
Lemon Dill Tartar Sauce,130,28,102,21.53846153846154
38 Quart Wheelie Cooler Blue,8,0,8,0.0
"Ground Flaxseed, Almonds, Brazil Nuts, Walnuts, Co-Enzyme Q10",8,3,5,37.5
Coconut Water,8848,5723,3125,64.68128390596745
Marble Sandwich Cookies,13,4,9,30.76923076923077
Parchment Large Baking Cups - 60 CT,120,15,105,12.5
Limited Series Vendetta India Pale Ale,4,0,4,0.0
Vantage Choose-A-Sheet Paper Towels,449,207,242,46.10244988864143
Gluten Free Mushroom Risotto Veggie Burgers,619,254,365,41.033925686591274
Bone Strength Take Care,12,3,9,25.0
Top Chef Crustless Chicken Pot Pie,247,115,132,46.558704453441294
Diced Tomatoes With Garlic & Onion,20,8,12,40.0
Soap Dispensing Dishwand,37,1,36,2.7027027027027026
Obsidian Stout,31,27,4,87.09677419354838
"Mini 8\"" Italian Pizza Crusts",1056,606,450,57.38636363636363
Yellow Onion,563,156,407,27.708703374777976
Stretch-to-Fit Food Covers Variety Pack,13,2,11,15.384615384615385
Original Fruit Chews Candy,44,10,34,22.727272727272727
Gold Pineapple,162,72,90,44.44444444444444
Brain & Focus Food-Based Formula Multivitamin Tablets,5,1,4,20.0
Organic Stage 2 Pears & Mangos Baby Food,1269,637,632,50.19700551615445
Honeysuckle Rose Moisturizing Shampoo,3,0,3,0.0
Mango Mochi Ice Cream,432,237,195,54.861111111111114
"Tomatoes, Organic, Chopped",3,0,3,0.0
Organic Baby Food Fruit Mashup Strawberry Patch 9+ Mo,61,40,21,65.57377049180327
Adult DM Max Cough+Chest Congestion Non-Drowsy Liquid,94,14,80,14.893617021276595
Disney Fairies Fruit Flavored Snacks,18,9,9,50.0
Chocolate Dipped Coconut,1544,938,606,60.75129533678757
Builder's® Chocolate Mint Protein Bars,350,211,139,60.285714285714285
"9\"" Pumpkin Pie",195,46,149,23.589743589743588
Gluten Free Chicken Nuggets,374,134,240,35.82887700534759
Potato Rounds,20,6,14,30.0
Organic Steak Sauce,702,162,540,23.076923076923077
Organic Elderflower,3,0,3,0.0
Round Mesh Scrubber,13,1,12,7.6923076923076925
Dove Bar Soap Sensitive Skin,11,3,8,27.27272727272727
Soft White 200 Watts General Purpose Light Bulb,9,0,9,0.0
Snoozeberry Sleep & Relaxation Shot,5,0,5,0.0
"Fruit Chews Original Cherry, Orange, Strawberry & Lemon",15,5,10,33.33333333333333
Butter & Chive Sprouted Risotto,117,31,86,26.495726495726498
Cajun Style Red Beans with Seasonings and Vegetables,5,1,4,20.0
Squared 9 oz Plastic Cups,133,42,91,31.57894736842105
Coconut Organic Stone Ground 70% Dark Chocolate Bar,81,34,47,41.9753086419753
Italian Seasoned Whole Grain Bread Crumbs,5,0,5,0.0
"Frittata, Farmer's Market",1,0,1,0.0
4T to 5T Pull Ups Training Pants,14,4,10,28.57142857142857
Lemon Flavored Gluten Free Wafer Bites,8,1,7,12.5
Organic Cheddar Cheese Shapes,163,106,57,65.03067484662577
Singapore Street Noodles Garlic Basil Noodle Bowl,9,2,7,22.22222222222222
Honey Almond Flax Chewy Granola Bars,1543,804,739,52.106286454957875
Natural Stress Relief,45,10,35,22.22222222222222
Strawberry Soda,90,32,58,35.55555555555556
Organic Sprouted Wheat Bagels,4008,2664,1344,66.46706586826348
"Nut Blend, Raw & Sprouted, Rosemary Garlic",20,12,8,60.0
Sparkling Grapefruit,2894,1512,1382,52.24602626123013
Organic Grass Fed Beef,5,0,5,0.0
Allergy Plus Congestion Grape Flavored Liquid,42,5,37,11.904761904761903
Original Deli-Style Tuna Salad Kit,19,6,13,31.57894736842105
Cranberry Granola Bars,4,0,4,0.0
Non-Dairy French Vanilla Singles Creamer,328,236,92,71.95121951219512
"Cookies, Vanilla",7,1,6,14.285714285714285
0 Calorie Acai Raspberry Water Beverage,96,63,33,65.625
Ready Rice Red Beans & Rice,26,8,18,30.76923076923077
FreshBurst® Antiseptic Adult Mouthwash,13,3,10,23.076923076923077
Coriander & Annatto Seasoning,15,3,12,20.0
Nasal Decongestant Inhaler with Medicated Vapors,44,36,8,81.81818181818183
Organic Chocolate Chip Chewy Granola Bars,6445,3993,2452,61.955003878975944
"Sea Salt, Smoked, Flakes",48,6,42,12.5
Jalapeno Cilantro Salsa,2419,1238,1181,51.17817279867714
Dairy Free Lite Culinary Coconut Milk,502,288,214,57.37051792828686
"Drops Infusion Lime Flavor Enhancer, Unsweetened",3,0,3,0.0
Chocolate Crunch Rice Cakes,430,248,182,57.674418604651166
Nux Vomica 30 C,44,9,35,20.454545454545457
Stage 1: Newborn HEC Liquid Detergent,142,73,69,51.40845070422535
Sriracha Hommus,139,81,58,58.27338129496403
Double Mocha Cappuccino,18,6,12,33.33333333333333
Unsweetened Iced Tea,2001,1329,672,66.4167916041979
"100% Juice,  Cranberry Nectar",41,28,13,68.29268292682927
Sparkling Pink Lemonade Beverage,44,12,32,27.27272727272727
Overnight Flexi-Wings Pads,68,25,43,36.76470588235294
Classic Colors Writing Icing,30,0,30,0.0
"Carpet Foam, Large Area",48,9,39,18.75
Green Pepper Steak over White Rice,39,22,17,56.41025641025641
Artichoke,122,36,86,29.508196721311474
Veggie Sticks,146,58,88,39.726027397260275
"Liquid Laundry Detergent, Daybreak Fresh Scent",15,4,11,26.666666666666668
Cream-Nut Smooth Natural Peanut Butter,28,8,20,28.57142857142857
Green Bean Casserole Steamers,107,50,57,46.728971962616825
Artichoke Jalapeno Dip,235,102,133,43.40425531914894
Coconut Delight Creme Fudge Oreo,3,0,3,0.0
Black Pepper Chicken,23,16,7,69.56521739130434
Mild White Kimchi Napa Cabbage,287,150,137,52.264808362369344
Organic Cream Of Chicken Soup,482,125,357,25.933609958506228
Organic Strawberries & Wild Strawberries Fruit Spread,719,353,366,49.09596662030598
The Original Fruit & Nut Food Bars Chocolate Chip Brownie,119,40,79,33.61344537815126
Capers In Salt,4,0,4,0.0
Fermented Mango Probiotic Soy Drink,73,43,30,58.9041095890411
Organic Earl Grey Black Tea Bags 15 Count,924,500,424,54.112554112554115
Orange Spice Tea Bags,6,3,3,50.0
Healthy Grains Low Fat Banana Nut Clusters,249,110,139,44.17670682730924
11 Cup Storage Baking Dish With Lid,19,2,17,10.526315789473683
"Organic Stage 2 Banana, Carrot & Cranberry",11,5,6,45.45454545454545
Gluteen Free Center Cut Applewood Smoked Uncured Bacon,4558,2856,1702,62.659060991663004
Health Nut Bread,161,91,70,56.52173913043478
Hawaiian BBQ Macadamia Nuts,16,2,14,12.5
Calumet Double Acting Baking Powder,71,3,68,4.225352112676056
PM Simply Sleep Nighttime Sleep Aid Caplets,14,8,6,57.14285714285714
Crazy Feta Dip,694,413,281,59.51008645533141
Grill Mates Montreal Steak Seasoning,181,29,152,16.022099447513813
Deluxe Nail Clippers With Magnifier,6,1,5,16.666666666666664
"Burgers, Gourmet",15,5,10,33.33333333333333
"Candy, Crystallized Ginger",10,5,5,50.0
"Mayo, Canola, Light",27,6,21,22.22222222222222
Spearmint Chewing Gum Sugar Free,117,67,50,57.26495726495726
Kosher Dill Spears Fresh Pack Pickles,237,105,132,44.303797468354425
Popcorn Super Fine Salt,62,18,44,29.03225806451613
Select Cashews Almonds & Pecans Mixed Nuts,73,26,47,35.61643835616438
All Purpose Baking Mix,18,6,12,33.33333333333333
Silver Sprinkles Cupcake Gems,5,1,4,20.0
Organic Vitamin D3 400 IU Drops For Babies & Infants Natural Berry Flavor,5,0,5,0.0
Oil Control Facial Moisturizer,22,4,18,18.181818181818183
Sweet Rejuvenation Cashew Butter Macrobar,1482,1039,443,70.10796221322538
Caramel Crunch Cereal,5,0,5,0.0
Safflower Mayonnaise,334,150,184,44.91017964071856
V-Fusion +Energy Orange Pineapple Juice,113,73,40,64.60176991150442
L Glutamine,22,4,18,18.181818181818183
Decaf Green Tea with White Tea - 20 CT,33,7,26,21.21212121212121
Red Lentil Veggie Soup,57,22,35,38.59649122807017
Dophilus Original,21,9,12,42.857142857142854
Nut Flour Blend,10,1,9,10.0
Potato & Ricotta Gnocchi,59,15,44,25.423728813559322
Tornado Mop Refill,9,1,8,11.11111111111111
Chocolate Chunk Soft-Baked Cookies,268,167,101,62.31343283582089
Organic Raw Maple Water,155,75,80,48.38709677419355
Gluten Free Chocolate Almond Bar,133,65,68,48.87218045112782
Sesame Breadsticks,69,31,38,44.927536231884055
Vegan Citrus Sparerib Cutlets,30,16,14,53.333333333333336
Ground Turmeric,582,48,534,8.24742268041237
Classic Macaroni & Beef in tomato sauce. Classic Macaroni & Beef,436,247,189,56.65137614678899
Carneros Pinot Noir,20,6,14,30.0
All Natural Marinara Sauce,8548,5068,3480,59.28872250818905
Organic Oat Non-Dairy Original Beverage,1870,1451,419,77.59358288770053
Vodka Green Apple,5,0,5,0.0
Banana Snakaroons,42,16,26,38.095238095238095
3rd Foods Orchard Fruit Medley,18,2,16,11.11111111111111
"Cashews, Applewood Smoked",7,2,5,28.57142857142857
Multigrain Pita Chips,5307,2821,2486,53.15620878085547
King Size Chocolate Candy With Peanuts,32,9,23,28.125
Pumpkin Spice Cookie Dough,6,1,5,16.666666666666664
Chocolate Cereal,675,387,288,57.333333333333336
Aged White Cheddar Puffs Cheese Snacks,1801,1104,697,61.299278178789564
Cellentani Pasta,739,364,375,49.25575101488498
Low-Fat Chicken Tortilla Soup,204,103,101,50.49019607843137
Extra Sharp Cheddar Spreadable Cheese,31,20,11,64.51612903225806
Green Apple + Golden Pineapple 14 Pieces Sugar Free Gum,6,1,5,16.666666666666664
Honey Bunny Grahams,2672,1280,1392,47.90419161676647
Ultra Thin Crust Sausage Italia Pizza,65,40,25,61.53846153846154
Tray Cookies Chocolate Chip,93,37,56,39.784946236559136
Icelandic Style Fat Free Plain Yogurt,7771,5633,2138,72.48745335220693
Ibuprofen Liqui-Gels Capsules,161,42,119,26.08695652173913
All Natural Powder Cleanser,1758,579,1179,32.93515358361775
Fruit Cocktail In Heavy Syrup,30,19,11,63.33333333333333
Organic Eggs Large,3860,2960,900,76.68393782383419
Soft & Smooth Whole Grain White Bread,3242,2028,1214,62.553979025293025
Soppresata Dry Salame,34,10,24,29.411764705882355
Mint Waxed Floss,314,76,238,24.203821656050955
California Ripe Sliced Olives,252,100,152,39.682539682539684
Spanish Pilaf Mix,3,0,3,0.0
Vanilla Bean Frozen yogurt,50,17,33,34.0
Organic Yukon Select Fries,4999,2845,2154,56.91138227645529
2% Milkfat Reduced Fat Milk,992,746,246,75.20161290322581
Organic Cream Top Vanilla Yogurt,29,11,18,37.93103448275862
Almond Sea Salt 72% Cocoa Square,11,6,5,54.54545454545454
Natural Coconut Water,126,87,39,69.04761904761905
Genoa Salami,633,313,320,49.447077409162716
Ultimate Flora Senior Formula 30 Billion Probiotic,54,22,32,40.74074074074074
98% Fat Free Premium Ham in Natural Juices,59,36,23,61.016949152542374
Light Garlic & Herbs Cheese Dip,49,19,30,38.775510204081634
Shelled Walnuts,1101,448,653,40.69028156221617
Black Coffee,2688,1669,1019,62.09077380952381
Original Black Beans and Rice,110,58,52,52.72727272727272
Ciliegine Mozzarella,158,56,102,35.44303797468354
Red Kidney Beans In Sauce,24,4,20,16.666666666666664
Small Garbage Bags Twist Tie 4 Gallon,377,131,246,34.748010610079575
Organic Gluten-Free Chocolate Chip Cookies,112,60,52,53.57142857142857
Sweet Potato Yam,6262,3106,3156,49.60076652826573
Organic Thousand Island Dressing,892,269,623,30.15695067264574
Whole Milk Strawberry Smoothies,68,27,41,39.705882352941174
Manuka Honey,14,3,11,21.428571428571427
Raisins,7821,4358,3463,55.72177470911648
Berry Lemonade with Chia Chewy Granola Bars,4,1,3,25.0
Whips! Orange Creme Flavored Lowfat Yogurt Mousse,321,211,110,65.73208722741433
Free & Clear Diapers,869,556,313,63.98158803222095
Hickory & Brown Sugar Barbecue Sauce,240,63,177,26.25
Women's Advanced Control Anti-Perspirant Deodorant - Pure Fresh,19,3,16,15.789473684210526
Organic Just Cranberry 100% Juice,35,7,28,20.0
Cherry Vanilla Soda Natural Cane Soda,220,146,74,66.36363636363637
Antibacterial Gentle Cleansing Bar,29,8,21,27.586206896551722
Crunchy Corn Sticks,65,35,30,53.84615384615385
Rye-Ola Pumpernickel Bread,10,1,9,10.0
"Chunky Tomato, Garlic & Onion Pasta Sauce",73,21,52,28.767123287671232
Crunchy Breaded Fish Fillets,358,147,211,41.06145251396648
Compact Organic Shallots,4,0,4,0.0
Original Energy Drink,22,10,12,45.45454545454545
Purely Natural Treats Variety Pack Cat Treats,25,11,14,44.0
Blackberry Yogurt,3466,2411,1055,69.56145412579342
Original Deluxe Pizza,48,27,21,56.25
Thai Peanut Noodle Kit,33,3,30,9.090909090909092
Organic Dark Chocolate with Sea Salt & Cracked Black Pepper,17,11,6,64.70588235294117
Electrolyte Replacement Drink Mix Natural Lemon-Lime Flavor,8,5,3,62.5
Clarifying Shampoo,314,81,233,25.796178343949045
Advanced Care Plaque Guard Clean Mint Mouthwash,46,22,24,47.82608695652174
Organic Yerba Mate Traditional,704,547,157,77.69886363636364
Pearl Plastic Super Absorbenncy Tampons,105,31,74,29.523809523809526
Double Stuffed Garlic & Jalapeno Olives,14,6,8,42.857142857142854
Blueberry,1275,617,658,48.392156862745104
"Essentials Deep Cleaning Astringent, Oil-Free",43,18,25,41.86046511627907
Unsalted Homemade Butter,739,432,307,58.4573748308525
Protein Oatmeal Maple Pecan Crunch,5,1,4,20.0
Pomegranate Frozen Kefir,21,11,10,52.38095238095239
Freshmatic Life Scents Paradise Retreat,6,0,6,0.0
Plum Kids Organic Fruit Shredz Berrylicious Packs,131,73,58,55.72519083969466
Pineapple Teriyaki Marinade,7,0,7,0.0
Kombucha Blueberry Basil,16,5,11,31.25
Herbal Body Envy,28,8,20,28.57142857142857
Re-Fresh Body Spray Fiji with Palm Tree,14,4,10,28.57142857142857
Caramel Lip Shimmer,9,1,8,11.11111111111111
Asiago Freshly Shredded,75,27,48,36.0
Organic Thick & Chunky Medium Salsa,19,6,13,31.57894736842105
Home Style Savory Beef Gravy,297,98,199,32.996632996633
Apple Butter,94,20,74,21.27659574468085
Ground Turkey Patties,40,13,27,32.5
Reuse & Recycle Take & Toss Toddler Bowls with Lids,28,1,27,3.571428571428571
Egg & Smoked Gouda Multi-Grain Flatbread Breakfast Sandwich,1517,872,645,57.481872116018465
Organic Yummy Veggie Nutrition Chocolate Milkshake,19,9,10,47.368421052631575
Pure Sparkling Water,28884,23463,5421,81.23182384711258
Microwave-Ready Idaho Potato,47,17,30,36.17021276595745
Honey Peanut Butter Blend & Banana Chips,26,7,19,26.923076923076923
High Quality Glutamine Powder,13,7,6,53.84615384615385
Steamers Antioxidant Vegetable Blend,856,381,475,44.50934579439252
Sweet & Crunchy Salad Blend,504,281,223,55.75396825396825
Giardiniera Mild,14,1,13,7.142857142857142
Chicken Wings Buffalo Style Sauce,82,32,50,39.02439024390244
Organic Prune Juice,597,271,326,45.39363484087102
White Vanilla Fondant,5,1,4,20.0
Organic 100% Apple Juice,119,58,61,48.739495798319325
Ground Smoked Paprika,467,56,411,11.991434689507495
Decaffeinated Earl Grey Tea,291,145,146,49.828178694158076
Witch Hazel Astringent,122,33,89,27.049180327868854
Ginger Thins,33,16,17,48.484848484848484
Hearts of Palm,533,325,208,60.97560975609756
LashBlast Volume Mascara - Very Black 800,21,3,18,14.285714285714285
Limón Potato Chips,2,0,2,0.0
"Hello Morning Apple, Cinnamon & Quinoa Oatmeal",83,43,40,51.80722891566265
Organic Mandarins,1637,695,942,42.45571166768479
Favorites French Bread Supreme Pizza,100,41,59,41.0
Mediterranean sea salt,5,0,5,0.0
Kriek Lambic Cherry Beer,3,0,3,0.0
Banana Creme Twinkies,44,24,20,54.54545454545454
Pineapple Coconut Water,1758,1032,726,58.703071672354945
Square 8 Inch Cake Pans,4,0,4,0.0
"Gold & White Corn, Carrots, Asparagus Mixtures",110,32,78,29.09090909090909
Ksa Ko?Lsch Style Ale,152,91,61,59.86842105263158
Syrah Paso Robles,8,4,4,50.0
Organic Paprika,1123,114,1009,10.151380231522706
"Chicken Granulated Bouillon, Sodium Free, Gluten Free",11,2,9,18.181818181818183
Red Pepper Mill,75,12,63,16.0
Mozzarella Ciliegine,1036,553,483,53.37837837837838
Everyone Coconut Lemon Lotion,12,0,12,0.0
100% Florida Super Red Grapefruit Juice,113,39,74,34.51327433628318
Chocolate Peanut Mini Snack Nutrition Bars,9,5,4,55.55555555555556
Latte Pumpkin Chai,29,7,22,24.137931034482758
Organic Hard Candy d'Anjou Pear & Cinnamon,10,3,7,30.0
Organic Raspberry Muesli,93,55,38,59.13978494623656
Wild Mushroom & Herb Rice Pilaf Mix,318,153,165,48.113207547169814
Butcher Thick Cut Smoked Applewood Bacon,63,24,39,38.095238095238095
Hommus Edamame,38,17,21,44.73684210526316
Tera's Dietary Supplement,25,6,19,24.0
Sesame Street Friends Cookie Monster's Orange Tangerine Juice,65,38,27,58.46153846153847
Organic Sushi Rice,10,0,10,0.0
Green Beans,29069,16942,12127,58.28201864529223
Pizza Five Cheese,16,8,8,50.0
Baby Dynamic Duo Potatoes,173,43,130,24.85549132947977
Natural Sensations Crunchy Chicken Cat Treats,5,1,4,20.0
Ruby Red Grapefruit,2832,1731,1101,61.1228813559322
Long Hammer IPA Beer,20,4,16,20.0
Linguini Pasta,32,3,29,9.375
Grade A Large Brown Eggs,6388,4743,1645,74.24859110832811
Blueberry Fig Teething Wafers,318,110,208,34.59119496855346
Honey Roasted Chickpea Snacks,31,18,13,58.06451612903226
Jonamac Apple,6,2,4,33.33333333333333
Super Chunky Mushroom Pasta Sauce,273,121,152,44.32234432234432
Bulgarian Feta,141,87,54,61.702127659574465
"Just Crisp, Parmesan",163,122,41,74.84662576687117
Roma Style Tomato Puree,88,22,66,25.0
Originale Extra Virgin Olive Oil,4,0,4,0.0
Chocolate Hazelnut Butter,2195,1206,989,54.94305239179954
Italian Dressing & Marinade,73,19,54,26.027397260273972
Vegetable Rich & Hearty Beef Pot Roast Soup,195,67,128,34.35897435897436
"Pita Chips, Simply Naked",1975,1216,759,61.56962025316456
Jalapeno & Cheddar Smoked Sausage,218,111,107,50.917431192660544
Fig Bars,47,22,25,46.808510638297875
Cinnamon Oat Granola Bars,12,1,11,8.333333333333332
Lightweight Extreme Scented Cat Litter,80,48,32,60.0
Organic Crookneck Squash,366,103,263,28.142076502732237
Organic Ketchup Gluten Free,948,425,523,44.83122362869199
Garlic & Herb Alfredo Macaroni & Cheese Dinner,7,3,4,42.857142857142854
Fresh Scent,10,1,9,10.0
Sprouted Sourdough Cracker,6,2,4,33.33333333333333
Chunky Chili Mac Soup,52,18,34,34.61538461538461
Milk Chocolate Caramel Cups,21,9,12,42.857142857142854
Chocolate Protein Nutrition Shake,234,125,109,53.41880341880342
Trubiotics Daily Probiotic,26,11,15,42.30769230769231
Brown Fertile Jumbo Grade AA Eggs,374,262,112,70.05347593582889
Aloe Mint Moisturizing Shave Cream,67,12,55,17.91044776119403
Cuticle Rehab,6,0,6,0.0
"Polenta, Organic, Traditional Italian",1943,871,1072,44.827586206896555
Glazed Donuts,156,54,102,34.61538461538461
Seltzer Calorie-free,227,148,79,65.19823788546255
Frosted Fir Gel Hand Wash,9,2,7,22.22222222222222
Lemon Green Tea,5,1,4,20.0
Summer Red Spritzer,14,5,9,35.714285714285715
Sugar Free Syrup,74,27,47,36.486486486486484
"Tall Kitchen Bags, Handle-Tie, 13 Gal",179,71,108,39.66480446927375
Allergy 24 Hour 10mg Tablets,117,37,80,31.62393162393162
Classic Red Chile Enchilada Sauce,96,27,69,28.125
AM Facial Moisturizing Lotion,36,5,31,13.88888888888889
Bausch + Lomb Alaway Antihistamine Eye Drops,8,0,8,0.0
Organic Acorn Squash,3577,1295,2282,36.20352250489237
"Superfood Cranberry, Almond & Lucuma Seedbar",168,138,30,82.14285714285714
Traditional Italian-Style Wedding Soup,943,459,484,48.67444326617179
Kidz Superfood Outrageous Chocolate Drink Powder,36,2,34,5.555555555555555
Quark Sea Salt Caramel,62,33,29,53.2258064516129
Organic 70% Cacao Dark Chocolate,11,0,11,0.0
Arsenicum Album 30 C - 80 CT,37,19,18,51.35135135135135
Tea Light Candles,46,12,34,26.08695652173913
Hot Mustard Coarse Ground,3,0,3,0.0
French Onion Recipe Mix,196,56,140,28.57142857142857
Fresh Alfredo,392,222,170,56.63265306122449
Chili Magic Traditional Mild Chili Starter,20,6,14,30.0
Pistachio Kernels,18,4,14,22.22222222222222
Lowfat Pomegranate Kefir Probiotic Cultured Milk Smoothie,181,86,95,47.51381215469613
European Style Super Premium Unsalted Butter,8,1,7,12.5
Boneless Veal Stew Meat,50,16,34,32.0
Italian Crushed Tomatoes,20,6,14,30.0
Fresh Care Flushable Cleansing Cloths Refills,1144,544,600,47.55244755244755
Organic Mexican Seasoning,62,7,55,11.29032258064516
Pizza Pans,18,6,12,33.33333333333333
Katkit Disposable Tray With Free Cat Litter,29,22,7,75.86206896551724
Premium Chocolate Chunk Brownie Mix,27,10,17,37.03703703703704
Turmeric Force Liquid V Caps,26,4,22,15.384615384615385
Organic Cashew Nondairy Vanilla Yogurt,781,338,443,43.27784891165173
Strong Roasted Jalapeno Almond Protein Bar,283,161,122,56.8904593639576
Original Raspberry,127,60,67,47.24409448818898
Deep Dish Pie Crust,9,1,8,11.11111111111111
Double Chocolate Sundae Dream Syrup,11,2,9,18.181818181818183
Organic Coconut Mango Energy Bar,47,22,25,46.808510638297875
Crunch Donuts,35,13,22,37.142857142857146
Low Fat Vanilla Non Dairy Yogurt,1064,651,413,61.18421052631579
Imperial Stout,47,16,31,34.04255319148936
"Chili Pepper, Lightly Dried",14,6,8,42.857142857142854
"Non-Dairy Frozen Dessert, Mint Pie",100,68,32,68.0
Lemonade From Concentrate,437,277,160,63.38672768878718
"Pearl Tampax Pearl plastic, Regular Absorbency Unscented Tampons, 36 Count  Feminine Care",277,75,202,27.075812274368232
Graduates Fruit Pick-Ups Diced Apples,145,88,57,60.689655172413794
Enamel Health Whitening Clean Mint Paste,18,8,10,44.44444444444444
Saffron Yellow Seasonings & Long Grain Rice,401,225,176,56.10972568578554
Turnip,174,65,109,37.35632183908046
Facial Cloths,20,11,9,55.00000000000001
"Eggs, Organic, Pasture-Raised, Large",1074,752,322,70.01862197392924
Deli Style Roast Beef Thin Sliced,56,18,38,32.142857142857146
Hommus Sundried Tomato & Basil,216,83,133,38.425925925925924
Creme Caramel Low Fat Frozen Yogurt,791,477,314,60.30341340075853
Spot's Stew Dry Cat Food Formula Chicken Recipe,419,255,164,60.859188544152744
Orange Mango Naturally Flavored Sparkling Water,44,22,22,50.0
Sugar Free 100% Whole Grain Wheat Bread,97,55,42,56.70103092783505
Fruit Sensations Sweet Watermelon Sugar-Free Gum,189,139,50,73.54497354497354
Signature Mint Face Lotion & Post Shave,5,0,5,0.0
Bags Organic Turmeric Ginger Green Tea,62,3,59,4.838709677419355
Organic Pears & Rasberries Stage 2 Baby Food,753,357,396,47.410358565737056
Sugar Free Black Cherry Cough Drops,47,17,30,36.17021276595745
Xpolsive Pizza Baked Snack Crackers,98,40,58,40.816326530612244
Edamame Dry Roasted Spicy Wasabi,238,96,142,40.33613445378151
Kettle Cooked Potato Chips Original (15 Oz),16,6,10,37.5
Cheddar Tortilla Chips,88,37,51,42.04545454545455
Light Mayonnaise,2202,769,1433,34.9227974568574
DailyWellness PlantForce Liquid Iron,6,2,4,33.33333333333333
Pure Ecstasy Ultrasmooth  Lubricant Condoms,6,1,5,16.666666666666664
Fresh Spinach,2711,1631,1080,60.162301733677616
Ashwagandha Root Vegetarian Liquid Phyto-Caps,30,14,16,46.666666666666664
Auto Dishwasher Rinse Aid,182,58,124,31.868131868131865
Mushroom And Cheese Ravioli,135,56,79,41.48148148148148
Clear Utensil Hooks,4,0,4,0.0
Garcinia Cambogia,17,5,12,29.411764705882355
Roasted Ground Coriander,29,0,29,0.0
Artichoke Sauce,338,181,157,53.55029585798816
Artichoke Bottoms,92,38,54,41.30434782608695
Eggo Blueberry Waffles Family Pack,420,257,163,61.1904761904762
Spry Chewing Gum With Xylitol Green Tea,19,5,14,26.31578947368421
Exfoliating Hydro Gloves,21,4,17,19.047619047619047
Gelato Salted Caramel,20,5,15,25.0
Organic Decaf Green Tea,247,93,154,37.65182186234818
SELECT Original Rice Crackers,93,52,41,55.91397849462365
Organic Whole Black Peppercorns,228,39,189,17.105263157894736
Caesar The Original Dressing,41,10,31,24.390243902439025
"Thoroughly Clean Face Wash, Organic Tea Tree Oil with Awapuhi",15,2,13,13.333333333333334
Spice Drops,21,7,14,33.33333333333333
Black Pepper Beef,18,8,10,44.44444444444444
Classic Vanilla Yogurt,583,366,217,62.778730703259
Raw Pecans,30,2,28,6.666666666666667
Organic Cottage Cheese Sun Dried Tomato,31,12,19,38.70967741935484
Gluten Free Fudge Covered Pretzels,1366,764,602,55.92972181551976
California Style Marinated Artichoke Hearts,170,70,100,41.17647058823529
Tender white meat turkey & stuffing in a homestyle gravy with russet mashed potatoes Roast Turkey,271,149,122,54.981549815498155
Coconut Smoothie,67,26,41,38.80597014925373
Red Miso Seasoning,6,1,5,16.666666666666664
Apricot from Concentrate Nectar,10,2,8,20.0
Chunky Hot Salsa,287,112,175,39.02439024390244
Fresh Cut Baby Carrots,1515,854,661,56.369636963696365
Lemon with Electrolytes & Vitamins Water Beverage,286,214,72,74.82517482517483
Xanthan Gum,310,15,295,4.838709677419355
Milk Thistle Standardized,10,4,6,40.0
Strawberry Gelatin,2208,1100,1108,49.81884057971014
"Wraps, Multi-Grain",6,0,6,0.0
Vanilla Bean Almond Milk,216,144,72,66.66666666666666
Facial Tissues with Lotion,137,57,80,41.605839416058394
Wintergreen Gum,29,7,22,24.137931034482758
Simply Yellow Corn Tortilla Chips,246,121,125,49.1869918699187
Bitters Liqueur,78,54,24,69.23076923076923
Coco Cafe Cafe Latte Coconut Water,137,72,65,52.55474452554745
Low Fat Milk With Vitamins A & D,11,0,11,0.0
Blueberry Pint,3447,1696,1751,49.20220481578184
Sun Dried Tomato Sauce,42,9,33,21.428571428571427
Loaded Baked Potato Bites,17,7,10,41.17647058823529
Vanilla Rice Drink,448,353,95,78.79464285714286
Odor Removing Spray,7,1,6,14.285714285714285
2 Ply Ultra Absorbent Paper Towel Rolls,39,27,12,69.23076923076923
Stevia Extract,7,2,5,28.57142857142857
100% Whole Ground Organic Golden Flaxseed Meal,388,78,310,20.103092783505154
Whole Grain Rice and Wild Rice with Garlic and Basil Seasoning,111,45,66,40.54054054054054
Crunchy Taco Hamburger Helper,12,3,9,25.0
Blue Machine Boosted 100% Juice Smoothie,2403,1447,956,60.216396171452345
Organic Gluten Free Sprouted Corn Flakes,248,106,142,42.74193548387097
Creamy Vanilla Fat Free Ice Cream,70,46,24,65.71428571428571
Hot 'N Spicy Chicharrones,74,34,40,45.94594594594595
Unsweetened 99% Cacao Baking,13,1,12,7.6923076923076925
Barbeque Glazed Chicken Breasts,34,15,19,44.11764705882353
Flour Burrito Tortillas,249,108,141,43.373493975903614
Applewood Thick Cut Bacon,456,235,221,51.53508771929825
Mio Blue Lemonade,8,3,5,37.5
Potted Thyme,397,90,307,22.670025188916874
Organic Vanilla Coconut Milk Yogurt,38,19,19,50.0
De Mexico Bottle,680,424,256,62.35294117647059
Watermelon Lemonade Drink,24,5,19,20.833333333333336
Deep Woods Insect Repellent VII,18,3,15,16.666666666666664
Chocolate Frosting Mix,32,2,30,6.25
24 Hour Non-Drowsy Allergy Relief Tablets,39,10,29,25.64102564102564
Lemon Verbena Room Freshener Spray,45,2,43,4.444444444444445
"Artichoke Hearts, Quartered & Marinated",69,13,56,18.84057971014493
Reclosable Sandwich Extra Large Bags,23,0,23,0.0
Seasoned Chicken Fry Batter Mix,38,16,22,42.10526315789473
Dr. Mc Dougall's Gluten Free Vegetable Soup 18 Oz,53,22,31,41.509433962264154
Raspberry Pim's European Biscuits,142,80,62,56.33802816901409
24/7 Performance Light Weight Cat Litter,845,496,349,58.698224852071
Glide Mint Floss 2 Pack,268,57,211,21.26865671641791
Apple Freeze Dried Organic,182,81,101,44.505494505494504
Organic Vegetable Medley,393,188,205,47.837150127226465
Simply Strawberry Gelato,340,115,225,33.82352941176471
Oikos Toasted Coconut Chocolate Crunch Yogurt,18,8,10,44.44444444444444
Dark Chocolate Nonpareils,150,93,57,62.0
"Organic Turbinado, Raw Cane Sugar",1016,485,531,47.73622047244094
Raspberry Fruit Bars,237,91,146,38.39662447257383
"Lean, Seasoned Turkey Burger",208,90,118,43.269230769230774
Detergent Booster,91,40,51,43.956043956043956
Drumstick Vanilla Caramel Frozen Dairy Dessert Cones,259,142,117,54.826254826254825
Berry Sparkling Water Beverage,54,38,16,70.37037037037037
Grands Homestyle Honey Butter Buscuits,19,7,12,36.84210526315789
Parmesan Romano Pasta Sauce,9,2,7,22.22222222222222
Prepared Meals Savory Rice & Lamb Stew Dog Food,179,112,67,62.56983240223464
Dark Temptation Antiperspirant Stick,19,7,12,36.84210526315789
Flavor Blasted Wild White Cheddar Goldfish Crackers,29,9,20,31.03448275862069
Made with Real Sugar,17,4,13,23.52941176470588
Roasted Peanut Noodle Bowl,54,19,35,35.18518518518518
Triple Action Soft Full Head Toothbrush,12,4,8,33.33333333333333
Direct Leave-In Weightless Moisture Conditioner,10,2,8,20.0
"Low Sodium 100% Vegetable Juice, Spicy Hot",237,138,99,58.22784810126582
Performance Protein Vanilla Powder,17,4,13,23.52941176470588
Gas & Bloating Tea,18,1,17,5.555555555555555
Organic Green Beans,6704,3545,3159,52.87887828162291
Zero Peach Nutrient Enhanced Water Beverage,17,14,3,82.35294117647058
White Premium Chunk Chicken Breast With Rib Meat in Water,544,215,329,39.52205882352941
Apple Sauce Squeeze,7,3,4,42.857142857142854
Red Raspberry Leaf Probiotic Kefir Water Tea No. 3,27,17,10,62.96296296296296
Sardines With Lemon Packed In Olive Oil,55,21,34,38.18181818181819
Wetjet Original Cleaning Pads Refills,209,50,159,23.923444976076556
Strawberry Granola Bar,157,73,84,46.496815286624205
"Snack & Go! Cinnamon Applesauce, Pouch",124,63,61,50.806451612903224
Citrus Electrolyte Tabs,167,56,111,33.532934131736525
"Natural Beverage, Instant, Original, Caffeine Free",33,4,29,12.121212121212121
Nova Style Atlantic Smoked Salmon,258,127,131,49.224806201550386
Wellness Herbal Kids Tincture,20,7,13,35.0
Organic Pure Green Tea,90,47,43,52.22222222222223
Organic Birchwood Breakfast Blend Medium Roast Ground Coffee,41,30,11,73.17073170731707
Butter Babies Potatoes,13,0,13,0.0
Gluten Free Stone Ground Corn Flour,32,4,28,12.5
with Xylitol Original Flavor 18 Sticks Sugar Free Gum,186,91,95,48.924731182795696
"Yogurt, Greek Style, Honey Peach",14,6,8,42.857142857142854
Super Sensitive Everyday Lotion,16,1,15,6.25
"Vegetarian Tamales, Red Chile Vegetable",33,16,17,48.484848484848484
2% Milk,1669,1211,458,72.5584182144997
Bourbon and Brown Sugar Grillin' Beans,143,61,82,42.65734265734265
Red Bulgur Wheat,182,23,159,12.637362637362637
Banana Creme Protein Shake,11,2,9,18.181818181818183
Kosher Italian Style Freshly Shaved Parmesan and Asiago Cheese,44,9,35,20.454545454545457
Whole Rye Bread,1221,701,520,57.41195741195742
"Energy Drink, Organic, Low Calorie, Acai Berry",304,233,71,76.64473684210526
Bacon Coconut Chips,10,3,7,30.0
Dry Roasted No Salt Almonds,84,56,28,66.66666666666666
Grilled Chicken Teriyaki with Lo Mein Noodles,15,5,10,33.33333333333333
Beef Pot Roast Home Style Meals,59,40,19,67.79661016949152
Honey Bunches of Oats Crunchy Honey Roasted Cereal,96,40,56,41.66666666666667
Savory Salmon Flavor Cat Treats,253,154,99,60.86956521739131
Mangos,11,2,9,18.181818181818183
Reese's Peanut Butter Chips,326,96,230,29.447852760736197
No sugar Added Butter Pecan Ice Cream,175,124,51,70.85714285714285
Macaroni & Cheese Refrigerated Sides,51,30,21,58.82352941176471
Organic Bourbon Vanilla Protein Packet,11,1,10,9.090909090909092
"Tea, Irish Breakfast",105,37,68,35.23809523809524
Chicken Hearts & Liver Feast in Gravy Sliced Wet Cat Food,112,69,43,61.60714285714286
Original Gourmet Granola,348,253,95,72.70114942528735
Flavor Blasted Xtra Cheddar/Colors Variety Pack Baked Snack Crackers,35,10,25,28.57142857142857
"Biscuits, Apple, Baby, Box",24,7,17,29.166666666666668
"Wood Cleaner & Preservative, Almond Scent",15,3,12,20.0
Nail Clipper With Catcher,40,11,29,27.500000000000004
Sweet Potato Popped Chips,41,8,33,19.51219512195122
Gold Firelog,15,3,12,20.0
India Pale Ale Racer 5,402,243,159,60.447761194029844
Kiwi Strawberry Flavored Juice Drink,54,29,25,53.70370370370371
Good Buddy Rawhide Pressed Bone,23,13,10,56.52173913043478
Nut & Spices Bar Dark Chocolate Almond Mint,551,361,190,65.51724137931035
Sesame Seaweed Chips,177,90,87,50.847457627118644
100% Whole Grain Hard Red Winter Wheat Flour,4,0,4,0.0
Milk of Magnesia,49,10,39,20.408163265306122
Fat Free Rich Milk Chocolate Hot Cocoa Mix,121,69,52,57.02479338842975
Instant Banana Cream Pudding & Pie Filling,111,29,82,26.126126126126124
Herring in Cream Sauce,77,47,30,61.038961038961034
Protein Chewy Bar Peanut Butter Dark Chocolate Bars,503,335,168,66.6003976143141
Old Fashioned Rye Flour,7,0,7,0.0
Big Rolls Pick A Size Paper Towels With Thirst Pockets,89,15,74,16.853932584269664
Organic Rosemary,10390,3871,6519,37.25697786333013
Creamy Supreme Milk Chocolate Frosting,32,2,30,6.25
Simply...Go-Gurt Strawberry/Mixed Berry Variety Pack Portable Low Fat Yogurt,372,248,124,66.66666666666666
Snickers Ice Cream Bar,260,138,122,53.07692307692308
Organic Ginger Spread,25,14,11,56.00000000000001
Herbal Escapes Kiwi Lime Squeeze Clarifying Shampoo,24,10,14,41.66666666666667
Biotin B Complex Thickening Conditioner,18,0,18,0.0
Tai Pei Orange Chicken,67,28,39,41.7910447761194
Natural Medium Cheddar Cheese,2874,1564,1310,54.41892832289492
Curl Enhancing Shea Shampoo,7,0,7,0.0
Whole Grain Stone Ground Brown Rice Flour,293,55,238,18.771331058020476
Pact Cranberry Concord Grape,8,1,7,12.5
Organic Jumbo Grade A Pastured Eggs,1197,829,368,69.25647451963242
Indian Curry Seasoning,88,9,79,10.227272727272728
Milk Chocolate Brownies,73,21,52,28.767123287671232
Strawberry Kiwi Juice,310,146,164,47.096774193548384
White Truffle Whipped Salted Ghee,14,2,12,14.285714285714285
Gluten Free Ivory Teff Wraps,14,5,9,35.714285714285715
Soy Milk Plain,62,36,26,58.06451612903226
2X Ultra High Efficiency Wave Auto Dishwasher Gel Free & Clear,250,78,172,31.2
Gran Polenta Express,4,0,4,0.0
Juicy Green Apple Conditioner,79,14,65,17.72151898734177
Grill Mates Less Sodium Montreal Steak Seasoning,95,34,61,35.78947368421053
Small Round Container + Lid,76,11,65,14.473684210526317
Lowfat Cottage Cheese,899,575,324,63.95995550611791
Cold Stone Creamery Sweet Cream Coffee Creamer,370,238,132,64.32432432432432
Sliced White American Cheese,354,212,142,59.887005649717516
"Probiotic & Prebiotic Supplement, SPA Melon Cucumber",18,7,11,38.88888888888889
Pasta Sides Thai Sweet Chili,12,2,10,16.666666666666664
Orange Bell Pepper,39188,23593,15595,60.20465448606716
Dark Chocolate Candies,4,0,4,0.0
Made Vitamin D3 1000 I.U,6,0,6,0.0
Classic Iceberg Salad,133,75,58,56.390977443609025
Butter Hamburger Buns,683,265,418,38.79941434846266
Giant Latte Ice Cream Bar,9,0,9,0.0
Turkey Slices Oven Prepared,26,7,19,26.923076923076923
Strawberry Oikos Greek Yogurt,274,178,96,64.96350364963503
Genoa Salame Tradizionale,26,8,18,30.76923076923077
Aged Garlic Extract Cardiovascular Formula 100 Supplement,4,1,3,25.0
Hot Red Chile Enchilada Sauce,65,23,42,35.38461538461539
Men+Care Extra Fresh Antiperspirant & Deodorant Twin Pack,13,1,12,7.6923076923076925
Homestyle Healthy Request Savory Chicken with Brown Rice,26,10,16,38.46153846153847
Comfort Sheer 60 ct Assorted Posted 5/7/2014 Value,95,13,82,13.684210526315791
Sweetened Coconut Flakes,56,2,54,3.571428571428571
"Pinto Beans, Low Sodium",69,28,41,40.57971014492754
Aeropress Coffee & Espresso Maker,4,0,4,0.0
Organic Life Vitamins Raspberry Cranberry Flavor Liquid,3,0,3,0.0
Zero Cake Batter,64,36,28,56.25
Organic Veggies Snack Tray,14,4,10,28.57142857142857
Double Fiber Wheat Bread,73,49,24,67.12328767123287
Original Organic Soymilk,25,13,12,52.0
Lemongrass Long Lasting Deodorant Stick,120,24,96,20.0
Chips Coconut Sweet N Heat,38,6,32,15.789473684210526
Cheddar Cheese Sticks,180,103,77,57.22222222222222
Brownie Mix Milk Chocolate Family Size,36,6,30,16.666666666666664
Hefty EZ Foil Cake Pans,22,5,17,22.727272727272727
Prepared Meals Chicken Stew Dog Food,91,49,42,53.84615384615385
Lite Ranch Dressing,263,136,127,51.71102661596958
"Granola, Clusters, Banana Walnut",133,64,69,48.1203007518797
Hickory Brown Sugar Barbecue Sauce,60,17,43,28.333333333333332
Iced Carrot Pound Cake,71,29,42,40.845070422535215
Sriracha Chicken Big Burrito,485,263,222,54.22680412371134
Chickpea Pasta Mac & Cheese Classic Cheddar,30,4,26,13.333333333333334
Cran-Grape Juice,1024,608,416,59.375
Asian Sesame Chopped Salad Kit,247,139,108,56.2753036437247
Salad Love Kale Parmesan Dressing,42,5,37,11.904761904761903
Aranciata Rossa Blood Orange Juice,293,112,181,38.225255972696246
Peanut Butter Filled Pretzels,327,199,128,60.85626911314985
Slimline Cans Beer 12 Pk,10,2,8,20.0
Smooth Lemon Throat Drops,7,0,7,0.0
"Deep Woods Insect Repellent VIII, Dry",5,0,5,0.0
Organix Grain Free Chicken & Potato Recipe Cat Food,52,25,27,48.07692307692308
Organic Grapes Galore Bunny Snacks,529,225,304,42.53308128544423
Full Size Candy Bars Variety Pack,5,0,5,0.0
Harissa Simmer Sauce,66,14,52,21.21212121212121
Tiny Fruits+Veggies Freeze Dried Snacks Banana Mango & Edamame,168,68,100,40.476190476190474
Specialties-Blue Cheese Stuffed,28,5,23,17.857142857142858
Brick Oven Style Pizza Pepperoni,21,9,12,42.857142857142854
Fuzzy Navel Cooler,25,17,8,68.0
Chocolate Bar White Chocolate Hazelnut,25,14,11,56.00000000000001
Sweeper Dry Sweeping Refills,573,144,429,25.13089005235602
Dirty Mint Chip Ice Cream,77,18,59,23.376623376623375
Coffee Blended Low-Fat Greek Yogurt,444,275,169,61.93693693693694
Supreme Party Pizza,138,64,74,46.3768115942029
Chèvre Herb Chabis Cheese,7,2,5,28.57142857142857
Ultra Strength Peppermint Antacid/Calcium Supplement Tablets,45,14,31,31.11111111111111
Mercurius Solubilis 30C Homeopathic Pellets,4,0,4,0.0
Salisbury Steak with macaroni and cheese Salisbury Steak with macaroni and cheese,348,197,151,56.60919540229885
Organic Raw Agave Nectar,1596,647,949,40.53884711779448
Green Decorating Icing,11,1,10,9.090909090909092
Organic Unsweetened Green Tea,531,323,208,60.8286252354049
Organic Habanero & Lime Hummus,116,46,70,39.6551724137931
Angus Beef With Bacon & Cheese,46,28,18,60.86956521739131
Goldfish Cheddar,240,124,116,51.66666666666667
Italian Style Veggie Protein Smart Sausages,223,122,101,54.7085201793722
Organic Vegetable Lower Sodium Soup,65,13,52,20.0
PastaJoy Organic Brown Rice Pasta Elbows,524,278,246,53.05343511450382
Measuring Cup,29,2,27,6.896551724137931
All Purpose Flour,5270,1566,3704,29.715370018975335
Dijon Vinaigrette,34,16,18,47.05882352941176
Pumpkin Bread,38,5,33,13.157894736842104
Heavy Duty Scrub Brush,45,3,42,6.666666666666667
Mini Round Containers + Lids,414,49,365,11.83574879227053
Thick 'N Creamy Macaroni & Cheese,549,237,312,43.169398907103826
Organic Energy Chews Fruit Smoothie,38,16,22,42.10526315789473
Blueberry Soy Yogurt,877,609,268,69.4412770809578
Maximus India Pale Ale,17,11,6,64.70588235294117
2% Greek Style Vanilla Yogurt,73,48,25,65.75342465753424
Country Potato Hot Dog Buns,227,85,142,37.44493392070485
Black Roasted Sesame Seed,205,37,168,18.048780487804876
Caramel and Peanuts Kandy Bars,21,3,18,14.285714285714285
Meditating Cedarwood Mineral Bath,47,24,23,51.06382978723404
"Simple Nut Bar with Almond, Cashew, and Sea Salt",21,6,15,28.57142857142857
Homestyle Turkey Meatballs,496,240,256,48.38709677419355
Zero Calorie Lemonade Organic Lemonade,5,1,4,20.0
Orange Mango Paradise Juice Drink,25,18,7,72.0
Organic White Cheddar Shells & Cheese,238,104,134,43.69747899159664
"Rice, Thai Fried",35,19,16,54.285714285714285
Clean Breeze Ultra Liquid Fabric Softener,109,43,66,39.44954128440367
Daily Pore Cleanser,56,25,31,44.642857142857146
Pods + Febreze 4 In 1 Odor Defense Active Fresh Scent Laundry Detergent Pacs 54 Count,4,1,3,25.0
Organic Wild Berry Blend,21,7,14,33.33333333333333
Garlic Alfredo Sauce,328,124,204,37.80487804878049
Cooked Chocolate Pudding And Pie Filling Mix,144,36,108,25.0
Ovulation & Pregnancy Ovulation Test Kit,6,1,5,16.666666666666664
Whole Grain White Corn Salted Tortilla Chips,4588,3040,1548,66.25980819529207
Eggo Cinnamon French Toast Bites,6,1,5,16.666666666666664
Orange Flavored Ice Cubes,1,0,1,0.0
Honey Salted Peanut,67,27,40,40.298507462686565
All Natural Plain Yogurt,606,333,273,54.95049504950495
Seafood Cocktail Sauce,229,25,204,10.91703056768559
Organic Mayonnaise,8817,3459,5358,39.231030962912556
"Vitamin B-12, 1000 mcg",8,1,7,12.5
Organic Dried Mini Cranberries,12,1,11,8.333333333333332
Organic Caramel Crunch With Sea Salt Chocolate Bar,42,13,29,30.952380952380953
Organic Lime Juice,393,49,344,12.46819338422392
"Cashew Butter, Organic",154,65,89,42.2077922077922
Mighty 4: Pumpkin Pomegranate Quinoa Greek Yogurt Nutrition Blend for Tots,690,425,265,61.59420289855072
"Almondmilk Creamer, Vanilla",5431,3614,1817,66.54391456453692
Pomegranate Moisturizing Lip Balm,122,30,92,24.59016393442623
Dry Sweeping Pad Refills With Febreze Lavender Vanilla & Comfort Scent,5,0,5,0.0
Men Sensitive Skin Shave Cream,34,5,29,14.705882352941178
Gravy Favorites Variety Pack Cat Food,8,1,7,12.5
Fresh Sliced Mozzarella,1069,466,603,43.592142188961645
Pacific Northwest Wild Albacore Tuna,310,128,182,41.29032258064516
Enchilada Wrap,318,237,81,74.52830188679245
"Ecological All Purpose Cleaner, Natural Lemon Fragrance",33,9,24,27.27272727272727
Training  Fluoride Free Toothpaste Apple & Banana Flavor,2,0,2,0.0
"Honey Patties, Chocolate Mint",151,109,42,72.18543046357617
Mezzi Rigatoni,373,186,187,49.865951742627345
Black Peppercorn,262,20,242,7.633587786259542
Chicken Flavor Ramen Noodles,945,504,441,53.333333333333336
Organic Chai Cola Probiotic Elixer,13,5,8,38.46153846153847
Double Smoked Uncured Center Cut Bacon,593,363,230,61.2141652613828
SoloGrips Cups,20,10,10,50.0
Premium Cannellini White Kidney Beans,364,125,239,34.34065934065934
Toaster Strudel Pastries Strawberry,82,38,44,46.34146341463415
Coconut Chips,168,65,103,38.69047619047619
Vegan Vegetable Bouillon With Sea Salt & Herbs,633,187,446,29.541864139020536
Vanilla Protein Coconut Water,42,21,21,50.0
Double Bergamot Earl Grey,120,45,75,37.5
Intensive Care Aloe Soothe Lotion,62,13,49,20.967741935483872
Cherry Liquid Upset Stomach Reliever/Anti-Diarrheal,49,14,35,28.57142857142857
Purified Water,10998,8350,2648,75.92289507183125
Colombia Deep Roast Ground Coffee,372,191,181,51.344086021505376
Complete Dawn Lemon ActionPacs Dishwasher Detergent,4,0,4,0.0
Cream Crackers,16,8,8,50.0
"Naturally Flavored Garlic Bread Supreme (Sausage, Pepperoni, Onions, Olives) Pizza",77,25,52,32.467532467532465
Organic Chai Tea Latte Concentrate,1261,755,506,59.8731165741475
Sweet 'N Heat Coconut Chips,7,4,3,57.14285714285714
Danimals Squeezables Lowfat Yogurt Cotton Candy Flavor,30,21,9,70.0
Oroblanco,7,0,7,0.0
Oatmeal Raisin Walnut Bar,222,102,120,45.94594594594595
Nutrient Enhanced Berry Water Beverage Mix,6,1,5,16.666666666666664
Natural Whole Grain Brown Rice,11,1,10,9.090909090909092
Espresso Bellavitano,10,0,10,0.0
2nd Foods Apples & Bananas with Mixed Cereal,27,12,15,44.44444444444444
"Mayonnaise, Classic",2634,947,1687,35.95292331055429
Salame Toscano,48,21,27,43.75
Peaceful Sleep Oil Blend,18,0,18,0.0
Peeled and Steamed Garbanzo Beans,25,5,20,20.0
Solid White Albacore Tuna in Spring Water,329,135,194,41.03343465045592
Mango Passionfruit Kombucha,10,1,9,10.0
Thin Pork Loin Chops,29,11,18,37.93103448275862
Oil-Free Acne Stress Control Triple-Action Toner,19,5,14,26.31578947368421
Fresh Red Grapefruit,149,52,97,34.899328859060404
"11\"" Salad Tongs",5,0,5,0.0
Ghee Garlic,51,5,46,9.803921568627452
Natural Tea Tree Conditioner,7,1,6,14.285714285714285
Vitex Berry Vegetarian Liquid Phyto-Caps,64,26,38,40.625
Pork Shoulder Butt Roast,28,7,21,25.0
Maxi pads Overnight With Flexi-Wings,266,61,205,22.932330827067666
Gluten Free Vanilla Creme Cookies,470,285,185,60.63829787234043
Tuna Fillets With Jalapeño in Olive Oil,78,43,35,55.12820512820513
Organic Extra Virgin Oil Olive,1889,876,1013,46.373742721016406
Fruyo Greek Nonfat Strained Yogurt Blended with Pineapple,2,0,2,0.0
Pure Vanilla Extract Madagascar Bourbon,435,59,376,13.563218390804598
"Multipurpose, 8.5 x 11 Inch Paper",49,8,41,16.3265306122449
"Pizza Sauce, Organic",428,175,253,40.887850467289724
To Go Stain Remover Pen,297,37,260,12.457912457912458
Blueberry 100% Whole Grain Fruit Chewy Cookies,5,0,5,0.0
Multigrain Bread,1038,664,374,63.969171483622354
Tagliatelle Nests,53,21,32,39.62264150943396
Healthy Request Condensed Soup Cream of Mushroom,751,226,525,30.09320905459387
Cheddar Cheeseburger Crispy Buttery Crust Sandwiches,13,5,8,38.46153846153847
Geranium Room Freshener,158,24,134,15.18987341772152
Core Gluten Free Mint Chocolate Bar,335,231,104,68.95522388059702
Sweet Basil,25,3,22,12.0
Three Cheese Mini Bagels,174,82,92,47.12643678160919
Adult Allergy Relief Tablets 10mg,198,45,153,22.727272727272727
Nourishing Coconut Hand and Body Lotion,40,6,34,15.0
Hickory Ham & Cheddar Sandwiches,602,308,294,51.162790697674424
Mushroom Italian Sauce,104,59,45,56.730769230769226
Crackers And Biscuits Baby Food Tomatoes Amaranth,14,4,10,28.57142857142857
Clear 40 Watt Appliance Light Bulb,14,0,14,0.0
Vanilla Candle,13,6,7,46.15384615384615
Wheaties,478,286,192,59.83263598326359
Garlic Pickle Spears,395,130,265,32.91139240506329
Organic Rainier Cherries,449,90,359,20.044543429844097
Cacao Chocolate Mint,73,54,19,73.97260273972603
Anti-Gravity + Hydration Shampoo,13,1,12,7.6923076923076925
Cobb Salad,448,238,210,53.125
Sparkling Peach Nectarine Soda,792,468,324,59.09090909090909
Outlast Xtend Secret Outlast Xtend Clear Gel Protecting Powder Antiperspirant/Deodorant 2.6 oz  AP/DO & Body Spray,42,7,35,16.666666666666664
Green Tea Bags,742,326,416,43.93530997304582
100% Whole Wheat Pasta Penne Rigate,19,1,18,5.263157894736842
Raspberry English Tea Scones,597,403,194,67.50418760469012
Original Iced Matcha Unsweetened Tea,37,18,19,48.64864864864865
Curiously Strong Mints Peppermint,51,21,30,41.17647058823529
Cavity Defense Mint Flavor Essential Floss,77,18,59,23.376623376623375
Pour Over Movie Theater Butter Microwave Popcorn,8,3,5,37.5
Fancy Whole Mandarin Oranges,4,0,4,0.0
Meatballs,13,2,11,15.384615384615385
Special Roast Ground Medium Coffee,5,2,3,40.0
Organic Butternut Squash Soup,72,34,38,47.22222222222222
"Off the Block, 4 Cheese Mexican",14,9,5,64.28571428571429
Mint Anti-Diarrheal,60,32,28,53.333333333333336
Brownie Scratch Baking Mix,306,85,221,27.77777777777778
Dish Detergent Original,20,1,19,5.0
"Tea, Classic India Spice, Caffeine Free, Bags",21,5,16,23.809523809523807
Whole Grain Penne Pasta With Turkey Meatballs,6,2,4,33.33333333333333
Natcol 3 N Cola,10,5,5,50.0
Pickling Cucumber,1211,696,515,57.47316267547481
Skin Therapy Baby Soft Lotionized Moisturizing Shave Gel,56,19,37,33.92857142857143
Turkey Meal,15,4,11,26.666666666666668
Organic Extra Virgin Olive Oil Popped Corn,154,80,74,51.94805194805194
Nutrisse Nourishing Color Creme 50 Medium Natural Brown,15,3,12,20.0
Farmer's Garden Bread & Butter,61,20,41,32.78688524590164
Berry Weiss,8,0,8,0.0
Organic Vegetarian No-Chicken Broth,1053,630,423,59.82905982905983
Draft Sake,36,24,12,66.66666666666666
Antibacterial Fresh Scent Canisters,205,107,98,52.19512195121951
"Thin Crust Four Meat (Sausage, Pepperoni, Canadian Style Bacon, Bacon) Pizza",52,13,39,25.0
Advantage 3-In-1 Exfoliating Cleanser,17,4,13,23.52941176470588
Foldit Artisan Flatbreads Everything,39,13,26,33.33333333333333
Sesame Tahini,321,39,282,12.149532710280374
All Purpose Aromat Seasoning,7,1,6,14.285714285714285
Uncured Canadian Bacon Breakfast Burrito,517,342,175,66.15087040618955
"Pear, Kiwi, Peas & Spinach Organic Baby Food",217,91,126,41.935483870967744
Draft Beer,110,67,43,60.909090909090914
Brut Rose Champagne,99,56,43,56.56565656565656
Orange Cream Traditional Oikos Greek Yogurt,69,36,33,52.17391304347826
Nonpareil Capers in Vinegar,22,4,18,18.181818181818183
Camphor Essential Oils,9,1,8,11.11111111111111
"Moisturizing Creme, Pure Natural, Revitalizing Vitamin E 5,000 IU",19,5,14,26.31578947368421
Creamy Queso Fresco Chipotle,352,161,191,45.73863636363637
Teriyaki Veggie Burgers,940,484,456,51.48936170212765
Pure Madagascar Vanilla Extract,980,148,832,15.10204081632653
Organic Bunched Greens Juice,96,34,62,35.41666666666667
Torpedo Extra IPA,23,18,5,78.26086956521739
Lemon Poppy Seed Muffin and Quick Bread Mix,88,29,59,32.95454545454545
Classic Honey Peanut Butter Squeeze,973,481,492,49.43473792394656
"Series 3x Action Shave Gel, Sensitive",6,0,6,0.0
Lightly Salted Roasted Edamame,32,6,26,18.75
Phoenix Body Wash,173,62,111,35.83815028901734
Dark Roast Whole Bean Coffee Coffee,429,241,188,56.17715617715617
Kickstart Black Cherry Energy Drink,75,50,25,66.66666666666666
Cheese Multigrain Crackers,5,0,5,0.0
Grands Buttermilk Biscuits,325,128,197,39.38461538461539
Sociables Baked Savory Crackers,56,32,24,57.14285714285714
Original Almondmilk,4554,3427,1127,75.25252525252525
Volumizing Mascara Jet,29,6,23,20.689655172413794
Natural Raspberry Flavor Yum Yum Dophilus Probiotic,162,66,96,40.74074074074074
100% Orange Juice Some Pulp Calcium Vitamin D,343,184,159,53.64431486880466
Movie Theatre Butter Microwave Popcorn,33,22,11,66.66666666666666
Organic Pomegranate Pear Salad Dressing,32,1,31,3.125
Habanero & Green Chile Smoked Chicken Sausage,429,216,213,50.349650349650354
3 Musketeers,5,0,5,0.0
Crystals Lavender Blossom In-Wash Fragrance Booster,9,2,7,22.22222222222222
Dry Protection Invisible Solid Shower Clean Anti-Perspirant & Deodorant,62,12,50,19.35483870967742
Kiwifruit,303,116,187,38.28382838283829
Roasted Brussel Sprouts,92,46,46,50.0
Eclairs,9,3,6,33.33333333333333
Macadamia Gold Bar,20,11,9,55.00000000000001
Best Vegetarian Baked Beans,119,66,53,55.46218487394958
Original Sliced Grand Cru Cheese,36,6,30,16.666666666666664
Medium Chipotle Garlic Taco Skillet Sauce,375,132,243,35.199999999999996
Ancient Vines Zinfandel,122,69,53,56.557377049180324
Cocoa & Vanilla Gluten Free Bunny Cookies,58,14,44,24.137931034482758
Get Crackin,45,6,39,13.333333333333334
Ice Cream Truffle Kerfuffle,12,1,11,8.333333333333332
Vitamin Code Raw D3 Vitamin Supplement,31,15,16,48.38709677419355
Salted Caramel Cold Brew Coffee,335,182,153,54.328358208955216
Beneful  Prepared Meals Roasted Turkey Medley Dog Food,19,9,10,47.368421052631575
Almond Macaroons,8,0,8,0.0
Water Cucumber Pineapple Organic Fruit & Vegetable Juice Drink,331,117,214,35.34743202416919
Crunchy Chickpeas Falafel,1422,597,825,41.983122362869196
Hot Habanero Cheddar Cheese,57,30,27,52.63157894736842
Perfect Pinch Lemon & Pepper Seasoning,134,19,115,14.17910447761194
Unsweetened AlmondPlus Almond Milk,312,179,133,57.37179487179487
Deep Moisture Conditioner,6,0,6,0.0
"Pineapple Chunks, Organic, in Their Own Organic Juice",726,227,499,31.267217630853995
Wheat Berries,10,2,8,20.0
Renewal Smoothing Eye Cream,6,0,6,0.0
Organic Strawberry Coconut Milk Yogurt,150,71,79,47.333333333333336
Uncured Beef Hot Dog,873,249,624,28.52233676975945
Red Zone Collection Deodrant - Swagger,93,25,68,26.881720430107524
Kids Very Emollient Sunscreen SPF 45,115,30,85,26.08695652173913
Light in Sodium Black Bean Vegetable Enchilada Entree,942,505,437,53.609341825902334
Lindor Holiday Mix,10,2,8,20.0
Boom Chicka Pop Candy Corn Flavored Kettle Corn,9,1,8,11.11111111111111
Gluten Free Mountain White Bread,184,126,58,68.47826086956522
"Gum, Slim Packs",9,5,4,55.55555555555556
Party 18 fl. oz. Plastic Cups,52,2,50,3.8461538461538463
Signature Egg Cheese & Jalapeno Burritos,58,27,31,46.55172413793103
Roasted Chicken,33,9,24,27.27272727272727
Chardonnay Monterey,129,93,36,72.09302325581395
Strawberry Applesauce,173,94,79,54.33526011560693
Apples & Cherries Baby Food,19,8,11,42.10526315789473
Ice Cream Malted Milk Chocolate,60,14,46,23.333333333333332
Gluten Free Steel Cut Oats,997,400,597,40.12036108324975
Organic Baby Romaine Lettuce,4476,2689,1787,60.07596067917784
Fireworks Original Scent In Wash Laundry Booster Beads,5,0,5,0.0
Coppertop D Alkaline Batteries 2 count Primary Major Cells,40,2,38,5.0
Spanish Rice,251,85,166,33.86454183266932
Supreme Speciale Pizza Thin Crust,65,30,35,46.15384615384615
Pure Demerara Cane Sugar,20,3,17,15.0
White Orchard Pure China White Tea,165,66,99,40.0
Naturally Hickory Smoked Thick Cut Bacon,2184,911,1273,41.71245421245421
Bakery Shop Banana Cream Pie Pudding,72,35,37,48.61111111111111
Heavy Duty Crisp Clean Air Refresher,216,60,156,27.77777777777778
Egg Matzos,306,32,274,10.457516339869281
Strawberries & Cream Meal Replacement Shake,15,5,10,33.33333333333333
Fat Free Plain Yogurt,2763,1986,777,71.87839305103148
Sweet Potato & Cinnamon Crackers,100,36,64,36.0
One Bite White Delight Potatoes,85,22,63,25.882352941176475
Sesame Ginger with Mandarin Orange Juice Marinade,89,25,64,28.08988764044944
Hot Strawberry Raspberry Oats,150,88,62,58.666666666666664
Healthy White Clean Mint Sodium Fluoride Anti-Cavity MouthRinse,6,2,4,33.33333333333333
Balsamic Vinegar of Modena,1465,223,1242,15.22184300341297
"Antacid, Plus Anti-Gas, Advanced, Multi-Symptom, Chewable Tablets, Mixed Berries",9,4,5,44.44444444444444
Unwrapped Bites,200,102,98,51.0
Salted Tub of Butter,11053,6816,4237,61.66651587804216
Regular Flavor Anticavity Fluoride Cavity Protection Toothpaste,10,2,8,20.0
Non Dairy Ranch Organic Dressing Gluten Free,135,46,89,34.074074074074076
"Pain Relief, Cream",173,22,151,12.716763005780345
Season Bay Leaves Whole .20 Oz,13,0,13,0.0
White Cheddar Rice Cakes,940,477,463,50.744680851063826
Pizza Pepperoni 3 Cheeses,33,16,17,48.484848484848484
Vitamin C Renewal Vitality Facial Serum,15,3,12,20.0
Sport Broad Spectrum SPF 30 Sunscreen Spray,39,5,34,12.82051282051282
Chipotle In Adobo Sauce Peppers,1518,392,1126,25.823451910408433
Ham & Cheese Sandwiches,287,110,177,38.32752613240418
Perfect Pinch Roasted Garlic & Bell Pepper Seasoning,13,6,7,46.15384615384615
Angus Beef Franks,34,5,29,14.705882352941178
Gluten Free Lots Of Everything  Whole Grain Crackers,320,142,178,44.375
Fruit + Vegetable Green Fusion Juice Beverage,10,4,6,40.0
Ultragel Personal Lubricant,5,0,5,0.0
Wine Infused Salame Cheese and Crackers Small Plates,160,94,66,58.75
Organic Fat Free Refried Pinto Beans,1871,969,902,51.79048637092464
Macadamia Oil & Peony Body Wash,7,2,5,28.57142857142857
Positively Radiant Daily Moisturizer Broad Spectrum SPF 30,23,4,19,17.391304347826086
Shredded Reduced Fat Mozzarella Cheese,98,38,60,38.775510204081634
White Peppermint Chewing Gum,11,5,6,45.45454545454545
Organic Einkorn Wheat Berries,15,1,14,6.666666666666667
Organic Cotton Ultra Pads Long,132,48,84,36.36363636363637
"Cat Litter, Scoopable, Extra Strength, Scented",13,9,4,69.23076923076923
Gingerman Sweet and Simple Cookkies,200,97,103,48.5
Passover Matzo Farfel,2,0,2,0.0
Salsa,207,130,77,62.80193236714976
Salsa Restaurant Style Medium,62,12,50,19.35483870967742
Blazin' Hot Sauce,3,0,3,0.0
Peachier-O's Gummi Candy,53,14,39,26.41509433962264
Orange Passionfruit Flavor Enhancer,23,4,19,17.391304347826086
Vita Ice Orange Mango Flavored Spring Water,5,1,4,20.0
Organic Sriracha Seaweed,83,44,39,53.01204819277109
Honey Wheat Rolls,150,34,116,22.666666666666664
Roasted Sesame Tahini with Salt Creamy,38,5,33,13.157894736842104
Baby Seedless Cucumbers,9881,6962,2919,70.45845562190061
Crunchy Peanut Butter Granola,1329,749,580,56.358164033107606
Pink Beans in Sauce,5,1,4,20.0
St. John's Wort Vegetarian Liquid Phyto-Caps,9,3,6,33.33333333333333
Extra Broad Noodles,303,126,177,41.584158415841586
Heavy Duty Fresh Scent Oven Cleaner,200,16,184,8.0
Dark Chocolate Mint Snacking Chocolate,1601,854,747,53.34166146158651
Smooth Extra Virgin Olive Oil,58,14,44,24.137931034482758
Peanut Butter Honey Spread,44,38,6,86.36363636363636
Lavender Avocado Intensesive Conditioner,195,87,108,44.61538461538462
Galactic Gelato In Dark Chocolate,9,2,7,22.22222222222222
Cream of Tartar,345,17,328,4.9275362318840585
"Pull-Ups® Training Pants, Night Time for Boys - Size 3T-4T",36,11,25,30.555555555555557
Kombucha Decaf Green Tea Bags,185,69,116,37.2972972972973
Mac and Cheese Shells & White Cheddar Cheese,156,60,96,38.46153846153847
Tomatoes Sauce,2012,733,1279,36.43141153081511
Movie Theater Popcorn,18,9,9,50.0
Meaty Bits with Beef in Gravy Cat Food,85,48,37,56.470588235294116
Pink Beans Low Sodium,6,0,6,0.0
Hot Smoked Sausage,42,12,30,28.57142857142857
The Organic Candy Bar Mocha Bar,13,4,9,30.76923076923077
Garlic Extra Virgin Olive Oil,5,1,4,20.0
"Quinoa Puffs, Herbes de Provence",43,13,30,30.23255813953488
Brownie Bites,1105,672,433,60.81447963800905
Sweet Chili Sauce,360,60,300,16.666666666666664
"Ultra Liquid Laundry Detergent, Free & Clear",273,137,136,50.18315018315018
Organic Sugar Cones,242,74,168,30.57851239669421
Whole Grain Beefaroni Pasta,8,1,7,12.5
Slow Kettle Thai Chicken with Rice,12,4,8,33.33333333333333
Zinfandel Heritage,49,26,23,53.06122448979592
Triple Chocolate Muscle Brownie,25,15,10,60.0
Red Plastic Cups,1574,867,707,55.08259212198221
Cream Style Golden Corn,6,1,5,16.666666666666664
"Skin, Nails & Hair Advanced Msm Formula",15,8,7,53.333333333333336
Caribbean Coconut Gelato,1967,799,1168,40.62023385866802
Tomato Cream Sauce,71,46,25,64.7887323943662
Luxurious Moisture for Dry or Damaged Hair Conditioner,288,47,241,16.319444444444446
Classic Pretzel Crackers,701,358,343,51.06990014265336
Genovese Pesto With Truffles,38,9,29,23.684210526315788
Mediterranean Quinoa,11,4,7,36.36363636363637
Crispy Gluten Free Baked Multigrain Crackers,522,234,288,44.827586206896555
100% Natural Facial/Cleansing Sea Sponge,6,0,6,0.0
Organic Orange Peel,15,2,13,13.333333333333334
2nd Foods Turkey Meat,260,162,98,62.30769230769231
Organic Peach Oo La Long Tea,3117,2370,747,76.03464870067373
Spa Cuisine Grilled Chicken Primavera,199,79,120,39.698492462311556
Body Clear Body Scrub,40,15,25,37.5
White Junior Basket Coffee Filters,69,12,57,17.391304347826086
Apricot  Walnut & Coconut Granola Bar,337,232,105,68.84272997032642
Peanut Butter & Strawberry Fruit & Nut Bar,320,198,122,61.875
House Blend Ground Coffee,62,28,34,45.16129032258064
Cheddar Cheese Nut Thins Cracker Snacks,3729,2542,1187,68.16840976133011
Natural Laxative Tea,4,0,4,0.0
Organic Raw Vegan Coconut Wraps,25,17,8,68.0
Original Strawberry/Harvest Peach Variety Pack Low Fat Yogurt,340,139,201,40.88235294117647
Hatch Chile Salsa Roja,185,94,91,50.810810810810814
Healing Chakra Energy Votive Candle,11,3,8,27.27272727272727
Moscato D Asti Wine,23,5,18,21.73913043478261
"Peter Rabbit Organics Mango, Banana and Orange Puree",704,458,246,65.05681818181817
Lime Tangerine Yerba Mate Shot,232,179,53,77.15517241379311
Chocolate Grand Ice Cream,378,188,190,49.735449735449734
Peanut Butter Persuasion Cookie,10,5,5,50.0
Sweet Bread 'N Butter Chips Pickles,3,0,3,0.0
Organic Traditional Plain Kefir,1198,832,366,69.44908180300501
Accents Sprouted Lentil Trio,283,113,170,39.92932862190813
Genuine Chocolate Non Dairy Protein Shake,45,19,26,42.22222222222222
Italian Soda Blood Orange,7,3,4,42.857142857142854
Packets No Calorie Sweetener,420,173,247,41.19047619047619
Fat Free Raspberry Vinaigrette,22,7,15,31.818181818181817
Ultra Thin Mild Cheddar Slices,458,226,232,49.34497816593886
Organic Broccoli And Carrots,242,99,143,40.909090909090914
Premium Beer,187,97,90,51.87165775401069
"Soup, Creamy, Split Pea",93,40,53,43.01075268817204
Stool Softener Laxative,3,0,3,0.0
Sport Performance Coolzone SPF 30,21,1,20,4.761904761904762
White Sweet Potatoes,19,6,13,31.57894736842105
Pure Raw Buckwheat Honey,9,1,8,11.11111111111111
Knot Bamboo Picks,17,0,17,0.0
Organic Baking Cocoa,551,132,419,23.95644283121597
Aloo Gobi Chana Masala & Biryani Bento,62,22,40,35.483870967741936
Baby Bee Nourishing Lotion Calming,8,0,8,0.0
Plain Coconut Non-Dairy Yogurt,6,0,6,0.0
Cake Batter Frozen Dessert,217,132,85,60.82949308755761
Fresh Cut French Style Green Beans,189,98,91,51.85185185185185
Refreshe Diet Cola Soda,20,13,7,65.0
Whole Grain with Vanilla Bunches Cereal,78,26,52,33.33333333333333
Bread & Butter Spears Mildly Sweet Fresh Pack Pickles,31,10,21,32.25806451612903
Uniquely Creamy French Vanilla Frozen Yogurt,70,44,26,62.857142857142854
"Cheese, Pure Goat Milk, Plain Chef's Chevre",66,41,25,62.121212121212125
Organic Garden Blend Sprouts,22,9,13,40.909090909090914
G Series Fruit Punch Sports Drink,609,315,294,51.724137931034484
Pumpkin Fig Ancient Grain Granola,1967,1109,858,56.380274529740724
Strawberry C Monster Smoothie,1073,713,360,66.44920782851817
"Gelato Dessert, Amalfi Lemon",32,12,20,37.5
Apple Mango Applesauce On The Go Pouches,132,62,70,46.96969696969697
All In One Mocha Nutritional Shake Packet,185,72,113,38.91891891891892
Plain Salt,31,13,18,41.935483870967744
1000 Roses Cleansing Foam for Sensitive Skin,55,16,39,29.09090909090909
High Protein Vanilla Shake,78,47,31,60.256410256410255
Brussels Sprout Stalk,5,0,5,0.0
No Sugar Added Diced Peaches-Diced Pears & Mandarin Oranges Fruit,33,11,22,33.33333333333333
Whole Bean French Roast Coffee,86,44,42,51.162790697674424
"Bread, Whole Grain Spelt",153,105,48,68.62745098039215
Italian Style Bread Crumbs,363,53,310,14.600550964187327
All Purpose Strength Duct Tape,33,3,30,9.090909090909092
Dark Chocolate High Protein Bars,64,25,39,39.0625
Dal Makhani Aromatic Lentils & Beans,20,7,13,35.0
Riserva Triple Olive Puttanesca Pasta Sauce,12,6,6,50.0
Milano Slices Crunchy Almond Cookies,11,0,11,0.0
Organic Hachiya Persimmons,448,141,307,31.473214285714285
Peanut Butter Sandwich Cookies,143,71,72,49.65034965034965
Epsom Salts,226,103,123,45.57522123893805
Fridge Pack Lemonade,273,136,137,49.81684981684982
Reduced Fat Plain Goat's Milk Cheese,60,18,42,30.0
PastaJoy Brown Rice Pasta Elbow,546,258,288,47.25274725274725
Pizza Pesto with Organic Vegetables & Basil,184,88,96,47.82608695652174
Family Size All Butter Pound Cake,364,157,207,43.13186813186813
"Cabernet Sauvignon, California",55,36,19,65.45454545454545
Blackened Chicken Salad,1207,728,479,60.31483015741508
Purify & Replenish Deep Cleansing Shampoo,51,13,38,25.49019607843137
Disney Baby Hypoallergenic Laundry Detergent Free & Clear,72,25,47,34.72222222222222
Hot Dog Chili Sauce,17,6,11,35.294117647058826
Peanut Free SoyNut Butter Chocolate,7,3,4,42.857142857142854
Pineapple Spears,2372,1472,900,62.05733558178752
Snapshot Wheat Beer,20,7,13,35.0
Short (Salad) Macaroni,4,0,4,0.0
Mint Floss,138,34,104,24.637681159420293
Buffalo Chik Veggie Patties,488,286,202,58.606557377049185
Prune Juice,565,347,218,61.41592920353982
Split Chicken Breast With Ribs,29,7,22,24.137931034482758
Cranberry Almond Cashew Trail Mix,222,149,73,67.11711711711712
Breakfast Blend Medium Roast Ground Coffee,2397,1407,990,58.69837296620776
Garlic Herb Spread,3,0,3,0.0
Gourmet Red Wine Vinegar,341,49,292,14.369501466275661
Smoked 5 Spice Tofu,161,133,28,82.6086956521739
"Mist Lemon Lime Soda, Caffeine Free",175,106,69,60.57142857142858
Sticks The Pounder Pretzels,662,292,370,44.10876132930513
Organic Squeezed California Grapefruit Juice,47,20,27,42.5531914893617
Roulette Chips,5,0,5,0.0
Organic Sesame Ginger Chicken,19,2,17,10.526315789473683
Dairy Pure 1% Low Fat Milk,12,6,6,50.0
Organic Veggie Bites,346,120,226,34.68208092485549
Italian Style Roasted Peppers,135,45,90,33.33333333333333
Frosted Cherry Toaster Pastries,381,227,154,59.580052493438316
Rice Shoyu Arare Cracker,209,101,108,48.32535885167464
Affi's Aubergine Fire Roasted Eggplant & Garlic All Natural Dip,278,163,115,58.63309352517986
Organic Sweet Potato (Yam),134,46,88,34.32835820895522
Organic Dark Chocolate With Sea Salt & Cayenne,16,9,7,56.25
Fruit Burst Mixed Berry Squeezers,5,1,4,20.0
Cabernet Matinee Intense Dark Chocolate,30,14,16,46.666666666666664
Sparkling Ginger,22,10,12,45.45454545454545
Apple Fritters,41,23,18,56.09756097560976
"Cheese, Crumbles, Amish Blue",419,159,260,37.94749403341289
Oral Electrolyte Solution Strawberry,402,148,254,36.81592039800995
Organic Sweet Potato Puree,1039,430,609,41.38594802694899
Fuji Apple Juice,212,86,126,40.56603773584906
Gourmet Cut Caesar Croutons,133,47,86,35.338345864661655
Versatile Stain Remover 156 Loads,116,66,50,56.896551724137936
Original Blue Painter's Tape,65,5,60,7.6923076923076925
Sensitive Wipes,69,47,22,68.11594202898551
Cinnamon Sugar,183,42,141,22.950819672131146
100% Whole Grain Brown Rice,9,0,9,0.0
Revolver All Natural Organic Deodorant,15,6,9,40.0
"Bathroom Tissue, Fresh Lavender Scent, Double Rolls, 2-Ply",40,9,31,22.5
Dog Snacks Lean Beef Flavor,112,63,49,56.25
Japanese Buckwheat Noodles Soba,13,1,12,7.6923076923076925
Acne Solutions Gel Cleanser,6,2,4,33.33333333333333
Anchovy Fillets In Oil,239,50,189,20.920502092050206
Pistachio Biscotti,7,1,6,14.285714285714285
California Petite Sirah,9,2,7,22.22222222222222
Organic Whole Ground Flaxseed Meal,80,23,57,28.749999999999996
Cafe Cuisine Sesame Chicken,2101,1206,895,57.401237505949545
Fudge Dipped Coconut Granola Bars,17,8,9,47.05882352941176
Organic Just Peas And Spinach Baby Food Stage 2,75,40,35,53.333333333333336
Hot Wasabi Coated Green Peas,129,66,63,51.162790697674424
Adult Soft Record V Nylon Bristle Toothbrush,6,1,5,16.666666666666664
100 Calorie Variety Pack Ice Cream Bar,21,9,12,42.857142857142854
Sugar Free Raspberry Vinaigrette Dressing,8,4,4,50.0
Golden Smoked Filets of Trout,8,3,5,37.5
"Just Real Fruits & Veggies Snack Apple, Green Pea, Pineapple",5,0,5,0.0
Chicken Noodle O's Condensed Soup,336,165,171,49.107142857142854
Unbleached Self Rising Flour,135,16,119,11.851851851851853
Kosher Chicken Breasts Boneless And Skinless,226,131,95,57.9646017699115
"Mish Mash, Organic Fruit Snack, Strawberry",13,2,11,15.384615384615385
Waste Bag Dispenser,5,0,5,0.0
Whitening with Baking Soda & Tartar Control Sensitive Toothpaste,8,3,5,37.5
Apricot + Vanilla Hand Soap,325,119,206,36.61538461538461
Butter Streusel Coffee Cake,7,1,6,14.285714285714285
Chicken Formula Dog Food,34,14,20,41.17647058823529
Turkey Sausage & Roasted Vegetable Lasagna Bake Frozen Entree,11,2,9,18.181818181818183
California Grown Chopped Garlic,143,35,108,24.475524475524477
Original Apple Sauce,247,140,107,56.68016194331984
Organic Dark Chocolate Almond & Sea Salt Trail Mix Bar,168,75,93,44.642857142857146
Dairy Free Coconut Milk Yogurt Alternative,1763,1019,744,57.799205899035734
Super Moist Red Velvet Cake Mix,57,7,50,12.280701754385964
Petite Whole Green Beans,88,17,71,19.318181818181817
Quart Size Storage Bags with Click 'n Lock Double Zipper,44,13,31,29.545454545454547
Original Super Odor Killer Gel Air Freshener,256,101,155,39.453125
Natural White Organic Wine,48,26,22,54.166666666666664
Red Velvet Cake Mix,225,26,199,11.555555555555555
Assorted Herbal Teas,6,2,4,33.33333333333333
Zingers Cakes,78,44,34,56.41025641025641
Gochujang Vegan Korean Chili Sauce,26,5,21,19.230769230769234
Sliced Sour Sandwich Rolls 6 Count,48,17,31,35.41666666666667
Bold Parmesan & Garlic Vinaigrette,80,19,61,23.75
Thpst P/H Cln Gum Inv Cl,7,1,6,14.285714285714285
Grill Mates Pork Rub,16,0,16,0.0
Kumkuats,5,1,4,20.0
Medium Jalfrezi Curry Simmer Sauce,33,6,27,18.181818181818183
Frozen Concentrated Raspberry Lemonade,36,10,26,27.77777777777778
World Harbor Marinade Sriracha,4,0,4,0.0
Natural Apple Sauce Cups,2646,1475,1171,55.74452003023431
Eucalyptus Castile Liquid Soap,276,116,160,42.028985507246375
Great Northern White Beans,16,3,13,18.75
Cheddar Sharp Slices 12 ct Cheese,24,15,9,62.5
Nutri Grain Pumpkin Spice Bars,24,7,17,29.166666666666668
Maple Pecan Flakes & Clusters Cereal,5,2,3,40.0
Variety Minis with Dark Chocolate Ice Cream Bars,484,300,184,61.98347107438017
Beef Pasta Meal,53,21,32,39.62264150943396
Original Thin Crust Four Cheese Pizza,153,45,108,29.411764705882355
Sweet Hot Dog Buns,321,136,185,42.36760124610592
Steamfresh Whole Green Beans,12,1,11,8.333333333333332
Flintstones Iron Chewable Multivitamin Tablets for Children,36,18,18,50.0
Celery Hearts,13039,7588,5451,58.19464682874453
Dryer Sheets Geranium Scent,73,13,60,17.80821917808219
Burnt Caramel Tiles,23,10,13,43.47826086956522
Walnut Scrubber Sponge,73,27,46,36.986301369863014
Salt and Pepper Pistachios,51,23,28,45.09803921568628
Tropic Thunder  Coconut & Cream,1,0,1,0.0
"Burrito, Shredded Beef",46,23,23,50.0
Gold Apple Hard Cider,76,29,47,38.15789473684211
Ultra Strong Bath Tissue,300,178,122,59.333333333333336
"Laundry Detergent, 3-In-1, HE, Fragrance Free",13,5,8,38.46153846153847
Passion Punch,72,54,18,75.0
Chocolate Mint Truffle Tea,13,0,13,0.0
Disinfectant Wipes Lemon Scent,20,5,15,25.0
Organic Vegan Smoked Farmhouse Cheese,275,127,148,46.18181818181818
Laundry Liquid Free & Clear Unscented Allergen Fighting Laundry Liquid,55,17,38,30.909090909090907
Rosemary Hand Soap,782,176,606,22.506393861892583
Vanilla Wafers Cookies,44,6,38,13.636363636363635
Lavender Moisturizing Cream Shave,16,1,15,6.25
Stellar Gaze Length Strength Mineral Mascara Stardust (brown),5,0,5,0.0
Barbecue Sauce,1168,287,881,24.57191780821918
Veggie Dogs,1395,667,728,47.81362007168459
Natural Calm Plus Calcium Raspberry-Lemon Flavor,53,17,36,32.075471698113205
Peaceful Patchouli Liquid Rock Deodorant,5,0,5,0.0
Queso Chihuahua Quesadilla Cheese Shredded,994,497,497,50.0
Coffee Cake Bites,89,55,34,61.79775280898876
Organic Very Dark Chocolate 71% Cacao,13,2,11,15.384615384615385
Mango Peach Omega Swirl Omage-3 Fish Oil Supplement,24,2,22,8.333333333333332
Organic Reduced Sodium Tamari,1667,473,1194,28.374325134973006
Herbal Pastilles Cough Drops,84,14,70,16.666666666666664
Bite Size Caramel Chocolates,1,0,1,0.0
100 Calorie  Per Bag Popcorn,12822,8696,4126,67.82093277179847
"Noodles, onions & mushrooms in a sour cream sauce Beef Stroganoff Starter",3,0,3,0.0
Mandarin Orange & Grapefruit Hand Wash 12 oz,479,88,391,18.37160751565762
Low Sodium 100% Vegetable Juice,748,432,316,57.75401069518716
Midnight Moon,2290,1309,981,57.161572052401745
Bleach HydroClean Action Fresh Rapids Scent Dishwasher Detergent,97,48,49,49.48453608247423
Vitamin D3 1000 Iu Softgels,16,2,14,12.5
"Any Day Chicken Blend, All Natural Spice Blend",6,0,6,0.0
Southwest Vegetables With Ranchero Sauce,8,1,7,12.5
Animal Cookie Cup On the Go,4,0,4,0.0
Spirals with Butter & Parmesan Mac & Cheese Macaroni & Cheese Natural,144,49,95,34.02777777777778
Ranch Veggie Dip,357,144,213,40.33613445378151
Pure Clover Honey Squeeze Bear,85,28,57,32.94117647058823
Disney Frozen Pasta & Peas with a Parmesan Cheese Sauce Entree,88,37,51,42.04545454545455
Amaretti Cookies,6,2,4,33.33333333333333
Orange Chocolate Beet Smart Cookies,75,34,41,45.33333333333333
Sea Salt Caramel Sauce,13,1,12,7.6923076923076925
"Rack Roaster, Giant Oval, with Handles",37,2,35,5.405405405405405
Variety Pack Hawaiian Potato Chips,202,116,86,57.42574257425742
Oven-Roasted Turkey Breast,37,17,20,45.94594594594595
Shelled Hemp Seeds,8,0,8,0.0
Supremely Spicy Hummus,2723,1373,1350,50.42232831435916
Frosted S'mores Toaster Pastries,607,368,239,60.62602965403624
Macaroni and Cheese,2172,1251,921,57.59668508287292
Otria Greek Yogurt Veggie Dip Cucumber Dill Feta,101,35,66,34.65346534653465
Chicken & Salmon Formula Cat Food,14,7,7,50.0
Whiskas® Temptations® Seafood Medley Flavor Mega,63,37,26,58.730158730158735
Tart Apple Slices,143,68,75,47.55244755244755
Light Grey Celtic Sea Salt,10,0,10,0.0
Peppermint Multi Surface Everyday Cleaner Spray,10,3,7,30.0
Children's Allergy Orally Disintegrating Tablets Orange Crème,5,1,4,20.0
Gluten Free Waffle & Pancake Mix,117,49,68,41.88034188034188
Moroccan Lentil Pie,241,153,88,63.48547717842323
Rainbow Carrot Bunch,9,1,8,11.11111111111111
100% Natural Ginger Ale,34,8,26,23.52941176470588
Shallot,17401,8659,8742,49.76150795931268
Traditional Crust Three Meat Pizza,31,12,19,38.70967741935484
"Pasta Sauce, Traditional, Meat Flavored",12,9,3,75.0
Metallic Fine Permanent Marker,3,0,3,0.0
Cannellini Heirloom Beans,4,0,4,0.0
Sweet & Spicy Pickles,20,4,16,20.0
Dark Cacao,285,154,131,54.03508771929825
Raspberry Lime Sparkling Water,121,74,47,61.15702479338842
Freshly Shredded Parmesan Cheese,1473,798,675,54.17515274949084
7 Grain Hot Cereal,11,2,9,18.181818181818183
Kisses Milk Chocolate,242,101,141,41.735537190082646
Farmstand Pomegranate Blueberry Fruit & Vegetable  Juice,140,70,70,50.0
Vanilla Almond Coconut Almond Breeze,172,95,77,55.23255813953488
Chik'n Nuggets,3936,2635,1301,66.9461382113821
Green Goodness Fruit Smoothie + Boosts,217,122,95,56.22119815668203
Danimals Squeezables Lowfat Yogurt Strawberry Mlkshake Falvor,215,154,61,71.62790697674419
"Freshly Made. Filled with creamy Ricotta, Aged Parmesan and Romano Cheeses Whole Wheat Three Cheese Tortellini",130,50,80,38.46153846153847
Frozen Concentrated Orange Juice,79,42,37,53.16455696202531
1pk 270ct Refill,203,104,99,51.231527093596064
Red In Extra Light Syrup Grapefruit,98,49,49,50.0
The Original Potato Crisps,9,1,8,11.11111111111111
Ultra Deodorant Spray,89,40,49,44.9438202247191
"Baking Cups, Unbleached, Mini",103,18,85,17.475728155339805
Pasta Joy Ready Brown Rice Pasta Penne with Rice Bran,561,280,281,49.9108734402852
Balsamic Dressing,22,12,10,54.54545454545454
Organic Red Potato Bag,237,68,169,28.691983122362867
Very Light Absorbency Regular Length Incontinence Liners,7,1,6,14.285714285714285
100% Prune  Juice,141,84,57,59.57446808510638
"Soap, Pure-Castile, 18-in-1 Hemp, Almond",24,0,24,0.0
Slow Churned Light Chocolate Ice Cream,41,24,17,58.536585365853654
Plus Lens Solution,4,0,4,0.0
Spring Waterfall Scent Disinfectant Spray,173,44,129,25.43352601156069
Solid White Albacore Premium Tuna in Water,839,376,463,44.81525625744934
Premium Roasted Beef Base,6,0,6,0.0
Original Chili,7,2,5,28.57142857142857
Yellow Tomato,11,3,8,27.27272727272727
Black Currant Juice,266,206,60,77.44360902255639
Original Baked Snack Crackers Packs,49,18,31,36.734693877551024
Mirin Sweet Cooking Rice Wine,317,22,295,6.940063091482649
Diced Peaches in 100% Fruit Juice,1135,644,491,56.74008810572687
Icelandic Toasted Porter,6,2,4,33.33333333333333
No Sugar Added Apple Sauce To Go Packs,210,103,107,49.047619047619044
Extra Sharp Cheddar Cheese Block,261,155,106,59.38697318007663
Splash Berry Blend,5,0,5,0.0
Unsweetened Soymilk,903,686,217,75.96899224806202
Maple Sausage Links,44,19,25,43.18181818181818
Pomegranate Limeade Quencher,104,61,43,58.65384615384615
Almond Milk Blueberry Yogurt,4716,3381,1335,71.69211195928753
Ultimate Flora RTS Critical Care Probiotic,63,25,38,39.682539682539684
Chocolate Almond Bar,2,0,2,0.0
Artichoke Hearts Marinated Quartered,229,107,122,46.724890829694324
Black Bean Fiesta Crackers,37,16,21,43.24324324324324
Sandwich Crackers Variety Pack,113,68,45,60.17699115044248
"Zucchini, Spinach & Banana Blend Veggies On-The-Go Stage 2 (6 Months and Up)",19,7,12,36.84210526315789
Lactose Free Grade A Low Fat Vanilla Yogurt,354,228,126,64.40677966101694
Blackberry Serrano Yogurt,286,136,150,47.55244755244755
"Rice Roll, Crunchy, Brown Rice & White Rice",65,41,24,63.07692307692307
Pumpkin Spice Bread,19,1,18,5.263157894736842
Organic Cinnamon Apple Sauce,4391,2618,1773,59.62195399681166
Raw Cashew Butter,416,238,178,57.21153846153846
Non-Fat Goat Milk Yogurt,63,35,28,55.55555555555556
Potato Hamburger Buns,88,37,51,42.04545454545455
Zero Ion4 Grape Sports Drink,683,508,175,74.37774524158127
Deep Clean Body and Face Bar,39,11,28,28.205128205128204
Coffee Mexican Vanilla,636,379,257,59.59119496855346
Roasted Garlic & Italian Herb Breaded Fish Fillets,34,16,18,47.05882352941176
Nourishing Conditioner,5,2,3,40.0
"Cheese, Provolone",846,458,388,54.1371158392435
Pure Sport Twin Pack Deodorant,6,0,6,0.0
Sprouted Chocolate Hazelnut Spread,14,7,7,50.0
Nacho Cheese Tortilla Crisps,28,11,17,39.285714285714285
2chic Blackberry & Coconut Milk Ultra-Repair Shampoo,73,27,46,36.986301369863014
Latex Gloves,17,1,16,5.88235294117647
Mocha with Almond Milk Iced Coffee,13,4,9,30.76923076923077
Enriched Medium Grain Rice,85,29,56,34.11764705882353
Turkey & Cheese Tray,25,2,23,8.0
Berry Pomegranate Liquid Water Enhancer,211,96,115,45.497630331753555
Barbeque Potato,1269,756,513,59.57446808510638
"Creme Soap, Glyceryne, Old Fashioned Oatmeal",269,105,164,39.03345724907063
Brand Value Pack,12,0,12,0.0
Organic Mild Taco Seasoning Mix,199,48,151,24.120603015075375
Cinnamon Crunch Apple Chips,102,33,69,32.35294117647059
All-In-One French Vanilla Nutritional Shake Sachet,674,312,362,46.29080118694362
Original Crescent Rolls,3308,1431,1877,43.25876662636034
Cinnamon Streusel Coffee Cakes,195,112,83,57.43589743589743
Eco-Foil Loaf Pans & Lids (8 in x 3 7/8 in x 2 15/32 in),82,10,72,12.195121951219512
Hydro Silk Women's Disposable Razor,25,7,18,28.000000000000004
Holiday Cranberry Vanilla Herbal Tea,17,2,15,11.76470588235294
Herbal Daily Cleanse Conditioner,58,20,38,34.48275862068966
Sho Chiku Bai Nigori Sake,26,9,17,34.61538461538461
Organic Mediterranean Olive Oil,143,50,93,34.96503496503497
Fuero Wakami Dried Seaweed,6,1,5,16.666666666666664
Organic Fully Cooked Chicken & Apple Sausage,288,120,168,41.66666666666667
Shrimp Fried Rice,32,13,19,40.625
Clean Day Honeysuckle Scent Multi-Surface Cleaner,450,116,334,25.77777777777778
Organic Frozen Mixed Berries,181,74,107,40.88397790055249
Finely Ground Natural Almond Meal,731,132,599,18.057455540355676
Soothing Organic Relaxing Lavender Milk & Oat Bath,33,7,26,21.21212121212121
Seafood Salad,38,9,29,23.684210526315788
"Cloth, All Purpose Blister Card 1\"" X 10 Yds. First Aid Tapes Non-Dispenser",18,1,17,5.555555555555555
Bourbon Molasses Mustard,3,0,3,0.0
Light Corn Syrup,60,7,53,11.666666666666666
Spiced Chai Tea Latte Concentrate,6,3,3,50.0
Balsamic Vinegar from Modena,67,9,58,13.432835820895523
White Foil,3,0,3,0.0
Maca Powder,523,134,389,25.621414913957935
Classic Dinner Rolls,120,40,80,33.33333333333333
Pure Premium Orange Juice Lots Of Pulp Calcium + Vitamin D,790,457,333,57.848101265822784
Bait Station Corner Fit With 4 Refills,5,3,2,60.0
English Teatime Black Tea,147,56,91,38.095238095238095
Spare CO2 Carbonator,14,2,12,14.285714285714285
Deluxe Nut Mix,244,129,115,52.86885245901639
Original Almondmilk Non Dairy Milk Alternative,15,1,14,6.666666666666667
Homestyle Patty Meal,6,3,3,50.0
Botanique Purifying Neem & Turmeric Handcrafted Soap Bar,7,1,6,14.285714285714285
Phoenix Antiperspirant Stick,71,22,49,30.985915492957744
Boston Creme Pie Milano Melts,22,9,13,40.909090909090914
Sea Salt & Pepper Large Baked Croutons,5,0,5,0.0
Original Hermits Cookies,19,13,6,68.42105263157895
Candy Canes Red & White Mint Canes,63,4,59,6.349206349206349
Original Snack Crackers,541,283,258,52.31053604436229
Kit Kat Ice Cream,4,1,3,25.0
Crab Delights Imitation Flake Style Crab Meat,87,34,53,39.08045977011494
NyQuil Cold & Flu Nighttime Relief Original Flavor Liquid,35,7,28,20.0
Pink Lady (Cripps) Apple Bag,12,3,9,25.0
Santa Barbara Mild Salsa,169,61,108,36.09467455621302
Basil Garlic & Oregano Tomato Paste,35,11,24,31.428571428571427
"Bread Crumbs, Panko, Seasoned Italian Style",8,0,8,0.0
Gluten-Free Yellow Cheddar Cheese Sauce Mix,18,6,12,33.33333333333333
Unsalted Tops Saltine Crackers,422,197,225,46.682464454976305
Special K Moments Dreamy Coconut Indulgent Snack Bites,11,5,6,45.45454545454545
Mightly Absorbent Premium Paper Towels,112,62,50,55.35714285714286
Pure Spanish Saffron,70,7,63,10.0
Organic Elmo Noodlemania Soup,922,626,296,67.89587852494577
Medicated Lip Balm SPF 15,30,8,22,26.666666666666668
Sport Chocolate Peanut Butter Protein Bar,382,254,128,66.49214659685863
Dairy Pure Fresh Half And Half,84,32,52,38.095238095238095
Chcolate Chip Take and Bake Cookie Dough,17,7,10,41.17647058823529
Cinnamon Toast Crunch Cereal,131,83,48,63.358778625954194
Tropical Remix Sugar-Free Gum,12,6,6,50.0
"Containers + Lids, Mini Deep Squares, Cups",8,1,7,12.5
Signature Mint Scent Body Wash,33,7,26,21.21212121212121
"Frozen Fruit & Vegetable Pops, Orbit Orange",55,17,38,30.909090909090907
95% Fat Free Bologna,23,13,10,56.52173913043478
"Steam Fresh Lightly Sauced Broccoli, Cauliflower & Carrots",72,18,54,25.0
Brightening Facial Scrub Sea Kelp + CGF,319,73,246,22.884012539184955
Organic Large Brown Eggs,14255,10971,3284,76.96246930901438
Vanilla Caramels,69,53,16,76.81159420289855
"Chambord French Press, 8 Cup",12,0,12,0.0
Sliced Nacho Jalapeno Peppers,20,2,18,10.0
"Claret, Black Label, 2006",133,65,68,48.87218045112782
Peshwari Style Chicken Tikka Cooking Sauce,6,0,6,0.0
Mild Cheddar,244,145,99,59.42622950819673
Ponytail Holders,2,0,2,0.0
2% Milk Reduced Fat Cheese,187,45,142,24.06417112299465
Pure Squeezed Light Orange Juice No Pulp Juice Beverage,47,30,17,63.829787234042556
Spicy and Sweet Pickles,56,20,36,35.714285714285715
Fireside Apples,17,5,12,29.411764705882355
Beef Franks In Puff Pastry,6,1,5,16.666666666666664
Filet Mignon Canine Cuisine Wet Dog Food,365,251,114,68.76712328767123
Total with Cherry Greek Strained Yogurt,1173,862,311,73.48678601875532
GoLean Creamy All Natural Truly Vanilla Instant Hot Cereal,16,5,11,31.25
Heart Healthy Italian Style White Bean & Chicken Sausage,13,0,13,0.0
Tub & Tile Natural Cleaner Emerald Cypress & Fir,166,18,148,10.843373493975903
Plain Brownies,160,69,91,43.125
Shower Tub & Tile Cleaner with Oxy Clean,222,37,185,16.666666666666664
Strawberry Fruit Strips,183,91,92,49.72677595628415
Matcha,15,1,14,6.666666666666667
Smart Ones Bacon Macaroni and Cheese,5,0,5,0.0
Budweiser,49,30,19,61.224489795918366
Mousse Du Perigod,46,23,23,50.0
Deli-Sliced Hot Jalapeño Peppers,714,258,456,36.134453781512605
Crescent Dough Sheet,110,23,87,20.909090909090907
Half Boneless Ham,7,0,7,0.0
Organic Lemon Peel,7,1,6,14.285714285714285
Mango Melon Drink Life Water,8,3,5,37.5
Organic Roots Veggie Chips,256,122,134,47.65625
8 Piece Grilled Chicken,16,7,9,43.75
"Pods HE Laundry Detergent, Free & Gentle, 35 Count Laundry",179,82,97,45.81005586592179
Swiss Style Slices cheese alternative,34,15,19,44.11764705882353
Thousand Island Salad Dressing & Dip,35,21,14,60.0
Extra Virgin Avocado Oil,34,4,30,11.76470588235294
Instant Clarity Clay Facial Mask,50,7,43,14.000000000000002
Dairy Free Rice Vegan Slices American Flavor,24,7,17,29.166666666666668
Butter Pecan,8,2,6,25.0
All In One Coconut Almond Packet,210,65,145,30.952380952380953
Lemon Lime Mexican Soda,53,13,40,24.528301886792452
Baked Parmesan Garlic Lentil Chips,12,0,12,0.0
Deep Dish Four-Cheese Pizza Singles,337,197,140,58.45697329376854
Natural Unscented Oatmeal Soap Bar,133,47,86,35.338345864661655
Neufchatel Cheese 1/3 Less Fat,328,82,246,25.0
Steamed Brown Rice,39,11,28,28.205128205128204
Orange Smart Fiber Powder,5,1,4,20.0
Bistro Organic Caesar Salad Bowl with Chicken,17,9,8,52.94117647058824
"Organic Chicken Noodle Soup, Reduced Sodium",1393,532,861,38.19095477386934
Buffalo Style Chicken,24,17,7,70.83333333333334
Bombay Spice Crunchy Chickpeas,662,267,395,40.33232628398791
Olive Oil Sea Salt Bar,86,64,22,74.4186046511628
Organic Fruit Snacks,386,167,219,43.26424870466321
Organic Apple Cider Vinegar & Honey All Natural Drink,626,392,234,62.61980830670927
Spicy Chili Seasoning,753,255,498,33.86454183266932
Plain Noodles With Morohetya,243,153,90,62.96296296296296
Clara,746,350,396,46.91689008042895
Herb & Garlic Marinade,10,2,8,20.0
Peppermint Patties Minis King Size,10,5,5,50.0
Salted Pretzel Sticks,756,510,246,67.46031746031747
Chocolate Chunk Cookies,382,200,182,52.35602094240838
Cilantro Paste,166,26,140,15.66265060240964
Organic Cannellini Beans,7890,3508,4382,44.461343472750315
Dark Chocolate Covered Salted Almonds,258,133,125,51.55038759689923
Sauce Chipotle Tinga Chicken Slow Cook,87,23,64,26.436781609195403
Mozzarella Sticks With Marinara Sauce,354,164,190,46.32768361581921
"Ham, Parma, Prosciutto di Parma",89,46,43,51.68539325842697
Organic Seaweed Gomasio,138,36,102,26.08695652173913
Passion Fruit Wheatgrass Juice,2,0,2,0.0
Traditional Chicken Noodle 99% Fat Free Soup,361,177,184,49.03047091412742
Chili Pepper Paste,8,1,7,12.5
Mini Peanut Butter Sandwich Crackers,2472,1692,780,68.44660194174757
Super Strong Paper Plates,5,1,4,20.0
Aloe Vera,7,2,5,28.57142857142857
Slow Cooker Sauces Beef Stew,20,3,17,15.0
Shredded Steak & Cheese Burrito,65,16,49,24.615384615384617
Free & Gentle Liquid Laundry Detergent,322,142,180,44.099378881987576
Organic Hot Sauce,6,2,4,33.33333333333333
SystemSupport Liver Cleanse Capsules,6,1,5,16.666666666666664
Sliced Yellow Cling in Heavy Syrup Peaches,35,14,21,40.0
Gourmet 100 Calorie 100% Whole Wheat Tortillas,82,38,44,46.34146341463415
Hearty Traditional Pasta Sauce,46,18,28,39.130434782608695
Jumbo Pitted California Ripe Olives,59,25,34,42.3728813559322
Sesame Melba Toast,12,1,11,8.333333333333332
Whole Milk New Orleans Coffee Yogurt,203,113,90,55.66502463054187
Large Organic Omega3 Brown Eggs,4593,2568,2025,55.91116917047682
RSTD WHL CHSNTS,293,110,183,37.54266211604095
Italian Style Meatballs & Mozzarella Sandwiches,314,148,166,47.13375796178344
"Italian Style Favorites Meat Trio (Italian Sausage, Genoa Salami, and Pepperoni with Mozzarella Cheese over a Marinara Sauce)",55,18,37,32.72727272727273
Color Reflect Gold Shampoo,13,7,6,53.84615384615385
Creamy Wildflower Honey,196,108,88,55.10204081632652
Original Vegenaise Dressing & Sandwich Spread,1712,676,1036,39.48598130841122
Greek Tirmisu,62,52,10,83.87096774193549
"Lentil Trio, Organic",8,0,8,0.0
Grands Southern Homestyle Biscuit,189,72,117,38.095238095238095
Soup Chicken Tortilla,255,124,131,48.627450980392155
Taro Root,65,22,43,33.84615384615385
Coconut Milk Yogurt Alternative Mixed Berry Flavor,164,73,91,44.51219512195122
Casa Sanchez,74,37,37,50.0
Red Oak Leaf,569,389,180,68.36555360281194
Organic Extreme Dark Chocolate 88% Cacao,74,33,41,44.5945945945946
Fancy White Hominy,21,7,14,33.33333333333333
Sharp Cheddar Cheese,30170,18541,11629,61.45508783559828
Chocolate Fudge,39,18,21,46.15384615384615
Fresh Mozzarella Fresca Ball,13,1,12,7.6923076923076925
Chicken A La King,172,132,40,76.74418604651163
Chicken Flavor Instant Lunch,126,59,67,46.82539682539682
The Original Decaf Ground Coffee,13,7,6,53.84615384615385
Limone Di Sicilian Gelato,11,4,7,36.36363636363637
Premium Natural Pepper Jack Cheese,323,121,202,37.461300309597526
Sugar Free Classic Hazelnut Flavoring Syrup,5,1,4,20.0
White Chocolate Wonder Peanut Butter,224,114,110,50.89285714285714
Mung Dal with Spinach,2,0,2,0.0
"Shower Gel, Peaceful Patchouli",9,1,8,11.11111111111111
Pure Fresh Spearmint Sugar-Free Gum,55,27,28,49.09090909090909
Natural Uncured Turkey Hot Dog,1356,687,669,50.66371681415929
Newman-O's Vanilla Creme Filled Vanilla Cookies,18,9,9,50.0
Oatmeal Cup Cranberry Pumpkin Seed,158,62,96,39.24050632911392
Friskies Saucesations Turkey & Giblets Dinner in Homestyle Sauce,45,29,16,64.44444444444444
Canola Spray Oil With Butter Flavor,326,64,262,19.631901840490798
Special Request Lively Lemon Tarragon Dressing,165,32,133,19.393939393939394
State Fair Nita's Bread & Butter Pickles,5,0,5,0.0
Spicy Tomato & Pesto Pasta Sauce,17,6,11,35.294117647058826
Organic Brown Basmati Sprouted Rice,192,75,117,39.0625
Original Sparkling Seltzer Water,356,197,159,55.33707865168539
Albacore White in Water Tuna,5,1,4,20.0
Littleneck Clams,462,174,288,37.66233766233766
First Aid Calendula Cream,58,4,54,6.896551724137931
3D White Pulsar Toothbrush,10,1,9,10.0
Pico De Gallo Mild Salsa,84,11,73,13.095238095238097
Orange with Mango Juice,1185,712,473,60.08438818565401
Lower Back and Hip Heat Wrap,62,14,48,22.58064516129032
100% Natural Beef Broth,701,171,530,24.393723252496432
Pro-Health For Me Fluoride Anticavity Toothpaste,38,3,35,7.894736842105263
Crunchy Roasted Almond Granola Bars,76,30,46,39.473684210526315
Organic Premium Concord Grape Spread,293,125,168,42.66211604095563
Fine Granulated Sugar,400,114,286,28.499999999999996
Cream Soda,510,237,273,46.470588235294116
Golden Oreo Sandwich Cookies,832,378,454,45.43269230769231
Low Sodium Cut Green Beans,8,3,5,37.5
Four Cheese Crispy Thin Crust Pizza,1109,678,431,61.13615870153291
Apple Blueberry Baby Food,110,55,55,50.0
"Leg Cramps, Quick-Dissolving Tablets",8,3,5,37.5
Black Olive Tapenade,54,20,34,37.03703703703704
Klondike Medley Petite Potatoes,69,19,50,27.536231884057973
Pad Thai Noodle Bowl,127,34,93,26.77165354330709
Jumbo Popcorn Chicken,63,33,30,52.38095238095239
Giant Paper Lunch Bags,14,2,12,14.285714285714285
Butter with Coarse Sea Salt,116,88,28,75.86206896551724
L'Original Swiss Fondue Cheese,13,2,11,15.384615384615385
Gluten Free Cranberry Cinnamon Instant Oatmeal with Flax,94,60,34,63.829787234042556
Vitamin D Organic Milk,2672,2059,613,77.05838323353294
Vanilla Keurig Brewed K-Cups,265,133,132,50.18867924528302
Grilled Chicken Pesto & Vegetables Café Steamers,167,79,88,47.30538922155689
Finely Shredded Mozzarella Cheese,903,414,489,45.84717607973422
Gingerbread Cake and Cookie Mix,14,0,14,0.0
Organic Countrywild Rice Bowl,49,16,33,32.6530612244898
"Olives, Sliced Green",62,38,24,61.29032258064516
Peanut Butter Chocolate Chip Meal Bar,804,538,266,66.91542288557214
Family Size Lightly Salted Potato Chips,72,47,25,65.27777777777779
Organic Sun-Washed Mediterranean Salad,8,5,3,62.5
Whipped Strawberry Mist Frosting,18,1,17,5.555555555555555
Chunky Grilled Chicken & Sausage Gumbo Soup,490,225,265,45.91836734693878
Dark Chocolate Salted Caramel Protein Nut Bar,45,17,28,37.77777777777778
Caraway Crackers,232,117,115,50.43103448275862
Tropical Medley,9,1,8,11.11111111111111
Lacinato Kale Og,5740,3437,2303,59.8780487804878
Organic Cold Pressed Hemp Oil,5,0,5,0.0
Double Cream Cremont,247,123,124,49.797570850202426
Diet Pepsi Wild Cherry,45,34,11,75.55555555555556
Body Bar Soap Calming Sandalwood,69,17,52,24.637681159420293
ZBar Organic Chocolate Brownie Energy Snack,7923,5434,2489,68.5851318944844
Organic Chicken Tortilla Soup,9,4,5,44.44444444444444
Mango Lemonade Sparkling Water,26,10,16,38.46153846153847
2% Milkfat Low Fat Large Curd Pot Style Cottage Cheese,69,40,29,57.971014492753625
Sours,13,2,11,15.384615384615385
Classic Chevre Crumbled Goat Cheese,200,69,131,34.5
Organic Olive Oil Cooking Spray,715,282,433,39.44055944055944
Premium Chunk Light in Vegetable Oil Tuna,119,48,71,40.33613445378151
Everything Bagels,7723,5267,2456,68.19888644309206
Refreshing Lavender Thyme Shower Gel,6,0,6,0.0
Men+Care Fresh Awake Deodorant,8,3,5,37.5
Cranberry Rescue Pastilles,58,27,31,46.55172413793103
Homestyle Potato Latke Mix,3,0,3,0.0
Extra Strength Instant Relief for Teething Pain Daytime & Nighttime,7,0,7,0.0
Vegan Butter,352,171,181,48.57954545454545
Beef & Cheddar Rolled Tacos,14,4,10,28.57142857142857
Chuito Coffee,48,15,33,31.25
Wholly Salsa Avocado Verde,40,16,24,40.0
Campfire Stout,12,8,4,66.66666666666666
Ginger Lemon Kombucha,157,51,106,32.48407643312102
D.O.P. San Marzano Tomatoes,252,141,111,55.952380952380956
Bourbon Whiskey,240,138,102,57.49999999999999
Bittersweet 60% Chocolate Baking Chips,199,100,99,50.25125628140703
Broccoli,489,204,285,41.717791411042946
Organic Delicata Squash,1474,499,975,33.85345997286296
Potato Kugel,18,6,12,33.33333333333333
Asiago Pontina Parmesan Provolone Four Cheese Freshly Shredded,33,12,21,36.36363636363637
Solid White Albacore Tuna,1632,739,893,45.28186274509804
Chocolate Chip Cookie DO Bites,382,269,113,70.41884816753927
Fresh Asparagus,5869,3737,2132,63.67353893337877
Chocolate Wafer,5,0,5,0.0
ProSobee Soy Infant Formula Lactose Free With Iron,20,9,11,45.0
Buttery Homestyle Bites,8,3,5,37.5
Blackberry Ice Cream,3,0,3,0.0
"Baby Corn, Pickled Whole",9,1,8,11.11111111111111
Greek 0% Fat Strawberry on the Bottom Yogurt,692,424,268,61.27167630057804
Sparkling Clementine Juice,6301,3442,2859,54.62624980161878
Organic Extra Large Brown Omega 3 Eggs,2978,2106,872,70.7186030893217
Pie Crust Mix,49,12,37,24.489795918367346
Daily Shower Cleaner,309,43,266,13.915857605177994
Dark Chocolate Discs,50,18,32,36.0
Traditional Medicinals Cold Care Seasonal Sampler,237,43,194,18.143459915611814
Classic Recipe Hazelnut Milk Chocolate,257,149,108,57.97665369649806
"Vitamins, Fiber, Gummy, Box",52,27,25,51.92307692307693
Passionfruit Papaya Tea Bags,4,0,4,0.0
Acti-Fresh Body Shape Extra Long To Go Pantiliners,17,3,14,17.647058823529413
Sweetened Condensed Coconut Milk,144,27,117,18.75
"Genoa Salame, Provolone Cheese & Breadsticks",172,121,51,70.34883720930233
Classic Crust Hawaiian Style Pizza,15,6,9,40.0
Hazelnut Half+Half,649,400,249,61.63328197226502
Roasted Turkey Feast Cat Food,64,44,20,68.75
Ritz Crackers,461,246,215,53.36225596529284
Beams Catfish Skin Sticks Dog Treats,15,8,7,53.333333333333336
Crystal Deodorant Stone,25,1,24,4.0
Mostess Mini-Cupcakes,63,24,39,38.095238095238095
Cheese & Peanut Butter Sandwich Crackers,357,194,163,54.34173669467787
Chocolate Flavored Almond Bark,6,0,6,0.0
Tropical Fruit Cups in Lightly Sweetened Fruit Juices,19,6,13,31.57894736842105
Organic Argan Skin Care Oil,3,0,3,0.0
Organic Just Apples,42,15,27,35.714285714285715
Organic Sweet & Salty Peanut Choco Chewy Granola Bars,165,90,75,54.54545454545454
Nature's Way Long Grain & Wild Rice Rice Mix,16,8,8,50.0
All Natural Cucumber Melon Hand And Body Lotion,17,6,11,35.294117647058826
Forti Flax Premium Ground Flaxseed,30,10,20,33.33333333333333
Jewish Rye Seeded Whole Grain Bread,7,1,6,14.285714285714285
Cheezy Herb Brussel Bites,25,5,20,20.0
Frappuccino Coffee Drink,457,284,173,62.144420131291035
70% Dark Chocolate With Coconut Bar,1054,543,511,51.51802656546489
Double Dark Chocolate Nutrition Bar,81,58,23,71.60493827160494
Extra Moisturizing Shave Gel,70,13,57,18.571428571428573
Peppermint Flavored Ultra 1000 Maximum Strength Antacid & Calcium Supplement Chewable Tablets,31,14,17,45.16129032258064
Turmeric,1544,197,1347,12.759067357512954
Original Recipe Tennessee Honey Whiskey,85,33,52,38.82352941176471
Blast of Vitamin C Orange Supplement,257,84,173,32.68482490272373
Edamame Shelled Soybeans,269,101,168,37.54646840148699
Organic Peach Lemonade,33,17,16,51.515151515151516
Orange Pineapple Banana Juice,18,4,14,22.22222222222222
Cream Filled White Fancy Cakes,7,1,6,14.285714285714285
Sriracha Tortilla Chips,245,96,149,39.183673469387756
Cucumbers Eye Makeup Remover Pads,15,2,13,13.333333333333334
Dill Relish,558,117,441,20.967741935483872
Tough Strips Extra Large Waterproof,34,5,29,14.705882352941178
Asian Pear Package,11,4,7,36.36363636363637
Toasted Coconut Ice Cream,24,13,11,54.166666666666664
Orange Flavor Sports Drink,223,155,68,69.50672645739911
Aged Reserve Cheese,364,217,147,59.61538461538461
Garlic Bread Sprinkle,7,0,7,0.0
Grovestand Lots Of Pulp Pure 100% Florida Orange Juice,359,250,109,69.63788300835655
Baked Potato with Bacon Soup,10,2,8,20.0
Chocolate Chip Oreo,11,0,11,0.0
Garbanzos Classic Chickpeas,5,0,5,0.0
Spinach & Kale,120,54,66,45.0
Tempura Shrimp Roll,6,2,4,33.33333333333333
Traditional Brownie Mix,11,4,7,36.36363636363637
Chocolate Alphabet Cookies,18,9,9,50.0
Organic Yams,20217,11441,8776,56.59098778255923
Variety Snack Pack,1187,497,690,41.87026116259477
Chicken & Cilantro Mini  Wontons,226,117,109,51.76991150442478
Power Scrub Dots Kitchen & Dish Wipes,8,1,7,12.5
Mild Green Enchilada Sauce,84,33,51,39.285714285714285
Wheat Pocket Pitas,65,23,42,35.38461538461539
Fingerling Potatoes,77,13,64,16.883116883116884
Turkey & Brown Rice Dog Food,15,8,7,53.333333333333336
Smoked Ham Off The Bone,55,35,20,63.63636363636363
Bathroom Tissue 2 Ply,144,63,81,43.75
Medium Pearled Barley,69,24,45,34.78260869565217
Classic With Sport Cap Blue Planet,7,1,6,14.285714285714285
Organic Freeze-Dried Wheatgrass Powder,23,2,21,8.695652173913043
"Breath Mints, Peppermint",25,11,14,44.0
Gluten Free Breaded Chicken Breast Tenders,2971,1974,997,66.44227532817233
Organic Fat Free Vegetarian Traditional Refried Beans,234,147,87,62.82051282051282
Hot & Spicey Baked Snack Crackers,445,217,228,48.764044943820224
Clear The Air Purifying Blend,18,2,16,11.11111111111111
99% Aloe Vera Gelly,77,6,71,7.792207792207792
Vodka Le Citron,3,0,3,0.0
Sorbetto Mango,28,22,6,78.57142857142857
Rice Sides Chicken Flavor Broccoli,84,45,39,53.57142857142857
"Kale Chips, Olive & Sea Salt",24,10,14,41.66666666666667
Original Macadamia Milk,52,29,23,55.769230769230774
Medium Garbage Bags,160,64,96,40.0
Soft & Strong Bathroom Tissue,56,28,28,50.0
Security Ultra Thin Long Pads,16,7,9,43.75
Chicken & Cheese Taquitos,150,72,78,48.0
Roasted Garlic Almond Spread,24,12,12,50.0
Smart Ones Classic Favorites Salisbury Steak,97,37,60,38.144329896907216
Cornstarch,150,10,140,6.666666666666667
Stevia Sweetener,21,9,12,42.857142857142854
Protein Bar Double Chocolate Chunk,134,70,64,52.23880597014925
Natural Smooth Peanut Butter,226,97,129,42.92035398230089
100% Pure Cold-Pressed Black Cumin Seed Oil,10,2,8,20.0
Just Mangos Organic Baby Food,1717,1051,666,61.21141525917297
Sweet Ground Baking Cocoa,77,19,58,24.675324675324674
Water Stop Premium Gloves Small,73,14,59,19.17808219178082
Cold-Pressed Organic Grapefruit,1962,1281,681,65.29051987767585
Fruit and Vegetable Wash Natural Refill,48,5,43,10.416666666666668
Café Domingo Medium Roast K Cups,126,94,32,74.60317460317461
Organic Raw Fit Marley Coffee,22,11,11,50.0
Soft Replacement Heads For Source Toothbrush,10,2,8,20.0
Salisbury Steak Meal,7,2,5,28.57142857142857
Ibuprofen Tablets,477,104,373,21.80293501048218
Sleep Serenity Bedroom Mist,12,0,12,0.0
Cheddar Jack Cheese,12,0,12,0.0
Grass milk Raw Cheddar Cheese,1474,988,486,67.02849389416554
Sockeye Salmon Fillet,13,5,8,38.46153846153847
Guava Goddess Organic Kambucha,3547,2616,931,73.75246687341416
Organic Cashew Cacao Oatmeal,180,118,62,65.55555555555556
Bakehouse Deli Rye Bread,166,58,108,34.93975903614458
3 in 1 Cedar & Citrus Lotion for Every Man,6,1,5,16.666666666666664
Organic Gluten Free Sweetened Rice Flakes Cereal,9,4,5,44.44444444444444
Puffed Millet Cereal,102,56,46,54.90196078431373
Impressions Disposable Bowls - 18 CT,43,16,27,37.2093023255814
Zesty Cocktail Sauce,69,7,62,10.144927536231885
Unsweetened Black Tea,138,65,73,47.10144927536232
Rosemary Croccantini,89,41,48,46.06741573033708
Pizza Margherita,245,169,76,68.9795918367347
Purity Cold Pressed Juice,459,296,163,64.4880174291939
Kettle Cooked Sea Salt & Cracked Pepper Potato Chips,228,109,119,47.80701754385965
Apple Pie with Cinnamon Sugar,94,31,63,32.97872340425532
"Merlot Napa Valley, 2004",7,1,6,14.285714285714285
Simply Made Butter Cookies,42,17,25,40.476190476190474
Finely Shredded Parmesan Cheese,1024,533,491,52.05078125
Almond Breeze Almond & Coconut Milk Blend,1421,886,535,62.350457424349045
Popchips 3.0 Oz Cheddar Potato,23,3,20,13.043478260869565
100% Whole Wheat Spaghetti,352,135,217,38.35227272727273
Orange Flavored Mints,11,0,11,0.0
Sweet Sliced Bread,1663,1111,552,66.80697534576068
Tropical Coconut Conditioner,42,10,32,23.809523809523807
Organic No Salt Added Lentil Soup,82,46,36,56.09756097560976
Cherry Limeade Flavored Fruit Drink,39,14,25,35.8974358974359
Pasteurized Apple Juice,202,104,98,51.48514851485149
Cracked & Ready Liquid Egg Product,32,18,14,56.25
Organic Lowafat 1% Milk,336,197,139,58.63095238095239
"Handsoap, Foaming, All-Natural Antibacterial, Lavender",48,27,21,56.25
Seedless Jewish Rye Bread,207,80,127,38.64734299516908
"Bread, Gluten Free, Seeded",432,301,131,69.67592592592592
Infant Formula Powder Single-Serve,32,15,17,46.875
Italian Vinaigrette Dressing,216,40,176,18.51851851851852
Baby Powder with Aloe & Vitamin E Pure Cornstarch,16,2,14,12.5
Organic Honey Gold Potatoes,526,117,409,22.24334600760456
Ham & Cheese Loaf,61,42,19,68.85245901639344
Dark Chocolate Brownie Mix,285,90,195,31.57894736842105
Trade; Whole Wheat Taco Boats 8 Ct (6.7 Oz),14,5,9,35.714285714285715
Grilled Tuna Feast in Gravy Cat Food,672,452,220,67.26190476190477
Beach Sage Laundry Detergent,18,4,14,22.22222222222222
Unsulphured Robust Molasses,7,2,5,28.57142857142857
Stainless Steel Tongue Cleaner,65,5,60,7.6923076923076925
Fridge Pack Diet Root Beer,181,112,69,61.87845303867403
Porcini & Truffle Mezzelune Pasta,195,116,79,59.48717948717949
14 Garden Vegetable Soup,13,5,8,38.46153846153847
Special K Chocolate Peanut Butter Bar,67,26,41,38.80597014925373
Dip Etizers Dip Cheesy Spinach & Artichoke,32,3,29,9.375
Honey Dijon Mustard,286,61,225,21.328671328671327
Grade A Pasturized Light Sour Cream,262,118,144,45.038167938931295
Theatre Box Original Fruit Flavor Candy,79,35,44,44.303797468354425
Sweet BBQ,5,1,4,20.0
Original Irish Cider,20,3,17,15.0
Rose Day Cream,104,48,56,46.15384615384615
Harvest Apple Meatless Sausage,14,5,9,35.714285714285715
Organic Black Beans Low Sodium,148,63,85,42.567567567567565
Original Gummies,5,0,5,0.0
Chia Seeds,469,120,349,25.5863539445629
Low Sodium Potato Pancake Latkes Mix,27,7,20,25.925925925925924
Vegetarian Organic Chili Beans,1030,409,621,39.70873786407767
Aspirin 325mg Tablets,30,8,22,26.666666666666668
"Lip Balm, Organic, Lemon Lime",17,3,14,17.647058823529413
Lorraine & Florentine Petite Quiche,290,155,135,53.44827586206896
Organic Buttery Rich Classics,655,229,426,34.961832061068705
Peas Pulav Basmati Rice With Green Peas,1,0,1,0.0
Ready-to-Bake 9 Inch Pie Crusts,3027,800,2227,26.428807400066074
"Multi-Purpose Cleaner, Lavender",175,77,98,44.0
Sweet & Salty Nut Almond Granola Bars,1969,1204,765,61.1477907567293
Kitchen Bags,317,108,209,34.06940063091483
Organic Amaze Mint Baby Food,598,408,190,68.22742474916387
Frost,95,45,50,47.368421052631575
Kimchi,9,1,8,11.11111111111111
Broccoli Cheddar Quiche,274,105,169,38.32116788321168
Big Slice Aged Swiss Cheese,76,36,40,47.368421052631575
Chocolate Decorating Decors,26,8,18,30.76923076923077
French Milled Oval Almond Gourmande Soap,31,21,10,67.74193548387096
Avocado & Greens Juice,256,141,115,55.078125
Sepcial Dark Giant Bar Candy Bar,21,10,11,47.61904761904761
Brioche Buns,21,0,21,0.0
Miniatures Assorted Candy,40,15,25,37.5
Milk Chocolate With Soft Nougat And Caramel Center Candy Bar,21,12,9,57.14285714285714
Alfalfa Sprouts,905,511,394,56.46408839779006
"Fruit Spread, Deluxe, Strawberry",2354,1225,1129,52.03908241291418
Fancy White Crab Meat,12,2,10,16.666666666666664
Cheese Pizza with Rice Crust,5,0,5,0.0
Seasoning Cinnamon Sticks,238,25,213,10.504201680672269
Black Silk Dark Roast K-Cups Coffee,77,53,24,68.83116883116884
Alfredo  Chicken,94,46,48,48.93617021276596
Lasagna With Meat Sauce,33,17,16,51.515151515151516
Diet Pepsi Slim Cans,641,416,225,64.89859594383776
Hot Peri-Peri Sauce,67,19,48,28.35820895522388
Extra Hot Key Lime Habanero Pepper Sauce,2,0,2,0.0
1 % Lowfat Milk,888,563,325,63.4009009009009
Old Fashioned Whole Wheat Bread,1507,1156,351,76.70869276708693
Lift & Go Combs,5,0,5,0.0
Chicken & Garlic Rice Mix,87,22,65,25.287356321839084
Lindor Sea Salt Milk Chocolate Truffles,50,16,34,32.0
Double Zipper Gallon Freezer Bags,708,155,553,21.89265536723164
Original Gluten Free 1/3 Lb Burgers,272,105,167,38.60294117647059
Rhodiola Rosea,16,3,13,18.75
Quick Cooking Barley Hot Cereal,18,5,13,27.77777777777778
Botanica Fast Fix for A Pimple Tinted Zit Zapper,15,0,15,0.0
Strawberries & Cream Bars,27,14,13,51.85185185185185
Mineral Salt Soap Bar,14,9,5,64.28571428571429
Currant + Mint Lamb Bar,292,165,127,56.5068493150685
Large Wraps Eggroll,63,19,44,30.158730158730158
Meat Lovers English Muffin Breakfast Sandwiches,53,25,28,47.16981132075472
Night Of Olay Firming Cream,5,0,5,0.0
"Organic Mini Sweet Pepper, Pint",393,105,288,26.717557251908396
Pro Active Health Adult Lamb Meal & Rice Premium Dog Food,14,8,6,57.14285714285714
Organic Superfoods Carrot Rice Cakes,343,166,177,48.39650145772595
Stage 3 Hearty Meals - Chick Chick Organic Baby Food,1226,677,549,55.22022838499184
Organic Live Food Bar Heavenly Hazelnut Chocolate,9,1,8,11.11111111111111
Bryonia 30 C - 80 CT,7,2,5,28.57142857142857
Nutri-Grain Strawberry,234,101,133,43.162393162393165
Pressed Lime Lemonade,12,2,10,16.666666666666664
18 Pk Nausea Remedy,15,3,12,20.0
No Pulp Orange Juice With Vitamin D And Calcium,36,31,5,86.11111111111111
Ground Cumin Seed,103,15,88,14.563106796116504
G2 Thirst Quencher Glacier Freeze,92,49,43,53.2608695652174
"Diapers, Size 4",12,4,8,33.33333333333333
Tropicals Sugar Free 1.65 fl oz Ice Pops,1335,793,542,59.40074906367041
"Plates, Paper, Heavy Duty, 6-7/8 In",156,66,90,42.30769230769231
Hip Action Roasted Beef Recipe Moist dog Treat,73,38,35,52.054794520547944
Walnut Halves & Pieces,10531,5240,5291,49.75785775329978
No Sugar Added Sensible Sweets Hot Cocoa Mix,194,98,96,50.51546391752577
Long Grain & Wild Rice Original Rice Mix,255,83,172,32.549019607843135
Iced Oatmeal Cookies,167,98,69,58.68263473053892
Organic Chopped Garlic,4162,1811,2351,43.51273426237386
"Bread, Whole Wheat Organic Pita",256,99,157,38.671875
LashBlast Volume Mascara - Black 805,23,3,20,13.043478260869565
Straightshot Probiotic Oat Drink,1397,1063,334,76.09162491052255
Real Steak Jerky Original Recipe,25,7,18,28.000000000000004
Lemon Ginger Echinacea Beverage,198,122,76,61.61616161616161
Muscatell Grapes,12,4,8,33.33333333333333
Organic Enriched Unbleached Flour White,72,11,61,15.277777777777779
Good to Be Home Fluffy Linen Cottonflower & Blue Bonnet Fragranced Scented Candle,7,2,5,28.57142857142857
Orange Essence Facial Cleanser,6,0,6,0.0
Organic Soups Hearty Spanish Rice & Red Bean,345,144,201,41.73913043478261
Peach Yogurt,63,37,26,58.730158730158735
Perfect Touch Grab'n Go Cups,51,10,41,19.607843137254903
Plus Oxi & Zout Fresh Morning Burst,22,8,14,36.36363636363637
Orange Juice with Calcium,645,415,230,64.34108527131784
Chicken Ceasar Wrap,465,327,138,70.3225806451613
Grass Fed Angus Ground Beef 93/7,524,262,262,50.0
Flutter Balls,4,0,4,0.0
Dog Snacks Filet Mignon & Bacon Flavors,6,3,3,50.0
Nutrisca Lamb And Chickpea Recipe Dog Food,29,12,17,41.37931034482759
Diamond Sauvignon Blanc,18,8,10,44.44444444444444
Complete Lice Elimination Kit,5,0,5,0.0
Cappuccino Gelato,46,26,20,56.52173913043478
Maple Pecan Ice Cream,288,119,169,41.31944444444444
Energy Coffee Beverage Vanilla,107,63,44,58.87850467289719
Variety Cookies,79,37,42,46.835443037974684
Fresh Picked Collection Raspberry Gel Air Freshener,129,65,64,50.3875968992248
Organic Montebello Fusilli Italian Pasta,171,74,97,43.27485380116959
Light & Fit Strawberry Greek Yogurt,315,212,103,67.3015873015873
Milk & Honey Body Lotion,63,14,49,22.22222222222222
Southwest Chipotle Salt-Free Seasoning Blend,61,7,54,11.475409836065573
Popcorn Party Size! White Cheddar Cheese,1227,738,489,60.14669926650367
Acai Berry Chia Bars,64,33,31,51.5625
Organic Pure Concord Grape Juice,294,219,75,74.48979591836735
Hershey Chocolate Twists,15,11,4,73.33333333333333
Organic Stage 2 Carrots Baby Food,2313,1260,1053,54.474708171206224
Spicy Red Pepper,401,167,234,41.64588528678304
Mekong Rice Paper,46,3,43,6.521739130434782
Advanced Redness + Irritation Relief Eye Drops,92,20,72,21.73913043478261
Fresh Diced Celery & Onions,339,195,144,57.52212389380531
Amish Gorgonzola Cheese Crumbles,101,28,73,27.722772277227726
Fajita Mix,385,203,182,52.72727272727272
Premium Enriched Egg Noodles Barley Shape,4,1,3,25.0
Dishwasher Detergent,760,258,502,33.94736842105263
Hummus Original,77,21,56,27.27272727272727
Organic Fresh Carrot Chips,3375,1929,1446,57.15555555555556
Unbleached Jumbo Baking Cups,25,2,23,8.0
Super Glue Gel Control,87,8,79,9.195402298850574
3 Cheese Ravioli,9,2,7,22.22222222222222
Peppermint Extract,142,10,132,7.042253521126761
Kosher Dill Mini Pickles,408,181,227,44.36274509803921
Chili Rice Scooter,62,35,27,56.451612903225815
All Natural Chicken Apple Sausage,14,3,11,21.428571428571427
Quartered Artichoke Hearts,507,185,322,36.489151873767256
Big Eye IPA,37,20,17,54.054054054054056
Unstopables Lush,30,10,20,33.33333333333333
"Gum, Sugarfree, Bubblemint",64,43,21,67.1875
"Peas & Carrots, Organic",57,14,43,24.561403508771928
Regular Nail Polish Remover,87,13,74,14.942528735632186
Organic Dried Sweetened Cranberries,85,26,59,30.58823529411765
Protein Peanut Butter Crunchy Granola,36,12,24,33.33333333333333
Apricot Night Cream for Dry Skin,10,4,6,40.0
Onion Hamburger Buns,10,3,7,30.0
Outshine Peach Fruit Bars,18,6,12,33.33333333333333
Plantain Chips,7192,5043,2149,70.11957730812013
Ice Cream Light Chocolate Chip,169,103,66,60.946745562130175
Mini Chips Ahoy! Chocolate Chip Cookies,5,1,4,20.0
Orange Pineapple Drink Mix,8,2,6,25.0
Dubliner Cracker Cut Cheese,278,178,100,64.02877697841727
Indicator Contour Clean Soft Toothbrush,238,72,166,30.252100840336134
"2% Cottage Cheese, Small Curd",142,102,40,71.83098591549296
Handi Foil Stuffing Pan,11,2,9,18.181818181818183
Darjeeling 100% Pure Black Tea,48,19,29,39.58333333333333
Gluten Free Mighty Tasty Hot Cereal,25,9,16,36.0
Green Medium Pitted Olives,67,28,39,41.7910447761194
"With seasoned meat sauce, tomato sauce & real low fat ricotta cheese Lasagna Italiano",73,37,36,50.68493150684932
Sun Coco Organic Sunflower Coconut Oil Blend,35,12,23,34.285714285714285
Men's Pro Edge Multivitamin/Multimineral Supplement Tablets,10,1,9,10.0
Decaf British Breakfast Tea,5,1,4,20.0
Italian Kitchen Crushed Tomatoes,4,0,4,0.0
2nd Foods Banana Mixed Berries,173,83,90,47.97687861271676
Super Seed Beyond Fiber,8,1,7,12.5
Whole Grains Health Nut Bread,1001,616,385,61.53846153846154
Chicken Orange,129,63,66,48.837209302325576
Chopped Clams,752,270,482,35.90425531914894
Organic Italian Parsley,300,120,180,40.0
Milk,1524,1134,390,74.40944881889764
Sesame Noodles With Veggies,17,2,15,11.76470588235294
Chocolate Chunk Cookie,1319,460,859,34.874905231235786
Orange Mango Super Drink,53,35,18,66.0377358490566
Zero Calories Berry Nutrient Enhanced Water,553,377,176,68.1735985533454
Organic Sliced White Mushrooms,8131,4937,3194,60.71823883901119
Organic Muenster Cheese Slices,7709,5150,2559,66.80503307822026
Classic Potato Salad,520,225,295,43.269230769230774
Chili Cheese Flavored Corn Chips,399,195,204,48.87218045112782
Original Kettlecorn,296,147,149,49.66216216216216
Strawberry Gelatin Mix,28,18,10,64.28571428571429
Blonde Macaroons,512,267,245,52.1484375
Sierra Cedar Incense,12,4,8,33.33333333333333
Garlic Chicken Alfredo Pizza,17,2,15,11.76470588235294
Solid Air Freshener Pure Linen,291,83,208,28.52233676975945
Brownie Moose Tracks Ice Cream,13,2,11,15.384615384615385
Alive! Whole Food Energizer Liquid Multi Vitamin & Mineral Dietary Supplement,18,6,12,33.33333333333333
Carmel Milk Chocolate,413,261,152,63.19612590799032
Basic Facial Tissues,23,8,15,34.78260869565217
Cough & Chest Congestion Chestal Honey Cough Syrup,190,19,171,10.0
Gluten Free Chocolate Chip Cookie Mix,92,20,72,21.73913043478261
"Soap, Coconut & Papaya, with Vanilla Beans",80,36,44,45.0
360 Dusters Refills Unscented,250,68,182,27.200000000000003
All Purpose Disposable Latex Gloves,5,0,5,0.0
Sweet Thing Nitro Cold Brew Coffee,3,0,3,0.0
2% Milk Swiss Singles,64,35,29,54.6875
Earl Grey Tea Decaffeinated,356,145,211,40.73033707865169
Knights Valley Cabernet Sauvignon,15,5,10,33.33333333333333
Pantene Pro-V Color Preserve Volume Conditioner,1,0,1,0.0
Holiday Egg Nog,29,9,20,31.03448275862069
Strawberry Fruit Bars,978,513,465,52.45398773006135
Strawberry Mochi Ice Cream,381,196,185,51.44356955380578
Light Cheesy Parmesan Alfredo Sauce,82,51,31,62.19512195121951
Quick 3-Minute Steel Cut Oats,264,100,164,37.878787878787875
Fresh Citrus Liquid Laundry Detergent,320,132,188,41.25
"Hashed Browns, Yukon Select",71,20,51,28.169014084507044
Double Duty Advanced Odor Control Clumping Cat Litter,1288,804,484,62.422360248447205
"Roasted Red Peppers with Garlic in Olive Oil, Mild",115,30,85,26.08695652173913
Pull 'n Play Tender Strings - Chicken & Cheese Flavors Cat Treats,14,4,10,28.57142857142857
Naturals Chicken Patties,688,399,289,57.99418604651163
Cooling Body Lotion,3,1,2,33.33333333333333
Wild Berry Fruit Candy,67,21,46,31.343283582089555
Boston Lettuce,7,0,7,0.0
Whole Care Peppermint Toothpaste,16,5,11,31.25
Protein And Fiber Chocolate Almond Coconut Bar,56,27,29,48.214285714285715
Creamy Roasted Garlic Dressing,30,4,26,13.333333333333334
Organic Lemonade Cherry,20,5,15,25.0
Orange Delights Chocolate Dipped Candied Oranges,25,12,13,48.0
New England Clam Chowder Soup,309,80,229,25.88996763754045
Blueberry Cream Cheese,5,1,4,20.0
Chipotle Pepper Hummus Wrap,82,42,40,51.21951219512195
Dailyware Forks,104,36,68,34.61538461538461
Mozzarella Style Slices,47,17,30,36.17021276595745
Organic Sauce,100,60,40,60.0
Banana Bread Sprouted Bar,370,160,210,43.24324324324324
"Single Serve Donut Shop Coffee, 12 Count",6,2,4,33.33333333333333
Extra Care Probiotic 200 Billion Packets,91,24,67,26.373626373626376
Bamba Peanut Snack,618,422,196,68.28478964401295
Grilled Chicken Canine Cuisine Wet Dog Food,177,95,82,53.672316384180796
VitaminWater Squeezed Lemonade Flavored,139,51,88,36.69064748201439
Lemon Poppy Seed Breakfast Biscuits,10,1,9,10.0
Caramel Galette French Cookies,5,2,3,40.0
Lemon Pear Marmalade,6,1,5,16.666666666666664
Green Sparkle Gel,10,0,10,0.0
Best Blend Pure 100% Natural Vegetable & Canola Oils,86,24,62,27.906976744186046
Vanilla Sparkling Energy Water,400,303,97,75.75
USA Florida Juice Oranges,98,44,54,44.89795918367347
"Raspberries, Blueberries & Cream Pops",9,5,4,55.55555555555556
Rice Crackers Wasabi,155,98,57,63.2258064516129
Waffle Cones,245,52,193,21.224489795918366
Cherry Coke Zero,98,78,20,79.59183673469387
Breakfast Links Maple & Smoked Bacon Smoked Chicken Sausage,146,67,79,45.89041095890411
Little Sumpin' Sumpin' Ale,1223,735,488,60.098119378577266
Honey Butter Crescent Rolls,18,4,14,22.22222222222222
Honey Cinnamon Almonds,103,74,29,71.84466019417476
Greek 100 Calories Tropical Fruit Yogurt,28,10,18,35.714285714285715
Chipotle Habanero Pepper Sauce,29,5,24,17.24137931034483
Flower Bouquet,11,4,7,36.36363636363637
"Dishwasher Detergent, Mediterranean Lavender Scent, Action Pacs",26,11,15,42.30769230769231
The Complete Cookie Vegan Pumpkin Spice Cookie,90,43,47,47.77777777777778
"Wet & Dry Hair Tangle Tamer, Sweet Pear",12,8,4,66.66666666666666
Cherry Chocolate Bordeaux Ice Cream,5,1,4,20.0
Salsa Original,13,6,7,46.15384615384615
Ice Shine Pro-V Shampoo,20,8,12,40.0
Original Steak & Chop Marinade,50,13,37,26.0
Coke Classic,10772,7063,3709,65.56813962124025
Stage 3 Hearty Meals Mama Grain Baby Food,133,55,78,41.35338345864661
Uncured Pepperoni & Uncured Bacon,69,41,28,59.42028985507246
Evening Primrose 1300 Mg,18,0,18,0.0
Baby Bee Bubble Bath -,95,38,57,40.0
"Soup Mix, Whole Grains and Beans",8,1,7,12.5
Day/Night Cold Formula Liquid Gels Multi-Symptom Relief,11,1,10,9.090909090909092
4% Milkfat Large Curd Cottage Cheese,663,464,199,69.98491704374057
Bag Pink Lady Apples,235,86,149,36.59574468085106
Greek Seaside Scent Fabric Refresher Spray,7,0,7,0.0
Skim Ricotta Cheese,48,6,42,12.5
Butt Paste Original Diaper Rash Ointment,44,10,34,22.727272727272727
Apple 100% Juice,8,1,7,12.5
Purse Pack Cotton Swabs,106,25,81,23.58490566037736
Non Dairy Coffee Caramel Fudge,1040,353,687,33.94230769230769
Ethiopia Guji Organic Whole Bean Coffee,192,102,90,53.125
Gluten Free Vegetable Crackers,263,138,125,52.47148288973384
Curl Nurturing Shea Butter Detangler,10,1,9,10.0
Mocha Frappucino Chilled Coffee Drink,2044,1339,705,65.50880626223092
Organic Lowfat Plain Unsweetened Kefir,1258,723,535,57.472178060413356
Honeydew Aloe Beverage,11,4,7,36.36363636363637
Tenderloin Jennie O Turkey,36,14,22,38.88888888888889
Organic Apple Flax Oatmeal,57,24,33,42.10526315789473
Sleep Aid Plus 12 Hour Pain Relieving Strength of Aleve Caplets,7,0,7,0.0
Pancake & Waffle Mix,46,8,38,17.391304347826086
Manzanilla Stuffed Olives,130,35,95,26.923076923076923
All Natural Raspberry Sparkling Seltzer Water,125,55,70,44.0
Spinach & Cheese Ravioli,7,0,7,0.0
Lite Creamy Ranch Dressing + Dip,7,0,7,0.0
Organic Heritage Crunch Cereal,435,268,167,61.60919540229885
Roasted Red Chili Paste,865,87,778,10.057803468208093
Organic Bosc Pears,158,52,106,32.91139240506329
Crispy-O's Honey-Flavored Cereal,4,0,4,0.0
Vanilla Almond Tea Bags,53,10,43,18.867924528301888
"Kombucha, Tangerine",254,156,98,61.417322834645674
Pure  Vanilla Almondmilk,111,59,52,53.153153153153156
Peanut Milk Chocolate XXL Bag,2304,1727,577,74.95659722222221
"Polish, Silver, Bottle",18,1,17,5.555555555555555
Pressure + Pain + Cough for Adults,4,0,4,0.0
Small Sweet Peas,56,24,32,42.857142857142854
Oreo Cookie Pudding Snacks,45,24,21,53.333333333333336
"Organic Pear, Pumpkin & Pineapple Baby Food",43,19,24,44.18604651162791
Gripz Chips Deluxe/Cheez-It/Grahams Variety Pack Snacks,13,7,6,53.84615384615385
Organic Traditional Tomato & Basil Pasta Sauce,57,24,33,42.10526315789473
Belgian Style Golden Ale,12,6,6,50.0
Berry Boost 100% Fruit Juice Smoothie,116,57,59,49.137931034482754
Stage 1 Just Carrots Baby Food,47,14,33,29.78723404255319
Dairy Free Almond Milk Chocolate Frozen Dessert,211,69,142,32.70142180094787
Peanut & Gluten Free Smooth Almond Butter,1186,704,482,59.359190556492415
Shredded Mexican-Style Four Cheese,26,6,20,23.076923076923077
RediTabs Non-Drowsy Orally Disintegrating Tablets Allergy Relief,33,11,22,33.33333333333333
Original Movie Theater Popcorn,1052,736,316,69.96197718631178
Free & Clear Natural Dish Liquid,625,188,437,30.080000000000002
Healthy Harvest No Sugar Added Summer Strawberry Apple Sauce,65,21,44,32.30769230769231
Ones Dried Plums,58,16,42,27.586206896551722
"Organic Baby Sweet Potatoes, Microwaveable",87,26,61,29.88505747126437
Merry Maraschino Pitted Cherries,523,77,446,14.722753346080305
Pinot Grigio Wine,875,531,344,60.68571428571429
Flip PB&J Low-Fat Greek Yogurt,397,220,177,55.41561712846348
Omega Swirl Ultra High Potency Key Lime Fish Oil,19,6,13,31.57894736842105
Flamin Hot Potato Chips,122,68,54,55.73770491803278
Barista Blend Pure Almond Milk,3201,2290,911,71.54014370509216
Pickled Green Tomatoes,7,4,3,57.14285714285714
Organic Carrot Bunch,35820,20763,15057,57.96482412060302
"Slow Cooker Sauces, Sweet Koream BBQ with Roasted Ginger and Sesame-Just Add Beef",13,1,12,7.6923076923076925
All Purpose Lemon Scented Ammonia Cleaner,8,1,7,12.5
Creme Egg,7,0,7,0.0
Blackberry Drinkable Yogurt,76,38,38,50.0
100 Count Assorted Minitures Bag,5,1,4,20.0
Votive Candles,10,6,4,60.0
Organic Freeze Dried Bananas and Strawberries,776,445,331,57.345360824742265
Chicken & Broccoli  Velveeta Cheesy Skillets,10,4,6,40.0
100% Lactose Free Reduced Fat Calcium Enriched Milk,3250,2347,903,72.21538461538461
"Sunflower Butter, Honey",82,45,37,54.87804878048781
Sweet Balanced Breaks Natural Cheddar Cheese Sea-Salted Roasted Almonds Raisins & Greek Yogurt Flavored Drops  Snacks,7,2,5,28.57142857142857
Brown Rice Farina Creamy Rice,114,41,73,35.96491228070175
Organic Ginger Herbal Tea,1115,471,644,42.24215246636771
All Natural Peanut Butter Oat Bar,491,298,193,60.692464358452135
Instant Via Caramel Iced Coffee,21,8,13,38.095238095238095
Aerosol Antiperspirant/Deodorant,19,8,11,42.10526315789473
Crushed Chili,34,4,30,11.76470588235294
Comfort Coated 5 mg  Laxative Tablets,4,0,4,0.0
Cherry Danish,6,0,6,0.0
Holey Cow,21,6,15,28.57142857142857
Beet Sugar,11,2,9,18.181818181818183
Chanterelle Mushroom And Ricotta Cappellacci,111,32,79,28.82882882882883
Confectioners Powdered Sugar,576,122,454,21.180555555555554
Sausage and Pepperoni Pizza,13,3,10,23.076923076923077
Octopus in Olive Oil,35,14,21,40.0
Alaskan Sockeye Smoked Salmon,65,35,30,53.84615384615385
Organic Cinnamon Rolls With Icing,96,38,58,39.58333333333333
Organic Peanut Butter Dark Chocolate Bar,107,55,52,51.4018691588785
Hearty Rye Bread,50,20,30,40.0
Whole Care Spearmint Toothpaste,440,141,299,32.04545454545455
Sugar Leaf  Stevia and Raw Cane Sugar,1,0,1,0.0
Fancy Bamboo Shoots,117,39,78,33.33333333333333
Hazelnut Instant Coffee Beverage,35,19,16,54.285714285714285
"Protein Bar, High, White Chocolate",1348,874,474,64.83679525222553
Compleats Microwavable Meal Chicken & Rice,29,10,19,34.48275862068966
CoCo Wheats Hot Cereal,13,1,12,7.6923076923076925
Gluten Free Chicken Florentine,41,19,22,46.34146341463415
Strawberries,142951,99802,43149,69.81553119600422
Chicken Breast Grilled Strips,275,161,114,58.54545454545455
Sugar Free Sweet Mint Gum,65,34,31,52.307692307692314
Resveratrol 250mg Capsules,6,0,6,0.0
Vanilla Extract,154,29,125,18.83116883116883
Grands! Homestyle Original,19,2,17,10.526315789473683
Antiperspirant Deodorant Cool Essentials Fresh Scent,354,55,299,15.53672316384181
Valley Vegetable Blend  Steamers,33,8,25,24.242424242424242
Fresh Orange Scented Natural Air Freshener,101,18,83,17.82178217821782
"Hand Cream, Lavender",16,1,15,6.25
Organic Lowfat Milk 1% Milkfat,13,3,10,23.076923076923077
Everyday Coconut Face Wash,120,14,106,11.666666666666666
Cherub Tomatoes,3,0,3,0.0
Miraculously Smooth Shampoo,6,0,6,0.0
"Fat Free, Gluten Free & Low Sodium, 12 Flavor Gummi Worms",2,0,2,0.0
Chocolate Peanut Butter Crisp Energy Bar,5,0,5,0.0
Gluten Free Soft Taco,353,212,141,60.05665722379604
Magnesium Tablets,21,4,17,19.047619047619047
Calcium 500 mg Milk Chocolate Disks,103,55,48,53.398058252427184
Tropical Punch,869,484,385,55.69620253164557
Philly Cheese Steak Sandwich,53,30,23,56.60377358490566
Vanilla Nonfat Yogurt,854,546,308,63.934426229508205
Hello Panda Choco Cream Biscuits,81,34,47,41.9753086419753
Season All Seasoned Salt,30,5,25,16.666666666666664
GoGurt Turtle Power Punch And Booyakasha Berry Portable Yogurt,8,0,8,0.0
Imported Hefeweizen,10,4,6,40.0
Organic Beef Broth,7306,2322,4984,31.782096906652068
Traditional Egg Pasta Pappardelle,1540,647,893,42.01298701298701
Vegan Smooth Chocolate Nutritional Shake,1324,868,456,65.55891238670695
Natural Hickory Smoked Canadian Bacon Center Cut From Pork Loin,1780,1024,756,57.528089887640455
Organic Smooth & Moisturizing Spearmint Peppermint Shaving Gel,20,2,18,10.0
Children's Ibuprofen Berry Flavor,3,0,3,0.0
Calcium-Magnesium With Vitamin D Complex,19,3,16,15.789473684210526
Le Gruyere Cheese,2160,930,1230,43.05555555555556
Milk Chocolate & Caramel Bar,91,42,49,46.15384615384615
Buttermilk Protein Pancake and Baking Mix,39,21,18,53.84615384615385
Natural Earth Enzymes Drain Opener,13,0,13,0.0
Premium Quality Cornstarch,577,42,535,7.279029462738301
American Craft Smoky Bourbon Smoked Sausage,7,1,6,14.285714285714285
Honey Lemon Cough Drops,7,2,5,28.57142857142857
Organic Mushroom Chef S Sampler,1577,843,734,53.455928979074194
Gummies,141,61,80,43.262411347517734
Organic Raw Hunza Goji Berries,202,95,107,47.02970297029702
Mild Guacamole,1598,903,695,56.5081351689612
Soap Saver 2 Pack,7,2,5,28.57142857142857
Mini Cinnamon Roll,44,13,31,29.545454545454547
Allergy Relief From Mold And Fungus,11,1,10,9.090909090909092
Ultimate Pepproni Ultra Thin/Crispy Pizza,40,25,15,62.5
Extra Strength Pain Relieving Balm,9,1,8,11.11111111111111
Lightly Salted Cultured Butter,245,141,104,57.55102040816327
Organic Mash ups Tropical Squeezable Fruit,324,215,109,66.35802469135803
Hickory Smoked Ultra Thin Deli Slices,3065,2008,1057,65.51386623164763
Organic Fruit Snacks Bunch O' Berries,4,0,4,0.0
Sweet Corn,10,3,7,30.0
Nighttime Cold & Flu Relief Softgels,10,0,10,0.0
Asiago Cheese Bagels,48,19,29,39.58333333333333
Organic Pink Ruby Grapefruit,127,44,83,34.645669291338585
Creamy Tomato Vodka Sauce,50,28,22,56.00000000000001
Banana Dippers Banana Slices,526,242,284,46.00760456273764
Black Bean Bonanza Tamales,502,304,198,60.55776892430279
Barcelona Vinaigrette Mediterranean Style,478,253,225,52.928870292887034
No Salt Added Diced Tomatoes,8,3,5,37.5
Julienne Sun Dried Tomato in Olive Oil,224,42,182,18.75
Cheesecake Cherry Cups,4,0,4,0.0
Pecorino Toscano Cheese,29,8,21,27.586206896551722
Spicy Jalapeno Uncured Salame,40,11,29,27.500000000000004
Organic Nut & Chocolate Milks Blend,20,4,16,20.0
"Black Cherry, Naturally Flavored Zero Calorie Soda, Caffeine Free",1575,1039,536,65.96825396825396
Mango in Extra Light Syrup,8,0,8,0.0
Eczema Therapy Moisturizing Cream,46,15,31,32.608695652173914
Raw Pure & Simple Organic Old Fashioned Oats,69,24,45,34.78260869565217
Sonoma Yellow Corn Organic Tortillas,936,439,497,46.901709401709404
Automatic Dishwasher Tablets Citrus - 25 CT,1014,457,557,45.06903353057199
Chopped Salad Kit Sesame Asian,131,64,67,48.854961832061065
Simple Starters Diced Red Onion,316,197,119,62.34177215189873
Fresh Rosemary,4,1,3,25.0
7 Day Keratin Smooth Conditioner,4,0,4,0.0
Chocolate Fudge Brownie Ice Cream,2346,1133,1213,48.29497016197784
Organic Cotton Ultra Pads Regular,446,161,285,36.09865470852018
Garlic Mint Cheese,453,305,148,67.3289183222958
Oats & Honey Granola Bars,14,5,9,35.714285714285715
Whole Cut Up Chicken,4,0,4,0.0
Chocolate Plant Protein,90,39,51,43.333333333333336
"Gravy Mix, Old Fashioned, Peppered",14,5,9,35.714285714285715
Recaito,38,10,28,26.31578947368421
Baby Spring Mix,3806,2041,1765,53.62585391487126
Short Grain Brown Rice,484,158,326,32.64462809917356
Lite Zesty Italian w/ Extra Virgin Olive Oil Dressing,49,11,38,22.448979591836736
"Pasta 'n Sauce, Elmo, Organic, with Carrots & Broccoli, 123 Sesame Street",286,138,148,48.25174825174825
Bread Cheese,46,24,22,52.17391304347826
Grapefruit Seed Liquid,25,1,24,4.0
Femdophilus,62,17,45,27.419354838709676
Organic Ginger Root Extract,8,1,7,12.5
Slow Cookers Savory Pot Roast Seasoning Mix,84,28,56,33.33333333333333
Fun Size Candy Bars,571,286,285,50.0875656742557
Beer Battered Golden Whole Fish Fillets,56,13,43,23.214285714285715
Soft Cream Cheese,386,192,194,49.740932642487046
Full Bodied Flavor Extra Virgin Organic Olive Oil,40,7,33,17.5
Stage 2 Just Apple & Kiwi,12,6,6,50.0
Potato Chips Sweet Potato,2248,1408,840,62.63345195729537
Trail Mix Chewy Granola,923,397,526,43.01191765980498
Organic Pickled Jalapeños,9,4,5,44.44444444444444
Mango Flavor Dairy Free Fermented Soy Probiotic,96,45,51,46.875
Original Whole Grain Chips,1250,686,564,54.879999999999995
Red Velvet Cupcake,39,11,28,28.205128205128204
Ezekel Prophet's Pocket Bread,423,184,239,43.498817966903076
"Bread, 18 Grains and Seeds",214,127,87,59.345794392523366
Pear from Concentrate Nectar,13,2,11,15.384615384615385
Healthy Request Mexican-Style Chicken Tortilla Soup,7,1,6,14.285714285714285
Chocolate Chip Cookie Dough Fruit & Nut Bars,182,98,84,53.84615384615385
Honey 1/2 Ham Boneless,47,14,33,29.78723404255319
Jacob's Wonderbar Dark Roast,1879,1388,491,73.86907929749867
Organic Sprouted Tri-Color Rice Blend,37,9,28,24.324324324324326
Port Wine Cheese Ball,49,14,35,28.57142857142857
Gluten Free Apple Uncured Bacon Beef Bar,555,271,284,48.82882882882883
Coconut Quinoa Yogurt,49,37,12,75.51020408163265
"Licorice, Soft",384,244,140,63.541666666666664
Graham Cracker Crumbs,89,8,81,8.98876404494382
"Dry Cola Soda, Lightly Sweetened",54,26,28,48.148148148148145
Max Strength Liquid Upset Stomach Reliever/Anti-Diarrheal,147,38,109,25.850340136054424
Rapid Wrinkle Repair Serum,12,4,8,33.33333333333333
Diet Ginger Soda,272,195,77,71.69117647058823
"Barbecue Sauce, Original",6,0,6,0.0
Country Potato Bread,2830,1926,904,68.0565371024735
Chevrai Original Goat Cheese,37,18,19,48.64864864864865
Asian Toasted Sesame Dressing & Marinade,22,3,19,13.636363636363635
Full Spectrum Liquid Peppermint Flavor Olive Leaf Complex,7,3,4,42.857142857142854
"Organic Spelt Penne, Made with VitaSpelt",69,47,22,68.11594202898551
Cooking Twine,72,2,70,2.7777777777777777
Organic Golden Ginger Ale Soda,120,42,78,35.0
Instant Rice Vermicelli Noodles,304,111,193,36.51315789473684
PM Pain Reliever and Nighttime Sleep Aid Caplets,25,10,15,40.0
Dried Shiitake Mushrooms,16,1,15,6.25
Light & Fit Greek Crunch Yogurt Peanut Butter Delight,16,9,7,56.25
Orange 'N Cream Soda Fountain Classics,28,18,10,64.28571428571429
"Noodles, Sesame, Vegan, Tray",106,61,45,57.54716981132076
Traditional Chicken & Herb Dumplings Soup,266,88,178,33.08270676691729
Grape Singles To Go Packets,5,2,3,40.0
PetCare Stain & Odor Remover,9,1,8,11.11111111111111
Espresso Blend,95,68,27,71.57894736842105
Walnut Topping,48,5,43,10.416666666666668
"Cherry Peppers, Hot, Sliced",186,73,113,39.247311827956985
"Milk, Lowfat, Chocolate, 1% Milkfat",269,191,78,71.00371747211895
Everyday Microwaveable Cut Resistant Soak Proof Shield Plates 6.87 in,29,10,19,34.48275862068966
Sauce Garlic Herb Marinade,4,1,3,25.0
Apple Cinnamon Meldey Scented Oil Refill,21,5,16,23.809523809523807
Sesame Seeded Sandwich Rolls,237,115,122,48.52320675105485
Spongia Tosta 30 C - 80 CT,4,0,4,0.0
Salsa Mild,116,46,70,39.6551724137931
Dark Chocolate & Coconut Candy Bar,61,40,21,65.57377049180327
French Roast K Cup Coffee,7,1,6,14.285714285714285
Clean Burst Liquid Laundry Detergent,376,188,188,50.0
Cold Cups,32,13,19,40.625
Organic Gluten Free Brown Rice Kid's Mix Pasta,22,15,7,68.18181818181817
Deli Roast Beef,45,15,30,33.33333333333333
Sensitive Night Cream,6,0,6,0.0
Creamy Peanut Butter,20033,10503,9530,52.42849298657215
Flashin' Fruit Punch Fruit Drink,44,28,16,63.63636363636363
Buffalo Wing Cooking Sauce,51,18,33,35.294117647058826
White Hot Dog Buns 8 Pk,12,4,8,33.33333333333333
Fish Stock,75,16,59,21.333333333333336
Dill Stir-In Paste,31,6,25,19.35483870967742
Toilet Paper Double Rolls - 24 CT,567,249,318,43.91534391534391
Party Bag Assortment  Chocolate Mix,68,22,46,32.35294117647059
45 Calories & Delightful Healthy Multi-Grain Bread,117,69,48,58.97435897435898
Kitchen® Home Style Dog Treats Chicken Grillers,14,9,5,64.28571428571429
Mint Umcka Cold Care Chewable Tablets,14,1,13,7.142857142857142
Part-Skim Mozzarella Cheese,8,4,4,50.0
Chocolate Ice Cream,13273,7146,6127,53.8386197543886
Creamy Caesar Salad Dressing,41,7,34,17.073170731707318
Organic 50/50 Spring Blend,42,20,22,47.61904761904761
Ranch To Go,13,3,10,23.076923076923077
Large White Bread Twin Pack,23,10,13,43.47826086956522
Strawberry Whole Milk Drinkable Yogurt,242,103,139,42.561983471074385
Bar Chocolate Peanut Butter Gluten Free,195,105,90,53.84615384615385
Fresh Catfish Fillet,17,11,6,64.70588235294117
Organic Pitted Green Olives,3303,1576,1727,47.71419921283682
Sea Salt Brown Rice Crackers,2773,1845,928,66.53443923548504
Bow Ties,192,65,127,33.85416666666667
Light Wheat Bread,70,47,23,67.14285714285714
Organic Ginseng Mandarin Tonic,122,73,49,59.83606557377049
Organic Forbidden Rice,543,190,353,34.99079189686925
Zero Mercury 2025 Lithium Batteries,3,0,3,0.0
Parboiled Rice,10,7,3,70.0
"Love My Veg Banana, Beet, Squash, Blueberry",975,592,383,60.71794871794872
Frozen Greek Yogurt Bars With Toffee & Caramel & Chocolate Chips,15,4,11,26.666666666666668
Pad Thai Meal Kit,4,2,2,50.0
The Dundee Orange Marmalade,6,2,4,33.33333333333333
Original Recipe Hummus,115,70,45,60.86956521739131
Organic Hemp Pro Fiber Plant Based Protein Supplement,176,50,126,28.40909090909091
Organic Love Crunch Dark Chocolate Macaroon Granola,1321,853,468,64.57229371688115
Gin Gins Ginger Chewy Candy,162,74,88,45.67901234567901
Anti-Itch Medicated Wipes Maximum Strength,4,0,4,0.0
Corn Husk,23,5,18,21.73913043478261
Vitamin D3 2000 Iu,22,1,21,4.545454545454546
Purple Asparagus,41,5,36,12.195121951219512
2nd Foods Mixed Vegetable,91,39,52,42.857142857142854
Chocolate Brownie Kid Z Bar,948,591,357,62.34177215189873
Sliced Soppressata Salame,3093,1645,1448,53.18461041060459
Snackers Pumpkin Seed Cheddar,162,112,50,69.1358024691358
Poultry & Beef Feast Variety Grilled Wet Cat Food,949,597,352,62.90832455216017
Ibuprofen Caplets,41,3,38,7.317073170731707
Poppy Seed Cake & Pastry Filling,8,1,7,12.5
12 Hour Cough Relief,17,3,14,17.647058823529413
Duo Pack Unscented Plastic Tampons,31,4,27,12.903225806451612
Strawberry ZFruit,192,108,84,56.25
Fun Size Chocolate Bars,313,169,144,53.99361022364217
Chunky Feta Dressing & Dip,57,40,17,70.17543859649122
Dark Chocolate Covered Cashews,3,0,3,0.0
Spicy Mango Chili Sauce,27,6,21,22.22222222222222
Butter Salted,385,263,122,68.31168831168831
Shredded Sharp Cheddar Cheese,7117,3700,3417,51.98819727413236
Organic Whole Grain Tri-Color Quinoa,21,0,21,0.0
Creamy Chicken Flavor Rice Sides,69,28,41,40.57971014492754
Green Apple Shampoo,33,5,28,15.151515151515152
Mexican Style Quesadilla Melting Cheese with Jalapeno,46,16,30,34.78260869565217
Gentle Scrunchies,2,0,2,0.0
Instant Hand Sanitizer With Aloe,52,7,45,13.461538461538462
"Hypoallergenic Laundry Detergent, 32 Loads",117,51,66,43.58974358974359
Original Blend Medium Roast Whole Bean Coffee,284,140,144,49.29577464788733
Organico Bello Marinara Pasta Sauce,541,246,295,45.4713493530499
Ghee Vanilla Bean,67,7,60,10.44776119402985
Mint Fudge Ice Cream Sandwiches,15,3,12,20.0
VSOP Brandy,123,84,39,68.29268292682927
Baked Mini Beef Meatballs,2346,1327,1019,56.56436487638533
Elbows Pasta,479,182,297,37.995824634655534
"Sunscreen, Sport Spray, SPF 40",17,2,15,11.76470588235294
Grape Gelatin Dessert,39,3,36,7.6923076923076925
Country Dijon Mustard,1270,310,960,24.409448818897637
"Shikakai Soap, Organic Hand & Body, Tea Tree",8,2,6,25.0
Avocado Roll,5885,4517,1368,76.75446049277825
Mocha Flavored Ground Coffee,26,14,12,53.84615384615385
Fruit Roll-Ups Strawberry Sensation Fruit Flavored Snacks,282,124,158,43.97163120567376
Wicked Dark 95% Chocolate,107,64,43,59.813084112149525
Deliciously Dairy Free Jack Style Wedge,132,45,87,34.090909090909086
Natural Smoked Baby Clams In Olive Oil,125,59,66,47.199999999999996
Granny Smith Apple,416,154,262,37.019230769230774
Anti-Stress Eye Pillow,11,1,10,9.090909090909092
Heart Healthy Minestrone Soup,73,17,56,23.28767123287671
Jurassic World Fruit Flavored Snacks,6,2,4,33.33333333333333
Bodacious Blueberry Vanilla Energy Bar,62,28,34,45.16129032258064
Wasabi Roasted Seaweed Snacks,1696,984,712,58.01886792452831
"Turkey Bacon, Uncured, Cherrywood Smoked",17,3,14,17.647058823529413
Classic Roast Instant Coffee Crystals,386,160,226,41.45077720207254
Raspberry Zinger Caffeine Free Herbal Tea,159,42,117,26.41509433962264
8 oz Dofino Havarti Light,12,1,11,8.333333333333332
Chicken Stir-Fry,40,24,16,60.0
French Baguette,4665,2608,2057,55.90568060021436
"Superfood Smoothie, Organic, Energy, Mocha Java",4,0,4,0.0
Protein Cranberry Almond Crunchy Granola,170,69,101,40.588235294117645
Chocolate Craze Nutrition Bar,50,30,20,60.0
Color Flame Birthday Candles,6,0,6,0.0
Teething Gel,13,0,13,0.0
Gluten Free Pina Colada Fruitfull Bar,11,4,7,36.36363636363637
Kinder 1+ Powdered Milk Beverage,11,6,5,54.54545454545454
Swai Fillets,58,16,42,27.586206896551722
Multi-Grain Club Crackers,247,131,116,53.036437246963565
Antifungal Cream for Jock Itch,41,12,29,29.268292682926827
Champagne Shallot Walnut Dressing,11,1,10,9.090909090909092
Microwavable Single Serving Mac & Cheese,123,58,65,47.15447154471545
Roast Chicken Flavor Big Cup Noodles,10,2,8,20.0
Sausage Scrambles,27,16,11,59.25925925925925
"Organic Herbal Coffee Alternative Dark French Roast,",16,3,13,18.75
Original Recipe Marinara Pasta Sauce,68,34,34,50.0
Bernie's Farm Fun Shape Macaroni & Cheese,169,87,82,51.4792899408284
Almond Crusted Flounder,11,5,6,45.45454545454545
Pigeon Peas,21,6,15,28.57142857142857
Yellow Cling Peach Halves In Heavy Syrup,14,4,10,28.57142857142857
Chili Mac & Cheese,8,2,6,25.0
Clean Freak Refreshing Unscented Dry Shampoo,28,11,17,39.285714285714285
"Bread, Whole Grains",72,33,39,45.83333333333333
Cinnamon Raisin Rice Pudding,21,4,17,19.047619047619047
OptiGRO with Iron Infant Formula,64,38,26,59.375
"Salad, Lettuce Trio",611,325,286,53.191489361702125
Surfer Cooler Juice Drink,12,2,10,16.666666666666664
Plain Low-Fat Yogurt,92,57,35,61.95652173913043
Strawberry Fruitfull Bar,47,24,23,51.06382978723404
Fajitas Spices & Seasonings,110,32,78,29.09090909090909
Gentle Exfoliating Body Wash,199,48,151,24.120603015075375
Ceramic Neti Pot,38,1,37,2.631578947368421
Dry Eye Relief,131,23,108,17.557251908396946
Black Elderberry Night Time Syrup,19,2,17,10.526315789473683
Non Dairy Sour Cream Alternative,164,75,89,45.73170731707317
Clementina Sparkling Beverage,1353,741,612,54.767184035476724
White Made with Whole Grain Bread,66,31,35,46.96969696969697
"Room Freshener, Geranium Scent",48,15,33,31.25
Organic Five Spice Tofu Nuggets,330,205,125,62.121212121212125
Peanut Butter & Honey Nutrition Bar,100,70,30,70.0
Shampoo & Wash,75,12,63,16.0
Goat Milk Mozzarella,103,44,59,42.71844660194174
Diet Noni Berry Juice,5,0,5,0.0
"Original Unsweetened Enriched Almond, Cashew & Hazelnut Drink",18,9,9,50.0
"Complete Nutrition Infant Formula, Stage 1",124,80,44,64.51612903225806
Propolis & Myrrh Natural Fluoride-Free Peppermint Toothpaste,9,0,9,0.0
Shooting Star Beeswax Birthday Candle,52,3,49,5.769230769230769
Naked Pure Coconut Water,170,69,101,40.588235294117645
Organic Low Sodium Broth Chicken,396,117,279,29.545454545454547
Fiesta Size Strips Restaurant Style Tortilla Chips,46,11,35,23.91304347826087
Pastels 2-1/2 in Baking Cups,236,27,209,11.440677966101696
Mixed Fruit in 100% Cherry  Juice,346,160,186,46.24277456647399
"Honest Liquid Laundry Detergent, Free & Clear",242,137,105,56.611570247933884
Slow Cooker Sauces Southern BBQ,10,3,7,30.0
Scent Expressions Clear Gel Ooh-La-La Lavender Scent Antiperspirant & Deodorant Twin,18,5,13,27.77777777777778
White Zinfandel Wine,14,3,11,21.428571428571427
Rehab Rojo Energy Tea,43,36,7,83.72093023255815
Complete Health Adult Dog Food Lamb & Barley,6,2,4,33.33333333333333
Ripples Sour Cream & Onion Flavored Potato Chips,93,62,31,66.66666666666666
Organic Guava,462,202,260,43.722943722943725
Oatmeal Original Unsweetened,501,341,160,68.06387225548902
Chef's Naturals Pecan Halves,8,1,7,12.5
Perfect Food Alkalize & Detoxifier RAW Organic Green Super Food,27,16,11,59.25925925925925
Hot Italian Chicken Sausage,153,60,93,39.21568627450981
Coffee Cake,43,13,30,30.23255813953488
Original Liquid Coffee Creamer,223,122,101,54.7085201793722
Brut Natural Hard Apple Cider,14,1,13,7.142857142857142
Mocha Almond Fudge Ice Cream,46,21,25,45.65217391304348
Nutrish Naturally Delish Chicken Paw Pie Wet Dog Food,2,0,2,0.0
Sausage With Egg & Cheese,10,2,8,20.0
Belgian Waffle Mix,354,127,227,35.87570621468927
100% Juice Pineapple Juice,13,3,10,23.076923076923077
Psyllium Husks Powder,96,9,87,9.375
Natural Sugar Free Spearmint Mints,56,27,29,48.214285714285715
Super Chunk Extra Crunchy Peanut Butter,810,397,413,49.01234567901235
Black Silk Dark Roast Ground Coffee,13,3,10,23.076923076923077
Organic Hearty Brown Rice Miso,7,1,6,14.285714285714285
Honeycrisp Apples,13880,9377,4503,67.55763688760807
Organic Honeydew,1795,752,1043,41.8941504178273
Handsaver Flex Strong Small Gloves,28,1,27,3.571428571428571
"P3 Portable Protein Pack-Slow Roasted Turkey Breast, Mild Cheddar Cheese & Dry Roasted Peanuts",108,46,62,42.592592592592595
Classic Frankfurters,5,3,2,60.0
Organic Chamomile Citrus Tea,2,0,2,0.0
"Cheese, Smoked Swiss",3,0,3,0.0
Creamy Beef Stroganoff Velveeta Cheesy Skillets,25,9,16,36.0
Chef's Favorites Lightly Seasoned Asian Medley,431,193,238,44.779582366589324
Cold-Pressed Organic Apple,1370,1012,358,73.86861313868613
Hot Dog Relish,5,1,4,20.0
Limited Edition Milano Banana Chocolate Cookies,6,3,3,50.0
Pepper Jack String Cheese,148,75,73,50.67567567567568
"Nuggets Assortment, Family Bag",158,81,77,51.26582278481012
Unscented Shea Butter Authentic African Black Soap,9,1,8,11.11111111111111
Plum Kids Organic Fruit & Veggie Shredz - Rooty Blues,81,45,36,55.55555555555556
Positively Pancakes,11,5,6,45.45454545454545
Cascabel Sauce,3,0,3,0.0
3D White Radiant Mint Flavor Whitening Toothpaste,804,228,576,28.35820895522388
Green Tea with Blueberry & Honey,10,5,5,50.0
Tandoori Inspired Spiced Chicken,191,83,108,43.455497382198956
Fire Kombucha,55,32,23,58.18181818181818
Thin Noodles,13,1,12,7.6923076923076925
Colombia Los Picos Coffee,112,57,55,50.89285714285714
Coldwater High Efficiency Liquid Laundry Detergent,130,59,71,45.38461538461539
Fresh Pressed Pomegranate,3,0,3,0.0
Peanut Butter Sliced Apples,80,46,34,57.49999999999999
Gluten Free Chicken Breast Tenders,3313,1745,1568,52.67129489888319
Hand Soap Organic Lavender,163,69,94,42.331288343558285
Honey Maid Cinnamon Grahams,742,265,477,35.714285714285715
Hawaiian Breeze Carpet & Room Refresher,31,3,28,9.67741935483871
Chorizo Pork Sausage,153,34,119,22.22222222222222
Berry Veggie Juice Smoothie,571,237,334,41.5061295971979
Ranch Dip Mix,889,205,684,23.059617547806525
Jr. Organic Chocolate Cherry Granola Bars,43,21,22,48.837209302325576
Organic Chicken Breasts,703,403,300,57.32574679943101
Classic Cosmic Cranberry Kombucha,55,34,21,61.81818181818181
Rhubarb,337,88,249,26.112759643916917
Smooth & Creamy Organic Lowfat French Vanilla Yogurt,1456,962,494,66.07142857142857
"Cajun Seasoning, N'Orleans",9,4,5,44.44444444444444
Women's MultiVites Gummy Vitamins,134,42,92,31.343283582089555
Vitamin A & D Fat Free Milk,546,406,140,74.35897435897436
Hydro Body Sponge,84,11,73,13.095238095238097
Milk Chocolate Eggs,16,3,13,18.75
Simply Store Glass Storage 7 Cup,43,4,39,9.30232558139535
Max Fresh Cool Mint Toothpaste,318,116,202,36.477987421383645
Organic Marinara Sauce,819,358,461,43.71184371184371
Coconut Water with Pulp,55,30,25,54.54545454545454
Little Yums Pumpkin and Banana Teething Wafers,1612,702,910,43.54838709677419
Sea Mineral Moisture Shampoo,12,2,10,16.666666666666664
Concord Grape Fruit Juice Cocktail,98,59,39,60.204081632653065
Roasted Walnut Oil,217,54,163,24.88479262672811
Coffee-Mate Star Wars Spiced Latte Coffee Creamer,4,0,4,0.0
"Hair Lotion, Shine & Refine, Coconut",4,0,4,0.0
Brazilian Keratin Therapy Shampoo,63,23,40,36.507936507936506
Wild Blueberry Fruit Spread,346,108,238,31.213872832369944
Lemon Lime Thirst Quencher Drink,11,2,9,18.181818181818183
Lightly Salted Mixed Nuts,75,42,33,56.00000000000001
Argan Face Oil,29,2,27,6.896551724137931
Natural Goddess Dressing,446,160,286,35.874439461883405
Instant Gluten Free Blueberries Strawberries & Brown Sugar Oatmeal,58,36,22,62.06896551724138
Peach Yoghurt,3727,2252,1475,60.42393345854574
"Chestnuts, Organic",8,4,4,50.0
Bare Unscented Shampoo for All Hair Types,14,6,8,42.857142857142854
Caramel Apple Dream Herbal Tea,41,7,34,17.073170731707318
Organic Acai Berry Energy,24,12,12,50.0
Chocolate Almond Raisin,18,10,8,55.55555555555556
Organic Energy Drink Island Fruit Flavor,50,35,15,70.0
Mallow Bits Vanilla Marshmallows,82,19,63,23.170731707317074
Tangerine,4389,2877,1512,65.55023923444976
Crunch 'N Chew Original Flavors,7,1,6,14.285714285714285
Sesame Chili Oil,56,12,44,21.428571428571427
Superfood Spinach and Kale Ravioli,61,23,38,37.704918032786885
Pepper Turkey Breast,42,14,28,33.33333333333333
Syrup Day Time Cold & Cough Cherry 4oz,5,0,5,0.0
G Series Fierce Melon Sports Drink,110,77,33,70.0
Nicoises Olives in Brine,2,0,2,0.0
Gel Clog Remover,145,23,122,15.862068965517242
Wild Blueberry Preserves,2484,1046,1438,42.109500805152976
Ginger Soother,341,195,146,57.18475073313783
Bologna Style Veggie Protein Slices,142,77,65,54.22535211267606
Cracked Wheat,132,96,36,72.72727272727273
Pick-A-Size Paper Towel Roll,41,17,24,41.46341463414634
Chipotle Chili Chocolate Mexicano Classic Discs,23,5,18,21.73913043478261
Organic Tomato Sauce No Salt Added,1523,611,912,40.11818778726198
Non Fat Greek Yogurt,4148,3095,1053,74.61427193828351
Cafe Steamers Chicken Linguine,225,114,111,50.66666666666667
Organic Gluten Free Tamari Less Sodium Soy Sauce,507,142,365,28.007889546351084
Regular Whipped Topping,8,1,7,12.5
Starmont Chardonnay,8,3,5,37.5
Bacon Scramble,59,35,24,59.32203389830508
Organic Montebello Tagliatelle Italian Pasta,132,38,94,28.78787878787879
Fresh Scent Disinfecting Wipes,15,3,12,20.0
Single Serve Chocolate Satin Mini Pies,99,37,62,37.37373737373738
"Pitaya Dragonfruit Raw, Organic Smoothie Packs",299,99,200,33.11036789297659
Handcrafted Unscented Shea Butter,4,0,4,0.0
Private Bin Sauvignon Blanc,44,23,21,52.27272727272727
Sweet Potato Cakes,62,30,32,48.38709677419355
Sun Sport Sunblock Spf 45,8,0,8,0.0
Roasted Garlic Caesar Dressing,376,129,247,34.308510638297875
Clump & Seal MicroGuard Cat Litter,42,24,18,57.14285714285714
Freshly made spaghetti tossed with meatballs in a seasoned tomato sauce Spaghetti with Meatballs,549,376,173,68.48816029143899
Oats & Honey Gluten Free Granola,7987,4954,3033,62.025791911856764
Greek Yogurt Vanilla,280,169,111,60.357142857142854
Seasonal Ice Cream,4,2,2,50.0
Training Treats Real Beef Dog Snacks,43,12,31,27.906976744186046
Sriracha Chicken Breast,6,1,5,16.666666666666664
Supreme Caesar Dressing,50,20,30,40.0
Premium Natural Mixers Bitter Lemon,34,9,25,26.47058823529412
Sprouted Sunflower Seeds,523,145,378,27.724665391969406
Stage 1 Just Honeycrisp Apples,9,1,8,11.11111111111111
"Original 4 Meat Sausage, Pepperoni, Hamburger, Canadian Bacon Pizza",79,41,38,51.89873417721519
Light & Fit Nonfat Yogurt Drink Strawberry,9,3,6,33.33333333333333
Loofah Sponges,281,111,170,39.50177935943061
Organic Pecan Pieces,81,34,47,41.9753086419753
Classic Smoked Salmon,116,59,57,50.86206896551724
100 Calorie Variety Sack,69,45,24,65.21739130434783
Smoky Jerky Snacks Dog Treats,25,13,12,52.0
Pastrami,246,157,89,63.82113821138211
Portero Hill Raw Honey,81,49,32,60.49382716049383
Dinnerware Forks,80,25,55,31.25
Organic Sumatra Coffee,77,24,53,31.16883116883117
Organix Grain Free Shredded Chicken Cat Food,47,21,26,44.680851063829785
Diced Tomatoes No Salt Added,162,54,108,33.33333333333333
Extra Large Pitted Ripe Olives,52,20,32,38.46153846153847
Organic Peas & Brown Rice Stage 2 Baby Food,405,175,230,43.20987654320987
Tostadas,95,34,61,35.78947368421053
Bar Pore Minimizing Pore Treatment,5,0,5,0.0
Eggnog,18,5,13,27.77777777777778
Condensed Golden Mushroom Soup,219,77,142,35.15981735159817
Blueberry Mini Bagels,172,89,83,51.74418604651163
Rogue,18,5,13,27.77777777777778
Strawberry Rhubarb Pie in Chocolate,7,3,4,42.857142857142854
Pickld Crispy Carrots,25,1,24,4.0
Creamy Vodka  Pasta Sauce,216,80,136,37.03703703703704
Real Volume Aussie Aussome Volumizing Shampoo,41,6,35,14.634146341463413
Moisture Rich Shampoo,277,64,213,23.104693140794225
Advanced Refreshing Gel,28,5,23,17.857142857142858
Raw Cacao Nibs,236,68,168,28.8135593220339
2nd Foods Organic  Pear and Spinach Baby Food,322,198,124,61.49068322981367
Daily Essential Enzymes 500 mg Capsules,14,2,12,14.285714285714285
Chinese Chicken Salad Dressing,25,4,21,16.0
Stand 'n Stuff Taco Shells,2147,938,1209,43.688868188169536
FreshBurst PocketPaks® Breath Strips,62,28,34,45.16129032258064
Southwest Turkey Breast,27,18,9,66.66666666666666
Bite Organic Peanut Butter Crunch Snack Bar,36,13,23,36.11111111111111
Original Potato Chips Triple Pack,26,15,11,57.692307692307686
Enchilado Part Skim Milk Cheese,4,0,4,0.0
Marble Halvah,15,10,5,66.66666666666666
"Merlot, California, 2007",69,20,49,28.985507246376812
Gut Shot Garlic Dill Pickle,340,212,128,62.35294117647059
Fire Roasted Red Pepper Hummus,635,356,279,56.06299212598426
Active Naturals Shampoo Pure Renewal,26,8,18,30.76923076923077
Egg Pappardelle Noodles,335,111,224,33.134328358208954
Honey Chipotle Salmon,13,4,9,30.76923076923077
CleanseMore Natural Laxative Formula Vegetable Capsules,39,12,27,30.76923076923077
Ice Sports Drink,17,10,7,58.82352941176471
Fresh 99% Lean Ground Turkey,577,361,216,62.56499133448874
Fudge Covered Crackers,14,1,13,7.142857142857142
White with 30% Cacao Content Organic Chocolate,1396,893,503,63.96848137535817
Cornbread Bites,4,2,2,50.0
Pearl Plastic Light Absorbency Unscented Tampons,157,63,94,40.12738853503185
Organic Sugar Snap Peas,8423,4655,3768,55.26534488899442
Honey Im Strong Conditioner,12,3,9,25.0
"9\"" Apple Pie",303,82,221,27.062706270627064
Ice Cream Scoop,89,3,86,3.3707865168539324
Naturally Flavored Blueberry Watermelon Zero Calorie Sparkling Water,27,8,19,29.629629629629626
Natural Powder Long Lasting Deodorant,57,11,46,19.298245614035086
Volume Extend Fortifying Conditioner,8,1,7,12.5
French Vanilla Ground Coffee,8,1,7,12.5
Dark Chocolate Chili Almond Bars,37,12,25,32.432432432432435
Lemon Ricotta Ravioli In Lemon Pasta,50,23,27,46.0
Frozen Greek Yogurt Coconut Bars,241,108,133,44.81327800829876
Country White Sour Dough Oval Sliced Loaf,258,188,70,72.86821705426357
Simply Fruit Strawberry Spreadable Fruit,158,54,104,34.177215189873415
Mild Rich Cashew & Cumin Cooking Sauce,3,0,3,0.0
Meadows & Rain Candle,4,0,4,0.0
Organic Grated Ginger,649,114,535,17.565485362095533
Baby's Super Daily Liquid Vitamin D Drops,225,26,199,11.555555555555555
SauceSations Chicken Dinner in Garden Sauce Cat Food,76,53,23,69.73684210526315
Lobster Bisque,330,130,200,39.39393939393939
Grass-fed 90% Ground Beef,517,285,232,55.12572533849129
Powdered Peanut Butter,1411,584,827,41.389085754783835
Old Farmhouse Chutney,23,6,17,26.08695652173913
Pineapple Contour Soda,132,81,51,61.36363636363637
Spring Water Antibacterial Deodorant Soap,108,30,78,27.77777777777778
Crab Meat Backfin Lump,18,3,15,16.666666666666664
Dairy Free Greek Vinaigrette Made With Avocado Oil & Oil of Oregano,252,74,178,29.365079365079367
Chocolate Chip Love Cookies,125,53,72,42.4
Dried Philippine Mango,392,234,158,59.693877551020414
Cheese Corn Thins,67,42,25,62.68656716417911
Hass Avocado Variety,4082,2579,1503,63.17981381675649
Junior Natur Medium Toothbrush,32,3,29,9.375
Hard Candy 5 Flavors,193,92,101,47.66839378238342
Vitamin D Organic Whole Milk,10329,7781,2548,75.33159066705393
Long Grain Wild Rice,816,450,366,55.14705882352941
Sliced Swiss Cheese,872,507,365,58.142201834862384
Chickpeas Red Peppers Potatoes,303,187,116,61.71617161716172
"Precision 8\"" Scissors",32,3,29,9.375
Dulce De Leche Caramel Ice Cream,111,53,58,47.74774774774775
Parmesan Cheese Angel Hair Pasta Mix,463,203,260,43.84449244060475
Turkey Skinless Smoked Sausage,191,86,105,45.0261780104712
Optique Eye Drops,38,11,27,28.947368421052634
Multi Insect Killer 7 Insecticide,19,4,15,21.052631578947366
Natural Wild Caught Brisling Sardines in Extra Virgin Olive Oil,426,200,226,46.948356807511736
Beet Juice With Ginger,8,0,8,0.0
Reduced Fat Feta Cheese,694,291,403,41.930835734870314
Canola Mayonnaise Dressing,111,52,59,46.846846846846844
Light,484,323,161,66.73553719008265
Coconut Oil Kettle Cooked Potato Chips Sea Salt,336,216,120,64.28571428571429
Flaked Skipjack Tuna Cat Food,127,82,45,64.56692913385827
"Kombucha, Organic Raw, Lavender No. 3",1489,870,619,58.42847548690396
Coffee Ice Cream,3770,2013,1757,53.39522546419098
Signature Blend K-Cup Packs Coffee,292,186,106,63.6986301369863
Chips Onion Applewood BBQ,44,5,39,11.363636363636363
Clean Zest Air Freshener,7,0,7,0.0
Vanilla Swiss Almond Ice Cream,938,467,471,49.78678038379531
Original Berry Flavor Dye-Free Children's,288,72,216,25.0
Zero Calorie Sparkling Water Black Cherry,77,55,22,71.42857142857143
Presliced Everything Bagels,7333,5003,2330,68.22582844674758
Pure Fresh Freshmint Sugar-Free Gum,80,38,42,47.5
Advanced Dry Clear Gel Unscented Antiperspirant & Deodorant,45,16,29,35.55555555555556
Assorted Flavors Pops,162,75,87,46.2962962962963
Original Salad Cream,6,1,5,16.666666666666664
Acne Medication Rapid Treatment Face Wash Maximum Action,17,5,12,29.411764705882355
Large Pitted Ripe Black Olives,58,24,34,41.37931034482759
Healthy Harvest Granny Smith Apple Sauce,151,81,70,53.64238410596026
Taco Explosion Mix Tortilla Snacks,15,7,8,46.666666666666664
Sweeper Febreze Lavender Vanilla & Comfort Scent Wet Mopping Cloths Refill,228,83,145,36.40350877192983
Summer Pear Sparking Beverage,37,20,17,54.054054054054056
100% Whole Wheat English Muffin 6 Ct,1304,891,413,68.3282208588957
Macaroni & White Cheddar Cheese,71,37,34,52.112676056338024
Roasted Garlic Vegenaise,32,13,19,40.625
Compostable Coffee Filters,2131,701,1430,32.8953542937588
Fat Free Sour Cream,178,85,93,47.752808988764045
Softly Facial Tissue Boxes,59,23,36,38.983050847457626
Crossovers Maple Syrup Blended with Ancient Grain Granola Low-Fat Greek Strained Yogurt,120,52,68,43.333333333333336
Wild Caught in Extra Virgin Olive Oil Sardines,30,16,14,53.333333333333336
Green Chili & Cumin Adzuki Bean Burger,751,393,358,52.330226364846865
Happy Birthday Streamers,16,1,15,6.25
Blackened Redfish Magic Seasoning Blend,26,8,18,30.76923076923077
Pet Stain Remover,167,37,130,22.15568862275449
Beans,136,63,73,46.32352941176471
Oxi Original 105 Loads Laundry Detergent,67,37,30,55.223880597014926
Sweet Potato Corn Tortilla Chips,226,134,92,59.29203539823009
Pad Thai for Two,4,1,3,25.0
Butternut Squash Tamales With Cheese,615,367,248,59.674796747967484
SmartPop! Butter Popping Corn,6,0,6,0.0
Original Flavor Ramen Noodles,179,89,90,49.72067039106145
Organic Blueberry Switchel,13,0,13,0.0
Triple Layer Fruit Snack,40,19,21,47.5
Almond Butter Mini Bar,47,28,19,59.57446808510638
Plus the Power of OxiClean Stain Fighters Fresh Scent Laundry Detergent,33,5,28,15.151515151515152
Organic Cornstarch,670,80,590,11.940298507462686
P.B. Popps Popcorn,114,70,44,61.40350877192983
Apple Strawberry Banana Squeezable Fruit,43,36,7,83.72093023255815
Organic Orange Extract,5,0,5,0.0
Complete Care Original Flavor Toothpaste,13,9,4,69.23076923076923
Traditional Popover Mix,6,3,3,50.0
Original Cheesecake,47,3,44,6.382978723404255
Catnip Mice Skitter Critters,30,8,22,26.666666666666668
Apple Ginger,71,24,47,33.80281690140845
Sedalia Homeopathic Medicine Stress Relief Quick Dissolving Tablets - 60 CT,28,1,27,3.571428571428571
Cat Concoctions with Lamb in Clam Flavored Sauce Cat Food,25,11,14,44.0
Apples & Cheddar w/Cranberries & Cashews,15,7,8,46.666666666666664
Oakville,7,2,5,28.57142857142857
Mango Ice Cream Bites,223,105,118,47.08520179372198
Jack Habanero Cheese,450,132,318,29.333333333333332
24 HR Acid Reducer Delayed-Release Capsules,32,18,14,56.25
Lavender Liquid Laundry Detergent,22,6,16,27.27272727272727
"Shiraz, South Australia, Vintage 2008",43,15,28,34.883720930232556
Fruit & Honey Blueberry Lemon Fruit Spread,17,3,14,17.647058823529413
Organic Apricot Preserve,9,1,8,11.11111111111111
Yellow Nectarine,762,452,310,59.31758530183727
Salsa Black Bean & Corn,191,94,97,49.21465968586388
Orange Mango Chicken,493,275,218,55.78093306288032
Citrus Scent Dual Action Wipes,91,22,69,24.175824175824175
Safe & Natural Orange Squeeze Kids Liquid Soap,122,34,88,27.86885245901639
Organic Lettuce,2222,865,1357,38.92889288928893
Short Macaroni Pasta,15,2,13,13.333333333333334
Chicken Flavor Japanese Style Udon Noodles With Soup Base,12,1,11,8.333333333333332
Caramel Almond & Sea Salt Fruit & Nut Bars,276,118,158,42.7536231884058
Sliced Ham,9,6,3,66.66666666666666
Spread Just Awesomesauce,22,4,18,18.181818181818183
Eucalyptus & Mint Aromatic Chest Rub,7,0,7,0.0
Cranberry Kombucha,242,190,52,78.51239669421489
Gentlease Infant Formula Powder,88,49,39,55.68181818181818
Hickory Smoke Real Bacon Bits,499,191,308,38.276553106212425
Carolina Gold BBQ Sauce,37,12,25,32.432432432432435
Multi-V Goodness Fruit Juice Smoothie,39,19,20,48.717948717948715
Mini Lemon Bites,92,41,51,44.565217391304344
Bourbon Barrel Stout,3,1,2,33.33333333333333
Men's One Daily Tablets,5,0,5,0.0
Chardonnay California 2009,117,81,36,69.23076923076923
Natural Hickory Smoked Ham,40,16,24,40.0
Reduced Fat Original Potato Crisps,279,181,98,64.87455197132617
Organic Madagascar Vanilla Ice Cream,380,181,199,47.63157894736842
Sprouted Whole Wheat Bread,4262,2989,1273,70.13139371187236
Multivitamin Supplement Tablets For Men,12,0,12,0.0
Coconut Mango Chia Vitality Beverage,416,282,134,67.78846153846155
Dandruff Shampoo & Conditioner,7,2,5,28.57142857142857
Organic Olive Oil,49,19,30,38.775510204081634
Solid Pack Light Tuna,276,170,106,61.59420289855072
Grass Fed Ground Lamb,93,42,51,45.16129032258064
Simply Sea Salted Thick Cut Potato Chips,600,335,265,55.833333333333336
Uncured Beef Franks,373,129,244,34.584450402144775
Extreme Scrub Sponge,7,0,7,0.0
Jalapeno Hummus,7707,5462,2245,70.87063708317115
Early Pregnancy Test,82,4,78,4.878048780487805
Cool Ranch Flavored Tortilla Chips,75,22,53,29.333333333333332
Sesame Yuba Noodles,134,76,58,56.71641791044776
Candy Rolls Assorted Flavors,145,75,70,51.724137931034484
Sourdough Dinner Rolls,374,189,185,50.534759358288774
Original California Style Hot Sauce,328,140,188,42.68292682926829
Excite Body Wash,21,10,11,47.61904761904761
"Liquid Laundry Detergent with Bleach Alternative, Original scent",64,28,36,43.75
Peppermint Pure Castile Soap,263,66,197,25.09505703422053
Pure Lemonade On the Go,13,5,8,38.46153846153847
Glazed Pie Pecans,59,25,34,42.3728813559322
"Bandages, Sheer",58,4,54,6.896551724137931
Organic 2nd Foods Fruit Apple Blackberry Baby Food Organic Purees Fruit/Veg,80,35,45,43.75
Marachino Cherries,61,21,40,34.42622950819672
Hand Cleansing Lavender Natural Fiber Wipes,70,34,36,48.57142857142857
Vegetarian Organic Kidney Beans Low Sodium,27,9,18,33.33333333333333
Colored Pencils,53,4,49,7.547169811320755
"Storage Containers, Large Bowl",11,1,10,9.090909090909092
Apollo Shampoo + Conditioner,19,7,12,36.84210526315789
Chewy Fudge Brownie Mix,622,277,345,44.533762057877816
100% Organic Einkorn  All-Purpose Flour,220,132,88,60.0
Savory Shreds with Beef in Gravy Cat Food,132,77,55,58.333333333333336
Choice Cuts In Gravy With Lamb & Vegetables,6,0,6,0.0
Original Fresh Scent Heavy Starch,103,46,57,44.66019417475729
Organic 90% Ground Beef,3341,2017,1324,60.37114636336426
Thai Cooking Sauce Creamy Coconut Green Curry,4,0,4,0.0
Coconut Milk Anti-Breakage Serum,5,0,5,0.0
Daytime Non-Drowsy Caplets Sinus Congestion & Pain,16,0,16,0.0
Popping Corn Butter Classic Bag,20,10,10,50.0
Roasted Seaweed Snack,911,617,294,67.72777167947311
Purina Classic Pate Turkey & Giblets Dinner Cat Food,324,213,111,65.74074074074075
Air Chilled Organic Boneless Skinless Chicken Breasts,16816,11333,5483,67.39414843006661
Freeze Dried Blueberries,669,290,379,43.34828101644245
Slow Cookers Hearty Beef Stew Seasoning,79,19,60,24.050632911392405
3 in 1 Can Opener,16,0,16,0.0
Gluten Free Rice Angel Hair Pasta,162,47,115,29.01234567901235
Chocolate Bars,11,5,6,45.45454545454545
All Purpose Flour Blend,12,1,11,8.333333333333332
Raw Almonds,1584,855,729,53.97727272727273
Lo-Carb Energy Drink,467,400,67,85.65310492505354
Limited Edition,10,0,10,0.0
Small Dog Biscuits,662,426,236,64.35045317220543
Juicy Green Apple Shampoo,164,65,99,39.63414634146341
Ultra Rapid Action Face Scrub,4,0,4,0.0
Cheese Paper,4,0,4,0.0
Almond & Dark Chocolate Toffee Wafers,187,99,88,52.94117647058824
Nourish Bowls Monterey Risotto,27,11,16,40.74074074074074
Organic Peach Kefir,263,157,106,59.6958174904943
Plain Indian Puppodums,3,1,2,33.33333333333333
Cold Remedy Sugar Free Wild Cherry Lozenges,21,0,21,0.0
Pure-Castile Soap 18-in-1 Hemp Tea Tree,14,2,12,14.285714285714285
Orange Cranberry Marmalade,4,0,4,0.0
Arnicare Pain Relief Arnica Gel,194,23,171,11.855670103092782
Harbison,2,0,2,0.0
Thin And Crispy Corn Tortilla Chips,2158,1404,754,65.06024096385542
Organic Coconut Banana Bite,104,38,66,36.53846153846153
"Navy Beans, Premium",9,0,9,0.0
Orange Juice 100% Juice,4441,3155,1286,71.04255798243638
Tapioca Pudding & Pie Filling,6,1,5,16.666666666666664
Oven Ready Boneless with Gravy Packet Turkey Breast,169,83,86,49.112426035502956
Authentic Refried Beans,443,192,251,43.340857787810386
Strawberry Shortcake Greek Frozen Yogurt,45,13,32,28.888888888888886
Simply Toasted Crunchy Coconut Chips,213,116,97,54.460093896713616
Professional Shaping Aerosol Hairspray Extra Super Hold,24,9,15,37.5
ProActive Health Adult Weight Control Dry Cat Food,11,3,8,27.27272727272727
Organic No Salt Added Split Pea Soup,18,8,10,44.44444444444444
Hard Seltzer Black Cherry,4,0,4,0.0
Wet Cloths Lavender Vanilla,9,0,9,0.0
Unscented Men's Anti-Perspirant & Deodorant Gel,11,4,7,36.36363636363637
Golden Oreo Sandwich Cookies Mini Bite Size Go-Paks,4,1,3,25.0
Cinch Sak Extra Large 33 Gallon Trash Bags,272,79,193,29.044117647058826
Lean Hot Turkey Breakfast Sausage,125,65,60,52.0
Pie Pumpkin,3,0,3,0.0
Beef & Bacon Flavor Dog Snacks,14,4,10,28.57142857142857
Organic Gluten Free Crispy Rice Peanut Butter Cereal Bars,102,42,60,41.17647058823529
Original Spaghetti Os,421,192,229,45.605700712589076
Odorless Charcoal Lighter Fluid,86,15,71,17.441860465116278
Roasted Garlic Salt with Oregano & Basil,17,2,15,11.76470588235294
Coffeemate Bliss Salted Caramel Coffee Creamer,102,60,42,58.82352941176471
Fiber d'Lish Soft Baked Delicious Treat Peanut Chocolate Chip Bar,26,7,19,26.923076923076923
Three Cheese & Spinach Sandwich,9,2,7,22.22222222222222
Crunchy Seven Nut & Seed Butter,291,170,121,58.4192439862543
Smoky Maple Rice Chips,16,8,8,50.0
Regenerist Night Recovery Cream,14,0,14,0.0
White Chocolate Baking Bar,100,20,80,20.0
Self Heating One Minute Mask,22,9,13,40.909090909090914
Wickles Sweet Pickle Chips,48,21,27,43.75
Pate De Campagne Slice,21,3,18,14.285714285714285
Apple Cinnamon Cheerios Cereal,1231,627,604,50.93419983753046
Organic Espresso Blend Whole Bean Coffee,10,4,6,40.0
Kids Relief Cough & Cold Nighttime Formula,13,1,12,7.6923076923076925
Falafel Mix Mediterranean Style,47,23,24,48.93617021276596
Polish Kielbasa (100869) Smoked & Cooked,20,9,11,45.0
Nasal Aspirator,46,5,41,10.869565217391305
100% Pure Spearmint Oil,15,0,15,0.0
Organic Bunny Fruit Snacks Strawberry Fruit Snacks,115,16,99,13.91304347826087
70% Dark Chocolate Salted Almond Bar,2885,1813,1072,62.84228769497401
Skinless Beef Fankfurters,17,10,7,58.82352941176471
Olive Oil Vinaigrettes Balsamic Dressing,21,1,20,4.761904761904762
Organic 21 Whole Grain Bread,71,53,18,74.64788732394366
Unsweetened Watermelon Water,4142,3169,973,76.50893288266538
Sensitive 3 Blade Disposable Razors,29,13,16,44.827586206896555
Advanced Care Cool Essentials Anti-Perspirant Deodorant,60,5,55,8.333333333333332
Harissa Dip,697,404,293,57.96269727403156
AFTER SHAVE CLASSIC,16,3,13,18.75
Protein Energy Bar Original Cookies & Creme,48,22,26,45.83333333333333
Rice Seasoning,108,37,71,34.25925925925926
Sweet Drops English Toffee Stevia,48,19,29,39.58333333333333
7 Grain Non-Dairy Beverage Original,11,6,5,54.54545454545454
Lemon Zinc Herbalozenge,39,8,31,20.51282051282051
Burnt Sugar Vanilla Ice Cream,100,67,33,67.0
Smooth as Silk Conditioner,376,118,258,31.382978723404253
Toscano Salame,16,1,15,6.25
Orange Lavender Lotion,6,0,6,0.0
Prenatal Fiber+Calcium Adult Gummy Dietary Supplement,14,9,5,64.28571428571429
Rotisserie Chicken,998,563,435,56.4128256513026
Country Gravy Mix,58,14,44,24.137931034482758
Meat Lasagna,139,81,58,58.27338129496403
Drink,46,23,23,50.0
Organic Instant Oatmeal,232,115,117,49.56896551724138
Oatneal Cookie Ice Cream,650,261,389,40.15384615384615
Fat Free Sharp Cheddar Pasteurized Process Cheese Product,60,33,27,55.00000000000001
Maximum Itchy Eye Relief,19,1,18,5.263157894736842
Lowfat Blueberry Yogurt,4321,2970,1351,68.73408933117334
"Multi-Vitamin & Whole Food Energizer, Once Daily, Men's, Ultra Potency, Tablets",16,0,16,0.0
Creamy Parmesan Risotto,1242,699,543,56.28019323671497
Healthy Multigrain Bread,246,141,105,57.3170731707317
Organic Green Lentil Elbow Pasta,34,22,12,64.70588235294117
Teddy Grahams Birthday Cake Graham Snacks,28,12,16,42.857142857142854
Stand 'N Stuff Taco Dinner,562,246,316,43.77224199288256
Dairy Free Cultured Plain Coconut Milk,714,383,331,53.641456582633054
Tropic Wonder,6,1,5,16.666666666666664
Olive Tapenade Hummus,749,331,418,44.192256341789054
Sharp Cheddar Cheese Snack,131,48,83,36.6412213740458
Italian Style Breaded Chicken Breast Cutlets,18,9,9,50.0
Boneless Ribeye Steak,243,131,112,53.90946502057613
Daily Moisturizing Body Wash,246,91,155,36.99186991869919
Fluoride Free Cool Mint Gel Toothpaste,40,15,25,37.5
Pitted Prunes,4269,2169,2100,50.808151791988756
"Pepper Sauce, Original Habanero, Hot Sauce",183,56,127,30.601092896174865
7 Whole Grain Puffs Cereal,109,49,60,44.95412844036697
Organic Fire Roasted Red & Yellow Peppers,94,17,77,18.085106382978726
Organic Red Beet & Spinach Ravioli,402,198,204,49.25373134328358
"Farmstyle Greek Strained Yogurt Washington Raspberry, 2% Milkfat",206,139,67,67.47572815533981
American Classics Macaroni Salad,128,63,65,49.21875
Babies Liquid Multivitamin Supplement,4,0,4,0.0
Big Buttery Crust Rolls,245,90,155,36.734693877551024
"8\"" Pepperoni Pizza",171,78,93,45.614035087719294
Moses Sleeper,41,11,30,26.82926829268293
Cream Top Strawberry on the Bottom Yogurt,3454,2361,1093,68.35552982049798
"Ranch Marinade, Dip & Dressing",342,131,211,38.30409356725146
Palak (Saag) Paneer,1008,601,407,59.62301587301587
Ashwagandha Liquid  Extract,44,10,34,22.727272727272727
Fabric Softener,274,143,131,52.18978102189781
Southwest Style Strips,401,230,171,57.356608478803
Raspberry Blast Fruit and Chia Seed Bar,1,0,1,0.0
Any'tizers Tequila Lime Flavored Wings,13,5,8,38.46153846153847
38% Milk Banana Pecan Caramel Bar,12,3,9,25.0
Velveeta Mexican Cheese,3,0,3,0.0
Farmers Market Roasted Garlic Sauce,9,3,6,33.33333333333333
Peppermint Essential Oil,115,7,108,6.086956521739131
Vanilla Egg White Protein Mix,45,17,28,37.77777777777778
Chinese Eggplant,977,363,614,37.15455475946776
Sparkling lemon,49,18,31,36.734693877551024
Mango Coconut Chia Squeeze,496,304,192,61.29032258064516
B-Complex 100,13,3,10,23.076923076923077
Fruity Cheerios Cereal,648,293,355,45.21604938271605
Disney Frozen Adhesive Bandages,58,20,38,34.48275862068966
"Skillet Meal for Two, Chicken Florentine & Farfalle",116,49,67,42.241379310344826
All Natural Oyster Sauce,47,4,43,8.51063829787234
"YoKids Squeezers Organic Low-Fat Yogurt, Strawberry",19611,13693,5918,69.8230584875835
Peppermint Caffeine Free Herbal Tea Bags,774,363,411,46.89922480620155
Chunky Traditional Pasta Sauce,24,7,17,29.166666666666668
"Pinto Beans, Refried",35,19,16,54.285714285714285
Sweet Dreams Organic Brown Rice Syrup,350,81,269,23.142857142857142
Spectacular Speculoos™ Cookie Core™ Ice Cream,289,126,163,43.59861591695502
Premium Chocolate Powdered Peanut Butter,299,117,182,39.130434782608695
Greek Yogurt Farmer Ranch Dip,28,16,12,57.14285714285714
Junami Apple,22,7,15,31.818181818181817
Spinach Cheese Ravioli,5,1,4,20.0
In Oil Sardines,20,5,15,25.0
Chicken Breast Nuggets Gluten Free,102,38,64,37.254901960784316
Dark Chocolate Banana Chips,41,18,23,43.90243902439025
Crispy Wild Alaskan Fish Nuggets,8,2,6,25.0
Buckwheat & Brown Rice Ramen,216,57,159,26.38888888888889
Calcium Pulp Free Orange Juice,3803,2390,1413,62.84512227189061
Goldfish Cheddar Baked Snack Crackers,7381,4378,3003,59.31445603576751
David Seeds Sunflower Seeds,602,361,241,59.966777408637874
Sandwich Style Pepperoni,7,2,5,28.57142857142857
Premium Fish Sauce,2024,190,1834,9.387351778656127
"Salad Dressing & Dip, Ranch Chia",62,13,49,20.967741935483872
Vanilla Yogurt Raisins Halloween Mini-Snacks,811,501,310,61.775585696670774
Wholesome Breakfast Blueberry Banana,2391,1607,784,67.2103722291928
Spiral Birthday Candles,12,0,12,0.0
Sliced Jalapeno Peppers,91,28,63,30.76923076923077
"Detoxificant, No. 7",8,4,4,50.0
Free & Clear Dryer Sheets,70,12,58,17.142857142857142
Butterscotch Pudding,170,72,98,42.35294117647059
Lemon Bag,652,342,310,52.45398773006135
Eco Refillable Neti Salt Jar,16,3,13,18.75
YoKids Squeeze! Organic Strawberry Flavor Yogurt,6807,5337,1470,78.40458351696783
Caffeine Free Coke Zero,1477,898,579,60.79891672308734
Marble Rye Bread,239,114,125,47.69874476987448
Sliced Heirloom Portabella Mushrooms,31,4,27,12.903225806451612
Chick Peas,3235,1588,1647,49.08809891808346
Small Whole Beets,6,0,6,0.0
French Toast Sticks,27,9,18,33.33333333333333
Feta Crumbled Tomato & Basil Cheese,165,79,86,47.878787878787875
Vanilla Coffee Concentrate,1975,1492,483,75.54430379746836
"Cherry Pie, Cashew Cookie & Apple Pie Mini Bars",5,0,5,0.0
Orange Tangerine Liquid Water Enhancer,402,251,151,62.43781094527363
"Chorizo, Espanol",71,33,38,46.478873239436616
"Take Alongs, Bowls & Lids",4,0,4,0.0
Phoenix Fresh Deodorant Stick,17,5,12,29.411764705882355
Beef Flavored Cooking Stock,67,10,57,14.925373134328357
Fruit Refreshers Grapefruit and Oranges in Pomegranate Water Cups,25,6,19,24.0
Light Tongol Tuna In Spring Water,36,9,27,25.0
German Chocolate Cake Mix,11,2,9,18.181818181818183
Organic Dill and Caraway Kraut,9,1,8,11.11111111111111
Rich & Hearty Chicken Pot Pie Style Chowder Soup,198,64,134,32.323232323232325
8 1/2 Inch Plates - 95 CT,993,320,673,32.225579053373615
Quiche Ham/Cheese/Quinoa/Pepper,9,5,4,55.55555555555556
Air Chilled Breaded Chicken Breast Nuggets,8548,6219,2329,72.75386055217595
Pure Unsweetened Apple Butter,17,2,15,11.76470588235294
Pickled Ginger,100,45,55,45.0
Starting Solids Organic Apples Baby Food,57,16,41,28.07017543859649
Pink Lemonade Liquid Drink Enhancer,24,20,4,83.33333333333334
Nitty Gritty Roller Mop Plus,36,3,33,8.333333333333332
"6\"" Free Ranger Bully Stix",178,134,44,75.28089887640449
Flavored Bread Crumbs,41,14,27,34.146341463414636
Scandinavian Oat Crispbread,161,80,81,49.68944099378882
Kettle Cooked Waffle Cut Sea Salt Potato Chips,11,8,3,72.72727272727273
Cherry Fruit Pie,52,21,31,40.38461538461539
Cinnabon Sweet Rolls with Orange Icing,295,158,137,53.559322033898304
Citrus Hops Kombucha,153,106,47,69.28104575163398
Cherry Fruit Roll,8,1,7,12.5
Fettuccine,560,247,313,44.107142857142854
Light Fantastic Cheese Fantastico Dressing,9,3,6,33.33333333333333
Unsweetened Chocolate Almond Breeze Almond Milk,2110,1220,890,57.81990521327014
Sensitive Shaving Gel,90,36,54,40.0
Italian Sausage & Rigatoni Classic Meal for 2,357,181,176,50.700280112044815
Paper Towel Rolls,75,36,39,48.0
Organic  Monterey Jack Cheese,508,295,213,58.07086614173228
Fresh Oregano,4,0,4,0.0
"Just Mango, Apple & Avocado Baby Food",7,2,5,28.57142857142857
Pro-V Classic Clean Conditioner,72,18,54,25.0
White Fudge Covered Pretzels,208,112,96,53.84615384615385
Reposado Tequila 80 Proof,97,53,44,54.63917525773196
Large Pitted California Ripe Olives,1122,654,468,58.288770053475936
San Marzano Peeled Tomatoes,1243,508,735,40.86886564762671
Organic Green Garlic Dressing,98,22,76,22.448979591836736
Puffed Wheat Cereal Cereal,112,63,49,56.25
Clean Breeze Scent Non-Concentrated Fabric Softener,13,1,12,7.6923076923076925
Ultra Red Energy,44,32,12,72.72727272727273
Maple Turkey,40,30,10,75.0
Moisturizing Aloe Aftersun Lotion,10,1,9,10.0
Candy Canes 5 Flavors,9,1,8,11.11111111111111
"Ice Cream, Organic, Caramel Truffle Swirl",23,3,20,13.043478260869565
Barbeque Kettle Cooked Flavor Potato Chips,21,7,14,33.33333333333333
Peach Tea,623,400,223,64.20545746388443
Coconut Milk Powder,77,19,58,24.675324675324674
Vanilla Yogurt,880,575,305,65.3409090909091
Smoked Ranch Spice Almonds,6,3,3,50.0
Vodka Sauce,113,35,78,30.973451327433626
Chocolate Pu Erh Tea 16 ct,198,92,106,46.464646464646464
Solar Kombucha,184,124,60,67.3913043478261
Training Pants 4T-5T Jumbo,64,23,41,35.9375
Vitamin C 1000 Mg with Rose Hips,8,1,7,12.5
Linguine with Spinach,138,61,77,44.20289855072464
Sugar Cones,487,149,338,30.59548254620123
Roasted Organic Yellow Potato Wedges,71,15,56,21.12676056338028
Alpo Gravy Cravers Variety Pack Dog Food,14,7,7,50.0
Gluten Free Brown Rice Pasta Elbows,166,75,91,45.18072289156627
Icelandic Style Skyr 0% Milkfat Strained Non-Fat Yogurt Pomegranate & Passion Fruit,534,332,202,62.172284644194754
Lemons,2360,1326,1034,56.1864406779661
Reese's Chewy Cookies,181,65,116,35.91160220994475
Organic Whole Grain Wheat English Muffins,13692,9271,4421,67.71107215892492
Scent Expressions Antiperspirant/Deodorant Invisible Solid Cocoa Butter Kiss Scent,23,7,16,30.434782608695656
Organic Corn Tortillas,1199,421,778,35.11259382819016
Organic Gluten Free Hoisin Sauce,92,12,80,13.043478260869565
9 inch Deep Dish Pie Crusts,274,82,192,29.927007299270077
Apricot & Hibiscus Preserves,14,5,9,35.714285714285715
Beef Jerky Bold Flavor Tender Bite Teriyaki,114,49,65,42.98245614035088
Praline Crunch Frozen Dessert,126,43,83,34.12698412698413
The Original Dressing & Marinade Chinese Chicken Salad,13,1,12,7.6923076923076925
Spicy Minis Guacamole,346,160,186,46.24277456647399
"Popcorn, Hot Cheese Flavored",73,51,22,69.86301369863014
Country Pumpkin Butter,12,2,10,16.666666666666664
Bin No. 27 Finest Reserve Porto,4,0,4,0.0
Mediterranean Lentil Salad,92,70,22,76.08695652173914
Hot Oatmeal Variety Pack,1168,572,596,48.97260273972603
Original Dairy Free Coconut Milk,1232,637,595,51.70454545454546
Cranberry Cherry Flavor 100% Juice,57,26,31,45.614035087719294
Apple Peach Sauce,519,335,184,64.54720616570327
Phoenix Body Wash with Pump,19,5,14,26.31578947368421
Organic Wraps Traditional - 6 CT,1200,944,256,78.66666666666666
Holiday Nog,316,179,137,56.64556962025317
Five Cheese & Garlic French Bread Pizza Singles,186,92,94,49.46236559139785
Aloe Shave Cream,32,10,22,31.25
Ten Calorie Lemon Lime Soda,27,2,25,7.4074074074074066
Peanut Toffee Buzz Energy Bar,1558,916,642,58.793324775353014
Gluten Free Matzo-Style Squares,911,422,489,46.32272228320527
Vanilla Premium Ice Cream,3,0,3,0.0
Fajita Scoops,52,13,39,25.0
Gluten Free Soy Sauce Tamari Lite,483,106,377,21.94616977225673
All Natural Hickory Liquid Smoke,414,37,377,8.937198067632849
Sesame Brittle Ice Cream,25,6,19,24.0
Gluten Free Red Velvet & Tuxedo Cupcake Duo,98,44,54,44.89795918367347
Organic Peach Oatmeal Banana Stage 2 Baby Food,285,113,172,39.64912280701755
2nd Foods Garden Vegetables Baby Food,15,1,14,6.666666666666667
"Tortillas, Flour",35,20,15,57.14285714285714
"Lemonade, Organic, Elderflower",123,46,77,37.39837398373984
Real Squeeze Mayonnaise,444,156,288,35.13513513513514
Special K Protein French Vanilla Shakes,115,60,55,52.17391304347826
Dark Chocolate  with A Touch Of Sea Salt,1198,786,412,65.6093489148581
"Pizza, Cheese & Pesto",390,218,172,55.8974358974359
Stewed Italian Recipe Tomatoes,109,39,70,35.77981651376147
Plastic Wrap,2847,427,2420,14.998243765367054
Rustic Harvest Chicken With Cheese & Nuts Small Snacking Plate,10,2,8,20.0
Honey Roasted Sliced Almonds,15,8,7,53.333333333333336
Organic Gluten Free 6-Grain Ancient Grain Hot Cereal,66,26,40,39.39393939393939
Sliced Beets,257,110,147,42.80155642023346
Living Mint,235,63,172,26.80851063829787
"Marinade & Grilling, Island Teriyaki",44,27,17,61.36363636363637
Pomegranate Raspberry Green W/Matcha Tea Bags,37,16,21,43.24324324324324
Crushed Tomatoes with Roasted Garlic,7,1,6,14.285714285714285
Smooth Metamucil Psyllium Fiber Supplement by Meta Orange Smooth Sugar Free Powder Laxative,29,16,13,55.172413793103445
Red Beet Bunch,315,106,209,33.65079365079365
Strawberry Rhubarb Yoghurt,9961,5881,4080,59.040257002309005
No Salt Added Vegetable Bouilion Cubes,599,222,377,37.061769616026716
Just Fruit Spread Organic Superfruit,126,59,67,46.82539682539682
"Protein Bar, Organic, Walnut Fudge Brownie",2,0,2,0.0
Light Oaked Chardonnay,35,30,5,85.71428571428571
Grands! Big & Flaky Crescent Rolls,108,28,80,25.925925925925924
Quinoa & Herb Crusted Pollock Fillets,24,7,17,29.166666666666668
Italian Blend Salad,44,10,34,22.727272727272727
Grain Free Turkey Formula Cat Food,883,597,286,67.61041902604757
Iodized Reduced Sodium Salt Alternative,7,0,7,0.0
Chili Beans Black Beans Mild Chili Sauce,13,1,12,7.6923076923076925
Diet Caffeine Free Naturally Flavored Lemon Lime Soda,1268,875,393,69.00630914826499
Baby's First Kiss Spray Mineral Sunscreen SPF 30,5,0,5,0.0
Lime Flavored Flavored Sparkling Water,329,235,94,71.42857142857143
Moose Tracks,74,36,38,48.64864864864865
"Quinoa, with Olive Oil",20,8,12,40.0
Parmigiano Reggiano,82,29,53,35.36585365853659
Boom Choco Boom Ricemilk Chocolate Bar,146,70,76,47.94520547945205
Gooseberry,6,1,5,16.666666666666664
Specials Sourdough Pretzels Extra Dark,47,33,14,70.2127659574468
Toffee Crunch Frozen Greek Yogurt Bars,41,14,27,34.146341463414636
Lightly Breaded Fishies,172,84,88,48.837209302325576
Freshmaatic Ultra Automatic Spray Refill Virgin Island,10,2,8,20.0
Pad Refills,434,134,300,30.87557603686636
Olive Loaf,46,29,17,63.04347826086957
Reef Raw Juice,310,143,167,46.12903225806452
Volumizing Rosemary Shampoo,105,13,92,12.380952380952381
Pro-Health For Me Cross Action Toothbrush,15,2,13,13.333333333333334
Sesame & Sea Salt Vegetable Seasoning Shake,38,4,34,10.526315789473683
White Label Blended Scotch Whisky,21,9,12,42.857142857142854
Upset Stomach Reliever/Anti-Diarrhea Caplets,73,7,66,9.58904109589041
Soy Free Buttery Spread,4838,3121,1717,64.51012815212897
Asian BBQ Sauce,36,13,23,36.11111111111111
White Corn Tortilla Strips,870,539,331,61.954022988505756
Pillow Potion Essential Solutions Mist,8,2,6,25.0
Anise Chocolate Biscotti,10,1,9,10.0
Carrots,72736,46572,26164,64.02881654201495
Organic Green Leaf Lettuce,14016,8277,5739,59.05393835616438
Major Dickason's Blend Decaffeinated Dark Roast Ground Coffee,189,109,80,57.67195767195767
Natural Caramel Vanilla Flavor Warrior Vitality Blend,27,9,18,33.33333333333333
Old Fashioned Hamburger Buns,141,49,92,34.751773049645394
Cough 12 Hour Grape Flavored Liquid,4,0,4,0.0
Peanut Butter 100% Natural Creamy,177,87,90,49.152542372881356
Weight Sense Whole Grain Bread,145,95,50,65.51724137931035
Vanilla Toffee Bar Crunch Ice Cream,200,89,111,44.5
Organic Cultured Sour Cream,2083,1318,765,63.274123859817564
"Pure, All-Natural Clam Juice",584,128,456,21.91780821917808
Simply 100 Crunch Caramel Pecan Turtle,46,24,22,52.17391304347826
Small Amaretto Pumpkin Pie,19,5,14,26.31578947368421
Gluten Free Blueberry Waffles,6922,4335,2587,62.62640855244149
Napa Valley Merlot,6,0,6,0.0
Special K Mini Brownies Blondie,8,3,5,37.5
Activia Fruit Fusion Strawberry & Raspberry Yogurt,31,18,13,58.06451612903226
Baby Kale & Spinach Juicing Greens,73,32,41,43.83561643835616
Whole Greek Kalamata Olives,9,0,9,0.0
Caraway Seed,53,2,51,3.7735849056603774
All Natural Pizza Munchies Classic Italian Flavors & Soy Cheese in Crispy Wheat Shell,36,25,11,69.44444444444444
Peanut Noodles,16,5,11,31.25
Resin IIPA,9,7,2,77.77777777777779
Pimiento Stuffed Spanish Green Olives,51,27,24,52.94117647058824
3.75 Inches Skewers,28,0,28,0.0
Concord Grape Jelly,1058,328,730,31.001890359168243
Gentle and Predictable Overnight Relief Laxative Tablets,180,91,89,50.55555555555556
Almond Cheddar Style Shredded Cheese Alternative,280,141,139,50.357142857142854
Organic Whole Green Cardamom Pods,21,4,17,19.047619047619047
Organic Dried Whole Blueberries,48,15,33,31.25
Chunky Blue Cheese Yogurt Dressing,370,82,288,22.162162162162165
Lowfat 1% Milk,441,315,126,71.42857142857143
Pate in Natural Juices Beef Entree,36,27,9,75.0
454 Horse Power Dark Roast Organic Whole Arabica Coffee Beans,14,8,6,57.14285714285714
Organic Spinach & Feta Dinner Sausage,2472,1344,1128,54.36893203883495
Chocolate Pudding Cups,386,205,181,53.10880829015544
Premium Organic Strawberry Spread,2014,1015,999,50.39721946375373
Mixed Berry Flavor Enhancer,18,11,7,61.111111111111114
Chicken Kabobbles,54,24,30,44.44444444444444
Gluten Free Cheese Ravioli,326,207,119,63.49693251533742
Dark Chocolate Raspberry,36,19,17,52.77777777777778
Thin & Light Tortilla Chips,7302,4473,2829,61.25718981101068
Crisp Cucumber & Melon Liquid Hand Soap,1001,386,615,38.56143856143856
Raspberry Vinaigrette Dressing & Marinade,29,5,24,17.24137931034483
Cream Top Lemon Twist,172,86,86,50.0
100% Royal Jelly,17,8,9,47.05882352941176
Naked Coconut Organic Coconut Bliss,547,295,252,53.93053016453382
Pretzel Pieces 50% Less Fat Everything,5,1,4,20.0
"Cutlery, Plastic, Heavyweight, Red Assorted",32,8,24,25.0
"Bubble Bath, for Kids, Relaxing",14,2,12,14.285714285714285
Medium Smoked Oysters,24,8,16,33.33333333333333
Blueberry Walnut Organic Flakes and Clusters,65,40,25,61.53846153846154
Oregano Oil,21,2,19,9.523809523809524
Carob Chip,1690,1122,568,66.3905325443787
Lean Honey Ham,128,67,61,52.34375
Pepperoni Italian Style,22,4,18,18.181818181818183
Tender Care Diapers Jumbo Pack,34,15,19,44.11764705882353
Applewood Smoked Premium Bacon,19,8,11,42.10526315789473
Scissors,6,0,6,0.0
Midnight Chocolate Vegan Cupcake,71,42,29,59.154929577464785
Sofrito Tomato Cooking Base,113,41,72,36.283185840707965
Antibacterial Hand Soap With Moisturizers White Tea & Berry Fusion,23,4,19,17.391304347826086
Decaf Breakfast Blend K-Cups,20,6,14,30.0
QlearQuil Nighttime Allergy Relief,7,0,7,0.0
Everyday 2 Ply Premium Napkins,2677,1290,1387,48.188270451998505
Lager Beer,646,382,264,59.133126934984524
Silver Sugar Cupcake Gems,6,0,6,0.0
Cinnamon Bunny Grahams Whole Grain Graham Snacks Bunny Grahams,307,85,222,27.68729641693811
Minced Garlic,4994,1329,3665,26.61193432118542
Pepper Strips,291,142,149,48.797250859106526
Mack's Flax Sprouted Whole Grain Bread,573,384,189,67.01570680628272
Mini Whole Wheat Croccantini,240,145,95,60.416666666666664
Natural Moisturizing Cream Shave Unscented,121,25,96,20.66115702479339
Ultimates Chocolate Chip Lovers Cookie Dough,1147,551,596,48.03836094158675
"Yogurt, Greek, Reduced Fat, Vanilla Cinnamon Orange Flavored",37,18,19,48.64864864864865
Pumpkin Spice Eggnog,5,0,5,0.0
Ultra Soft & Strong 2-Ply Bathroom Tissue - 4 CT,225,111,114,49.333333333333336
Grade A Goat Milk,3680,2870,810,77.98913043478261
Total 2% Lowfat Plain Greek Yogurt,16246,9767,6479,60.119414009602366
Endulge Chocolate Coconut Bar,99,56,43,56.56565656565656
Organic Spring Jasmine Green Tea,1162,644,518,55.42168674698795
Fabric Conditioner Morning Sun Scent,79,60,19,75.9493670886076
Organic Thai Curry Tofu Nuggets,140,78,62,55.714285714285715
Original Petroleum Jelly,199,23,176,11.557788944723619
Grilled Chicken Breast Strips,6673,4191,2482,62.80533493181477
Espresso Forte Deep Roast Ground Coffee,4,0,4,0.0
Daily Clarifying Conditioner,4,0,4,0.0
All Natural Sea Salt Popcorn,14,4,10,28.57142857142857
Purina Beyond Natural Cat Food Grain Free Ocean Whitefish & Egg Recipe,152,86,66,56.57894736842105
Swiss Sliced Cheese,7,3,4,42.857142857142854
Classic Sours Deli Style Pickle Spears,189,64,125,33.86243386243386
Organic Baked Sour Cream & Onion Potato Chips,2,0,2,0.0
Straight Up Vanilla Organic Ice Cream,35,12,23,34.285714285714285
Monster Ultra Sunrise Energy Drink,32,21,11,65.625
Chewy Caramels,140,56,84,40.0
Caramel Vanilla Cream Light Roast K-Cup Packs Arabica Coffee,180,94,86,52.22222222222223
Blackberry Fruit Spread,316,78,238,24.68354430379747
Peanut Butter Natural Protein Bar,9,2,7,22.22222222222222
Honey Cake,5,1,4,20.0
Pineapple Nectar,8,1,7,12.5
Applewood Uncured Bacon,13,8,5,61.53846153846154
Salted Caramel Pretzel Frozen Custard,7,0,7,0.0
Sugar Free Lemon Lime Gelatin Snacks,858,459,399,53.4965034965035
Asian Slaw,29,8,21,27.586206896551722
Raspberry On The Bottom Cream Top Yogurt,787,507,280,64.42185514612451
"Cherry, Grape, Lemon, Lime, and Orange Candy",94,47,47,50.0
Chai Classic Latte Black Tea Concentrate,876,567,309,64.72602739726028
Silk Whimsy Cleaning Body Wash,10,1,9,10.0
Liquid Egg Whites,6763,4710,2053,69.6436492680763
Harvest Medley,128,42,86,32.8125
Organic Ginger with Honey Dressing & Dip,3,0,3,0.0
Medium Household Gloves,660,194,466,29.393939393939394
Organic Super Maxi Pads,94,44,50,46.808510638297875
Lemon Orange Sparking Mineral Water,76,49,27,64.47368421052632
Lemon Gelatin Dessert,63,7,56,11.11111111111111
Tastes Of India Dopiaza Curry Simmer Sauce,16,10,6,62.5
Evenly Radiant Brightening Toner,2,0,2,0.0
Organic Dark Roast Chocolate Herbal Coffee,15,4,11,26.666666666666668
Wild Herring in Wine Sauce,49,33,16,67.3469387755102
Hollandaise Sauce Mix Original,8,2,6,25.0
DayQuil Severe Cold & Flu,78,22,56,28.205128205128204
Bread Co Pain Au Levain,2771,2033,738,73.36701551786359
Organic Red Quinoa,168,45,123,26.785714285714285
Pineapple Coconut & Cream Frozen Bars,15,10,5,66.66666666666666
Sweet & Salty Mountain Mix,336,224,112,66.66666666666666
Braided Honey Wheat Pretzels,52,30,22,57.692307692307686
Shredded Almond Mozzarella Cheese,685,420,265,61.31386861313869
Udon Wheat Pasta,99,26,73,26.262626262626267
Gourmet Selects Thai Style Tuna Pouch,5,1,4,20.0
Crinkle Cut Fries,347,202,145,58.21325648414985
Seltzer Water,1889,1458,431,77.18369507676019
Daily Moisture Quench Body Wash,26,9,17,34.61538461538461
Sumatra Single Origin Dark Whole Bean 100% Arabica Coffee,177,119,58,67.2316384180791
Marshmallow Madness Hot Chocolate Mix,15,2,13,13.333333333333334
Fine Hazelnut 3 ct Chocolates,64,16,48,25.0
Plain 0% Fat Oikos Greek Yogurt,362,152,210,41.988950276243095
Premium Cheddar Cheese Popcorn,24,14,10,58.333333333333336
Reduced Fat Crackers,506,233,273,46.047430830039524
Endulge Peanut Butter Cups,66,25,41,37.878787878787875
Barilla Veggie Elbows Pasta 12oz,3,0,3,0.0
Red Velvet Creme Cake,40,13,27,32.5
Body Wash Pink Grapefruit Body Clear®,32,8,24,25.0
Beef & Cheese Taquitos,170,72,98,42.35294117647059
Bamboo Sporks,5,2,3,40.0
Organic Strawberry Whole Milk Greek Yogurt,215,101,114,46.97674418604651
Fabric Refresher Pet Odor Eliminator Air Freshener,123,19,104,15.447154471544716
Boy Oh Boy's Boysenberry Jam,47,8,39,17.02127659574468
"Organic Smooth & Moisturizing Shaving Gel, Lemongrass Lime",6,0,6,0.0
Steamables Golden Potatoes,34,23,11,67.64705882352942
Sriracha Baked Snack Mix,9,0,9,0.0
Organic Micro Greens Sprouts,732,393,339,53.68852459016394
Evening Primrose Oil 500 Mg,3,0,3,0.0
Organic Sliced Kalamata Olives,529,258,271,48.77126654064272
Toasted Onion & Garlic Potato Seasoning,40,12,28,30.0
Frozen Organic Wild Blueberries,29905,18577,11328,62.1200468149139
Mild Cheddar Cheese Sticks,11339,8643,2696,76.22365287944262
Vegetable & Pepper Jack Cheese Flatbread Breakfast Sandwich,111,67,44,60.36036036036037
2% Reduced Fat Ultra-Filtered Chocolate Milk,309,203,106,65.69579288025889
Flings Original 3-in-1 Laundry Detergent Pacs,56,17,39,30.357142857142854
Organic Hemp Rose Pure Castille Bar Soap,288,118,170,40.97222222222222
White Cheddar Just Crisps,23,7,16,30.434782608695656
Sesame & Sea Salt Olive Oil Tortas,5,0,5,0.0
Cocoa Powder,1448,235,1213,16.2292817679558
Organic Applesauce,1402,771,631,54.99286733238231
Vanish Drop-Ins,43,17,26,39.53488372093023
Sourdough Bread Bowl,10,3,7,30.0
At-Home Dry Cleaner Refill 8 Load,60,21,39,35.0
100% Cranberry Black Cherry  Juice,6,1,5,16.666666666666664
New England Clam Chowder with Fresh Cream & Thyme RTS Soup,52,20,32,38.46153846153847
Coconut & Hawaiian Pink Salt Bar,5,1,4,20.0
Healthy Kids Organic Nutritional Shake Strawberry,168,104,64,61.904761904761905
Sirloin Burger with Country Vegetables Soup,42,10,32,23.809523809523807
Caffeine Free Diet Coke Mini Bottles,242,159,83,65.70247933884298
Classics Great Grillsby Mildly Seasoned Beef Patties,19,7,12,36.84210526315789
Gluten Free Lemon Goodness Cookies,112,35,77,31.25
Calcium 100% Grape Juice,60,32,28,53.333333333333336
Omega 3 + DHA Fruit Flavored Gummy Bears,46,18,28,39.130434782608695
Texas Brand Pure Raw Unfiltered Wildflower Honey,145,65,80,44.827586206896555
Cappuccino K-Cup Packs & Froth Packets Coffee,22,14,8,63.63636363636363
Fructis Color Shield Complete Defense Fortifying Conditioner For Color-Treated Hair,14,2,12,14.285714285714285
Almond Cashew with Flax + Omega-3 Fruit & Nut Bar,361,232,129,64.26592797783933
Milk Chocolate Covered Matzo,7,1,6,14.285714285714285
Dry Roasted Macadamias with Sea Salt,971,662,309,68.17713697219362
All Purpose Seasoning,4,0,4,0.0
Simply Good Chocolate Pudding,7,1,6,14.285714285714285
Small Batch Authentic Taqueria Tortilla Chips,684,402,282,58.77192982456141
Ezekiel 4:9 Sprouted Whole Grain Cereal Almond,638,354,284,55.4858934169279
Vanilla Coke,382,202,180,52.879581151832454
Classic Hummus with Rold Gold Petzels Snack,823,514,309,62.454434993924664
Ding Dongs,329,180,149,54.7112462006079
Chicken In A Biskit Baked Snack Crackers,60,31,29,51.66666666666667
Uncooked Medium Flour Tortillas,2299,1542,757,67.0726402783819
"Caesar Salad Croutons, Restaurant Style",808,318,490,39.35643564356436
Creamy Wheat Hot Cereal,271,92,179,33.94833948339483
Fat Free Vanilla Yogurt,1359,867,492,63.796909492273734
Zipper Quart Size Freezer Bags,4,0,4,0.0
M-45 Dark Brown Mustache and Beard Hair Color,22,15,7,68.18181818181817
The Original Caesar Salad Dressing,55,19,36,34.54545454545455
Chocolate Sauce,29,0,29,0.0
Shredded Colby & Monterey Jack Cheeses,711,409,302,57.52461322081576
Boston Lager,213,88,125,41.31455399061033
Scented Wax Melts Refill 8 ct - Hawaiian Breeze,13,8,5,61.53846153846154
Italian Crushed Tomatoes with Onion and Garlic,19,16,3,84.21052631578947
"Popcorn, Mini, Kettle",261,139,122,53.25670498084292
Dark Caraway Crispbread,256,156,100,60.9375
Exposed Original + Honey Water Beverage,43,19,24,44.18604651162791
Pecan Pie,210,45,165,21.428571428571427
Dried Porcini Mushroom,1,0,1,0.0
Clarifying Day Oil,9,3,6,33.33333333333333
Men Motionsense Ultraclear Black & White 48H Antiperspirant,2,0,2,0.0
Honey Wheat Crackers,31,14,17,45.16129032258064
Brightside Blueberry Soft Baked Granola Packs,4,1,3,25.0
Meyer Lemon Creamy Cleanser Brightening,15,2,13,13.333333333333334
Total Comfort Powder Baby Formula,52,39,13,75.0
White Merlot,8,4,4,50.0
Unsweetened Vanilla Pure Almond Milk,129,37,92,28.68217054263566
Organic Boneless Skinless Chicken Breasts,338,129,209,38.16568047337278
Espresso Dark Roast Ground Coffee,934,580,354,62.098501070663815
Organic Toasted Hemp Seeds,83,14,69,16.867469879518072
Bar-B-Q All Natural Spice Rue,18,2,16,11.11111111111111
Organic 18-in-1 Rose Hemp Pure Castile Liquid Soap,17,1,16,5.88235294117647
Grain Free Organic Beef & Liver Premium Dog Food,13,8,5,61.53846153846154
Blackberry Cobbler,21,9,12,42.857142857142854
Organic Tomatoes,6,1,5,16.666666666666664
Bite Size Gluten Free Cheddar Cheese Sandwich Crackers,81,48,33,59.25925925925925
Macaroni & Cheese Dinner Original Flavor,6081,3267,2814,53.72471632955106
Black Raspberry Chocolate Chip Ice Cream,954,567,387,59.43396226415094
Crunchy No-Salt Roasted Almond Butter,12,3,9,25.0
Creamy Mints In Pure Chocolate,268,124,144,46.26865671641791
Organic Coconut Water,5474,4083,1391,74.58896602119108
"Panty Liners, Normal, Perfume Free",27,2,25,7.4074074074074066
Organic Premium Quinoa,721,215,506,29.819694868238557
English Tea Scones Original,343,210,133,61.224489795918366
Ezekiel 4:9 Bread Organic Sprouted Whole Grain,17789,11189,6600,62.89842037214009
Organic Dark Red Kidney Beans,31,9,22,29.03225806451613
Soothing Bath Treatment,24,10,14,41.66666666666667
Masala Chai Tulsi Tea,65,20,45,30.76923076923077
Northwest Berry Blend,20,15,5,75.0
Christmas Ale,27,9,18,33.33333333333333
Marz Ult Blue Cheese,27,9,18,33.33333333333333
Mamey,26,3,23,11.538461538461538
New Manhattan Whole Coffee Beans,617,399,218,64.6677471636953
Premium Horseradish,35,7,28,20.0
Organic Sprouted Wheat Sesame Bagels,1172,583,589,49.744027303754265
"Plates and Cutlery Set, Premium Heavyweight Plastic",13,2,11,15.384615384615385
Hot & Spicy with Shrimp Noodles With Vegetables Ramen Noodles,33,14,19,42.42424242424242
"Sun-Ripened, Plump Juicy California Raisins Tucked in Rich, Creamy Milk Chocolate Milk Chocolate Covered Raisins",137,60,77,43.79562043795621
Ready to Bake! Snowman Shape Sugar Cookies,20,3,17,15.0
"Fig, Fennel & Flax Manna Bread",16,6,10,37.5
Baby Soothing Relief Wash,41,5,36,12.195121951219512
Sugar Free Energy Drink Original,21,14,7,66.66666666666666
"Clean & Refresh Antibacterial Body Wash, Lavender & Twilight Jasmine",48,21,27,43.75
Perfect Size Chocolate Lovers Cake Mix,17,2,15,11.76470588235294
Premium Dog Food,3,0,3,0.0
"Pretzel \""Shells\""",559,385,174,68.87298747763863
Thirst Quencher Caffeine Free Naturally Flavored Citrus Soda,405,266,139,65.67901234567901
Gluten free Spaghetti,17,4,13,23.52941176470588
"Coffee Cake, Cinnamon Walnut",31,8,23,25.806451612903224
Distilled London Dry Gin,187,57,130,30.481283422459892
English Cheddar Cheese Smoked,11,4,7,36.36363636363637
"Preserves, Blackberry Preserves",54,18,36,33.33333333333333
Organic Rice Drink Vanilla,52,24,28,46.15384615384615
Black Raspberry Chocolate Chip,11,4,7,36.36363636363637
Stone Ground Coconut Butter,25,7,18,28.000000000000004
BV Coastal Estates Merlot,14,5,9,35.714285714285715
Fruit and Nut Bar - Peanut Butter Chocolate Chip,665,405,260,60.902255639097746
Chardonnay Sonoma Coast 2008,19,2,17,10.526315789473683
Honey Nut Cheerios Cereal,216,138,78,63.888888888888886
Brow Shaper Mini Wax Strips,6,2,4,33.33333333333333
Comfort Bakes Chicken Alfredo,11,1,10,9.090909090909092
Miso Ramen,4,0,4,0.0
Silver Tequila 80 Proof,51,26,25,50.98039215686274
Detox & Purify Dry Shampoo,21,8,13,38.095238095238095
New York Extra Sharp Cheddar,313,199,114,63.578274760383394
"Snap Clips, Brunette",5,0,5,0.0
Deluxe French Dressing,103,34,69,33.00970873786408
Sparkling Probiotic Drink Strawberry Acai Coconut,1914,1358,556,70.9508881922675
Blueberry Waffles,1075,612,463,56.93023255813954
Organic Gluten Free Elbow Pasta,783,395,388,50.44699872286079
"Cloves, Whole",24,4,20,16.666666666666664
Sunflower Kernels,222,107,115,48.1981981981982
Hip & Joint Chicken Jerky Dog Treats,13,7,6,53.84615384615385
Orange Peach Mango Juice,5,1,4,20.0
Maximum Strength 150mg Tablets Acid Reducer,88,23,65,26.136363636363637
Wild Arugula,2903,1729,1174,59.559076817085774
"Veggie Burger, Quarter Pound",861,395,466,45.87688734030198
Mild Szechuan Smoked Tofu,16,5,11,31.25
Himalayan Harvest,3,0,3,0.0
Green Mandarin & Leaf Natural Shower Cleaner,4,0,4,0.0
Mango Madness Juice,34,19,15,55.88235294117647
Sport Recharge Body Wash,8,1,7,12.5
French Lilac Votive Candles,46,19,27,41.30434782608695
Well Yes! Black Bean With Red Quinoa Soup,4,1,3,25.0
Dandruff Shampoo Dry Scalp Care with Almond Oil,40,6,34,15.0
Chopped Dill Cubes,9,1,8,11.11111111111111
Giddy Up & Go Granola,120,81,39,67.5
Organic Large White Flesh Peach,4925,2624,2301,53.27918781725889
Daily Moisturizing Lotion,681,148,533,21.73274596182085
Tropical Splash Moisturizing Shave Gel,5,0,5,0.0
Splash Lemon Flavored Water,45,18,27,40.0
Organic Creamy Deluxe Macaroni Dinner Rotini & White Cheddar Sauce,857,481,376,56.12602100350058
Gluten Free Whole Grain Bagels,1983,1160,823,58.49722642460918
Tea Tree After Shave & Bump Preventer Herbal Elixir,5,1,4,20.0
Silver® Multivitamin and Multimineral Supplement  Tablets For Adults 50 Above,4,1,3,25.0
Crispy Shrimp Fry Seasoned,5,0,5,0.0
Premium Cranberries,28,7,21,25.0
Pretzel Thins,27,4,23,14.814814814814813
100% Juice White Grapefruit,18,10,8,55.55555555555556
Grilled & Ready Oven Roasted Diced Chicken Breast,611,314,297,51.391162029459906
Goldfish Fudge Brownie Baked Graham Snacks,52,18,34,34.61538461538461
Favorites Alfredo Pasta with Chicken & Broccoli,1558,915,643,58.72913992297818
Original Classic Organic Rice Drink,1800,1155,645,64.16666666666667
G Series Blue Variety,17,6,11,35.294117647058826
Turkey Meatball,8,2,6,25.0
Oikos Blended Greek Nonfat Yogurt Triple Zero Plain,25,10,15,40.0
Smoked Chicken & Apple Mini Sausages,982,590,392,60.08146639511202
Rice Crackers Sesame,231,139,92,60.17316017316018
VIA Instant Latte Caffe Mocha Instant Coffee,50,13,37,26.0
Cold Brewed Cinnamon Coffee Non Dairy Ice Cream,56,16,40,28.57142857142857
Gluten Free Cracklebred Multigrain,412,266,146,64.56310679611651
White Wine & Garlic Sauces Skillet Shrimp Scampi,2,0,2,0.0
Light Chicken & Dumpling Soup,711,266,445,37.41209563994374
Teatree Mint Hydrating Shampoo,150,45,105,30.0
100% Organic Unbleached All-Purpose Flour,613,229,384,37.35725938009788
MixUps Backyard Cookout Cat Treats,96,60,36,62.5
Garlic Spice Blend Paste,350,129,221,36.857142857142854
Dried Morel Mushrooms,14,4,10,28.57142857142857
Jalapenos With Sea Salt,6,2,4,33.33333333333333
Locking Can Opener,6,0,6,0.0
Smoked Medium Cheddar,14,3,11,21.428571428571427
Split Pea Vegetarian Soup,8,3,5,37.5
Original Body Wash,173,49,124,28.32369942196532
"Liquid Laundry Detergent, Island Fresh, 64 Loads 100 Fl Oz Laundry",48,25,23,52.083333333333336
Sweeper Wet Mopping Pad Refills Open Window Fresh Scent Surface Care,562,176,386,31.316725978647685
Chinese Noodles and Veggies in a Cashew Cream Sauce,673,335,338,49.77711738484398
Fancy Mixed Chinese Vegetables,9,1,8,11.11111111111111
Daily Repair Fresh Toothpaste,9,1,8,11.11111111111111
"Rigatoni, No. 25",24,4,20,16.666666666666664
Gruyere Cheese,108,34,74,31.48148148148148
Plain Apple Caramel,8,2,6,25.0
Original Coconut Oil Soap,61,20,41,32.78688524590164
Organic Zucchini Squash,1067,466,601,43.673851921274604
"Jelly Beans, Tropical Mix",7,1,6,14.285714285714285
La Lechera Dulce De Leche,40,11,29,27.500000000000004
Original Rich Chocolate Complete Nutritional Drink,160,104,56,65.0
Organic Yunnan Black Tea,10,0,10,0.0
Organic Fresh Pressed Pure Cranberry Juice,1189,633,556,53.23801513877208
Foot Powder,12,0,12,0.0
SkinTherapy Moisturizing Shave Gel,398,151,247,37.93969849246231
Wholemega Whole Fish Oil,48,13,35,27.083333333333332
Caramel Filled Chocolate Candy,150,99,51,66.0
Milk Shake Straws,41,18,23,43.90243902439025
Mocha Chocolate Protein Bar,145,70,75,48.275862068965516
Peach Cottage Doubles,18,2,16,11.11111111111111
Organic Whole Carrots,363,115,248,31.68044077134986
Organic Whole Coriander Seeds,47,3,44,6.382978723404255
Oatmeal Raisin Cookies,1948,1092,856,56.05749486652978
"Salsa, Chipotle, Medium",172,103,69,59.883720930232556
Liquid Teething Relief,331,132,199,39.87915407854985
Stay Clean Non-Scratch Scrub Sponges,48,3,45,6.25
Vanilla Almond Bars,4,1,3,25.0
Healthy Mouth Tea Tree Oil & Cinnamon Toothpaste,15,3,12,20.0
Ibuprofen 200 mg Caplets,109,33,76,30.275229357798167
Ice Cream Cashew Chocolate Cookies And Cream Pint,468,198,270,42.30769230769231
Multi Grader,8,0,8,0.0
Organic Biologique Limes,4464,2268,2196,50.806451612903224
Chicken Flavor Fried Rice Asian Sides,45,9,36,20.0
Boneless Center Cut Pork Loin Chops,114,22,92,19.298245614035086
Creamy Pesto Sauce Mix,94,36,58,38.297872340425535
Organic Fine Udon,28,4,24,14.285714285714285
Organic Vanilla Sugar Cookies,310,83,227,26.7741935483871
Sport Fresh Scent Antiperspirant & Deodorant Invisible Solid,13,2,11,15.384615384615385
Energy NUT-rition Mix,103,67,36,65.0485436893204
Black Cherry Ginger Ale,6,1,5,16.666666666666664
Golden Raisins,1010,317,693,31.386138613861387
Moisturizing Unscented Body Lotion,66,11,55,16.666666666666664
Romaine Lettuce Hearts,69,21,48,30.434782608695656
Natural Sunflower Spread,3128,1650,1478,52.74936061381074
Au'some Organic Nuggets Berrilicious Flavored Snacks,10,3,7,30.0
Apple Juice Light,55,25,30,45.45454545454545
The Original Five Cheese Texas Toast,200,73,127,36.5
Organics Chocolate Milk with DHA,848,550,298,64.85849056603774
Organic Strawberry Yogurt & Fruit Snack,4552,2962,1590,65.07029876977153
Organic Toddler Puree Blueberry Superfruit,2,0,2,0.0
Strength and Shine Extra Hold Hairspray,11,7,4,63.63636363636363
Gel Drops Lubricant Eye Gel,3,1,2,33.33333333333333
Spicy Jalapeno Refried Beans,200,103,97,51.5
Fat Free Ranch Veggie Dip,15,5,10,33.33333333333333
Margarita Simple Cocktail Mixer,9,1,8,11.11111111111111
Aqua Impact Mens Care Body And Face Bar,32,12,20,37.5
Organic Just Greens Juice Blend,218,166,52,76.14678899082568
Kona Blend Whole Bean Coffee,63,21,42,33.33333333333333
Regular Scent Bleach,35,8,27,22.857142857142858
Organic Cherry Drink,77,32,45,41.55844155844156
"Grilled white meat chicken over cheese tortellini with Italian green beans, red bell peppers, and yellow carrots Creamy Basil Chicken with Tortellini",193,115,78,59.58549222797927
Challah,43,15,28,34.883720930232556
A.C. Allergy,5,0,5,0.0
Slip On Size 6 Diapers,13,6,7,46.15384615384615
"Gluten Free Granola, Nutty Cranberry Maple, Family Value Size",27,21,6,77.77777777777779
Tangerine Lime Drink Tabs,3,0,3,0.0
Liquid Melatonin Natural Black Cherry Flavor,23,7,16,30.434782608695656
Humm! Greek Olives Hummus,96,54,42,56.25
Chorizo Pork,304,125,179,41.118421052631575
Original Amber Ale,8,5,3,62.5
Triple Action Cleaning and Disinfecting Solution Twin Pack,225,70,155,31.11111111111111
Spinach Artichoke Hummus,10,5,5,50.0
Aged White Cheddar Gluten-Free Baked Rice And Corn Puffs,3157,1853,1304,58.69496357301235
"Concentrated Bleach, Regular",1069,418,651,39.10196445275959
Asiago Cheese Sourdough Bread,493,383,110,77.68762677484787
Chocolate Peanut Butter Powder,4,0,4,0.0
Shea Butter Cream Oil Body Lotion,9,1,8,11.11111111111111
Peanut Butter Gluten Free Breakfast Bars,974,498,476,51.129363449691986
America's Favorite Tea,58,12,46,20.689655172413794
Organic Creamy Coconut Ice Cream Made With Coconut Milk,96,42,54,43.75
Ice Cream Cups,242,79,163,32.64462809917356
Raw Wild Natural Honey,214,82,132,38.31775700934579
Men Refreshing Splash Body Wash,38,12,26,31.57894736842105
Special Reserve Extra Sharp Cheddar,298,158,140,53.02013422818792
Cinnamon Rolls,561,333,228,59.35828877005348
Gourmet Baking Cocoa,9,0,9,0.0
Hand Renewal with Olay Cucumber & Melon Dishwashing Liquid,27,9,18,33.33333333333333
Diet Original Lemonade,86,55,31,63.95348837209303
Extra Creamy Milk Chocolate Bar,70,39,31,55.714285714285715
Nacho Cheddar Seasoning,35,4,31,11.428571428571429
Garden Salad,684,417,267,60.96491228070175
Frosted Mini-Wheats Strawberry Cereal,244,130,114,53.278688524590166
Challah Round Raisin,11,3,8,27.27272727272727
Butternut Squash Tamales with Roasted Green Chiles,392,190,202,48.46938775510204
Pro-Health Multi-Protection Alcohol Free Mouthwash,192,69,123,35.9375
Birchwood Blend Whole Bean,53,26,27,49.056603773584904
Organic Low Fat Plain Yogurt,1812,1222,590,67.439293598234
Chocolate Hazelnut Creme De Pirouline,84,34,50,40.476190476190474
Baby Bubble Bath,142,63,79,44.36619718309859
White Sugar Pearls Sprinkles,9,0,9,0.0
Organic Pickling Seasoning,30,4,26,13.333333333333334
Plastic Knives,283,103,180,36.39575971731448
Arnica Montana 30X Tablets,29,3,26,10.344827586206897
Cool Mint Tin,61,28,33,45.90163934426229
Beef Skirt Steak,3609,1761,1848,48.79467996674979
Honey 7 Grain Bread,61,27,34,44.26229508196721
Organic Spinach Bunch,11843,6863,4980,57.94984378958035
Automatic Spray Cashmere Woods Air Freshener Refill,7,2,5,28.57142857142857
"Annatto Seed, Organic",9,0,9,0.0
"Aloe Vera, 100%",88,48,40,54.54545454545454
Condensed Cream Of Onion Soup,37,12,25,32.432432432432435
One Size Flexible Fabric with Memory Weave Adhesive Bandages,130,7,123,5.384615384615385
Protein Kefir Nonfat Cultured Milk Smoothie Vanilla Probiotic,36,18,18,50.0
"Marinara Sauce, Heirloom",26,17,9,65.38461538461539
Fire Roasted Crushed Tomatoes,939,349,590,37.167199148029816
Organic Stage 3 Zucchini Broccoli Medley Baby Food,1241,682,559,54.95568090249798
Premium 100% Pure Juice Sparkling Cider,11,2,9,18.181818181818183
Stainless Steel Wipes,259,76,183,29.343629343629345
Gluten-Free Butter Shortbread with Agave Syrup,166,58,108,34.93975903614458
"Shin Bowl Noodle Soup, Gourmet Spicy",113,62,51,54.86725663716814
Coconut Straightening Conditioner,8,0,8,0.0
Ancient Grains Penne Rigate,17,1,16,5.88235294117647
Even Advanced Deep Sea Facial Mask,20,1,19,5.0
Starfruit (Carambola),7,1,6,14.285714285714285
Face and Body Bar Cleansing Sea Buckthorn,4,0,4,0.0
Fruit Punch Roarin' Waters,162,87,75,53.70370370370371
All Natural Roasted Garlic Hummus,133,69,64,51.8796992481203
Brightening Hydro Serum Facial Mask,74,30,44,40.54054054054054
FloorCare Lemon Scent Squirt & Mop Hardwood Cleaner,90,19,71,21.11111111111111
Margarine Sticks,12,2,10,16.666666666666664
Triple Nutrition Shampoo,7,1,6,14.285714285714285
"Goat Cheese, Pear & Arugula Ravioli",55,35,20,63.63636363636363
Party Mix Crunch Beachside Cat Treats,157,94,63,59.87261146496815
Turkey & Duck Stew with Sweet Potatoes and Cranberries Canned Dog Food,37,18,19,48.64864864864865
Kinderhook Creek Mini a Pure Sheep's Milk Cheese,6,2,4,33.33333333333333
Red Raspberry Shampoo,5,0,5,0.0
Bar Oat Chocolate,71,45,26,63.38028169014085
Hello I'm A Handful Pretzel Bites,15,8,7,53.333333333333336
Teriyaki Noodle Bowl,95,13,82,13.684210526315791
Gel Food Colors,47,0,47,0.0
Grilled Chicken Parmesan,9,0,9,0.0
Super Moist Spice Cake Mix,97,18,79,18.556701030927837
S'mores Flavored Soft Cookies,15,2,13,13.333333333333334
"Calcium Carbonate/Antacid, Fruit Chews, Chewable Tablets",32,10,22,31.25
Slices Cheddar Cheese,3429,2141,1288,62.43802857976086
Kolsch,6,3,3,50.0
No Mess Foot Powder Spray,7,0,7,0.0
Poco Bites Cocktail Cucumbers,16,9,7,56.25
Yellow Sweet Corn,127,55,72,43.30708661417323
360˚ Floss-tip Bristles Powered Toothbrush Soft,11,3,8,27.27272727272727
Original Pastrami,65,35,30,53.84615384615385
Apple Strawberry Sauce,33,13,20,39.39393939393939
Cran-Naturals Classic Cranberry Juice Cocktail,11,6,5,54.54545454545454
Popped Dark Chocolate with Sea Salt Granola Bar,1782,941,841,52.80583613916947
Flavor Blasted Xtra Cheddar + Pretzal Baked Snack Crackers,7,0,7,0.0
Vegetable Beef Soup Mix,12,2,10,16.666666666666664
Homestyle Chicken Flavor Ramen Noodle Soup,239,130,109,54.39330543933054
Cinnamon French Toaster Sticks,598,371,227,62.04013377926422
"Ramen, Vegan, Miso",1546,719,827,46.50711513583441
"Eggo French Toaster Sticks, Cinnamon",25,14,11,56.00000000000001
Sea Salt Potato Chips,13086,7978,5108,60.96591777472108
Pear Slices in 100% Juice,11,5,6,45.45454545454545
Moroccan Argan Oil Shampoo,208,45,163,21.634615384615387
"Ginger, Dark Chocolate",15,4,11,26.666666666666668
Panko Breaded Chicken Breast Tenderloins,616,368,248,59.74025974025974
"Vitamin E Skin Oil 14,000 Iu",5,0,5,0.0
Dark Chocolate With Fresh Mint Ice Cream,44,23,21,52.27272727272727
White Mallow Baby Body Lotion,6,0,6,0.0
Natural Applesauce,1061,477,584,44.95758718190386
CleanWear & Ultra Thin Regular Pads with Wings Unscented,83,28,55,33.734939759036145
Gourmet Brining Bag,12,2,10,16.666666666666664
Gourmet Italian Style Chicken Meatballs,4,0,4,0.0
Ziti & Meatballs,68,33,35,48.529411764705884
Baby Dry Diapers Jumbo Pack - Size 5,208,91,117,43.75
Mission White Corn 80 Ct 66.67oz Tortilas,75,27,48,36.0
Organic Spinach,164,33,131,20.121951219512198
Sprouted Rye Seed Bread,301,133,168,44.18604651162791
Original Organic Crunchy Seven Nut & Seed Butter,162,40,122,24.691358024691358
Chai Green Tea Bags 16 Count,79,19,60,24.050632911392405
Bonded Filters,84,21,63,25.0
Non Fat Dry Milk Powder,220,28,192,12.727272727272727
Lemon Pepper,332,32,300,9.63855421686747
Calms Forte Sleep Aid Tablets,10,0,10,0.0
Citrus & Ginger Body Wash,33,2,31,6.0606060606060606
Cheese Lovers Tortelloni,14,6,8,42.857142857142854
Chopped Garlic in Water,164,35,129,21.341463414634145
Greek Wrap,80,46,34,57.49999999999999
Chicken Noodle Soup Mix,67,21,46,31.343283582089555
Fancy Feast Elegant Medleys Shredded Fare Collection Cat Food,17,6,11,35.294117647058826
Life Start Probiotic Powder for Infants,5,0,5,0.0
Kids No Chemical Sunscreen For Sensitive Skin SPF 35,30,10,20,33.33333333333333
Oil Free Moisture With SPF 35 Sunscreen Facial Moisturizer,9,1,8,11.11111111111111
Gourmet Gobbler Turkey Complete Brine and Rub Kit,6,0,6,0.0
Ready Rice  Pilaf,545,290,255,53.21100917431193
Ayurvedic Soap,54,14,40,25.925925925925924
Chickpea Rice Miso,70,24,46,34.285714285714285
Fun Pack Pepperoni Kabobble,7,3,4,42.857142857142854
Classic Meal For 2 Chicken Alla Vodka & Farfalle,250,99,151,39.6
"Saffron, Spanish Threads",12,0,12,0.0
Deli-Sliced Tamed Jalapeno Peppers,552,244,308,44.20289855072464
Tangerine Lemonade,36,28,8,77.77777777777779
Simply 3 Cheese Tortellini,54,21,33,38.88888888888889
Click Gel Automatic Citrus Scent Toilet Bowl Cleaner,6,0,6,0.0
Multigrain Pizza Crust,63,32,31,50.79365079365079
S'mores Goldfish Grahams,56,13,43,23.214285714285715
Sparkling Water Blackberry Pear,55,14,41,25.454545454545453
Baby Oil,207,66,141,31.88405797101449
White with Lemon Flavor Cooking Wine,7,0,7,0.0
Vegetable Broth Concentrate,19,7,12,36.84210526315789
Classic Mild Cheddar Macaroni & Cheese,3108,1378,1730,44.33719433719433
Vegetable Classics Creamy Mushroom Soup,100,33,67,33.0
100% Lemon Juice,4248,1456,2792,34.27495291902072
Organic Macaroni & Cheese,796,344,452,43.21608040201005
Foamy Regular Shave Cream 11oz Male Shave Prep,172,51,121,29.651162790697676
Pro-Health Stages Disney Princess Manual Kid's Toothbrush Twin Pack,31,3,28,9.67741935483871
Organic Nutritional Shake Strawberries & Cream,155,86,69,55.483870967741936
Smoothers Concealer - 705 Fair,6,0,6,0.0
"Veggie Straws, Garden, Zesty Ranch",115,46,69,40.0
90 Calories Low Fat Chocolate Chunk Granola Bars,499,233,266,46.6933867735471
Choice Cuts® Beef Combo,64,34,30,53.125
Dark Chocolate Pomegranate,263,112,151,42.585551330798474
"1,000 Mg Vitamin C Orange Effervescent Powdered Drink Mix",16,3,13,18.75
Boneless Chuck Roast,14,4,10,28.57142857142857
"Sparkling Wine, Rose, California",76,26,50,34.21052631578947
Flax Plus Organic Pumpkin Flax Granola,5575,3550,2025,63.67713004484305
Traditional Chicken Burrito,547,249,298,45.52102376599635
Raw Whole Flaxseed,208,19,189,9.134615384615383
Goat Cheese and Portobello Ravioli Bowl,145,61,84,42.06896551724138
Clean Burst Kitchen Bags,15,2,13,13.333333333333334
Pure Cane Sugar Packets,154,69,85,44.8051948051948
Kosher Baby Dills Fresh Pack Pickles,279,132,147,47.31182795698925
Bag of Red Delicious Apples,1184,699,485,59.03716216216216
Code Red Cherry Flavor Soda,79,51,28,64.55696202531645
Classico Virgin Olive Oil Bruschnettini,49,20,29,40.816326530612244
Organic Bread with 21 Whole Grains,23006,16468,6538,71.58132661044945
Beyond Simply 9 Ranch Raised Lamb & Whole Barley Recipe Dog Food,26,11,15,42.30769230769231
Sparkling Water Beverage Berry,252,145,107,57.53968253968254
All Natural Greek With Feta & Black Olive Dressing & Marinade,78,26,52,33.33333333333333
Garlic Herb Goat Cheese Log,172,74,98,43.02325581395349
Unsalted Beurre de Baratte AOP Butter,42,26,16,61.904761904761905
Multigrain Blue Tortilla Chips With Sea Salt & Chia Seeds,109,42,67,38.53211009174312
High Fiber Bran Crispbread,54,35,19,64.81481481481481
Organic Shredded Mozzarella,18449,11140,7309,60.38267656783566
Pure Aloe Cold Pressed With Lemon,110,60,50,54.54545454545454
Red Classics  Ice Pops,169,80,89,47.337278106508876
Island Teriyaki,198,65,133,32.82828282828283
Lobelia Extract,4,0,4,0.0
Tangerines,68,16,52,23.52941176470588
Wild Skipjack Light Tuna,1676,949,727,56.622911694510734
"Avocado Oil, Popcorn",203,89,114,43.84236453201971
Hot & Cold Drinking Chocolate Crumbles,62,15,47,24.193548387096776
Raspberry Sorbet,1159,461,698,39.77566867989646
Original Club Soda,216,84,132,38.88888888888889
Aji-Mirin Sweet Cooking Rice Seasoning,339,23,316,6.784660766961652
Saltine Crackers,6871,2816,4055,40.983845146266916
Mini Brownie Coco-Roons,96,40,56,41.66666666666667
Green Sprouts Silicone Finger Toothbrush Stage 2 3,26,0,26,0.0
Gourmet Mochi Ice Cream Bonbons,368,171,197,46.46739130434783
Pure Aloe Vera,23,5,18,21.73913043478261
Orange Mango Naturally Flavored Sparkling Mountain Spring Water,235,153,82,65.1063829787234
Vegetarian Vegetable Broth And Seasoning,24,2,22,8.333333333333332
Blood Orange Italian Soda,3411,2052,1359,60.15831134564644
Gluten Free Ginger Oatmeal Cookies,19,2,17,10.526315789473683
Organic Chunky Strawberry Fruit Bars,214,115,99,53.73831775700935
Sugar-Free Whipped Heavy Cream,18,6,12,33.33333333333333
Mango Baby Breakfast Stage 2,76,39,37,51.31578947368421
Asian Chopped Salad with Dressing,2743,1612,1131,58.767772511848335
Pear Halves in 100% Juice,110,31,79,28.18181818181818
Diced Chipotle Peppers,11,0,11,0.0
24 Hour Allergy Dissolve Tabs,76,41,35,53.94736842105263
Honey BBQ Potato Chips,131,93,38,70.99236641221374
Chicken & Cheese Burrito,218,138,80,63.30275229357798
Baby Bedtime Bath,85,29,56,34.11764705882353
Kids Daily Probiotic Natural Fruit Gummies Dietary Supplement,22,12,10,54.54545454545454
Salumeria Specialty Series Diced Pancetta,46,23,23,50.0
Cream of Celery Condensed Soup,28,4,24,14.285714285714285
Marlborough Sauvignon Blanc Wine,295,171,124,57.96610169491525
Casero Refried Black Beans,62,25,37,40.32258064516129
Pumpkin Seed Oil,57,15,42,26.31578947368421
Strawberry Banana/Peach Nonfat Yogurt,48,15,33,31.25
Smoked Turkey Slices,77,27,50,35.064935064935064
Outrageous B & B Pickles,893,443,450,49.608062709966404
Organic Smoked Jalapeno Kraut,361,160,201,44.32132963988919
100% Pure Sesame Seed Oil,748,92,656,12.299465240641712
Sweet Honey BBQ Sauce,189,66,123,34.92063492063492
European-Style Cultured Butter,1296,583,713,44.98456790123457
Cocoa Pebbles Cereal,656,312,344,47.5609756097561
Gelato Triple Chocolate Ice Cream,51,13,38,25.49019607843137
Flour Tortillas 8 Count,23,3,20,13.043478260869565
Wild Collection Wolfthorn Scent Men's Body Wash,26,11,15,42.30769230769231
Ginger Ale Soda,4121,2149,1972,52.14753700558117
3D White Glamorous White Multi-Care Whitening Fresh Mint Flavor Mouthwash,218,52,166,23.853211009174313
Omega Woman Evening Primrose Oil Blend,11,0,11,0.0
Sport Performance Lotion Sunscreen Spf 50,27,0,27,0.0
Pepperoni Pizza Snack Bites,21,3,18,14.285714285714285
Thin Spaghetti,116,42,74,36.206896551724135
Pringles Loud Spicy Queso Corn Crisps,3,0,3,0.0
Royale Vanilla Dairy-Free Ice Cream,33,22,11,66.66666666666666
Paper Towels with Thirst Pockets,363,168,195,46.28099173553719
Butter & Garlic Ready Rice,227,110,117,48.458149779735685
Organic Wheat Grass,50,22,28,44.0
Beef & Bean Burrito,150,72,78,48.0
Classic Spam,79,32,47,40.50632911392405
100% Pure Cedarwood Essential Oil,48,3,45,6.25
Sweet Butter Salad,1704,1075,629,63.0868544600939
Pad See Ew Noodles,416,165,251,39.66346153846153
Organic Whole Crimini Mushrooms,6757,3705,3052,54.83202604706231
50% Less Sodium Garbanzo Beans,536,218,318,40.67164179104478
Nuts & Spices/Dark Chocolate Almond Mint Nutrition Bar,155,82,73,52.903225806451616
Strawberry Nana Drink,89,51,38,57.30337078651685
Rice Bowl Chicken Fajita Frozen Dinner,92,74,18,80.43478260869566
Sliced Sourdough Bread,3747,2345,1402,62.58340005337604
Milk Thistle Seed Vegetarian Liquid Phyto-Caps,22,4,18,18.181818181818183
Organic Ketchup,15304,5950,9354,38.878724516466285
ENZ Armor Spermicidal Lubricant Latex Condoms,5,0,5,0.0
Ground Coffee,384,271,113,70.57291666666666
Apple + Blueberry Fruit Bar,1608,963,645,59.88805970149254
RESTORADERM Eczema Calming Body Moisturizer,3,0,3,0.0
Snickers Chocolate Candy,14,5,9,35.714285714285715
Southern Style Hashbrown,20,10,10,50.0
Training Pants with Learning Designs for Girls 2T 3T,59,25,34,42.3728813559322
Original Country Cherry Pie Filling & Topping,133,43,90,32.33082706766917
Trumoo Choc Milk Hg,65,54,11,83.07692307692308
Sea Salt Popped Corn Chips,328,201,127,61.28048780487805
Reduced Fat Cinnamon Rolls with Icing,144,49,95,34.02777777777778
Gourmet Thyme,35,1,34,2.857142857142857
Umbrian Lentils,6,2,4,33.33333333333333
Almond Pecan Crunch Nut Clusters,19,11,8,57.89473684210527
Spicy Relish,12,5,7,41.66666666666667
Creamy Supreme Strawberry Frosting,25,5,20,20.0
Ranger IPA,33,8,25,24.242424242424242
"Veggie Patty, Wow Mushroom",4,1,3,25.0
Brussel Sprouts,1515,689,826,45.478547854785475
Clover Honey Squeeze Bear,331,96,235,29.003021148036257
Pomegranate Blueberry 100% Juice,63,19,44,30.158730158730158
Acai Berry Storm Liquid Water Enhancer,26,13,13,50.0
Ham & Cheese Frozen Sandwiches,34,7,27,20.588235294117645
Organic Grade A Free Range Large Brown Eggs,40045,28650,11395,71.54451242352353
Pepper Jelly,27,5,22,18.51851851851852
Walnut Pieces,47,9,38,19.148936170212767
Stroganoff Hamburger Helper,255,89,166,34.90196078431372
Bean & Cheddar Enchilada Bake,30,8,22,26.666666666666668
Severe Cold & Flu Formula Citrus Effervescent Tablets Multi-Symptom Relief,15,1,14,6.666666666666667
Organic Light Agave Nectar,3847,1643,2204,42.708604107096434
Steamfresh Veggie Made Riced Cauliflower,34,15,19,44.11764705882353
Gluten Free Pizza Dough,240,76,164,31.666666666666664
Maraia Barbera Monferr Italy,39,24,15,61.53846153846154
Organic Southweatern Black Bean Soup,19,6,13,31.57894736842105
French Dinner Roll,34,13,21,38.23529411764706
Ground Round 85% Lean,69,21,48,30.434782608695656
Pro Series 40 Mega Protein Shake,12,6,6,50.0
Organic Low Sodium Vegetable Broth,10375,4771,5604,45.9855421686747
Pulsatilla 6C Homeopathic Pellets,10,0,10,0.0
Applesauce Mango Peach,68,26,42,38.23529411764706
Reposado Tequila,63,32,31,50.79365079365079
Dijon Originale Traditional Dijon Mustard,62,23,39,37.096774193548384
"Kinder Love, Children's Multivitamin Supplement, Liquid Herbal Extract Formula",12,6,6,50.0
Sweet Mix Variety Pack Rice Snacks,59,15,44,25.423728813559322
Melatonin Timed Release Tablets,8,1,7,12.5
Apples & Blueberries Stage 2 Baby Food,1493,766,727,51.306095110515734
Pure Cane Individual Packets Sugar,554,246,308,44.4043321299639
Purina Mixed Grill Classic Pate Cat Food,487,332,155,68.17248459958932
Pepper Shishito Clam Og,26,2,24,7.6923076923076925
Signature Egg Sausage & Cheese Burritos,94,48,46,51.06382978723404
E Plus High C Natural Roll On Deodorant,2,1,1,50.0
Hand Held Rectangle Mirror,7,0,7,0.0
Lychees In Heavy Syrup,117,65,52,55.55555555555556
Balsamic Dressing & Recipe Mix,7,1,6,14.285714285714285
Fresh Protect Downy Fresh Protect Active Fresh In-Wash Odor Defense 13.2OZ Fabric Enhancers,25,7,18,28.000000000000004
Sunflower Seeds Variety Pack,25,10,15,40.0
Broccoli Florets Steamers,702,316,386,45.01424501424501
Raw Virgin Coconut Oil,548,277,271,50.54744525547446
Dipps Caramel Nut Granola Bars,22,5,17,22.727272727272727
Mandarin Orange with Electrolytes & Vitamins Water Beverage,172,125,47,72.67441860465115
Licorice Soft Eating Raspberry,1310,881,429,67.25190839694658
Light Cream,1121,680,441,60.66012488849242
Low Sodium Feisty Fish Rub Spice Blend,6,0,6,0.0
Moisturizing Conditioner,25,10,15,40.0
Gluten-Free Roasted Garlic Potato Chips,2,0,2,0.0
Beef Ravioli In Tomato & Meat Sauce,19,11,8,57.89473684210527
Whole Organic Allspice,89,1,88,1.1235955056179776
Lightly Sauced Roasted Red Potatoes,48,19,29,39.58333333333333
Peppermint Mocha Cold Brew Coffee With Almond Milk,78,29,49,37.17948717948718
Double Concentrated Tomato Paste,24,11,13,45.83333333333333
Chocolate Energy Bar,209,123,86,58.85167464114832
Green Pickled Serrano Peppers,7,0,7,0.0
Gluten Free Hot Chipotle Hummus,316,235,81,74.36708860759494
Triple Chocolate Ice Cream,62,31,31,50.0
Center Cut Thick Sliced Bacon,258,79,179,30.620155038759687
Lavender Ylang Ylang Authentic African Black Soap,6,0,6,0.0
Hot Wing Sauce,58,4,54,6.896551724137931
Color Revival Radiant Conditioner,75,14,61,18.666666666666668
Unstoppables Fabric Enhancer,27,7,20,25.925925925925924
Decaf People's Green Tea Daily Green Tea,40,6,34,15.0
Riserva Artichokes & Asiago Cheese Sauce,6,2,4,33.33333333333333
Total 2% All Natural Greek Strained Yogurt with Honey,23034,16807,6227,72.96605018668056
Fusion Razor Cartridges,61,13,48,21.311475409836063
Vitamin E Glycerine Hand Soap,9,0,9,0.0
Creamy Roasted Chicken with Herb Dumplings Soup,69,12,57,17.391304347826086
Indian Pale Ale,24,19,5,79.16666666666666
"Barley, Kale and Spinach + Basil Stage 3 Baby Food",21,4,17,19.047619047619047
"Towelettes, Make Up Removing, Face",296,89,207,30.067567567567565
Organic Coconut Extract,15,5,10,33.33333333333333
Organic Heavy Whipping Cream,24664,14714,9950,59.65780084333442
All Purpose Cleaner Lavender,14,3,11,21.428571428571427
Morning Walk Light Roast Whole Bean Coffee,13,9,4,69.23076923076923
Grade A Extra Large Eggs,3588,2295,1293,63.96321070234114
Organic White Mushrooms Pieces & Stems,161,60,101,37.267080745341616
Sonoma Zinfandel,10,2,8,20.0
Organic Navy Beans No Salt Added Fat Free,364,153,211,42.032967032967036
"Salsa, Black Bean",1,0,1,0.0
Moist Supreme Classic Yellow Cake Mix,316,60,256,18.9873417721519
Con Azafran,70,19,51,27.142857142857142
"Gluten Free Corn, Rice & Quinoa Penne Rigate",11,6,5,54.54545454545454
Protein Bar Mint Chocolate,448,203,245,45.3125
Organic Nettle Leaf Tea Bags,349,144,205,41.260744985673355
Organic Chocolate Ice Cream,135,66,69,48.888888888888886
Buttery Spread,142,57,85,40.140845070422536
Sambucus Immune Bio-Certified Elderberry Natural Syrup,63,9,54,14.285714285714285
Organic & Fair Trade Certified Breakfast Blend Tea Bags 20 Count,78,23,55,29.48717948717949
Original Dishwashing Liquid,19,6,13,31.57894736842105
3 M General Purpose Utility Hooks,6,0,6,0.0
Organic Original Coconut Smoothie,134,102,32,76.11940298507463
Organic Mint Chews,24,6,18,25.0
Hot Calabrese Salame with Natural Gouda Cheese & Toasted Rounds Small Plates,85,45,40,52.94117647058824
Tender Turkey Feast Kitten Cat Food,14,5,9,35.714285714285715
"Garlic, Minced",13,4,9,30.76923076923077
SmartBlend Lamb & Rice Formula,154,73,81,47.4025974025974
Lemon Poppyseed Scone Mix,53,16,37,30.18867924528302
Original Bar BBQ Sauce,1793,404,1389,22.53206915783603
DREW         L CARB ROMANO CSAR 12Z,11,1,10,9.090909090909092
Safety Swabs Cotton Products,9,2,7,22.22222222222222
Organic Unsweetened High Protein 5 Seed Granola With Apples & Raisins,7,0,7,0.0
805,377,231,146,61.273209549071616
Aloe and Vitamin E Baby Oil Gel,35,10,25,28.57142857142857
Vegan Enchiladas,66,35,31,53.03030303030303
Diet Ginger Ale All Natural Soda,6168,4104,2064,66.53696498054474
Dry Roasted Lightly Salted Edamame,623,254,369,40.77046548956662
Grapefruit Seltzer,635,471,164,74.17322834645668
Low Fat No Chicken Noodle Soup,2146,863,1283,40.2143522833178
Iced Tea,8,3,5,37.5
French Lavender Hand Wash,187,62,125,33.155080213903744
Italian Style Wedding With Meatballs & Spinach Soup,236,129,107,54.66101694915254
Complete Free Denture Adhesive Cream,17,7,10,41.17647058823529
Decaffeinated House Blend Dark Roast Ground Coffee,69,31,38,44.927536231884055
Spinach & Artichoke Ravioli,650,263,387,40.46153846153846
Organic Honey & Oats Medley Cereal,7,2,5,28.57142857142857
Organic Earl Grey Black & Green Tea Bags,34,10,24,29.411764705882355
Natural Chicken Breast in Water,107,78,29,72.89719626168224
Malt Balls,71,57,14,80.28169014084507
Organic Alfredo Shells & Cheddar Macaroni & Cheese,220,87,133,39.54545454545455
Royal Blend with Flaxseed,5,1,4,20.0
Pods Free & Gentle Laundry Detergent Pacs,277,106,171,38.26714801444043
Organic 14 Grain Bread,573,414,159,72.25130890052355
Vegetable Kosher Recipe Soup & Dip Mix,4,0,4,0.0
Taboule Salad,2652,1750,902,65.98793363499246
Chicken Fajita Burrito Plus Guacamole,117,56,61,47.863247863247864
Pomegranates,156,44,112,28.205128205128204
Vegetable Soup Mix,21,13,8,61.904761904761905
Bada Bing Pitted Cherries,93,20,73,21.50537634408602
Chunky Crushed Tomatoes,3,0,3,0.0
"Premium Dressing, French Vinaigrette",39,17,22,43.58974358974359
Bamboo Fiber-Full Shampoo,14,1,13,7.142857142857142
Cinnamon Frosted Mini Cookies Pumpkin,6,0,6,0.0
Quercetin 500 Mg,7,0,7,0.0
Hardwood Smoked Sliced Turkey Breast,6,0,6,0.0
Emmentaler Swiss Slices,8215,4441,3774,54.0596469872185
Raspberry Seltzer Water,315,212,103,67.3015873015873
Stackers Bread & Butter Pickle Slices,93,37,56,39.784946236559136
Crunchy Flax Cereal,33,14,19,42.42424242424242
Expeller Pressed Coconut Oil Spray,1978,576,1402,29.120323559150656
Garlic Couscous,6204,2581,3623,41.60219213410703
Tomato Cream Collection Creamy Tomato & Roasted Garlic Pasta Sauce,4,0,4,0.0
Roasted Turkey Flavored Gravy Mix,172,23,149,13.372093023255813
Raspberry Wheat Ale,15,7,8,46.666666666666664
Olive & Garlic Tapenade,134,45,89,33.582089552238806
Clean Linen Automatic Spray Air Freshener Refill,69,32,37,46.3768115942029
Mild & Creamy Dijon Mustard,59,22,37,37.28813559322034
Moroccan Mint Green Tea,3123,2297,826,73.55107268651938
Gummy Bear Essentials Multivitamin & Multimineral Packets,9,4,5,44.44444444444444
WetJet Extra Power Pad Refill,37,11,26,29.72972972972973
Organic Radicchio Castelfranco,1842,898,944,48.751357220412594
Cola Soda,3941,2440,1501,61.91321999492515
Hamburger Helper Cheddar Cheese Melt,48,12,36,25.0
French Roast Single Serve Cups Dark Roast Coffee,77,41,36,53.246753246753244
Light Southwestern Style Vegetable Soup,36,9,27,25.0
Caramel Flavored Ice Cream Sauce,23,6,17,26.08695652173913
Organic Guacamole,3297,1910,1387,57.931452835911436
"Pain Reliever (NSAID)/Nighttime Sleep Aid, Ibuprofen 200mg",132,47,85,35.60606060606061
Acne Solutions Pore Refining Scrub,6,0,6,0.0
Baked Caesar Snapea Crisps,4004,2350,1654,58.6913086913087
Salted Caramel Pecans,7,2,5,28.57142857142857
Fentimans Cherrytree Cola,34,15,19,44.11764705882353
Twice Baked Fruit N' Nut Crisps,12,5,7,41.66666666666667
Jimmy Dean Fully Cooked Original Pork Sausage Crumbles,56,24,32,42.857142857142854
Tumblers Savory Salmon & Tuna Flavors Cat Treats,5,3,2,60.0
Pecan Chips,65,14,51,21.53846153846154
Black Beans Refried Beans,2062,1152,910,55.868089233753636
Original Sugar Free Coconut Milk,473,254,219,53.69978858350951
Berry Protein Power,266,140,126,52.63157894736842
Organic Volcano Rice Ready To Eat Bowl,83,33,50,39.75903614457831
Organic Fruit Yogurt Smoothie Peach Banana,1117,757,360,67.77081468218442
Classic Premium Cooked Ham,10,1,9,10.0
Baked with Whole Grain Xtra Cheddar Baked Snack Crackers,40,19,21,47.5
WetJet Open Window Fresh Scent Liquid Cleaner Refill,359,124,235,34.540389972144844
Balsamic Vinaigrette Steak House Dressing,37,8,29,21.62162162162162
Poppy Seed,327,15,312,4.587155963302752
Positively Smooth™ Shave Gel,102,36,66,35.294117647058826
Ultra Clean Arctic Mint,37,12,25,32.432432432432435
Ritz Crackers And Cheese Dip Handi-Snacks,304,146,158,48.026315789473685
Lamb Shoulder Chop,372,126,246,33.87096774193548
Antibacterial Foaming Hand Soap,19,5,14,26.31578947368421
Medium Fire Roasted Tatemada Salsa,8,3,5,37.5
Tomato Goat Cheese & Herbs Pizza,1124,677,447,60.231316725978644
Double Chocolate Snackimals Animal Cookies,10,4,6,40.0
Fruit Punch Drink Mix,396,204,192,51.515151515151516
Organic Sliced Bella Mushrooms,434,132,302,30.414746543778804
Special K Flatbread Egg Bacon & Cheese Medley Breakfast Sandwiches,28,13,15,46.42857142857143
Real Peanut Butter Cookies,23,6,17,26.08695652173913
Blueberry Crumb Cake 4 Ct,9,4,5,44.44444444444444
Natural Free & Clear 42 Loads Liquid Fabric Softener,283,147,136,51.9434628975265
Thai Veggie Chicken,23,8,15,34.78260869565217
Stubborn Acne Spot Gel Rapid Clear®,9,0,9,0.0
Vanilla with Blue Diamond Almonds Greek Nonfat Yogurt,33,14,19,42.42424242424242
"Pain Relief, Tablets",10,0,10,0.0
Super Shreds Superfood Brussels Sprouts,362,120,242,33.14917127071823
Original Crunch 'n Chew Candy,11,2,9,18.181818181818183
Mr Clean 40 Oz Dilute Lavender,56,33,23,58.92857142857143
Organic Red Potato,9381,4570,4811,48.71548875386419
Muscle Therapy Gel with Arnica,3,0,3,0.0
"Corn Grits, Polenta",163,22,141,13.496932515337424
Flour Tortilla,993,430,563,43.3031218529708
Orange Marmalade,1217,376,841,30.895645028759244
All Natural Swedish Style Lemon Snaps,48,20,28,41.66666666666667
Chewy Nut Butter Bars Chocolate Trail Mix,5,0,5,0.0
Aged White Cheddar Cheese,50,11,39,22.0
Ultra Thin Sliced Swiss Cheese,79,31,48,39.24050632911392
Instant Enriched Long Grain White Rice,31,9,22,29.03225806451613
Spicy Jalapeno Quinoa Meal,27,10,17,37.03703703703704
Unscented Multi-Pack Plastic Tampons,47,2,45,4.25531914893617
Lavender Relaxing Body Oil,6,0,6,0.0
Vanilla Sandwiches,98,47,51,47.95918367346938
Original Enriched Rice Drink,5497,3981,1516,72.42132072039294
Sugar Free Monkfruit 55% Cacao Chocolate Bar With Cocoa Nibs,5,0,5,0.0
Coconut Macaroons,99,48,51,48.484848484848484
White American Cheese,413,236,177,57.14285714285714
Spaghetti Tangy Italian Dinner,17,12,5,70.58823529411765
"Coffee, Whole Bean, Medium Roast, Breakfast Blend",23,11,12,47.82608695652174
Healthy Signature Drinks Mojitea,14,7,7,50.0
"Minis, Coconut Milk, Non-Dairy Frozen Dessert, no sugar added Vanilla Bar",1187,692,495,58.29823083403538
"Pancakes, Potato",5,0,5,0.0
"Bite Size Candies, Original",83,39,44,46.98795180722892
Organic Stone Ground Flour Whole Wheat,177,19,158,10.734463276836157
Oven Roasted Deli Thin-Sliced Turkey Breast,413,197,216,47.699757869249396
"Avocado, Jack and Tomato Sandwich",156,79,77,50.641025641025635
0% Fat Vanilla Greek Yogurt,114,56,58,49.122807017543856
Moisturizing Shampoo,23,5,18,21.73913043478261
Paste for Butter Chicken Curry,38,20,18,52.63157894736842
Cookies & Cream Ice Cream Bars,67,29,38,43.28358208955223
Old Fashioned Apple Sauce,170,82,88,48.23529411764706
Gruner Veltliner,89,65,24,73.03370786516854
Dairy-Free Chive Cream Cheese,4224,2947,1277,69.76799242424242
"Cookie Butter, Speculoos",19,7,12,36.84210526315789
Tofu Scramble Pocket Sandwich,461,262,199,56.83297180043384
Chipotle and Ancho Vinaigrette Dressing and Marinade,5,0,5,0.0
Natural Peanut Butter Chocolate Chip Cookies,64,29,35,45.3125
Mandarin and Seville Orange Jigger,5,3,2,60.0
Mango Protein Shake,485,293,192,60.41237113402062
Mild Red Enchilada Sauce,1704,587,1117,34.448356807511736
Gillette Fusion ProGlide Sensitive 2 in 1 Shave Gel Ocean Breeze,2,0,2,0.0
The Original Roast Ground Coffee Medium,140,73,67,52.142857142857146
Diet Iced Tea,401,304,97,75.81047381546135
Multi-Grain Splits Pretzels,218,132,86,60.550458715596335
Phineas and Pherb Shaped Chicken Soup,25,10,15,40.0
Fabanaise Chipotle Vegan Mayo Made With Aquafaba,183,78,105,42.62295081967213
Pure Doctor Kombucha,151,98,53,64.90066225165563
Aromatherapy Singles Lavender,4,0,4,0.0
Sterile Multi-Purpose Solution for Soft Contact Lenses,3,0,3,0.0
Tomato Concentrate,28,8,20,28.57142857142857
Creme Curls,22,7,15,31.818181818181817
Organic Turmeric Ginger & Beet Superfoods Bar,932,384,548,41.201716738197426
Oreo Cookies and Cream Frozen Dairy Dessert,1048,389,659,37.11832061068702
Hardwood Floor Polish,51,24,27,47.05882352941176
Organic Darjeeling Tea,13,4,9,30.76923076923077
Munchies Peanut Butter Toast Crackers,4,0,4,0.0
Diced Fire Roasted W/Garlic Tomatoes,499,161,338,32.26452905811623
Ice Guard Pitcher 1 Gal,36,1,35,2.7777777777777777
Super Premium Food for Cats Real Salmon & Brown Rice Recipe,40,15,25,37.5
Organic Beans Red Kidney,216,55,161,25.462962962962965
Olive Oil Oil Moisturizing Hair Lotion,8,1,7,12.5
Tea Tree Triple Treat Shampoo,362,104,258,28.7292817679558
Chipotle Mayo,353,81,272,22.946175637393768
Sweet & Sour Chicken Meatballs,27,9,18,33.33333333333333
"Baked Rice and Corn Puffs, Aged White Cheddar",4009,2603,1406,64.92890995260665
100% Organic All-Natural Dried Pineapple,241,137,104,56.84647302904564
Sterile Gauze Pads,6,0,6,0.0
"Russian Lowfat Yogurt, 2% Milkfat",151,116,35,76.82119205298014
Light Very Cherry Yogurt,1002,632,370,63.07385229540918
Baked Asian Sweet Teriyaki Tofu,19,5,14,26.31578947368421
Smoked Apple Sage Sausages,2772,1680,1092,60.60606060606061
Cinnamon Stick,7,0,7,0.0
Sesame Tamari Organic Vinaigrette,8,1,7,12.5
Hard Chocolate Shell,21,4,17,19.047619047619047
"Bath & Shower Gel, Lavender",37,5,32,13.513513513513514
Melatonin 3 mg Tablets,61,13,48,21.311475409836063
Pop-Tarts Frosted Red Velvet Toaster Pastries,64,40,24,62.5
Energy Pineapple Strawberry 1.62oz,62,29,33,46.774193548387096
Anti-Itch Crème,64,11,53,17.1875
Sorta Sweet Straight Up Iced Tea,26,21,5,80.76923076923077
Mini Soft Tortilla Taco Boats,19,5,14,26.31578947368421
Thintensity Ultrasmooth Lubricant Condoms,9,2,7,22.22222222222222
5 Cheese Ravioli,160,86,74,53.75
"Mayonnaise, Chipotle",765,253,512,33.0718954248366
"Original Papaya Enzyme, Chewable Tablets",12,2,10,16.666666666666664
Corn,91,27,64,29.67032967032967
Dark Chocolate Cheesecake Soft Dessert Cookies,20,12,8,60.0
Intensive Treatment Head and Shoulders Clinical Strength Dandruff and Seborrheic Dermatitis Shampoo 13.5 Fl Oz Female Hair Care,73,17,56,23.28767123287671
Gluten Free Brown Rice Spaghetti,71,22,49,30.985915492957744
Pomodoro Fresco Creamy Vodka Pasta Sauce,46,10,36,21.73913043478261
Light Pink Lemonade,1040,686,354,65.96153846153847
Pore Minimizing Red Clay Mask For All Skin Types,19,0,19,0.0
Petite-Cut Diced Tomatoes,114,38,76,33.33333333333333
Spoons,16,4,12,25.0
Taster's Choice House Blend Instant Coffee,292,110,182,37.67123287671233
Mega Stuf,78,29,49,37.17948717948718
Lens Drops,3,0,3,0.0
Ugli Fruit,9,0,9,0.0
Color Shield Shampoo for Color Treated Hair,20,3,17,15.0
"Linguine No. 7, 100% Whole Wheat",40,10,30,25.0
German's Sweet Chocolate Baking Bar,16,2,14,12.5
Mild Cheddar Cheese Cubes,28,11,17,39.285714285714285
Country Style Frozen Orange Juice Concentrate,7,1,6,14.285714285714285
"Pasta Sauce, Authentic, Bistro Marinara",107,52,55,48.598130841121495
Balsamic Vinegar Of Modena,2941,511,2430,17.37504250255015
Scented Oil Warmer,214,24,190,11.214953271028037
Hawaiian Style Barbecue Sauce,12,1,11,8.333333333333332
The Very Finest Fish Oil Lemon Flavor,4,0,4,0.0
Santa Fe Barbecue Rice Chips MWO Rice Chips,1470,1039,431,70.68027210884354
Canola Vegetable Oil Blend,70,6,64,8.571428571428571
Greek Toasted Coconut Vanilla Non Fat Yogurt,319,225,94,70.53291536050156
Lavender & Chamomile Baby Powder,20,2,18,10.0
Blackcurrant,43,33,10,76.74418604651163
Uncured Italian Dry Salami,2074,1177,897,56.75024108003858
GoLean Dark Chocolate Cashew Chia Plant-Powered Bar,6,2,4,33.33333333333333
French Sea Salt Caramel Butter Cookies,14,3,11,21.428571428571427
"Oats, Apples, Cranberries, and Almond Granola",50,31,19,62.0
Bamboo Bristle Bath Brush,18,1,17,5.555555555555555
Dark Roast Ground Coffee,12,3,9,25.0
Micellar Facial Cleanser Water,15,2,13,13.333333333333334
Soap Travel Case,9,2,7,22.22222222222222
Extra Delicates Care Detergent,266,68,198,25.563909774436087
Chunky Steak and Potato Soup,247,80,167,32.388663967611336
Soft'ees Donuts,42,22,20,52.38095238095239
Vanilla Whey Protein,38,6,32,15.789473684210526
Chocolate Builder's Bar,147,90,57,61.224489795918366
Limited Edition Cranberry Bagels,87,35,52,40.229885057471265
Gel Personal Lubricant,13,0,13,0.0
Echinacea Goldenseal Supreme Extract,10,3,7,30.0
Grapefruit Bag,127,66,61,51.96850393700787
Thin & Crispy Pizza Crusts,57,31,26,54.385964912280706
Buttery Pecan Ice Cream,4,0,4,0.0
Moderate Absorbency Regular Length Incontinence Pads,86,35,51,40.69767441860465
Chocolate Favorites Fun Size Variety Pack,379,165,214,43.53562005277045
Linking Bag Clip,5,1,4,20.0
Goldfish Pretzel Baked Snack Crackers,1274,774,500,60.75353218210361
Chocolate & Peanut Butter Shell Topping,31,8,23,25.806451612903224
Sampler Assorted Chocolates,6,1,5,16.666666666666664
Room & Fabric Freshener Gardenia,7,1,6,14.285714285714285
Pomegranate & Mango Hand Soap,248,98,150,39.516129032258064
California Ripe Pitted Jumbo Olives,22,14,8,63.63636363636363
"Kefir, Perfect Blueberry",282,162,120,57.446808510638306
Revitalizing with Vitamin E Body Lotion,53,9,44,16.9811320754717
Italian Roast Coffee K-Cups,158,106,52,67.08860759493672
Organic Red Heirloom Quinoa,261,81,180,31.03448275862069
Diet Citrus Soda,118,73,45,61.86440677966102
Probiotic Fruit Gummies,40,12,28,30.0
Belgian Style White Beer,211,121,90,57.345971563981045
Chocolate Chip Bar,1095,612,483,55.89041095890411
Pasteurized Apple Cider,233,132,101,56.65236051502146
"Seltzer, Cherry Pomegranate",85,67,18,78.82352941176471
Vinho Verde Rose,23,12,11,52.17391304347826
Pediatric Electrolyte Fruit Flavor Natural & Artificial Flavor,4,1,3,25.0
Black Mission Fig,142,39,103,27.464788732394368
Organic Apple Juice,11666,7691,3975,65.92662437853592
Vegan Smoked Salmon,67,37,30,55.223880597014926
Cool Ranch Chips,656,325,331,49.542682926829265
Chicken Bean and Rice Burrito,1545,831,714,53.786407766990294
Coconut Shrimp With Thai Chili Dipping Sauce,3,0,3,0.0
Lean Turkey Burgers,137,42,95,30.656934306569344
Diced Peeled Tomatoes In Tomato Juice,22,4,18,18.181818181818183
Unsweetened Organic Soy Milk,1756,1244,512,70.84282460136674
Cruisers Pampers Cruisers Diapers,97,54,43,55.670103092783506
Sunny Hemp Plus Granola Bars,41,25,16,60.97560975609756
"Alive! Multi-Vitamin Cherry, Grape & Orange Gummies for Children",115,48,67,41.73913043478261
Korean Barbecue Pork Jerky,9,3,6,33.33333333333333
Sweet & Sour Red Cabbage,25,10,15,40.0
Brazilian Sea Salt Grinder,14,0,14,0.0
Wakame Seaweed & Shiitake Mushrooms,92,72,20,78.26086956521739
Healthy Request Condensed Soup Chicken With Rice,158,84,74,53.16455696202531
The Kyoto Burrito,489,254,235,51.94274028629857
Organic Mint Tereré Yerba Mate Blend,809,613,196,75.7725587144623
Dairy Free Grated Parmesan Style Topping,993,370,623,37.26082578046324
Pressed Cool Pineapple,14,1,13,7.142857142857142
"Cookies, Oatmeal Raisin",20,7,13,35.0
Everyday Coconut Mint Lip Balm,20,2,18,10.0
Dark Chocolate Egg Matzos,9,0,9,0.0
Broccoli & Carrots with Brown & Wild Rice,315,142,173,45.07936507936508
Organic Squeeze Minced Garlic,11,5,6,45.45454545454545
Chicken Bratwurst With Onions,16,4,12,25.0
24 hour Allergy Relief Gelcaps for Adults,21,9,12,42.857142857142854
Best Cinnamon Bread,2865,1939,926,67.67888307155323
Gluten Free Mediterranean Crackerz,415,290,125,69.87951807228916
Intense Dark Chocolate with Sea Salt & Roasted Almonds,935,491,444,52.51336898395722
Guatemala Coffee,169,105,64,62.1301775147929
Chocolate Squares Premium Assortment,284,185,99,65.14084507042254
Xylitol Sinus Nasal Spray,12,1,11,8.333333333333332
Vermont Sharp Cheddar Cheese,112,37,75,33.035714285714285
Disney Baby Size 5 Diapers,21,3,18,14.285714285714285
Lo-Cal Root Beer,17,9,8,52.94117647058824
Sweet Condensed Coconut Milk Organic,50,7,43,14.000000000000002
Mexican Blend Cheese,126,53,73,42.06349206349206
Red Chile Enchilada Sauce,2741,1160,1581,42.32032105071142
Tapioca Pudding,262,127,135,48.473282442748086
Apple Cinnamon & Pecan Fruit & Nut Bar,619,320,299,51.69628432956381
Gnocchi with Potato,95,40,55,42.10526315789473
Ultra-Clean Washable Large Crayons,8,2,6,25.0
Charcoal 260 Mg,70,20,50,28.57142857142857
Great Grains Crunchy Pecans Cereal,212,128,84,60.37735849056604
Spicy Chipotle Hummus,74,31,43,41.891891891891895
Dark Chocolate Squares,30,10,20,33.33333333333333
Gorgonzola Cheese Center Cut,4,0,4,0.0
Wild Boar Uncured Bar,84,36,48,42.857142857142854
Peanut Butter M&Ms,160,106,54,66.25
Katsu Sauce,14,2,12,14.285714285714285
Organic French Onion Dip Mix,8,2,6,25.0
Disney Pixar Cars Adhesive Bandages Assorted Sizes,42,11,31,26.190476190476193
Chili,16,6,10,37.5
Sauce for Broccoli Beef,25,14,11,56.00000000000001
Hot Chili Con Carne With Beans,62,33,29,53.2258064516129
Organic Grass fed Creamline Yogurt Vanilla,331,198,133,59.818731117824775
Horseradish,93,22,71,23.655913978494624
"Makeup Remover Wet Cloths, 25 count  Female Skin Care",35,5,30,14.285714285714285
Pure-Castile Soap,5,0,5,0.0
Country Fried Chicken & Gravy Meal,313,179,134,57.18849840255591
Coconut Juice with Pulp,10,1,9,10.0
Organic Earl Grey Black Tea 16 Count,525,251,274,47.80952380952381
"ColorGuard HE Turbo Clean Liquid Laundry Detergent, 92 oz, 48 loads Laundry",18,9,9,50.0
Loose Powder,4,0,4,0.0
Safe & Natural Tropical Coconut Twist Liquid Soap For Kids,112,22,90,19.642857142857142
Clean Breeze® High Efficiency Liquid Laundry Detergent,206,87,119,42.23300970873786
Applesauce Cinnamon,11,6,5,54.54545454545454
Organic Pre-washed Hearts Of Romaine Lettuce,272,136,136,50.0
Organic Free Range Low Sodium Chicken Broth,7336,3081,4255,41.99836423118866
Coconut Milk Vanilla Frozen Dessert,1509,878,631,58.18422796554009
4 Peppercorn Chabis Goat Milk Cheese,78,38,40,48.717948717948715
Honeydew Chunks,4101,2957,1144,72.10436478907583
Food-Based Women's One Multivitamin,75,13,62,17.333333333333336
Mrktpl Sweet Potato Bake,14,3,11,21.428571428571427
Blueberry Little Muffins,61,42,19,68.85245901639344
Coconut Nectar Fudge,82,58,24,70.73170731707317
Lime Natural Flavor Soda,49,33,16,67.3469387755102
Greek Extra Virgin Olive Oil,1089,457,632,41.96510560146924
Calcium Gummy,25,12,13,48.0
Classic Almond Butter All Natural,3394,1598,1796,47.08308780200354
Marshmallow Trees - 9 CT,8,2,6,25.0
Cut Baby Corn,289,109,180,37.71626297577855
Sourdough English Muffins,322,179,143,55.590062111801245
Ultra Plush Bathroom Tissue,264,93,171,35.22727272727273
12 Year Old Highland Single Malt Scotch Whisky,4,0,4,0.0
Natural 72% Dark Chocolate With Natural Forest Mint Flavor,1060,657,403,61.9811320754717
"Imported Italian Peeled Tomatoes, Organic",29,6,23,20.689655172413794
Verry Special Cognac,138,73,65,52.89855072463768
Chewy Chocolate Chip Cookies,147,71,76,48.29931972789115
Organic Wild Blueberry Fruit Spread,204,56,148,27.450980392156865
Lemon Sorbet,269,114,155,42.37918215613383
Arrabiatta Sauce,214,98,116,45.794392523364486
Parmesan Garlic Bread,12,4,8,33.33333333333333
"Meal Bar, Oatmeal Raisin",33,16,17,48.484848484848484
Kosher Dills Fresh Pack,114,56,58,49.122807017543856
Light & Fit Greek Crunch Coconut Chocolate Bliss,39,17,22,43.58974358974359
Pizza Dough,2840,1439,1401,50.66901408450705
Fiber Selects Garden Vegetable Crackers,11,4,7,36.36363636363637
"Thoroughly Clean Face Wash with Organic Tea Tree Oil and Awapuhi, Travel Size",7,0,7,0.0
Perfectly Undone Hairspray,31,13,18,41.935483870967744
Nylon Bath Gloves,13,4,9,30.76923076923077
Brown Rice Pasta,32,12,20,37.5
Fruits & Vegetables Juice Very Cherry,26,8,18,30.76923076923077
Real Vegetable Chips Sweets & Carrots,151,52,99,34.437086092715234
Grapefruit Daily Facial Scrub,3,0,3,0.0
Pine Fresh Natural Toilet Cleaner,351,58,293,16.524216524216524
Organic Chopped Spinach,11925,6278,5647,52.64570230607967
Whole Grain Sesame Rye Crisp Bread,135,78,57,57.77777777777777
Turtle Sundae Mix,7,1,6,14.285714285714285
Medjoul Dates,8,3,5,37.5
California Peach Greek Yogurt,21,10,11,47.61904761904761
Organic Minestrone Soup,1028,495,533,48.15175097276265
"Hemp Protein, Hi-Fiber, Bulk Pack",5,2,3,40.0
Enlive Milk Chocolate Nutrition Shake,7,3,4,42.857142857142854
Fat Free Strawberry Yogurt,9813,7057,2756,71.91480688882095
Whole Seasoned Black Beans,53,26,27,49.056603773584904
Organic Safflower Avocado & Coconut Oil,26,2,24,7.6923076923076925
Unscented Lip Balm,9,1,8,11.11111111111111
Drinkable Lowfat Peach Yogurt,30,19,11,63.33333333333333
Melatonin 10 Mg,39,12,27,30.76923076923077
Egg Pasta Sheets,28,7,21,25.0
Red Apple Slices,18,9,9,50.0
The Old World Recipe Soft Caramels,16,7,9,43.75
Specials Sourdough Pretzels,73,53,20,72.6027397260274
Steakhouse Roaster Potatoes,12,2,10,16.666666666666664
Fruit Hard Candy Canes,10,3,7,30.0
Silver® Multivitamin and Multimineral Supplement Adult,14,4,10,28.57142857142857
Gluten Free Chocolate Brownie Protein Bar,11,2,9,18.181818181818183
Donettes Crunch Mini Donuts,76,49,27,64.47368421052632
Organic 70% Dark Chocolate Bar,107,50,57,46.728971962616825
Steamfresh Chef's Favorites Lightly Sauced Mushroom & Green Bean Risotto,94,43,51,45.744680851063826
Long Grain & Spanish Seasonings Rice,51,17,34,33.33333333333333
Brightening Apricot Scrubble Facial Wash & Scrub,44,11,33,25.0
Zinger Tangerine Orange Caffeine Free Herbal Tea,33,6,27,18.181818181818183
Very Clear Moisturizer With Anti-Blemish Complex,7,1,6,14.285714285714285
Little Movers Size 4,53,16,37,30.18867924528302
Ginger Candy Chews,25,7,18,28.000000000000004
Healthy Request Condensed Homestyle Chicken Noodle Soup,384,167,217,43.48958333333333
Roast Turkey Breast Meal,82,46,36,56.09756097560976
Fresh Cut Chopped Spinach,14,6,8,42.857142857142854
Strawberry 1.76 Oz Dairy Snack,50,37,13,74.0
Deluxe Black Raspberry Fruit Spread,209,60,149,28.708133971291865
All Natural Gluten Free Cream of Mushroom Soup,84,30,54,35.714285714285715
Lavender & Twilight Jasmine Body Wash,12,6,6,50.0
Truffle Mousse,384,164,220,42.70833333333333
Paper Lunch Bags,212,37,175,17.452830188679243
Vanilla with Reese's Pieces Lowfat Yogurt,84,68,16,80.95238095238095
Concentrated Chicken Style Liquid Stock,17,8,9,47.05882352941176
The Original Firecracker Ice Pop,668,256,412,38.32335329341318
Organic Dark Chocolate Pomegranate Trail Mix Bar,130,30,100,23.076923076923077
Arroz Calasparra Paella Rice,7,1,6,14.285714285714285
Apple Cider Vinegar,9710,3121,6589,32.142121524201855
Eye Allergy Relief Eye Drops,43,8,35,18.6046511627907
Chewy Chocolate Covered Caramel candy,25,7,18,28.000000000000004
Hot & Spicy with Shrimp,102,47,55,46.07843137254902
Hashbrown,43,21,22,48.837209302325576
Hello Kitty,39,11,28,28.205128205128204
Rain Sugar Free Gum,38,9,29,23.684210526315788
Original 65% Vegetable Oil Spread,9,2,7,22.22222222222222
Lite Mocha Frappuccino,412,251,161,60.922330097087375
Kasseri Mountain Cheese,14,1,13,7.142857142857142
Premium Full Beer,91,44,47,48.35164835164835
Lo Mein Egg Noodles,86,20,66,23.25581395348837
Uncured Cherry Smoked Bacon,201,118,83,58.70646766169154
Organic Chicken Cacciatore,16,2,14,12.5
Mild Sweet Chili Sauce,140,19,121,13.571428571428571
Original Cheese Pizza,276,144,132,52.17391304347826
Black Truffle Oil,79,12,67,15.18987341772152
Organic Whole Milk Plain Greek Yogurt,485,241,244,49.69072164948454
Ziti,40,15,25,37.5
Olive & Lavender Soap,49,12,37,24.489795918367346
Gluten Free Pancake Batter,24,11,13,45.83333333333333
Favorites Low-Fat Fudge Brownie Mix,9,3,6,33.33333333333333
"Capers, Imported Non-Pareil",421,108,313,25.653206650831358
Stainless Steel Cleaner and Polish,390,58,332,14.871794871794872
Hot Dog Buns,6742,3498,3244,51.88371403144467
Ultra Soft & Strong® Toilet Paper Double Rolls,1782,877,905,49.21436588103255
Citrus Essence Laundry Powder Detergent,10,5,5,50.0
Medjool Dates,109,31,78,28.440366972477065
Ultimate Flora Women’s Daily Probiotic,26,11,15,42.30769230769231
Light Chestnut Brown 5N Permanent Hair Color,113,54,59,47.78761061946903
Organic Cashew Caramel Macrobar,891,576,315,64.64646464646465
Spicy Kimchi,538,233,305,43.30855018587361
Total Effects Anti-Aging Fragrance Free Moisturizer,7,1,6,14.285714285714285
Melon Santa Clause,23,9,14,39.130434782608695
Asian Style Sweet Chili Sauce & Marinade,5,2,3,40.0
Complete ActionPacs Fresh Scent Dishwasher Detergent,1058,407,651,38.46880907372401
Veggie Wash,266,93,173,34.962406015037594
Wild Caught Sea Scallops,25,5,20,20.0
Nutrisse Nourishing Color Creme - 30 Darkest Brown (Sweet Cola),5,0,5,0.0
Rice Based Formula Vanilla Probiotic,401,262,139,65.33665835411472
Celery,6722,2882,3840,42.874144599821484
Jammers Orange,16,8,8,50.0
Jet-Puffed Marshmallows,2047,477,1570,23.302393746946752
Dark Chocolate Pretzels with Sea Salt,8080,5156,2924,63.81188118811881
Organic Vegetable Lasagna,410,149,261,36.34146341463415
Vitamin D Full Fat Milk,602,397,205,65.9468438538206
Reconstructing Shampoo Total Repair Extreme,6,1,5,16.666666666666664
Homestyle Pancakes,26,7,19,26.923076923076923
Organic Purple Yam & Garlic Hummus,58,15,43,25.862068965517242
Marketplace Spicy Mexican Black Beans and Rice,67,21,46,31.343283582089555
Non Alcoholic Hazelnut Coffee Creamer,26,13,13,50.0
Bar Mix,42,19,23,45.23809523809524
Ready to Bake! Chocolate Chunk & Chips Cookies,20,5,15,25.0
"Bread, Artisan, Bake at Home, Fresh Rosemary",48,14,34,29.166666666666668
Sweet Potato Chips,187,82,105,43.85026737967914
Xtra Protection Odor Lock Extra Long Liners Double Pack,32,11,21,34.375
Uncured Slow Cooked Ham,13571,8426,5145,62.088276471888584
Condensed Soup Tomato Bisque,198,74,124,37.37373737373738
Golden Syrup,11,0,11,0.0
Sharing Gratitude Kombucha,516,340,176,65.89147286821705
30 Minute Marinade Hawaiian with Tropical Fruit Juices,13,4,9,30.76923076923077
Clam Sauce White With Extra Virgin Olive Oil,105,49,56,46.666666666666664
Light Italian Dressing,896,319,577,35.60267857142857
New Orleans Kettle Style Salt & Vinegar Potato Chips,20,16,4,80.0
Takealongs Serving Bowl,9,1,8,11.11111111111111
Anti-Slip Grip Cardboard Applicator Regular Absorbency Tampons,155,46,109,29.677419354838708
Original Calcium + Vitamin D Low Pulp Orange Juice,120,81,39,67.5
No Calories No Caffeine Seltzer Water,161,123,38,76.3975155279503
Gluten Free Israeli Couscous,108,16,92,14.814814814814813
Organic Raspberry Ice Cream,41,11,30,26.82926829268293
Vaporizing Decongestant Vicks VapoRub Cough Suppressant Topical Analgesic Ointment,153,7,146,4.57516339869281
Green Bean Chips,172,81,91,47.093023255813954
Collezione Bucatini  Pasta,35,17,18,48.57142857142857
Gluten-Free Rainforest Banana Nut Granola,123,62,61,50.40650406504065
Artichoke Heart,519,143,376,27.552986512524086
for All Mouth Sores Fresh Mint Oral Debriding Agent/Antiseptic Rinse/Pain Reliever,15,4,11,26.666666666666668
Honey Roasted Almonds,198,99,99,50.0
Maple Glazed Mini Donettes,10,0,10,0.0
Chicken Flavor Cup Noodles,330,149,181,45.151515151515156
Raspberry Vinaigrette with Poppyseed Dressing,13,5,8,38.46153846153847
Fresh Scent Dishwasher Detergent With Dawn,24,7,17,29.166666666666668
"Just Apple, Raspberry & Avocado Stage 2",75,29,46,38.666666666666664
Smoothing Repair Body Lotion,20,4,16,20.0
Banana & Mango Organic Yogurt & Fruit Snacks ,2901,1766,1135,60.875560151671834
Just Sweet Potatoes Stage 1,59,20,39,33.89830508474576
Organic Butternut Squash,19847,9276,10571,46.73754219781327
Peeled Garlic,6259,3843,2416,61.39958459817863
Smoked Mussels,144,112,32,77.77777777777779
"Pita Chips, Simply Naked, Party Size",3892,1761,2131,45.24665981500514
Thick Cut Cherrywood Smoked Bacon,15,3,12,20.0
Sweetfire Beets,500,236,264,47.199999999999996
Gluten Free Honey Mustard Pretzels,263,169,94,64.25855513307985
"Spring Mix & Baby Spinach, 50/50!, Family Size",96,51,45,53.125
Caramel Whipped Latte,20,3,17,15.0
Organic Large Extra Fancy Fuji Apple,75165,57201,17964,76.10057872680103
"Lil' Pastas Ravioli, Cheese and Spinach",11,1,10,9.090909090909092
California Cauliflower Cello,108,36,72,33.33333333333333
Menthol Cough Drops,6,1,5,16.666666666666664
Asparagus Tips,350,137,213,39.14285714285714
Vegetable Classics 99% Fat Free Minestrone Soup,123,53,70,43.08943089430895
Carrots Cello,70,22,48,31.428571428571427
Bissli Pizza Flavor Snack,23,15,8,65.21739130434783
Fire Roasted Salsa,275,178,97,64.72727272727272
Organic Wheat Bran,23,1,22,4.3478260869565215
O'Coconut Lightly Sweetened Coconut Treat Hemp And Chia,54,27,27,50.0
Boneless And Skinless Chicken Breast,5735,3335,2400,58.151700087183954
Ice Cream Sandwiches,207,124,83,59.90338164251207
Fantastik Bleach 5-in-1 All Purpose Cleaner,140,26,114,18.571428571428573
eat your vegetables Vegetable Chips Sour Cream & Onion,27,12,15,44.44444444444444
Cultured Raspberry Coconut Milk Dairy Free,117,44,73,37.60683760683761
Organic Mocha Difference Ice Cream,169,119,50,70.41420118343196
Family Favorites Traditional Pasta Sauce,147,86,61,58.50340136054422
Organic Raw Coconut Water,15,7,8,46.666666666666664
Rich & Hearty Chicken & Homestyle Noodles Soup,2081,901,1180,43.29649207111965
"Cream Cheese, Farmhouse Original",5,1,4,20.0
Strawberry Watermelon Sparkling Water,489,299,190,61.145194274028626
Aged Parmesan Crisps,8,1,7,12.5
All Natural Four Cheese Ravioli,723,364,359,50.345781466113415
Curly Fettuccine with White Cheddar & Broccoli Sauce,54,22,32,40.74074074074074
Turnips,23,8,15,34.78260869565217
Perfect Energy Multivitamin,4,0,4,0.0
Organic Grapefruit,690,316,374,45.79710144927536
"Sprinkles, Rainbow",22,1,21,4.545454545454546
Small Cantaloupe,961,461,500,47.97086368366285
Wicked Fresh! Mouthwash - Cool Mountain Mint,1089,388,701,35.62901744719926
Naturally Hickory Smoked Lower Sodium Bacon,75,35,40,46.666666666666664
Latte Nitro Cold Brew Coffee With Almond Milk,83,30,53,36.144578313253014
Maple Breakfast Sausage,12,1,11,8.333333333333332
12.4 Oz. Cheez It Colby,11,7,4,63.63636363636363
Girl Scouts Thin Mint Cereal,20,2,18,10.0
Organic Brazilian Cashew Nuts Superfood,90,55,35,61.111111111111114
Organic Kale & White Bean Ravioli,145,70,75,48.275862068965516
Creamy Four Cheese,222,106,116,47.74774774774775
Turkey and Salmon Cat Food,18,5,13,27.77777777777778
Light Harvest Peach Yogurt,1414,895,519,63.2956152758133
Organic Chicken Kabob Seasoning,10,3,7,30.0
Dairy Free Penne & Chreese Cheddar Style Organic Brown Rice Pasta Dinner,8,0,8,0.0
Decaf House 100% Organic Coffee From Fair Trade Cooperatives,18,12,6,66.66666666666666
"Quinoa, Kale & Red Lentil Soup",517,236,281,45.64796905222437
White Albacore In Water Tuna,329,177,152,53.799392097264445
Active Insect Repellant Aerosol,7,0,7,0.0
Vitamin C 1000 Mg Super Orange Drink Mix Dietary Supplement,176,45,131,25.568181818181817
Pure Zero Punched Energy Drink,79,55,24,69.62025316455697
Red Pear,566,241,325,42.579505300353354
JavaJig Single Serve Coffee Filters,6,4,2,66.66666666666666
Healthy Skin Face Lotion with sunscreen SPF 15,49,8,41,16.3265306122449
Antifungal Clotrimazole Cream,18,5,13,27.77777777777778
Garden Veggie Patties Veggie Burgers,110,31,79,28.18181818181818
Adult Health Small Breed Formula Dry Dog Food,179,99,80,55.3072625698324
Tart Cherry Melon Kombucha,104,54,50,51.92307692307693
Mixing Bowl Set 3 Count,9,1,8,11.11111111111111
Harvest Red Blend,14,5,9,35.714285714285715
Blueberry Pecan Plus Fiber Fruit & Nut Bar,1359,891,468,65.56291390728477
Beef Steak with Cranberry & Sriracha,230,99,131,43.04347826086957
Coffeehouse Blend Ground Coffee,7,3,4,42.857142857142854
Platter,50,16,34,32.0
No. 3 Organic Extra Virgin Olive Oil,6,2,4,33.33333333333333
Endurance Fresh Clinical Advanced Solid Anti-Perspirant & Deodorant,7,1,6,14.285714285714285
Mint To Be Ice Cream,11,3,8,27.27272727272727
Fudge Cremes Mint Sandwich Cookies,42,21,21,50.0
Mini Lemon Pie Coco-Roons,34,4,30,11.76470588235294
Teriyaki Vegetables Steamers,34,7,27,20.588235294117645
Extra Ginger Brew Jamaican Style Ginger Beer,5381,3033,2348,56.364987920460884
Cafe Steamers Asian Potstickers,46,23,23,50.0
Light Ranch To Go,45,21,24,46.666666666666664
Yours Truly Chocolate Covered Cones,450,306,144,68.0
Lime Ponzu Citrus Seasoned Dressing & Sauce,70,18,52,25.71428571428571
24 Hour Original Prescription Strength Fexofenadine 180 Mg Allergy Tablets,131,38,93,29.00763358778626
Sweet Chili Chickpea Chips,8,3,5,37.5
Trail Mix Chewy Granola Bars Dark Chocolate & Nut,190,100,90,52.63157894736842
Dried Mango Slices,3,0,3,0.0
Crunchy Variety Pack Granola,683,399,284,58.41874084919473
Cajun Turkey Breast,253,133,120,52.569169960474305
Ayurvedic Herbal Fresh Mint Toothpaste,104,46,58,44.230769230769226
Chicken Chow Mein,68,32,36,47.05882352941176
Plus Lotion 2 Ply Tissues,312,131,181,41.98717948717949
Honey BBQ Popcorn,6,2,4,33.33333333333333
"3-in-1 Laundry Detergent Pods, Lavender with Vanilla scent",66,21,45,31.818181818181817
Mewo Mix Irresistibles Soft Treat With Real White Meat Chicken,18,6,12,33.33333333333333
Original Savory Beef & Chicken Flavor Dry Dog Food,7,3,4,42.857142857142854
Organic Old Fashioned Potato Soup,42,14,28,33.33333333333333
Lime Juice Squeezed from Real Limes,14,2,12,14.285714285714285
Dairy Pure Whole Milk,1786,1070,716,59.910414333706605
Vegetarian Organic Pinto Beans,391,153,238,39.130434782608695
Honey Nut Granola With Almonds Cartons,19,7,12,36.84210526315789
Crunchy Seasoned Peas Bhuja Snacks,20,6,14,30.0
Organique Neem & Pomegranate Toothpaste,238,85,153,35.714285714285715
Plum Smart 100% Juice Blend,8,3,5,37.5
Double Chocolate Brownie Mix,1080,402,678,37.22222222222222
Good Buddy Cookies Cheddar Cheese Flavor,4,1,3,25.0
Fig Spread,4,0,4,0.0
Coconut Fruit Bars,2862,1478,1384,51.642208245981834
Organic 1% Lowfat Milk,1488,850,638,57.123655913978496
Fat Free Blueberry Yogurt,7170,5124,2046,71.46443514644352
D-Mannose Powder,55,24,31,43.63636363636363
Pesto Pasta Primavera,80,28,52,35.0
Pleasure Pack Lubricated Premium Latex Condoms,6,3,3,50.0
Cake Pans,174,51,123,29.310344827586203
Organic Summer Strawberry Kefir,478,322,156,67.36401673640168
Organic Sesame Tahini,465,112,353,24.086021505376344
Organic Part Skim Mozzarella Cheese,20,1,19,5.0
Style Pritns 18 oz. Plastic Cups,104,72,32,69.23076923076923
100% Egg Whites,371,235,136,63.342318059299195
Zero Drops Mountain Berry Blast Flavor Enhancer with Electrolytes,13,4,9,30.76923076923077
Premium Cape Cod Fresh Cranberries,344,48,296,13.953488372093023
"Midgees, Bonus Pack",250,106,144,42.4
Fruit & Nut Five Star Bar,149,72,77,48.322147651006716
Cheddar Cheese With Jalapeño Peppers Block,17,2,15,11.76470588235294
100% Lactose Free Organic 2% Reduced Fat Milk,1774,1294,480,72.94250281848929
French Onion with Bacon Dip,29,10,19,34.48275862068966
Orange Calcium & Vitamin D Pulp Free,10390,6562,3828,63.156881616939366
Chicken Enchilada Bowl,1899,973,926,51.23749341758821
Dove Creek Unsweetened Tea,19,8,11,42.10526315789473
Chocolate Chip Mini Cookies,336,233,103,69.34523809523809
Belg Fontina Snacking Cheese,33,16,17,48.484848484848484
Vermont Maple Syrup Breakfast Sausage,956,460,496,48.11715481171548
Fiber Gummy Bears Supplement,18,6,12,33.33333333333333
"Vegetable Chips, Taro, Sea Salt",2197,1525,672,69.41283568502503
Mini Pound Cake,36,23,13,63.888888888888886
Vanilla Almond Builder's Protein Bar,1106,713,393,64.46654611211574
Bacon & Bleu Chopped Salad Kit,158,93,65,58.86075949367089
Apples & Mangoes Fruit Bars,38,23,15,60.526315789473685
Pro-V Daily Moisture Renewal Conditioner,138,32,106,23.18840579710145
Clean Day Bluebell Scent Multi-Surface Cleaner,117,18,99,15.384615384615385
Risotto Con Funghi Porcini,9,4,5,44.44444444444444
Tortillas Southwestern Ranch Tortilla Crisps,14,6,8,42.857142857142854
Peppermint Tea,330,186,144,56.36363636363636
Curved Panty Liners,536,241,295,44.96268656716418
Plus® Vanilla Nutrition Shake,217,126,91,58.06451612903226
Compleats Roast Beef & Gravy With Mashed Potatoes,43,15,28,34.883720930232556
Salsa For All Seasons Medium Chipotle Salsa,181,96,85,53.03867403314917
Gold AA Alkaline Batteries,10,0,10,0.0
Garlic Melba Rounds,16,6,10,37.5
Honey Bunches of Oats Cereal with Pecan,16,2,14,12.5
Show Me the Honey Crunchy Coconut Chips,4,2,2,50.0
Strawberry Drinkable Yogurt,22,15,7,68.18181818181817
Raw Protein Packet Vanilla,137,44,93,32.11678832116788
"Truffle, Nut Butter, Cacao Almond",202,114,88,56.43564356435643
Organic Blood Orange & Honey Hard Candy,47,14,33,29.78723404255319
Giant Roll Paper Towels,1083,513,570,47.368421052631575
Gluten Free Dreamin' Of Chocolate Layer Cake,20,9,11,45.0
Organic Heritage Flakes Cereal,2069,1338,731,64.66892218463025
Bean & Cheese Dip Zesty,14,8,6,57.14285714285714
Salsa Picante,70,20,50,28.57142857142857
Citrus Punch Tangy Original,107,63,44,58.87850467289719
Gluten Free Multigrain Bread,2258,1612,646,71.39061116031885
"Onion Bagels, 6 Pre-Sliced,",579,390,189,67.35751295336787
Cold & Allergy Grape Flavor,5,0,5,0.0
Tri-Flexxx Triple Blade Cartridges for Men,13,2,11,15.384615384615385
Cherry Almond Chocolate Bar,53,14,39,26.41509433962264
Turkey Pot Pie,1490,824,666,55.302013422818796
Selects Italian Herb Uncured Cooked Sausage,8,1,7,12.5
Everyday Shea Lemon & Lavender Body Lotion Gentle for Babies & Up,6,0,6,0.0
Premium Alaskan Pacific Smoked Salmon,3,1,2,33.33333333333333
Original Nasal Strips,27,9,18,33.33333333333333
Lemon Real Brewed Tea,225,122,103,54.22222222222223
Beverage Napkins,177,73,104,41.24293785310734
Premium Grapefruit Juice Ruby Red,855,480,375,56.14035087719298
Buttery Sticks,17,7,10,41.17647058823529
Mini-Bites ABC's & 123's with Meatballs,25,8,17,32.0
Cold Sore Treatment,9,0,9,0.0
Naturals Sliced Olives,48,8,40,16.666666666666664
Chardonnay Monterey County California,6,2,4,33.33333333333333
Zero Cranberry,36,12,24,33.33333333333333
Marinated Quartered Artichoke Hearts,15,4,11,26.666666666666668
Belvita Soft Baked Mixed Berry,329,194,135,58.96656534954408
No Pulp Orange Juice With Calcium,25,16,9,64.0
Cavity Zapper Toothpaste,27,10,17,37.03703703703704
Brussels Sprouts Stalks,380,44,336,11.578947368421053
One Love Medium Organic Ground Coffee,7,3,4,42.857142857142854
Seasoned Shredded Beef,39,18,21,46.15384615384615
"Gelato Dessert, Peach, Box",5,1,4,20.0
Classic with Tuna & Vegetables Cat Food,27,11,16,40.74074074074074
Chlorine Free Flushable Wipes Pack,24,10,14,41.66666666666667
Burger Blue Cheese Slices,18,5,13,27.77777777777778
Whole Dried Berry Mix,20,9,11,45.0
Organic Passion Terere Yerba Mate,404,322,82,79.70297029702971
Organic Fuji Red Apple Chips,3817,2018,1799,52.868745087765255
"9\"" Flaky Deep Dish Pie Crusts",34,8,26,23.52941176470588
Original Precision Pour Bleach Gel,13,1,12,7.6923076923076925
Fun Size Peanut Chocolate Candy,9,2,7,22.22222222222222
Grassfed Whole Milk Strawberry Yogurt,639,320,319,50.07824726134585
Celebration Ice Cream Cake,29,6,23,20.689655172413794
Cranberry Juice Drink,209,143,66,68.42105263157895
Moisturizing Cream For Dry Sensitive Skin,4,0,4,0.0
Just Sweet Potato Baby Food,1295,817,478,63.08880308880309
Naturally Dry Natural Powder for Women Antiperspirant/Deodorant,42,11,31,26.190476190476193
"Fruit Spread, Organic, Strawberry",966,496,470,51.345755693581786
Almond Smokehouse Nut & Rice Cracker Snacks,362,231,131,63.812154696132595
Essentially Enriched Body Lotion,108,25,83,23.14814814814815
Creamy Garlic Butter Chicken Oven Sauce,25,10,15,40.0
Classic Pate Ocean Whitefish & Tuna Dinner Cat Food,216,131,85,60.64814814814815
Plenti Greek Blueberry Oatmeal with Yogurt,9,4,5,44.44444444444444
Belgian Chocolate Chocolate Ice Cream,282,166,116,58.86524822695035
Mild Green Taco Sauce,87,24,63,27.586206896551722
Smart Ones Chicken Fettucini,191,104,87,54.45026178010471
Florentine Spinach and Cheese Pasta Sauce,1,0,1,0.0
Hamburger Buns Plain/Sesame 8 Pack,267,108,159,40.44943820224719
Rocky Mountain Sourdough Bread,3309,2415,894,72.98277425203989
Made Vitamin D3 Adult,10,4,6,40.0
No Pulp Orange Juice with Added Vitamin C and Zinc,92,46,46,50.0
"Fruit, Nut & Fiber Muesli",32,10,22,31.25
Vanilla Mocha Frappuccino,216,118,98,54.629629629629626
Healthfull Flax & Sunflower Bread,45,22,23,48.888888888888886
Pro-Mend Split End Repair Rebalancing Shampoo,6,0,6,0.0
Minestrone Soup,502,249,253,49.60159362549801
"MicroMist Airbrush Sunless Tan, Deep-3 Shades Darker",9,3,6,33.33333333333333
Organic Ancient Grains Bar,8,2,6,25.0
Just Your Style Spiced Chai Organic Protein Shake,14,4,10,28.57142857142857
Veganic Sprouted Brown Rice Cacao Crisps,2498,1522,976,60.92874299439551
Macaroni & Cheese Dinner Sharp Cheddar & Bacon,5,0,5,0.0
Organic Brown Sugar,94,11,83,11.702127659574469
Spots Stew Turkey Canned Cat Food,88,49,39,55.68181818181818
Whole Nutmeg,49,2,47,4.081632653061225
Greek 0% Fat Smooth & Creamy Vanilla,41,19,22,46.34146341463415
Premier  9 Cups Food Container,7,2,5,28.57142857142857
Organic Greens And Orange Beverage,16,6,10,37.5
Black Bean Garlic Sauce,228,18,210,7.894736842105263
Candle 2-In-1 Fresh Berries & Wild Raspberry,4,0,4,0.0
Escarole,277,74,203,26.714801444043324
"Brussels Sprouts, Sprout Halves, Quick Cook",367,161,206,43.869209809264305
Organic Ancient Spice Thins,28,7,21,25.0
Skinner's Raisin Bran Cereal,23,17,6,73.91304347826086
Press And Seal Plastic Wrap,134,15,119,11.194029850746269
Gourmet Pear Deluxe Fruit Spread,25,11,14,44.0
One & Done Refreshing Baby Wipes,11,0,11,0.0
Gentleman Jack Rare Tennessee Whiskey,83,51,32,61.44578313253012
Plain Lowfat  Yogurt,224,145,79,64.73214285714286
Raspberry Lemonade 12 Quart Drink Mix,167,71,96,42.51497005988024
Cookie Thins Chocolate Chip Cookies,66,32,34,48.484848484848484
Home Delights Chicken & Vegetable Flavor Dog Food,10,2,8,20.0
Original Flavors Hard Candy,277,109,168,39.35018050541516
Gluten Free Watermelon Fruit Pop,63,21,42,33.33333333333333
Whole Black Peppercorns,452,43,409,9.513274336283185
Bath Salt Plus,25,7,18,28.000000000000004
Turkey Sausage Breakfast Bowl,143,81,62,56.64335664335665
Porcini Mushrooms,6,0,6,0.0
Soft White 29 Watt Halogen Bulbs,11,3,8,27.27272727272727
Black Cherry Greek Style Yogurt,36,18,18,50.0
Cinnamon Apple Straws,28,15,13,53.57142857142857
Deodorant,77,9,68,11.688311688311687
Currant English Tea Scones,155,93,62,60.0
Medium House Blend Decaf Ground Coffee,477,246,231,51.57232704402516
Unfiltered Ginger Ale Pomegranate with Hibiscus,49,24,25,48.97959183673469
Medium Red Taco Sauce,92,25,67,27.173913043478258
Organic Granulated Onion,23,0,23,0.0
Simply Granola Oats Honey Almond Cereal,678,365,313,53.83480825958702
Mashed Sweet Potatoes,189,78,111,41.269841269841265
Almond Flour Tortillas,2463,1691,772,68.65611043442956
Plus OxiClean Stain Fighters Odor Blasters Fresh Burst Laundry Detergent,39,20,19,51.28205128205128
Reduced Fat Club Crackers,248,81,167,32.66129032258064
Stronger Cookies 'n Cream Protein Bar,45,25,20,55.55555555555556
Nut Mix Bhuja Snacks,33,16,17,48.484848484848484
Permanent Hair Color Dark Chestnut Brown 3N,47,17,30,36.17021276595745
Cheese Stuffed Crust Pizza Five Cheese,27,2,25,7.4074074074074066
SteviaClear Sweetener,175,136,39,77.71428571428571
Solid White Albacore Tuna With Salt In Pouch,11,1,10,9.090909090909092
Ginger Lemongrass,55,29,26,52.72727272727272
Virgin Flax-seed Oil,30,1,29,3.3333333333333335
Original Flax Milk Dairy Free Protein+,1413,1037,376,73.38995046001415
"Organic Olive Oil, Basil, & Garlic Pasta Sauce",111,33,78,29.72972972972973
PlugIns Scented Oil Cashmere Woods Refills,45,11,34,24.444444444444443
Tomato & Basil Pasta Sauce,111,40,71,36.03603603603604
Gold Pear,57,22,35,38.59649122807017
Artisan Series Cherry Tomatoes On The Vine,81,45,36,55.55555555555556
Gluten Free Sesame Ring Pretzels,21,15,6,71.42857142857143
Brain On (Apple/Lemon) Flavored,24,13,11,54.166666666666664
Jalabeaños Pickled Green Beans,27,7,20,25.925925925925924
Whole Mediterranean Bay Leaves,7,0,7,0.0
Organic  Raw Cocotella,4,0,4,0.0
Select 100% Whole Wheat Sandwich Rolls,625,287,338,45.92
Essential Antioxidants Original 100% Vegetable Juice,45,27,18,60.0
Wood Clothespins,33,1,32,3.0303030303030303
Graduates Grabbers Pear and Squash,68,31,37,45.588235294117645
Organic Pineapple Crushed,117,16,101,13.675213675213676
"Stage 2 Cherry, Sweet Corn, and Greek Yogurt Baby Food",156,87,69,55.769230769230774
Lemon & Olive Oil Kale Chips,68,23,45,33.82352941176471
Whole Wheat Pre-Sliced Mini Bagels,774,417,357,53.875968992248055
Creamy Parmesan Chicken Pot Pie,125,67,58,53.6
Medium Concentrated Tikka Masala Curry Paste,31,4,27,12.903225806451612
Antiseptic Mouth Rinse,295,93,202,31.52542372881356
Meadow Green Icing,6,0,6,0.0
Shredded Mexican Style Nacho Cheese Blend,125,48,77,38.4
Lemon & Pepper Seasoned Tuna,22,11,11,50.0
Natural Glow Moisturizing Lotion,35,13,22,37.142857142857146
Fat Free Milk,29345,22559,6786,76.87510649173625
Natural Uncured Bacon Pork Sticks,5,1,4,20.0
"Yogurt, Lowfat, Organic, Vanilla Bean",251,119,132,47.410358565737056
Mochi Ice Cream Green Tea - 6 CT,251,124,127,49.40239043824701
Madras Lemon Rice,40,16,24,40.0
Moroccan Lamb Stew with Couscous,74,19,55,25.675675675675674
Yo Baby Organic Vanilla Yogurt,3352,2684,668,80.07159904534606
Bearnaise Sauce,9,1,8,11.11111111111111
Bits o' Brickle Baking Chips,158,52,106,32.91139240506329
Classic Greek Dressing,18,1,17,5.555555555555555
Country Vegetable Soup,140,85,55,60.71428571428571
Honey Breakfast Biscuits,152,78,74,51.31578947368421
Dairy Free Greek Style Vanilla Coconut Milk Yogurt,838,472,366,56.324582338902154
Whisker Lickin's Chicken Flavor Cat Treats,18,7,11,38.88888888888889
5 Grain Tempeh,36,5,31,13.88888888888889
Chocolate Soymilk,125,84,41,67.2
Protein Chocolate Peanut Butter Nourishing Food Bar,67,32,35,47.76119402985074
"Nut Bar, Chocolate Chunk",35,22,13,62.857142857142854
Sprouted Organic Cinnamon Raisin English Muffins,3568,2450,1118,68.66591928251121
Ground Lamb,71,27,44,38.028169014084504
With Glade Tough Odor Solutions Cat Litter,603,306,297,50.74626865671642
Ondine Instant Lasagna Sheets,5,0,5,0.0
Roasted Tomato Salsa,4669,2753,1916,58.96337545512957
Chipotle Sweet Potato Soup,9,2,7,22.22222222222222
Olay Sugarberry Scent Women's Razor Refills,33,18,15,54.54545454545454
Diced Tomatoes Spicy Red Pepper,14,3,11,21.428571428571427
RedHot Buffalo Wings Sauce,119,31,88,26.05042016806723
Milk Chocolate Caramel Pretzel,11,3,8,27.27272727272727
Gluten Free Crunchy Vanilla Cereal,3373,2030,1343,60.18381262970649
Spicy Homestyle 7 Spice Chili Starter,10,7,3,70.0
Premium Chicken Jerky Dog Treats,15,8,7,53.333333333333336
Heath Bar,13,5,8,38.46153846153847
Party Mix Barrel,52,26,26,50.0
All Natural Pressels Pretzel Chips Everything,8,0,8,0.0
Crunch Granola Bar Chocolate Chip,1442,770,672,53.398058252427184
"Soup, 99% Fat Free New England Clam Chowder",5,0,5,0.0
Original Almond Milk,512,277,235,54.1015625
Channa Masala Indian Cuisine,905,403,502,44.53038674033149
Special Request Roasted Garlic Rye Chips,75,36,39,48.0
Coconut & Pear Moisturizing 100 Percent Natural Lip Balm,6,1,5,16.666666666666664
Mushroom Steak Sauce,7,3,4,42.857142857142854
Shredded Low-Moisture Part-Skim Mozzarella Cheese,3384,1344,2040,39.71631205673759
Queso Queso Fresco Chse 10 Oz,59,22,37,37.28813559322034
Turkey Breast Tenderloins,3,0,3,0.0
White Popcorn,10,1,9,10.0
Balsamic Dressing & Marinade,372,172,200,46.236559139784944
Mrktpl Le Ginger Beef,86,42,44,48.837209302325576
Italian Red Wine Vinegar,159,15,144,9.433962264150944
79% Virgin Chocolate Yacon Cane Sugar Free Bar,38,25,13,65.78947368421053
Dried Veggies,15,6,9,40.0
"Bread, Natural Fitness",1025,647,378,63.1219512195122
Organic Semi Sweet Chocolate Chips,2,1,1,50.0
Vanilla with Twix Pieces Lowfat Yogurt,2,0,2,0.0
Ground Organic Anise,14,0,14,0.0
Sweet Orange Marmalade,219,44,175,20.091324200913242
Yeast Plus,4,0,4,0.0
Cheddar Jack Baked Snack Crackers,94,44,50,46.808510638297875
Raw Vegan Bombay Ranch Kale Chips,15,5,10,33.33333333333333
Fiesta Flats Taco Shells,43,17,26,39.53488372093023
Super Squeeze Strawberry Bash Juice Blend,30,19,11,63.33333333333333
Flat Fillets of Anchovies in Pure Olive Oil,110,32,78,29.09090909090909
Stainless Steel Measuring Spoon Set,42,7,35,16.666666666666664
Balsamic Vinegar Di Modena,6,1,5,16.666666666666664
Almond Breeze Hint of Honey Almond Milk,43,24,19,55.81395348837209
"Buddy Biscuits Original Soft & Chewy, Roasted Chicken Flavor Dogs Treats",131,54,77,41.221374045801525
Winter Truffle,8,1,7,12.5
Hydrating Eye Creme,6,3,3,50.0
Roasted Tomato Salsa Serrano-Tomatillo,557,283,274,50.80789946140036
Ones Individually Wrapped Dried Prunes Value Pack,51,15,36,29.411764705882355
Whole Cherries Dipped in Dark Chocolate,53,28,25,52.83018867924528
Organic Chia Seed,57,14,43,24.561403508771928
Chili Mac,12,1,11,8.333333333333332
Light & Fit Greek Mousse Salted Caramel,12,5,7,41.66666666666667
Coconut Milk Vanilla Bean Frozen Dessert,852,334,518,39.201877934272304
Hibiscus Tea Squeeze,12,7,5,58.333333333333336
Nature's Colors Decorating Set,96,3,93,3.125
Unsweetened Applesauce,151,79,72,52.317880794701985
Saag Paneer & Biryani Bento,54,19,35,35.18518518518518
Squeeze Sweet Relish,38,4,34,10.526315789473683
Reduced Fat Original Crackers,40,15,25,37.5
Fragrance Free Spray Mist Body Deodorant,14,4,10,28.57142857142857
Garlic Chicken White Pizza Frozen Sandwiches,329,171,158,51.97568389057751
Rye Flour,10,1,9,10.0
Assorted Cupcakes,55,23,32,41.81818181818181
Vanilla Chai Naturally Derived Hand Wash,4,0,4,0.0
Farmer's Garden Kosher Dill Halves Pickles,20,5,15,25.0
All Whitefish in Liquid Broth,7,0,7,0.0
Cleansing Cloths,69,13,56,18.84057971014493
Bone Organic Chicken with Ginger Broth,1315,600,715,45.627376425855516
High Heat Refined Canola Spray Oil,325,85,240,26.153846153846157
Chunky Beef Soup,4,0,4,0.0
Pomegranate 100% Juice,67,22,45,32.83582089552239
Organic Wild Berry Blend Juice,26,10,16,38.46153846153847
Gluten Free Wheat Free Fudge Brownie Mix,16,1,15,6.25
"100% Pure Tangerine Cheering Essential Oil,",19,2,17,10.526315789473683
Dark Chocolate Cherry Cashew Plus Antioxidants Bars,953,525,428,55.08919202518363
Multi-Purpose Solution with Lens,15,6,9,40.0
French Lavender All-Purpose Natural Surface Cleaner,593,173,420,29.17369308600337
Thick & Chunky Salsa,3688,1682,2006,45.60737527114968
Women´s Multivitamin Gummies,144,33,111,22.916666666666664
Organic Gluten Free & Wheat Free Pumpkin Spice Waffles,2299,1528,771,66.46367986080904
Fat Free Vitamin A & D Milk,1007,805,202,79.94041708043694
Organic Polenta Corn Grits,714,118,596,16.5266106442577
Comforting Chamomile Tea,1107,367,740,33.15266485998193
Colors Cheddar Baked Snack Crackers,12,5,7,41.66666666666667
Original Shave Cream,211,41,170,19.431279620853083
All-Bran Buds Cereal,241,161,80,66.80497925311202
Ndali Vanilla Bean Ice Cream,153,58,95,37.908496732026144
Gourmet Popping Corn Movie Theater Butter,17,6,11,35.294117647058826
Organic One Ingredient Peanut Butter,441,252,189,57.14285714285714
Sugar Cane,5,0,5,0.0
Small Curd Cottage Cheese,603,307,296,50.91210613598673
Lightly Salted Halves and Pieces Cashews,26,13,13,50.0
Swanson Premium Chicken Breast Chunks,470,197,273,41.91489361702128
Normal to Dry Skin Daily Moisture,49,16,33,32.6530612244898
Classic Margarita Mix,72,25,47,34.72222222222222
RAW Vitamin Code B Complex,52,15,37,28.846153846153843
Tamarind Apple Brussel Bytes,10,0,10,0.0
Complete Seasoning,20,6,14,30.0
Arnica Montana 30 C,617,188,429,30.47001620745543
Classic Yellow Mustard,5158,1108,4050,21.481194261341603
Beggin' Littles Bacon Flavor Dog Snack,28,13,15,46.42857142857143
Lacinato (Dinosaur) Kale,74,16,58,21.62162162162162
Chocolate Drizzled Macaroons,6,1,5,16.666666666666664
Mild Curry Paste,71,15,56,21.12676056338028
Eggplant Pesto,42,20,22,47.61904761904761
Decaf Mountain Chai,25,6,19,24.0
Ready-Cut Diced Tomatoes,100,37,63,37.0
Instant Pistachio  Pudding,28,8,20,28.57142857142857
Organic Medium Firm Tofu,242,163,79,67.35537190082644
Organic Marinara Pasta Sauce,6436,3204,3232,49.78247358607831
Large Shells,55,28,27,50.90909090909091
Vegetable Stock,422,127,295,30.09478672985782
Essential Goodness Sour Cream Coffeecake Mix,27,4,23,14.814814814814813
Organic Gluten Free Brown Rice Spaghetti,150,53,97,35.333333333333336
Extra Maxi Regular with Wings Pads,10,1,9,10.0
Corned Beef,276,120,156,43.47826086956522
Cultured Buttermilk Blend for Cooking and Baking,63,7,56,11.11111111111111
"Coffee, Ground, Decaffeinated, Espresso, Medium",60,30,30,50.0
Tussin DM Cough Suppressant/Expectorant,8,0,8,0.0
Select-A-Size White Paper Towels,6592,3036,3556,46.05582524271845
Light Beef Bologna,63,38,25,60.317460317460316
Tomato & Basil Jack Cheese Slices,7,0,7,0.0
Blue Cheese Vinaigrette Dressing,28,13,15,46.42857142857143
Mocha Mexica Cold Brew Coffee With Almond Milk,93,17,76,18.27956989247312
Slow Churned Light Mint Chocolate Chip Ice Cream,50,10,40,20.0
Blend Garam Masala,83,3,80,3.614457831325301
Variety Pack Snack Stacks,1025,598,427,58.34146341463414
Extra Fresh  Body + Face Bar,116,62,54,53.44827586206896
Red Zone Collection Deodrant - Aqua Reef,11,1,10,9.090909090909092
Res-Q Ointment,8,1,7,12.5
Ring O Noodle Soup Mix with Real Chicken Broth,20,11,9,55.00000000000001
Nutter Butter Peanut Butter Creme Patties,26,15,11,57.692307692307686
One Step Pregnancy Test,28,4,24,14.285714285714285
Lite Italian Dressing & Marinade,10,3,7,30.0
Udon Soup Bowl,1017,525,492,51.62241887905604
SeriousMilk Classic Milk Chocolate Bar,23,5,18,21.73913043478261
Sliced Mushrooms,2530,1195,1335,47.233201581027664
Easy Find Lids Container (1.6L/7 cups),30,1,29,3.3333333333333335
Balm Moisturizing Lip Balm,17,2,15,11.76470588235294
Corn Tortillas,14905,6681,8224,44.82388460248239
Calming Diaper Rash Cream,30,4,26,13.333333333333334
Roasted Garlic Chicken Sausage,138,55,83,39.85507246376812
Half And Half,5130,3633,1497,70.8187134502924
Vegan D3 Spray,27,9,18,33.33333333333333
Moroccan Argan Oil + Argan Stem Cell Triple Moisture Conditioner,908,273,635,30.066079295154186
Reclosable Sandwich Bags,555,193,362,34.77477477477478
3D White Brilliance Vibrant Peppermint Flouride Anticavity Toothpaste,138,48,90,34.78260869565217
Velveeta Original Cheese,562,182,380,32.38434163701068
Gourmet Baby Cucumbers,149,96,53,64.42953020134227
Cold Cream Cleanser,23,1,22,4.3478260869565215
Organic Bay Leaves,2091,244,1847,11.669057867049258
Light Butter Flavor Microwave Popcorn,80,34,46,42.5
"Candle Febreze Candle Mediterranean Lavender Air Freshener (1 Count, 5.5 oz)  Air Care",8,1,7,12.5
Wild Flower Honey,25,5,20,20.0
Kukui Cocoa Body Butter,17,7,10,41.17647058823529
Strawberry Nectar,5,1,4,20.0
Fresh 'n Soft Free Fabric Softener,10,0,10,0.0
Steel Cut Apple Pear Pecan Flavor Instant Oatmeal,44,8,36,18.181818181818183
Wheat and Gluten Free Snickerdoodle Cookies,34,16,18,47.05882352941176
Chocolate Almond Butter Creme Filled Dark Chocolate 72% Cocoa,32,8,24,25.0
Mangoes,137,56,81,40.87591240875913
Raisins & Spice Instant Oatmeal,60,38,22,63.33333333333333
Butternut Squash Zig Zags,59,17,42,28.8135593220339
Simply Dipped Drumsticks,148,70,78,47.2972972972973
Super Saver Halogen 43 Watts Soft White Light Bulbs,12,0,12,0.0
Ginger Cilantro Sauce,12,1,11,8.333333333333332
Signature Recipes Creamy Alfredo Pasta Sauce,1242,492,750,39.61352657004831
Low Fat Ice Cream Bars Peanut Butter,229,139,90,60.698689956331876
Facial Cleansing Gel with  Superfruit + Chlorella Growth Factor,145,35,110,24.137931034482758
Italian Kitchen Red Wine Vinegar,406,60,346,14.77832512315271
Rice Sides Chicken Flavor,316,163,153,51.58227848101266
Sparkling Brut,29,19,10,65.51724137931035
Glazed Lemon Pie,23,11,12,47.82608695652174
Organic Green Superfood Chocolate Chip Coconut Bar,71,42,29,59.154929577464785
Brioche Hot Dog Buns,205,51,154,24.878048780487806
All Natural Virgin Limeade,21,10,11,47.61904761904761
Large Loaf Pan 9 x 5 in,26,0,26,0.0
Port Wine Spreadable Cheese,403,213,190,52.853598014888334
Beef Frankfurters,42,21,21,50.0
Organic Lightly Roasted Crunchy Peanut Butter,1049,580,469,55.29075309818875
"Training Pants, Size 3T-4T (32-40 lb), Disney Princess, Jumbo",82,44,38,53.65853658536586
Ultimate Flora Ultra Potent 100 Billion 12 GPS Probiotic Vegetable Capsules,57,23,34,40.35087719298245
G2 Fruit Punch Sports Drink,12,2,10,16.666666666666664
Squeeze Mayonnaise,10,1,9,10.0
Raw Breakfast Crusts,39,30,9,76.92307692307693
24 Hr 20mg Acid Reducer Tablet,31,17,14,54.83870967741935
Three Seed Sourdough Home Bake Bread,14,1,13,7.142857142857142
Sesame Gruyere Cheese Crisps,56,33,23,58.92857142857143
Jamaican Jerk Seasoning,16,1,15,6.25
Raw Honey,248,107,141,43.145161290322584
Rosemary Truffle Gourmet Popcorn,476,247,229,51.89075630252101
2chic Avocado & Olive Oil Shampoo Travel Size,37,3,34,8.108108108108109
RAW Organic Green Super Food,24,6,18,25.0
Double Cream Chive Vegan Cashew Cheese,377,191,186,50.663129973474796
All Natural Herbes De Provence,8,1,7,12.5
"Invisible Solid Anti-Perspirant Deodorant, Shower Fresh",17,4,13,23.52941176470588
Truvia Sweetener Packets,485,182,303,37.52577319587629
Peanut Butter Powder,5,2,3,40.0
White,12,1,11,8.333333333333332
Alimentum Hypoallergenic Powdered Infant Formula With Iron,14,9,5,64.28571428571429
Caesar Fat Free Dressing,5,1,4,20.0
Sunburst Tangerine,444,169,275,38.06306306306306
Organix Grain Free Chicken & Vegetable Dog Food,573,370,203,64.57242582897034
Certo Premium Liquid Fruit Pectin,19,1,18,5.263157894736842
"Liquid Laundry Detergent, Island Fresh, 32 Loads 50 Fl Oz Laundry",18,3,15,16.666666666666664
Organic Tortilla Chips Blue Corn With Flax,78,50,28,64.1025641025641
Cultured Soy Vanilla Yogurt,845,607,238,71.83431952662723
Optive Advanced Lubricant Single Use Eye Drops,7,4,3,57.14285714285714
Green And White Tea Variety Tea Bags,34,9,25,26.47058823529412
Ultra Comfort Care Clean Ripple Bath Tissue,897,460,437,51.28205128205128
"Bread, Fruit & Nut Manna",85,39,46,45.88235294117647
Fructis Style® Flexible Control Anti-Humidity Aerosol Hairspray Strong - Strong Hold,5,0,5,0.0
No Salt Added Minestrone Soup,78,40,38,51.28205128205128
Sensitive Skin Experts Micellar Cleansing Oil,3,0,3,0.0
Hearty Garlic Deli Style Sandwich Slices Pickles,71,36,35,50.70422535211267
Dairy Pure 2% Milkfat Reduced Fat Milk,1069,660,409,61.739943872778305
Twinkies,468,213,255,45.51282051282051
Lemon-Lime Tablets,52,15,37,28.846153846153843
"Green Beans, French Herb",76,24,52,31.57894736842105
Pinot Noir Marlborough,9,0,9,0.0
Orange Vanilla Liquid Water Enhancer,54,28,26,51.85185185185185
Classic Clean Shampoo,10,1,9,10.0
Greek 100 Calories Key Lime Fat Free Yogurt,209,123,86,58.85167464114832
Grooves Hot & Spicy Cheddar Crispy Cracker Chips,44,33,11,75.0
Super Sweet Yellow Corn,14,3,11,21.428571428571427
Rainbow Berry Soft & Chewy Candy,22,5,17,22.727272727272727
Sugar Free Cherry Low Calorie Gelatin Dessert,53,24,29,45.28301886792453
Tempura Shrimp,52,17,35,32.69230769230769
Wasabi Roasted Seaweed Snack,36,20,16,55.55555555555556
Organic Bar Banana Coconut,65,33,32,50.76923076923077
Stone Ground Mustard,97,22,75,22.68041237113402
Classic Meal for 2 Chicken Florentine & Farfalle,459,277,182,60.348583877995644
Natural Foods PB&J Strawberry and Peanut Butter Sandwich Bars - 5 CT,31,18,13,58.06451612903226
XX Lager Especial,75,43,32,57.333333333333336
Kids Fluoride Free Natural Watermelon Toothpaste,12,1,11,8.333333333333332
Medium Scarlet Raspberries,5037,3478,1559,69.04903712527299
G2 Lemon-Lime Low Calorie Electrolyte Beverage,323,188,135,58.204334365325074
Coconut & Papaya Hand Cream,7,2,5,28.57142857142857
Black Forest Shaved 98% Fat Free Ham,215,98,117,45.58139534883721
"Nutri Grain Fruit & Nut Chewy Breakfast Bars, Blueberry Almond",8,4,4,50.0
Original Formula  Motion Sickness Relief For Children and Adults Tablets,31,2,29,6.451612903225806
Mini Kumato Tomatoes,134,63,71,47.01492537313433
Organic Spelt Pretzels,1735,1266,469,72.96829971181556
Organic Light in Sodium Low-Fat Minestrone Soup,1265,629,636,49.723320158102766
Organic Dandelion Greens,2943,1921,1022,65.27353041114509
Lowfat Kefir Smoothie Strawberry,194,100,94,51.546391752577314
Sliced Bacon,352,182,170,51.70454545454546
Grape Seed Oil,156,87,69,55.769230769230774
"Natural Pads, Ultra, Super +",23,5,18,21.73913043478261
One SmartBlend Premium Cat Food Pairings Chicken & Salmon Recipe in Gravy,8,6,2,75.0
Deluxe Bagels Onion,649,405,244,62.40369799691834
Butter Rich Maple Syrup,387,87,300,22.48062015503876
Caramel Butter Pecan Ice Cream,27,9,18,33.33333333333333
Greek Yogurt Crunch,10,2,8,20.0
Apple Juice 100% Pure,184,95,89,51.63043478260869
Plain Tortilla Strips,467,236,231,50.53533190578159
Organic Chicken & Vegetable Potstickers,2113,1158,955,54.80359678182679
Baby Brussel Sprouts,130,43,87,33.07692307692307
Butternut Squash Pear Stage 2 Baby Food,1573,879,694,55.88048315321043
Organic Blueberries Package,116,28,88,24.137931034482758
Peach Mango Fruit Fusion Yogurt,17,8,9,47.05882352941176
Deodorant with Oil of Sage,47,12,35,25.53191489361702
Roulette,23,9,14,39.130434782608695
Chunky Beef & Bean Chili,55,17,38,30.909090909090907
Raspberry Ginger Tea,91,14,77,15.384615384615385
Protein Lovers Breakfast Burrito,737,411,326,55.76662143826323
Rose Black,619,449,170,72.53634894991923
AAA Batteries,42,4,38,9.523809523809524
Firm Hold Styling Gel,11,3,8,27.27272727272727
Simply Jif Creamy Peanut Butter,463,240,223,51.83585313174947
Spaghetti & Meatballs,211,102,109,48.34123222748815
Original Alcoholic Ginger Beer,9,2,7,22.22222222222222
One Step Corn Removers,14,1,13,7.142857142857142
Granola Cinnamon Raisin,3,0,3,0.0
Lay's Wavy Original Potato Chips Family Size,489,263,226,53.78323108384458
Disney Pixar Finding Dory Cereal,16,9,7,56.25
Dinner Yeast Rolls,151,48,103,31.788079470198678
Lavender Automatic Dish Packs,51,18,33,35.294117647058826
Ranch Dip,188,50,138,26.595744680851062
Daily Cleansing Herbal Shampoo,106,27,79,25.471698113207548
Japanese Udon Noodles,145,55,90,37.93103448275862
Toasted Almond Rice Pilaf Mix,613,275,338,44.86133768352366
Cherry Limeade Soft Drink Mix,6,0,6,0.0
Gluten Free Breast Strips,13,3,10,23.076923076923077
Rich Taste Extra Virgin Olive Oil,1542,443,1099,28.728923476005185
9.9 oz M&M's Chocolates,61,25,36,40.98360655737705
Paste For Chicken Curry,9,3,6,33.33333333333333
Junior Strength Ibuprofen 100mg Grape-Flavored Chewable Tablets Fever Reducer/Pain Reliever,17,1,16,5.88235294117647
Plus Febreze Spring & renewal Liquid Laundry Detergent,23,11,12,47.82608695652174
Hash Brown Potato Patties,491,232,259,47.25050916496945
Crunchin' 123 Sesame Street Veggie Crackers,482,297,185,61.61825726141079
Spring Water,56087,45558,10529,81.22737889350473
Slider Freezer Bags,16,3,13,18.75
Valerian Root Vegetarian Liquid Phyto-Caps,10,2,8,20.0
"Diet Ginger Ale Premium Soda, Zero Calories, Sugar Free, No Caffeine",47,28,19,59.57446808510638
Arnold Palmer Lite Half Tea & Half Lemonade,210,156,54,74.28571428571429
Organic Feta Cheese,353,185,168,52.40793201133145
Original Sugar-Free Chai Tea Latte Concentrate,72,37,35,51.388888888888886
Carrot Rainbow,90,27,63,30.0
"Anti-Stress Drink, Original (Unflavored)",6,1,5,16.666666666666664
Mexican Style Rice,49,15,34,30.612244897959183
White Bean Chili Starter with Roasted New Mexico green chile,119,53,66,44.537815126050425
Organic & Natural Cotton Panty Liners,277,120,157,43.32129963898917
Roaster/Baker Pans & Lids,113,23,90,20.353982300884958
AA Alkaline Batteries Pack,10,0,10,0.0
Orange Gelatin,586,223,363,38.05460750853242
Organic Raspberry Black Tea,39,33,6,84.61538461538461
Grill Mates Spicy Montreal Steak Seasoning,20,5,15,25.0
Original Pure Creamy Almond Milk,14712,10927,3785,74.27270255573681
Organic Russet Potato,32534,19933,12601,61.268211716973006
Medium Salsa Verde,211,47,164,22.274881516587676
Palmeritas,8,4,4,50.0
Vieille Provision Saison Dupont Unfiltered Belgian Farmhouse Ale,32,10,22,31.25
Perfectly Protein Salted Caramel Latte Coffee Beverage,29,21,8,72.41379310344827
"Glue, All Purpose, Precision Tip",48,3,45,6.25
Stuffed Hashbrowns Meat Lovers,15,5,10,33.33333333333333
Thong Unscented Regular With Stay Put Wings Pantiliners,10,2,8,20.0
Sport 3-D Odor Defense Fresh Antiperspirant & Deodorant,26,10,16,38.46153846153847
Butternut Squash With Cranberries,6,0,6,0.0
Creamy with Tuna & Vegetables Cat Food,60,37,23,61.66666666666667
"Milk Chocolate Eggs, Candy Coated",25,2,23,8.0
Green Oak Lettuce,74,39,35,52.702702702702695
Green Seedless Grapes,12437,7790,4647,62.6356838465868
Fine Artisan Chocolate Extra Rich Milk 41% Cacao,46,30,16,65.21739130434783
Garden Veggie Natural Bouillon Cubes,75,17,58,22.666666666666664
Horseradish Deli Mustard,7,1,6,14.285714285714285
Lamb Chops,17,7,10,41.17647058823529
Garlic & Herb Goat Cheese,10,0,10,0.0
Honey Wheat Berry Bread,115,54,61,46.95652173913044
"Egg Rolls, Pork",25,7,18,28.000000000000004
Cucumbers Color Protection Conditioner,3,0,3,0.0
Wild Atlantic Nori,8,1,7,12.5
Thin & Crispy Spinach & Garlic Pizza,307,114,193,37.13355048859935
Original Black Tea Brew Kombucha,423,321,102,75.88652482269504
Stone Ground Dijon Mustard,10,0,10,0.0
Stone Ground Corn Flour,13,0,13,0.0
Muhammara Walnut Pomegranate & Roasted Red Pepper Meze,350,221,129,63.142857142857146
Organic Nectarine,13101,7951,5150,60.69002366231585
Peets Big Bang Whole Bean,32,6,26,18.75
Natural Strawberry Flavor Acidophilus with Bifidus Chewable Wafer,5,0,5,0.0
El Ciprés Whole Bean Coffee,268,143,125,53.35820895522389
Whole Bean Highlander Grog,31,26,5,83.87096774193549
Sorbet Pops Strawberry,2927,1649,1278,56.33754697642638
Tamarind Black Tea Probiotic Kefir Water Tea Tonic No. 1,29,20,9,68.96551724137932
Brown Rice Sea Salt & Pepper Rice Thins,70,18,52,25.71428571428571
Peppermint Hard Candy,68,2,66,2.941176470588235
Protecting Powder Outlast Antiperspirant/Deodorant Clear Gel,7,3,4,42.857142857142854
Apple Honey Acidophilus,5,0,5,0.0
Spinach Tomato Natural & Beef Flavored Veggie Rotini,9,5,4,55.55555555555556
Dusted Dark Chocolate Popcorn,28,10,18,35.714285714285715
Apple Grape/Apple Strawberry Organic Variety Pack Frozen Juice,13,7,6,53.84615384615385
Greek 100 Calories Whips! Salted Caramel Fat Free Yogurt Mousse,10,1,9,10.0
Lime Shrimp Flavor Ramen Noodle Soup,13,6,7,46.15384615384615
Liquid Watermelon Drink Mix,7,2,5,28.57142857142857
Soft Family 100% Whole Wheat Bread,171,110,61,64.32748538011695
Raw Shelled Hemp Seeds,138,20,118,14.492753623188406
Hemp Plus Instant Hot Oatmeal,4,0,4,0.0
"4.5\"" Street Taco Flour Tortilla",69,29,40,42.028985507246375
Frozen Strawberry Dippers,119,40,79,33.61344537815126
Pomegranate Raspberry Shave Cream,80,22,58,27.500000000000004
Milk Chocolate Minis Size Candy Bars Bag,27,10,17,37.03703703703704
Bonne Bouche Ash-Ripened Goat Cheese,445,255,190,57.30337078651685
Organic Orange Juice With Calcium & Vitamin D,3136,2489,647,79.3686224489796
Organic Chili Sauce,139,27,112,19.424460431654676
Potato Pancakes,13,4,9,30.76923076923077
Classic Mix Variety,5099,2921,2178,57.28574230241223
Sushi Spicy Tuna Roll Special Brown Rice Ready To Eat,16,5,11,31.25
Rosemary Crackers,848,405,443,47.759433962264154
Cabernet Sauvignon California 2008,3,0,3,0.0
Quattro For Women Refill Blades,8,2,6,25.0
"Frosting Buttercream, Charmed Chocolate",24,0,24,0.0
Daily Moisture Quench Beauty Bar Soap,4,0,4,0.0
Organic Unsweetened Soy Milk H,311,235,76,75.56270096463022
Balance Dark Chocolate Milk Protein Shake,259,123,136,47.49034749034749
Hot Lime Relish,4,0,4,0.0
Original Matador Beef Jerky,57,23,34,40.35087719298245
Silicone Ice Cube Tray,37,4,33,10.81081081081081
"Apricot, Cake & Pasty Filling",5,1,4,20.0
Gluten Free Cheese Balls,21,9,12,42.857142857142854
Tasty Brand Mixed Fruit Fruit Snacks,304,205,99,67.43421052631578
"Vanilla Extract, Pure, Madagascar",533,94,439,17.636022514071296
Thick Cut Bologna,73,27,46,36.986301369863014
Organic Fingerling Potatoes Bag,15,0,15,0.0
Dark Chocolate Peppermint,39,6,33,15.384615384615385
Pomegranate Concentrate,23,11,12,47.82608695652174
Organic Original Acai Juice,67,39,28,58.2089552238806
Tri-Color Cheese Tortellini,5,0,5,0.0
"Croutons, Somewhat Seedy Garlicky Toasted Bites",12,4,8,33.33333333333333
Michael Recchiuti Extra Bitter Chocolate Sauce,11,1,10,9.090909090909092
Corn Plus! & Canola Oil,21,9,12,42.857142857142854
Burrata Cheese,479,200,279,41.75365344467641
Basmati Rice,662,209,453,31.570996978851962
Stand 'n Stuff Soft Flour Tortillas,202,96,106,47.524752475247524
SmartBlend True Instinct with Turkey & Venison Adult Dog Food,35,16,19,45.714285714285715
100% Whole Wheat with Honey Bread,492,293,199,59.552845528455286
Hot & Sour Soup Bowl,126,44,82,34.92063492063492
Rice & Wild Rice Original Rice & Seasoning Mix,195,53,142,27.17948717948718
Ultra Thin Slices Swiss Cheese,1925,1031,894,53.55844155844156
Old Fashioned Oatmeal,1966,934,1032,47.50762970498474
Chinese Chicken Salad,58,26,32,44.827586206896555
Zero Calorie Tonic Water,155,52,103,33.5483870967742
Stainlifters Powercore Pacs For Tough Odor Laundry Detergent,22,12,10,54.54545454545454
Simply Smart Lightly Breaded Chicken Filets,7,2,5,28.57142857142857
Tofu Dogs,27,14,13,51.85185185185185
"Walnut Butter, Raw, with Cashews",216,87,129,40.27777777777778
Maximum Absorbency L for Women  Underwear,46,14,32,30.434782608695656
Vegetarian No Chicken Base,545,204,341,37.43119266055046
All Natural Marshmallow Swirl Hot Chocolate,99,18,81,18.181818181818183
Roasted Garlic And Artichoke Hummus,214,103,111,48.13084112149533
Baby Bee Fragrance Free Shampoo & Wash,46,6,40,13.043478260869565
"9\"" Paper Plate",207,118,89,57.00483091787439
100% Natural Nourishing Lip Balm with Mango Butter,8,1,7,12.5
Redline Espresso Whole Bean Coffee,219,138,81,63.013698630136986
Smoked Mozzarella,417,195,222,46.76258992805755
Applewood Smoked Ham,34,22,12,64.70588235294117
14 Oz Half And Half,270,106,164,39.25925925925926
Chick'n Pot Pie,8,5,3,62.5
Deodorant Soap Aloe,41,7,34,17.073170731707318
2nd Foods Bananas with Apples & Pears,144,71,73,49.30555555555556
Beef Flavor Broth Base,14,1,13,7.142857142857142
Organic English Breakfast Tea,18,7,11,38.88888888888889
Chocolate non-dairy ice cream,10,2,8,20.0
Very Verde Salsa,5,1,4,20.0
L-Glutamine Dietary Supplement,11,1,10,9.090909090909092
Voila! Fajita Chicken,5,2,3,40.0
Toasted Coconut Chips Caramel Sea Salt,418,151,267,36.124401913875595
Ultimate Eczema Relief Lotion,8,0,8,0.0
Big Sur Woods airEffects Air Freshener,4,0,4,0.0
Chicken Roasted Red Pepper & Asiago,12,1,11,8.333333333333332
Deep Moisturizing Body Wash,25,9,16,36.0
Flackers Dill Flax Seed Crackers,52,24,28,46.15384615384615
All Natural Unsalted Donkey Authentic Tortilla Chips,172,96,76,55.81395348837209
Sauvignon Blanc Wine,439,278,161,63.32574031890661
All Natural Chili Bean Soup,87,54,33,62.06896551724138
Sparking Brut Classic Wine,313,151,162,48.242811501597444
Fireworks Original Scent In-Wash Scent Booster,70,37,33,52.85714285714286
8 Skinless Beef Franks,732,336,396,45.90163934426229
Smart Ones Classic Favorites Thin Crust Pepperoni Pizza,42,20,22,47.61904761904761
Complete Omega Junior Chewable Lemon 500 mg,11,2,9,18.181818181818183
Moroccan Infusion Color Care Conditioner,16,7,9,43.75
Crispy Crust Pepperoni Pizza,472,270,202,57.20338983050848
Roast Beef Sandwich,18,4,14,22.22222222222222
Honey + Ginger Beets,658,378,280,57.446808510638306
Brown Rice & Black Beans,71,35,36,49.29577464788733
Warm & Crunchy Honey Almond Granola,79,28,51,35.44303797468354
Green Tea With Ginseng And Honey,48,15,33,31.25
Mini Organic Fillo Shells,23,6,17,26.08695652173913
Sonoma Traditional Flour Tortillas 10 Count,7869,5298,2571,67.32748760960732
Ancho Chili Powder,6,2,4,33.33333333333333
Banana on the Bottom Greek Yogurt Low-Fat Yogurt,51,22,29,43.13725490196079
Organic Whole Milk Yogurt,532,294,238,55.26315789473685
Grassmilk 2% Reduced Fat Milk,5049,3890,1159,77.04495939790057
Chocolate Chip,3647,2390,1257,65.5333150534686
Kosher Red Apple Havarti Shingles,34,15,19,44.11764705882353
Cabbage,59,22,37,37.28813559322034
Sweets + Sours,18,3,15,16.666666666666664
Black Beans with Diced Jalapenos,86,30,56,34.883720930232556
Scalp Rescue Conditioner,13,7,6,53.84615384615385
The Milkiest Chocolate Ice Cream,41,13,28,31.70731707317073
Red Delicious Apples,2133,1481,652,69.4327238631036
Chicken Meatballs,23,12,11,52.17391304347826
Carrot Cupcake,8,2,6,25.0
French Cut Green Beans,210,78,132,37.142857142857146
Organic Garlic Gomasio,13,3,10,23.076923076923077
Strictly Kosher Israeli Candles,5,0,5,0.0
Moisturizer Lavender Shea,7,1,6,14.285714285714285
Strawberry Blended Non Fat Greek Yogurt,335,186,149,55.52238805970149
Original Breakfast Sausage Links,1405,763,642,54.30604982206406
Napa Valley Bistro Authentic Pizza Sauce,46,14,32,30.434782608695656
Ultimate Flora Critical Care 50 B,6,0,6,0.0
Snack Size Powdered Donuts,131,43,88,32.82442748091603
Pop-Tarts Frosted Cookies & Creme Toaster Pastries,256,113,143,44.140625
Light Churned Cookies N' Cream,8,4,4,50.0
Albacore Tuna Salad,90,54,36,60.0
Oven Baked Sour Cream & Onion Flavored Potato Crisps,104,54,50,51.92307692307693
Barramundi,87,38,49,43.67816091954023
Dandelion Leaf & Root Tea,341,104,237,30.498533724340177
The Original Fruit and Nut Food Bar - Peanut Butter Cookie,808,511,297,63.242574257425744
Pre-Workout Energizer Acai Berry Dietary Supplement,100,56,44,56.00000000000001
Whole Red Chilies,6,0,6,0.0
Mystic Mango Kombucha,569,307,262,53.95430579964851
Mashed Potatoes Garlic ID 525 Refrigerated Sides,200,93,107,46.5
Baked Soft Pretzels 6 Count,58,27,31,46.55172413793103
Unfiltered Ginger Ale,30,19,11,63.33333333333333
Traditional Hummus Snack Pack,59,46,13,77.96610169491525
Ammonia Lemon Scent,23,7,16,30.434782608695656
Strawberry French Cheesecake,26,4,22,15.384615384615385
Dates Pitted,7,0,7,0.0
Plain Goat's Milk Cheese Log,164,65,99,39.63414634146341
Dairy Free Gluten Free Strawberry Cheesecake,47,9,38,19.148936170212767
Savory Herbs Stuffing Mix,68,12,56,17.647058823529413
Protein Coconut Water with Chocolate,56,27,29,48.214285714285715
Vitamin D 3 Liquid,8,2,6,25.0
Organic Brown Rice Snaps Unsalted Plain,1397,952,445,68.14602720114532
Classic Potato Chips,4988,2959,2029,59.322373696872496
Volumizing Conditioner,20,0,20,0.0
Spicy Ketchup,23,8,15,34.78260869565217
Tough Strips,23,3,20,13.043478260869565
Sweet Corn & Carrot with Turkey + Sage Stage 3 Baby Food,227,103,124,45.37444933920705
Pizza Dough Ball,7,0,7,0.0
Sniffle Support Drops Alcohol Free Formula,3,0,3,0.0
Sheer Volume Silicone Free Shampoo,28,9,19,32.142857142857146
Fruit Roll Ups Variety Fruit Flavored Snacks,1035,621,414,60.0
Island Teriyaki Sauce & Marinade,94,18,76,19.148936170212767
Mochi Chocolate Ice Cream,415,217,198,52.28915662650603
Baked Naturals Simply Cheddar Cracker Chips,7,1,6,14.285714285714285
Organic Yogurt Original Plain,1530,1228,302,80.26143790849673
Organic Peach Vanilla Beverage,21,4,17,19.047619047619047
Organic Just Veggies,16,0,16,0.0
100% Natural Tea Bags,334,101,233,30.239520958083833
Port Wine Cheese Log Spreadable Cheese Log,7,1,6,14.285714285714285
Crossovers Crt Gngr Pistachio,32,7,25,21.875
Bartlett Pear,61,29,32,47.540983606557376
Natural Cane Mandarin Lime Soda,182,75,107,41.208791208791204
Small Curd Cottage Cheese 4%,99,58,41,58.58585858585859
Extreme Whitening Baking Soda & Peroxide Advance White Toothpaste,137,54,83,39.416058394160586
Brambleberry Crisp Ice Cream,349,176,173,50.429799426934096
Kidney Beans,2268,893,1375,39.373897707231045
Unsweetened Vanilla Almond Breeze,3374,2036,1338,60.34380557202134
Nutri-Grain Cherry Cereal Bars,151,95,56,62.913907284768214
Marinated Morsels Turkey Feast in Gravy Cat Food,29,19,10,65.51724137931035
Turkey Necks,17,7,10,41.17647058823529
Sparkling Grapefruit Chamomile & Cardamom Soda,6,2,4,33.33333333333333
Classic Basil Pesto Sauce,23,8,15,34.78260869565217
Almond Breeze Almond Coconut Milk,2160,1276,884,59.074074074074076
Enlightened Organic Raw Kombucha,7007,5407,1600,77.16569145140573
Sliced Prosciutto,5051,2557,2494,50.62363888338943
The Orange Edition Tangerine Energy Drink,57,35,22,61.40350877192983
Pomegranate Regenerating Hand Cream,17,1,16,5.88235294117647
Mac & Cheese with Chicken,211,108,103,51.18483412322274
Sea Salt & Clam Juice,5,0,5,0.0
Eucalyptus Chest Rub,42,5,37,11.904761904761903
Pure Vanilla Protein Superfood Packet,25,3,22,12.0
Ginger,270,23,247,8.518518518518519
All Natural Ground Cardamom,12,0,12,0.0
Organic Creamy Butternut Squash Soup,2257,873,1384,38.6796632698272
Hot Cocoa Mix With Marshmallows,13,4,9,30.76923076923077
Fresh Whole White Mushrooms,2585,1618,967,62.59187620889749
Black Tea With Lemon,39,30,9,76.92307692307693
Clinical Strength Secret Clinical Strength Smooth Solid Women's Antiperspirant & Deodorant Sensitive Hypoallergenic Unscented 1.6 oz  Female AP/DO & Body Spray,103,28,75,27.184466019417474
"Toothpaste, Fluoride, Baking Soda & Peroxide Whitening, Brisk Mint",12,1,11,8.333333333333332
Old Fashioned Nutty Chunky Peanut Butter,874,492,382,56.2929061784897
Little Movers Diapers Size 5,58,22,36,37.93103448275862
Turkey Sandwich,14,5,9,35.714285714285715
Sunny Orange Ginger Tea,4,0,4,0.0
Tangerine Immunity Defense Powder,30,6,24,20.0
No Sugar Added Apple Sauce,528,275,253,52.083333333333336
Studio Line Clean Gel,7,1,6,14.285714285714285
Complete™ ActionPacs™  Lemon Burst Dishwasher Detergent,67,32,35,47.76119402985074
Original Scent  Liquid Fabric Softener,19,8,11,42.10526315789473
Fish,40,13,27,32.5
Star Wars Decorated,33,7,26,21.21212121212121
Coconut Face Hand Cleansing Wipes,10,6,4,60.0
Organic Garlic & Herbs Fresh Goat Cheese,104,29,75,27.884615384615387
Blueberry B Monster,13,4,9,30.76923076923077
Private Stock Vermont Cheddar Cheese,18,7,11,38.88888888888889
Organic Sugar Cookie Mix,2,0,2,0.0
Dynamite Hot Chili With Beans,41,21,20,51.21951219512195
Cheddar Jalapeno Crunchy Cheese Flavored Snacks,62,23,39,37.096774193548384
Swirl Women's Razor Blade Refills,60,26,34,43.333333333333336
Organic Kelp Granules,161,19,142,11.801242236024844
Organic Hearty Lentil Vegetable Soup,133,65,68,48.87218045112782
Lemon Ginger Raspberry Kombucha,21,6,15,28.57142857142857
Organic Horseradish Leek Kraut,294,117,177,39.795918367346935
Crescent Butter Flake Dinner Rolls,446,152,294,34.08071748878923
Fat Free Smooth & Creamy Plain Organic Yogurt,987,664,323,67.27456940222898
Classic Burger Rolls 8 Count,369,146,223,39.56639566395664
Coarse Metamucil Psyllium Fiber Supplement by Meta Original Coarse Powder 114 doses Laxative,6,2,4,33.33333333333333
"Crab Cake, Vegan",139,54,85,38.84892086330935
Extra Wide Egg Noodles,2870,993,1877,34.599303135888505
Traditional Zuppa Toscana Tuscan White Bean Soup,25,14,11,56.00000000000001
6 Piece with 10 fl oz Spring Water Uploaded Chicken Dunks,81,38,43,46.913580246913575
Baked Apple & Cinnamon Cookies,7,2,5,28.57142857142857
Aged Balsamic Vinegar Of Modena,43,14,29,32.55813953488372
Organic Vanilla Flavor Plant Protein Smooth,170,79,91,46.470588235294116
Dark Sweet with Red Tart Cherries,136,92,44,67.64705882352942
G Series Perform Orange Flavor Sports Drink,114,69,45,60.526315789473685
"Ravioli, Chicken & Mozzarella",138,72,66,52.17391304347826
Fresh Citrus Antibacterial Hand Soap with Moisturizers,51,19,32,37.254901960784316
All Natural Berry Blast 100% Juice Smoothie,983,536,447,54.526958290946084
Kombucha Seasonal Plum,189,95,94,50.264550264550266
Cauliflower Pizza Crusts,37,10,27,27.027027027027028
Caramel Macchiato Granola Bars,249,113,136,45.38152610441767
Expert Wear Twin Brow & Eye Pencils - Dark Brown,2,0,2,0.0
Pink Grapefruit,1476,1027,449,69.579945799458
Dry Touch Sunscreen SPF 100+,20,4,16,20.0
Traditional 98% Fat Free Refried Beans,99,27,72,27.27272727272727
Brown Rice Pasta Little Dreams,15,7,8,46.666666666666664
Squares Dark 60% Cacao Chocolate,418,213,205,50.95693779904307
Peanut Butter Filled Pretzel,177,85,92,48.0225988700565
All Natural Lentil Curry Asian Pilafs,10,1,9,10.0
Shredded Low Moisture Part Skim Mozzarella Cheese,61,19,42,31.147540983606557
Creation Mousse Curly Curl Construct,32,8,24,25.0
Kiwi Strawberry Sparkling Mountain Spring Water,12,4,8,33.33333333333333
Instant Pro Banana Nut Oatmeal,307,132,175,42.99674267100978
Organic Raspberry Leaf Herbal Tea,413,132,281,31.961259079903147
Damascus Rose Face Oil,17,4,13,23.52941176470588
Spicy Shrimp Avocado Roll,1063,638,425,60.018814675446855
Genoa Salame,35,20,15,57.14285714285714
Organic Gluten-Free Ancient Grain Pasta Elbows,158,95,63,60.12658227848101
12 Hour Chest Congestion Expectorant,26,5,21,19.230769230769234
Gourmet Mochi Ice Cream Vanilla Bonbons,319,158,161,49.52978056426332
Diced Bell Pepper,54,22,32,40.74074074074074
Semi-Sweet Chocolate Morsels,1317,585,732,44.41913439635535
Organic Vegetarian Refried Beans,18,8,10,44.44444444444444
Clean Breeze® Liquid Laundry Detergent,55,18,37,32.72727272727273
Chewy Candy,117,80,37,68.37606837606837
"Beet, Butternut Squash & Goat Cheese Ravioli",56,15,41,26.785714285714285
Light & Fit Greek Cherry Yogurt,887,593,294,66.85456595264938
Authentic Danish Style Blue Cheese,14,2,12,14.285714285714285
Tastes Of India Hot Curry Paste,28,5,23,17.857142857142858
5 Rain Gum,39,21,18,53.84615384615385
No Sugar Added Sliced Peaches,230,103,127,44.78260869565218
Part Skim Ricotta,1403,623,780,44.4048467569494
Lemon Tea Tree Conditioner,4,1,3,25.0
Goldfish Whole Grain Baked Snack Crackers,49,15,34,30.612244897959183
Collisions Gummies,46,28,18,60.86956521739131
Mediterranean Crusted Salmon Fillets,112,49,63,43.75
Breakfast Raspberry Chia Bars,355,202,153,56.901408450704224
Special K Peanut Butter Chocolate Protein Bites,6,2,4,33.33333333333333
Cholent Mix,16,6,10,37.5
Ultimate Flora Probiotic Sour Gummies,89,35,54,39.325842696629216
Egg Fettuccine,183,68,115,37.15846994535519
Stompin' Good Seedy Buckwheat Molasses Bread,121,80,41,66.11570247933885
Naturally Hardwood Smoked Bacon,93,36,57,38.70967741935484
Chestnut Puree,2,0,2,0.0
7 Day Keratin Smooth Shampoo,5,0,5,0.0
Organic French Vanilla Ice Cream,34,18,16,52.94117647058824
7 in. Thin & Crispy Pizza Crusts,71,28,43,39.436619718309856
Apple Pie Filling,37,10,27,27.027027027027028
Calming Baby Bee Nourishing Lotion,10,3,7,30.0
100% Grape Juice,121,84,37,69.42148760330579
Roasted Apple Grille Sauce,9,1,8,11.11111111111111
Creepy Critter Sugar Cookies,2,0,2,0.0
Country Ketchup,11,2,9,18.181818181818183
Chocolate Peanut Butter Nutrition Bars,99,48,51,48.484848484848484
Clean 'n Toss Steel Wool Soap Pads Small,19,1,18,5.263157894736842
Chips Deluxe Mini Rainbow Cookies,5,0,5,0.0
Fresh Rocket Pesto Sauce,216,78,138,36.11111111111111
Sweet And Salty Almond Bar,19,9,10,47.368421052631575
Mild Pico De Gallo Bean and Rice Chips,436,274,162,62.84403669724771
Chipotle Ranch Greek Yogurt Dip,48,27,21,56.25
"Pizza, Italiano, Meatless Italian Sausage & Mushroom",609,355,254,58.29228243021346
Lightly Seasoned Roasted Garlic,23,7,16,30.434782608695656
Wide Mouth Pint & Half Jars,27,2,25,7.4074074074074066
French Bread Pizza Pepperoni,946,473,473,50.0
Grandma's Hummus,3952,2889,1063,73.10222672064778
Cacao Nibs Raw Chocolate,165,37,128,22.424242424242426
Greek Yogurt Style Nonfat Yogurt,716,398,318,55.58659217877096
Cheese Buns,4,2,2,50.0
Lowfat Kefir Smoothie Blueberry,448,295,153,65.84821428571429
Strike Anywhere Matches,16,0,16,0.0
Original French Fried Onions,1231,350,881,28.43216896831844
Granulated White Cane Sugar,1904,507,1397,26.6281512605042
Ooey-Gooey Chocolate Brownix Mix,193,70,123,36.26943005181347
Soft Regular Indicator Toothbrush,110,29,81,26.36363636363636
Slip-On Size 5 Diapers,39,23,16,58.97435897435898
Balsamic Fig Dressing,25,9,16,36.0
Strawberry Banana Yogurt,22,16,6,72.72727272727273
Roast Beef With Gravy,16,4,12,25.0
Apple Chardonnay Chicken Sausage,57,14,43,24.561403508771928
"Wasabi Peas, Hot",18,5,13,27.77777777777778
Blackeye Peas,161,35,126,21.73913043478261
Soft White 50/100/150 Watts 3 Way Light Bulb,111,20,91,18.01801801801802
Milano Lemon Flavored Chocolate Cookies,50,22,28,44.0
Potted Basil,2034,859,1175,42.23205506391347
Aqua Colored 18-Ounce Stainless Steel Water Bottle With Loop Cap,5,0,5,0.0
Performance Protein Recover Powder Vanilla Flavor,4,0,4,0.0
Organic Blue Agave Nectar,46,19,27,41.30434782608695
Carpet & Room Pet Clean Scent,4,0,4,0.0
Sea Salt & Pepper Popcorn,1622,922,700,56.84340320591862
66 Calorie Unfiltered Ginger Ale,165,84,81,50.90909090909091
Avocado Oil Mayo,20,6,14,30.0
Homemade Pizza Sauce,1300,623,677,47.92307692307693
Naturals Just Sweet Corn & Green Beans Stage 2,6,1,5,16.666666666666664
Gluten Free Sub Sandwich Roll,56,42,14,75.0
Graduates Fruit & Veggie Melts Very Berry Blend,97,43,54,44.329896907216494
Scotch Packing Tape,11,3,8,27.27272727272727
Premium Lubricant Condoms ENZ,30,6,24,20.0
Dark Chocolate Cherry Almond,5,0,5,0.0
Power Smile Toothpaste 3oz,104,33,71,31.73076923076923
Bistro Beer Bratwurst,18,2,16,11.11111111111111
Ultra Soft Bathroom Tissue,17,9,8,52.94117647058824
Organic Cinnamon Sticks,1020,164,856,16.07843137254902
Clasico Crispy Yellow Corn Tortilla Chips,120,67,53,55.833333333333336
Prints Paper Towels,98,31,67,31.63265306122449
Canning & Pickling Salt,9,0,9,0.0
Doubleshot Energy White Chocolate Energy Coffee Beverage,12,6,6,50.0
"Tall Kitchen Bags, Drawstring, Lavender, 13 Gal, Mega Pack",314,72,242,22.929936305732486
Good Love Body Oil,7,0,7,0.0
Perfect Peach Herbal Tea,50,15,35,30.0
Level Three Coffee Seattle's Best Blend Ground Coffee,15,4,11,26.666666666666668
Organic Grass Fed Creamline Yogurt Plain,770,446,324,57.92207792207792
Sticky Toffee Pudding Family Pack,11,3,8,27.27272727272727
"Hazelnuts in Milk Chocolate, 33% Cocoa",1195,719,476,60.1673640167364
Lunchables Mini Hot Dogs with Capri Sun,11,6,5,54.54545454545454
Mixed Jumbo Raisins,16,8,8,50.0
Candle Lighter,132,10,122,7.575757575757576
Original Plain Mega Probiotic,208,134,74,64.42307692307693
Sea Foam Complete Face Wash,42,1,41,2.380952380952381
Overnight Pads with Wings,8,2,6,25.0
Smoked Wild Sockeye Salmon,202,83,119,41.089108910891085
Cheesy Skillets Singles Chicken Alfredo,6,1,5,16.666666666666664
Cold Brew Double Expresso,215,144,71,66.97674418604652
Jazz Apple,1433,774,659,54.012561060711796
Matzo Meal Canister,12,0,12,0.0
Curiosity Cola,12,1,11,8.333333333333332
RRRuffles Have Ridges Reduced Fat Potato Chips,411,204,207,49.63503649635037
Spray 'n Wash Pre-Treat Stain Remover,189,35,154,18.51851851851852
Moisturizing Body Wash Juicy Pomegranate & Mango Infusions,316,100,216,31.645569620253166
Chicken Pie,14,6,8,42.857142857142854
Tomme De Savoie Cheese,14,4,10,28.57142857142857
Sea Salt Mini Popcorn,1080,668,412,61.85185185185185
Organic Whole Milk with DHA Omega-3,13528,11100,2428,82.05204021289177
Citrus Orange Organic Pure Castile Magic Soap,7,0,7,0.0
Pineapple Apple Mint Organic Cold Pressed Juicd,2493,1628,865,65.30284797432812
Lemon Seltzer 0 Calories,5,1,4,20.0
Green Chilly Beef & Bean,211,118,93,55.92417061611374
Steamfresh Chefs Favorites Corn Super Sweet With Butter Sauce,15,5,10,33.33333333333333
Brut Premier,14,7,7,50.0
Four Meat & Four Cheese Pizza Garlic Buttery Crust,16,3,13,18.75
Whole Wheat Bagels,265,178,87,67.16981132075472
Three Continent Blend Coffee K-Cups,6,1,5,16.666666666666664
Dark Chocolate Eggs,44,17,27,38.63636363636363
Skin Care Tool,5,0,5,0.0
Low Sodium Turkey Breast,25,8,17,32.0
ChlorOxygen Alcohol Free Chlorophyll Concentrate,16,3,13,18.75
Grain Free Chicken Beef & Carrot Recipe in Gravy Cat Food,98,45,53,45.91836734693878
Fresh Scent Bathroom Cleaner,77,16,61,20.77922077922078
Protein Energy Bar Original Peanut Butter Creme,69,54,15,78.26086956521739
High Protein Bar Cookies & Creme,55,20,35,36.36363636363637
McCormick Cinnamon Sugar,12,1,11,8.333333333333332
Chocolate Turtle Snack Mix,64,17,47,26.5625
MyKind Organic Plant Calcium,4,0,4,0.0
Organic Almond Butter Cup Live Food Bar,85,43,42,50.588235294117645
Organic Brown Rice Flour,223,48,175,21.524663677130047
Shaving Blade Cartridges,77,13,64,16.883116883116884
Peanut Butter Puffs,93,49,44,52.68817204301075
Organic Flax Seeds,72,8,64,11.11111111111111
Organic Sage Tea Bags,6,0,6,0.0
Key Lime Cheesecake Bars,40,14,26,35.0
Omeprazole Acid Reducer  Tablets,17,9,8,52.94117647058824
"Hemp Seed, Hulled",44,16,28,36.36363636363637
Garbage Bags Small - 30 CT,598,173,425,28.929765886287623
Organic Gluten Free Buckwheat Wildberry Waffles,4606,3190,1416,69.25749023013461
Jalapeno Peppers,42561,24741,17820,58.130683019665895
Organic Trail Mixer Gluten Free Chewy Granola Bars,372,201,171,54.03225806451613
Split Pea & Ham with Natural Smoke Flavor Soup,148,63,85,42.567567567567565
Sensitive Facial Cleanser,24,5,19,20.833333333333336
Krinkle Cut Sea Salt Potato Chips,3119,1682,1437,53.92754087848669
Sparkling Water Berry,17411,12267,5144,70.45545919246453
DeTox Caffeine Free Organic Herbal Tea Bags,1110,320,790,28.82882882882883
Dry Cola,93,61,32,65.59139784946237
Barbecue Bean & Rice Chips,101,67,34,66.33663366336634
Smoked Ham Shanks,248,63,185,25.403225806451612
Rye Kentucky Straight Rye Whiskey,12,3,9,25.0
Lemon Verbena Dryer Sheets,212,48,164,22.641509433962266
Salt,1024,178,846,17.3828125
Organic Lentil Beans,3287,1718,1569,52.266504411317314
Reposado,19,8,11,42.10526315789473
Brussell Sprouts,45,11,34,24.444444444444443
Lemon Scent Automatic Dish Washing Powder,22,8,14,36.36363636363637
Gaba Calm Sublingual Orange Flavor Lozenges,5,1,4,20.0
Korean Stir Fry Simmer Sauce,133,21,112,15.789473684210526
Greek Non Fat Yogurt Wild Blueberry,7,3,4,42.857142857142854
Pull Ups Boys Learning Designs Training Pants,151,104,47,68.87417218543047
"Cognac, Privilege V.S.O.P",9,1,8,11.11111111111111
Nipple Cream,14,1,13,7.142857142857142
Broccoli Cheddar Soup,321,141,180,43.925233644859816
Wood Aromatherapy Diffuser,10,1,9,10.0
Naturals Purifying Makeup Remover Cleaning Towelettes,32,19,13,59.375
Anti-Breakage Shampoo,116,27,89,23.275862068965516
Original Salsa,99,53,46,53.535353535353536
Super Smooth Pears Pears Pears Puree 1 (from 4 Months),359,241,118,67.1309192200557
Savory Shreds with Turkey & Giblets in Gravy Cat Food,14,6,8,42.857142857142854
Organic Pack Peasant Bread,2110,1509,601,71.51658767772511
Assorted Knuckle & Fingertip Flexible Fabric Bandages,29,5,24,17.24137931034483
Magazine Elle Decor,9,3,6,33.33333333333333
Classic Chicken Noodle RTS Soup,258,119,139,46.12403100775194
Organic Garlic Bulbs,307,170,137,55.37459283387622
All Natural 100% Egg Whites,124,56,68,45.16129032258064
Habanero Roasted Chickpeas Snacks Medium Spicy,121,51,70,42.14876033057851
Pressed Lively Carrot,26,7,19,26.923076923076923
Sleepytime Herbal Tea,748,223,525,29.812834224598934
Eat Your Colors Purples Puree Baby Food,381,140,241,36.74540682414698
Lightly Salted Corn Chips,14,2,12,14.285714285714285
Red Plumcots,69,17,52,24.637681159420293
Mixed Berry Yogurt,1416,849,567,59.95762711864406
Hummus Spicy Avocado,28,17,11,60.71428571428571
Tofu Firm,511,262,249,51.2720156555773
Unscented Moisturizing Lotion,8,1,7,12.5
Lemon Scented Disinfecting Bathroom Cleaner,7,0,7,0.0
100% Liquid Egg Whites,1502,949,553,63.182423435419445
Sensitive Shave Cream,19,4,15,21.052631578947366
Organic Santa Fe Style Chicken Soup,281,127,154,45.195729537366546
Toll House Ultimates Dark Chocolate Delight Cookie Dough,16,8,8,50.0
Hearty Three Cheese Pasta Sauce,27,14,13,51.85185185185185
"Dog Snacks, Medium",291,151,140,51.890034364261176
Zero Calorie Diet Ginger Soda,59,41,18,69.49152542372882
Organic Sunflower Seed Spread,1894,829,1065,43.76979936642027
Annie Peely Fruit 4.5 Z,3054,1611,1443,52.75049115913556
Beef Jerky,34,10,24,29.411764705882355
White Bread,855,522,333,61.05263157894737
Almond Goat's Milk Soap,8,1,7,12.5
"Three Sisters, Medium Roast Organic Whole Beans",25,15,10,60.0
Spirulina Natural Powder,43,9,34,20.930232558139537
The Original Vanilla Ice Cream Sandwich,824,403,421,48.907766990291265
100% Pure Sesame Oil,51,5,46,9.803921568627452
Baby Lips Moisturizing Lip Balm - Quenched,9,2,7,22.22222222222222
Organic Quinoa Dark Chocolate Bar,2849,1903,946,66.79536679536679
Sprouted Pumpkin Seed Butter,15,3,12,20.0
Purrfect Delights Tuna–Topia Dinner Flaked in Sauce Cat Food,23,7,16,30.434782608695656
Oatmeal Fruit & Berries,49,19,30,38.775510204081634
All Natural Caramel Flavored Ground Coffee,28,11,17,39.285714285714285
Strong Honey Smoked BBQ Almond Protein Bar,125,48,77,38.4
Organic Roots Vegetable Juice Blend,12,4,8,33.33333333333333
"Ashwagandha, Vegetarian Capsules",10,3,7,30.0
Almond Flour Fine Ground Sea Salt Crackers,1740,1175,565,67.52873563218391
Organic Bowel Cleanse,7,0,7,0.0
Mandlen For Soup,11,2,9,18.181818181818183
Lemon Sage Triple Milled Soap,5,0,5,0.0
Fresher Collection Fiji Deodorant,47,8,39,17.02127659574468
General Mills Multi-Grain,707,341,366,48.23196605374823
Classic Tomato Puree,168,97,71,57.738095238095234
"Quinoa, Easy, Sundried Tomato Florentine",9,1,8,11.11111111111111
Old Fashioned Kettle Corn Sweet and Salty Microwave Popcorn Bags,45,34,11,75.55555555555556
Prosecco Treviso,192,90,102,46.875
Simply Whole Wheat Bread,4,1,3,25.0
Natural Muenster Cheese Slices,612,334,278,54.57516339869281
Organic Pumpkin Chips,184,66,118,35.869565217391305
HUMMUS 10OZ  YELLOW LENTIL EAT WELL,163,103,60,63.190184049079754
Organic Broth Ramen,182,44,138,24.175824175824175
Intensive Relief Anti-Itch Cream,6,1,5,16.666666666666664
Yellow American Cheese,83,50,33,60.24096385542169
Professional Floss Action Refill Heads,8,0,8,0.0
Choconut Almond and Chocolate Biscuits,49,26,23,53.06122448979592
Double Chocolate  Whey-Based Protein Powder,10,2,8,20.0
Chocolate Fudge Pudding,14,6,8,42.857142857142854
Hot Chicken Tenders,44,33,11,75.0
Savory Chicken in Gravy Cat Food,28,17,11,60.71428571428571
Oxylent Multivitamin Drink 5-in-1 Formula Sparkling Blackberry Pomegranate,7,1,6,14.285714285714285
Dreamy Youth Day And Night Face Cream,8,1,7,12.5
Fresh & Fruity Arbequina Extra Virgin Olive Oil,416,142,274,34.13461538461539
Melatonin 1 Mg,33,4,29,12.121212121212121
Pink Grapefruit Facial Cleansing Towelettes,272,106,166,38.970588235294116
"Sauvignon Blanc, Marlborough",33,6,27,18.181818181818183
Tuna Noodle Casserole,159,95,64,59.74842767295597
Glass Measuring Cup,30,1,29,3.3333333333333335
Mini Marshmallows,644,177,467,27.48447204968944
"Pancake & Waffle Mix, Six Grain Cinnamon",49,21,28,42.857142857142854
Anchovies with Garlic and Parsley in Olive Oil,4,0,4,0.0
Sugar Free Low Calorie Gelatin Dessert Strawberry,131,34,97,25.954198473282442
Rib Rub Seasoning,44,9,35,20.454545454545457
Xylitol Cinnamon Toothpaste Without Fluoride,6,0,6,0.0
Citronge Extra Fine Orange Liqueur,1,0,1,0.0
"Beer, Brown Ale, Turbodog, 6 Pack, Multipack",7,3,4,42.857142857142854
Acidophilus Probiotic Tablets - 100 CT,47,6,41,12.76595744680851
Organic Eggplant Parmesan,295,123,172,41.69491525423729
G Series Performance Cool Blue Sports Drink,16,4,12,25.0
Rescue Sleep,24,2,22,8.333333333333332
Supersweet Corn,85,49,36,57.647058823529406
Organic Maple Creamline Yogurt,209,135,74,64.5933014354067
Racer 5 IPA,68,43,25,63.23529411764706
Onion Flavor Chomperz Crunchy Seaweed Chips,173,124,49,71.67630057803468
Peach Chia Vanilla Oatmeal Fruit Squeeze Pouch,121,66,55,54.54545454545454
Visible Care Creme Body Wash,3,1,2,33.33333333333333
Organic Pink Lady Apples,5,1,4,20.0
Berry Blast Cherry Berry Flavored Candies,20,15,5,75.0
Straight Up Unsweetened Iced Tea,6,0,6,0.0
Disposable 13.25 in x 9.625 in x 2.75 in Carrier Kit,16,2,14,12.5
Ice Cream Bars With Reese's Peanut Butter Cups,230,78,152,33.91304347826087
Organic Mlk Chocolate Bar,183,132,51,72.1311475409836
Brandy VS,184,98,86,53.2608695652174
Asian Jasmine White Tea,23,2,21,8.695652173913043
Double Peanut Butter Chip Ice Cream,526,321,205,61.026615969581755
With Stainlifters Free Clear 94 Loads Laundry Detergent,765,353,412,46.1437908496732
Pomegranate Champagne Vinegar,14,2,12,14.285714285714285
Lite Cheese Presliced Bonus Pack,436,232,204,53.21100917431193
Organic Extra Large Eggs,777,538,239,69.24066924066923
5 oz All Purpose Cups,137,41,96,29.927007299270077
100% Pure Cotton Ovals,16,0,16,0.0
Homestyle Corned Beef Hash,829,460,369,55.48854041013269
Honeysuckle Dryer Sheets,45,3,42,6.666666666666667
Puff Pastry Dough For Turnovers,9,2,7,22.22222222222222
Raspberry Danish Twist,129,67,62,51.93798449612403
Milk Chocolate Peanut Butter Eggs,20,2,18,10.0
Tomato Purée,1348,494,854,36.646884272997035
Poaching Eggs Cooking Tool,4,1,3,25.0
Eco Foil Lasagna Pans & Lids,48,4,44,8.333333333333332
Medicated with Aloe & Vitamin E Baby Powder,4,0,4,0.0
"Special K Sausage, Egg & Cheese Flatbread Breakfast Sandwich",786,506,280,64.3765903307888
Baster,20,1,19,5.0
Strawberry Nutritional Shake,59,32,27,54.23728813559322
Dried Dates,9,1,8,11.11111111111111
Air Effects Air Refresher Gain Island Fresh Value Pack,13,3,10,23.076923076923077
Fig Balsamic Vinegar,1,0,1,0.0
Original Sambucus Bio-Certified Elderberry Lozenges,11,0,11,0.0
Snap Frost 5 Times Distilled Vodka,37,19,18,51.35135135135135
Sea Mobility Joint Rescue Chicken for all dogs,15,9,6,60.0
World's Best Gluten Free Mac & Cheese,120,74,46,61.66666666666667
Chocolate Peanut Butter Builder's Bar,646,432,214,66.87306501547987
Seabreeze Salad,21,3,18,14.285714285714285
Extra Butter Microwave Popcorn,56,25,31,44.642857142857146
Morning Fog Chardonnay,44,20,24,45.45454545454545
Friskies Dry Signature Blend Tender & Crunchy Combo Cat Food,54,26,28,48.148148148148145
Dark Chocolate with Mint,342,169,173,49.41520467836257
100% Whole Wheat Gnocchi With Sweet Potato,18,7,11,38.88888888888889
Kung Pao Noodle Bowl,53,15,38,28.30188679245283
Tiramisu Gelato,177,32,145,18.07909604519774
All Natural Cilantro,8,0,8,0.0
Classic Soft Oatmeal Cookies,49,25,24,51.02040816326531
Jumbo Lump Crab Cake,1549,937,612,60.4906391220142
Scoops! Corn Snacks,535,243,292,45.42056074766355
Blue Machine 100% Juice Smoothie,1832,1052,780,57.42358078602619
Crystal Clear Party Tumblers,91,35,56,38.46153846153847
Honey Nut Toasted Oats Cereal,29,11,18,37.93103448275862
Non Dairy Choc Fudge Brownie,761,276,485,36.26806833114323
Drawstring Tall Kitchen Bags,247,108,139,43.7246963562753
Gluten Free Cookie Mix,162,52,110,32.098765432098766
Swedish Pancake Mix,80,31,49,38.75
"Deodorant, Lavender",65,10,55,15.384615384615385
Enhanced Pomegranate Blueberry Flavored 100% Juice Blend,16,4,12,25.0
Biotrue Multipurpose Solution,86,24,62,27.906976744186046
Mexican Oregano,53,4,49,7.547169811320755
Ready-To-Use Wax Strips and Wipes,27,8,19,29.629629629629626
Barbecue Chickpea Snacks,46,26,20,56.52173913043478
Honey Mustard Dipping Sauce,18,8,10,44.44444444444444
Lavender Scent Dish Washing Liquid,11,3,8,27.27272727272727
Original Animal Crackers,276,170,106,61.59420289855072
Diet Green Tea with Ginseng,709,540,169,76.16361071932299
Apricot Conserves,57,30,27,52.63157894736842
Seafood Rub,5,0,5,0.0
Thick 'N' Rich Maple Syrup,19,3,16,15.789473684210526
Quick Oats,142,74,68,52.112676056338024
Organic Cream Of Mushroom Soup,1074,313,761,29.14338919925512
Organic Mulling Spices,101,9,92,8.91089108910891
Bacon Breakfast Bowl,299,198,101,66.22073578595318
Chopped Chives,26,4,22,15.384615384615385
Single Origin 3,152,94,58,61.8421052631579
Canned Heat 2 Hour,20,2,18,10.0
Authentic French Chocolate Swirl Brioche,599,330,269,55.09181969949917
Yogurt Maple Ginger Yogurt,112,63,49,56.25
Organic Chamomile Herbal Tea Bags,2,0,2,0.0
Ultra Thin Crust Cheese Lovers Pizza,154,99,55,64.28571428571429
Red Grapefruit Sunrise Cups,110,35,75,31.818181818181817
Crunch Time,821,506,315,61.63215590742996
Draft Latte Mocha Espresso Beverage,25,3,22,12.0
Flax Plus Maple Pecan Crunch Cereal,465,279,186,60.0
Mini Fudge Stripes Cookies,40,20,20,50.0
Melts S'More Sensation Filled Cookies Ready-to-Bake Cookies & Icing Pouch,8,4,4,50.0
"Water Chestnuts, Sliced",774,279,495,36.04651162790697
Lactose and Fat Free Milk,162,101,61,62.34567901234568
Peppermint African Black Soap Body Wash,26,6,20,23.076923076923077
Free & Clear 32 Loads Laundry Detergent,18,6,12,33.33333333333333
Strained Tomatoes,2410,1328,1082,55.10373443983403
Lavender Harvest Aromatherapy Mist,369,94,275,25.474254742547426
"Cimetidine Tablets, 200 mg, Tablets",2,0,2,0.0
Lemon Cream Cake,12,2,10,16.666666666666664
Organic All Natural Blueberry Mini Waffles,4682,3269,1413,69.82058949167023
Citrus Natural Flavored On the Go with Caffeine Drink Mix,83,49,34,59.036144578313255
Classic Swiss,5,2,3,40.0
Ranch Salad Dressing Mix,245,75,170,30.612244897959183
Alcohol Free Stevia Glycerite,7,2,5,28.57142857142857
Spiced Apple Cider Original Instant Drink Mix,123,26,97,21.138211382113823
Cherry Fruit Bar,22,9,13,40.909090909090914
"Dry Meyer Lemon Soda, Lightly Sweetened",116,65,51,56.03448275862068
Kids Mashups Blueberry Blitz Fruit And Veggie Smoothie,104,57,47,54.807692307692314
Veggie Breakfast Links,20,14,6,70.0
Hummus Roasted Pine Nut,26,2,24,7.6923076923076925
Nutritional Vanilla Shake,15,4,11,26.666666666666668
Chocolate Protein Soy & Dairy Protein Shake,2226,1685,541,75.696316262354
Organic Thai Style Grass Fed Beef with Coconut Rice,42,20,22,47.61904761904761
Fine Champagne Cognac,53,32,21,60.37735849056604
Nut Harvest Whole Cashews Sea Salted,5,0,5,0.0
Organic Whole Wheat Angel Hair,69,24,45,34.78260869565217
Chunky Chicken Noodle Soup,565,300,265,53.09734513274337
Thin Crust Pepperoni Pizza,10386,6633,3753,63.864818024263435
Wild Cherry Organic Juice Beverage,4,1,3,25.0
Lavender and Vanilla Candle,15,5,10,33.33333333333333
Organic Gound Coffee House Blend,18,12,6,66.66666666666666
Rice Crackers Cheese,23,14,9,60.86956521739131
Chicken Canned Kitten Food,47,25,22,53.191489361702125
Turmeric Ginger Tea Organic,32,10,22,31.25
Quarted Artichoke Hearts,69,18,51,26.08695652173913
Organic Fire Roasted Tomato Pasta Sauce,93,29,64,31.182795698924732
Meaty Ground Dinner with Chunky Turkey & Bacon,5,2,3,40.0
Proactive Health Indoor Weight & Hairball Care with Chicken Cat Food,239,129,110,53.97489539748954
Thin Ultra Always Ultra Thin Slender Pads With Wings 36 count Feminine Care,27,14,13,51.85185185185185
Handcooked Virginia Peanuts,30,9,21,30.0
Mozzarella & Provolone Shredded Cheese,177,54,123,30.508474576271187
Premium Pate Wet Cat Food - Salmon Entree,32,19,13,59.375
Tall Kitchen Drawstring 13-Gallon Trash Bags,78,30,48,38.46153846153847
Winterfrost Sugar-Free Gum,403,244,159,60.545905707196034
Ultra 8 1/2 in Plates - 32 CT,109,48,61,44.03669724770643
Natural Glow Daily Moisturizer Medium/Tan,6,1,5,16.666666666666664
Matzo Ball Mix,296,53,243,17.905405405405407
Caramel Cold Brew Coffee,13,3,10,23.076923076923077
Hawaiian Complexion Balancing Hibiscus Facial Toner,9,1,8,11.11111111111111
Natural Mint Gum,628,246,382,39.171974522293
Organic Anti-Bug Shake & Spray,56,2,54,3.571428571428571
"Cheese, Halloumi",8,1,7,12.5
Garlic Salt Coarse Ground with Parsley,231,36,195,15.584415584415584
Cleaner Multisurface Made with Vinegar,3,0,3,0.0
Fast Fix Thin Lips,22,0,22,0.0
Low Fat Peach Greek Yogurt Drink,12,6,6,50.0
Spray And Foam Cleaner,52,4,48,7.6923076923076925
Old Fashioned Steak House Sauce,86,28,58,32.55813953488372
Silver Polish,22,4,18,18.181818181818183
"Water Chestnuts, Sliced, No Salt Added",188,47,141,25.0
Chicken Broth,5468,2377,3091,43.47110460863204
Organic Free Range Large Grade A Brown Eggs,973,657,316,67.52312435765673
Blueberry Oats and Quinoa Whole Grain Snack,1852,1217,635,65.71274298056156
Lower Sodium Bacon,120,69,51,57.49999999999999
Natural Honey Peanut Butter,1762,820,942,46.53802497162315
Pepper Greens,1897,840,1057,44.28044280442804
The Peruvian Burrito,905,522,383,57.67955801104973
Raw Manuka Honey,386,92,294,23.83419689119171
Organic Lemon Pepper,26,0,26,0.0
Hencho en Mexico,38,18,20,47.368421052631575
Organic Freeze Dried Maqui Powder Patagonian Superfruit,24,10,14,41.66666666666667
Magnesium Citrate Tabs,20,6,14,30.0
Organic Hawthorn with Hibiscus Tea,10,0,10,0.0
Tamale Bean Cheese,63,26,37,41.269841269841265
Hair Bender Whole Bean Coffee,2546,1837,709,72.15239591516104
Organic Pea Shoots,209,108,101,51.674641148325364
Go! Moroccan Style Chicken with Chickpeas Soup,2,0,2,0.0
Smoked Turkey Bacon,279,161,118,57.70609318996416
Organic Himalayan Raw White Honey,287,76,211,26.480836236933797
Organic Peanut Butter Chocolate Chip Granola,173,53,120,30.63583815028902
"Sunscreen Cream, Kids, Tangerine & Vanilla, Broad Spectrum SPF 30",21,5,16,23.809523809523807
Cookie with Coffee,127,68,59,53.54330708661418
Thin & Crispy Pizza Revolution,267,126,141,47.19101123595505
Cherry Flavor Herbal Expec Herbal Expectorant,23,3,20,13.043478260869565
Liquid Personal Lubricant and Moisturizer,20,11,9,55.00000000000001
Top Sirloin Steak,5,1,4,20.0
Mint Chip Almond Milk Non-Dairy Frozen Dessert,326,126,200,38.65030674846626
Disposable Vinyl Gloves,9,0,9,0.0
Roasted Unsalted Almonds,564,247,317,43.794326241134755
Jumbo Veggies Dogs,100,60,40,60.0
Strawberry Kiwi 100% Juice,78,41,37,52.56410256410257
Age Renewal Moisturizing Creme,18,2,16,11.11111111111111
Tofu Shirataki Fettuccine Noodle Substitute,711,300,411,42.19409282700422
Sugar Free Gum with Xylitol - Mint Bliss,22,12,10,54.54545454545454
Vanilla Protein Drink,4,0,4,0.0
Berry Pomegranate Chia Energy Bar,318,172,146,54.088050314465406
Big Slice American Cheese Slices,69,12,57,17.391304347826086
Organic Home Pest Control,4,0,4,0.0
Ezekial 4:9 Organic Sprouted Blueberry Waffles,16,8,8,50.0
MultiHealth Fiber Capsules,52,19,33,36.53846153846153
Graduates Fruit & Veggie Melts Truly Tropical Blend,59,36,23,61.016949152542374
Dry-Cured Prosciutto,281,101,180,35.94306049822064
Dried Apricots,18,0,18,0.0
Natural Care Wipes Fragrance Free - 40 CT,27,7,20,25.925925925925924
All Natural Brie In Foil,10,2,8,20.0
Unfiltered Original Ginger Ale,140,64,76,45.714285714285715
Chicken Curry,272,148,124,54.41176470588235
Raspberry Iced Tea Beverage,40,19,21,47.5
Snug & Dry Size 6 Diapers,55,27,28,49.09090909090909
Mild Whole Sweet Peppers,189,65,124,34.39153439153439
Resealable Snack Bags,234,85,149,36.324786324786324
Temporal Scanner Infrared Thermometer,21,0,21,0.0
Organic Whole Nutmeg,99,1,98,1.0101010101010102
Organic Ranch Dressing,2392,1169,1223,48.87123745819398
Harissa Spicy Green Pepper Sauce,27,2,25,7.4074074074074066
Sea Salt Caramel & Dark Chocolate,285,153,132,53.68421052631579
Sardines in Olive Oil,202,90,112,44.554455445544555
Oregon Marionberry Lowfat Yogurt,101,67,34,66.33663366336634
THINaddictives Pistachio,29,15,14,51.724137931034484
Ciabatta Baguette,265,175,90,66.0377358490566
100% Pure Organic Grade A Maple Syrup,4,0,4,0.0
All Natural Almond Slices,59,35,24,59.32203389830508
Raspberry Passion Perfect Energy Tea,124,45,79,36.29032258064516
Organic Coconut Almond Granola,41,28,13,68.29268292682927
2ND Foods Purees Dinner Chicken Noodle Dinner,49,15,34,30.612244897959183
"Pita Bites, Original Sea Salt",79,43,36,54.43037974683544
Simply Peach,5,3,2,60.0
2.25 Quart Pitcher,4,0,4,0.0
Fruit Bits,19,7,12,36.84210526315789
Lentils Provencal,15,7,8,46.666666666666664
Organic Raisins,1376,648,728,47.093023255813954
Newman-O's Creme Filled Vanilla Cookies,15,4,11,26.666666666666668
Dried Shirataki Noodles,7,0,7,0.0
"100% Juice Blend, Hula",4,0,4,0.0
Organic Cheddar Macaroni & Cheese Dinner,41,29,12,70.73170731707317
Dark Chocolate Stump Town Coffee,16,6,10,37.5
"Dark Chocolate, Fine Extra",21,10,11,47.61904761904761
Vintage Sherry Cooking Wine,7,1,6,14.285714285714285
Beers Of Summer Variety Pack Beer,17,2,15,11.76470588235294
Lavender and Peach Blossom Scented Candle,103,36,67,34.95145631067961
Totally Rockin' Tots Russet Potato & Cauliflower Frozen Snacks,13,1,12,7.6923076923076925
White Clam Sauce with Garlic & Herb,32,17,15,53.125
Organic Quick Cooking Rolled Oats,1469,723,746,49.21715452688904
Tidbits In 100% Pineapple Juice Pineapple,42,9,33,21.428571428571427
Decaffeinated Tea Family Size Tea Bags,15,0,15,0.0
Organic Fat-Free Milk,4795,3736,1059,77.91449426485923
Salted Almonds & Milk Chocolate 41% Cacao,5,1,4,20.0
Banana Orange Medley Baby Food,59,25,34,42.3728813559322
For Men 3 In 1 Nourishing Lotion Sea Minerals,11,1,10,9.090909090909092
All Natural Chicken Sausage Roasted Pepper & Asiago,45,20,25,44.44444444444444
Recipe Secrets Onion Soup & Dip Mix,1938,605,1333,31.217750257997935
Organic Arugula,377,220,157,58.355437665782496
Classic Potato Hotdog Buns 8 Pk,69,23,46,33.33333333333333
Cheddar & Bacon Loaded Potato Skins,51,20,31,39.21568627450981
3 in 1 Body Wash Shampoo & Conditioner,4,0,4,0.0
"Brights + Whites Rescue In-Wash Laundry Booster Pacs,18 loads Laundry Additives",27,12,15,44.44444444444444
Pink Lemonade,125,82,43,65.60000000000001
Nesquik Chocolate Low Fat Milk,68,49,19,72.05882352941177
Honey Belle Pear,23,1,22,4.3478260869565215
BAND-AID Monsters University Adhesive Bandages,13,0,13,0.0
Refined Canola Oil,657,123,534,18.72146118721461
Bread,845,470,375,55.62130177514793
Organic Carrots Zucchini & Broccoli Baby Food,45,23,22,51.11111111111111
Four Cheese Pizza Flaky Crust Frozen Snacks,63,44,19,69.84126984126983
Hazelnut Soy Creamer,174,110,64,63.2183908045977
Cherry Flavored Allergy,100,19,81,19.0
Max Hold Non-Aerosol Hairspray,11,1,10,9.090909090909092
Milk Chocolate Peanut Butter Pretzel,9,4,5,44.44444444444444
Chamomile Replenishing Conditioner,9,2,7,22.22222222222222
Bromelain 500 mg,22,7,15,31.818181818181817
Chili Lime Jackfruit Carnitas,146,39,107,26.71232876712329
Dark Chocolate with Pomegranate,376,172,204,45.744680851063826
Pumpkin Banana Mighty 4 Bars,170,86,84,50.588235294117645
Marjoram,34,2,32,5.88235294117647
Cold Pressed Organic Sesame Seed Oil,62,6,56,9.67741935483871
All Natural Chocolate Hemp,124,75,49,60.483870967741936
Prefilled Applicator Vaginal Antifungal Ointment,18,1,17,5.555555555555555
2nd Foods Squash Nature Select Baby Food,60,22,38,36.666666666666664
Zero Kiwi Strawberry Nutrient Enhanced Water,207,111,96,53.62318840579711
Original Antibiotic Ointment,63,18,45,28.57142857142857
Reduced Sodium Pinto Beans,77,22,55,28.57142857142857
Grain Free Naturals Chicken & Garden Pea Adult Dry Dog Food,10,6,4,60.0
Thai Ginger Instant Rice Noodle Soup,81,10,71,12.345679012345679
Ester-C 500 mg,3,0,3,0.0
Singles 2% Milk American Cheese Slices,877,438,439,49.9429874572406
Almond Glow Coconut Body Lotion,12,1,11,8.333333333333332
Cheese Creations Double Cheddar Sauce,87,38,49,43.67816091954023
Baked Garlic & Butter Flavored Croutons,10,1,9,10.0
Roadhouse Double Down Deluxe Pizza,13,1,12,7.6923076923076925
Free & Clear Dish Soap,19,8,11,42.10526315789473
Chocolate Madeleines,25,11,14,44.0
Vermouth Tipsy Onions,16,9,7,56.25
Baby Tummy Gripe Water Dietary Supplement,94,32,62,34.04255319148936
Gelato Indulgences Chocolate Caramel,65,17,48,26.153846153846157
Original Cereal,4769,2338,2431,49.024952820297756
Organic Sambal Ulek Chili Paste,30,0,30,0.0
Protein & Greens  Juice Smoothie,255,146,109,57.25490196078431
Long Lasting Highly Absorbent Utility Sponges,5,0,5,0.0
Maximum Strength Laxative,9,4,5,44.44444444444444
Ramen Shrimp Flavor Noodle Soup,9,2,7,22.22222222222222
"Club Delight Sausage, Egg, & Cheese Sandwiches",1971,1361,610,69.05124302384577
"Corn Oil, Pure 100% Natural",13,2,11,15.384615384615385
Mild Diced Green Chiles,6183,2218,3965,35.872553776483905
Salmon Formula Canned Cat Food,12,3,9,25.0
Homestyle Meatloaf & Mashed Potatoes Compleats,14,7,7,50.0
Vitamin C Gummy Bears,85,35,50,41.17647058823529
Less Salt Soy Sauce,662,191,471,28.851963746223564
Raspberries Gummi Candy,27,8,19,29.629629629629626
Tomato Soup,246,99,147,40.243902439024396
Eye Irritation Relief Optique 1 Homeopathic Medicine,15,1,14,6.666666666666667
Organic Medium Cheddar Cheese,280,173,107,61.78571428571429
Au Jus Base,5,0,5,0.0
Oven Roasted White Turkey,136,82,54,60.29411764705882
Petroleum Jelly,18,11,7,61.111111111111114
Unsweetened Almond Beverage,33,21,12,63.63636363636363
Good Glide Personal Lubricant With Aloe Vera,5,2,3,40.0
Whole Kernel Golden Corn,160,101,59,63.125
Organic Portabella Mushrooms,60,18,42,30.0
Organic 100% Whole Wheat No. 4 Spaghetti,869,400,469,46.029919447640964
Lemonade Juice Not From Concentrate,10,1,9,10.0
Gluten Free Bean and Green Chili Burrito,24,9,15,37.5
Healthy Kids Chicken Alphabet Condensed Soup,29,7,22,24.137931034482758
Clinical Strength Secret Clinical Strength Smooth Solid Women's Antiperspirant & Deodorant Light & Fresh Scent,227,73,154,32.158590308370044
Sesame Crispbread,133,84,49,63.1578947368421
Lime Ginger Lemon Agave,1879,1054,825,56.09366684406599
Soleil Razors,2,0,2,0.0
Peeled Whole Tomatoes,10,2,8,20.0
Devil's Spit Barbeque Sauce,46,13,33,28.26086956521739
Organic Baby Food Peach,60,32,28,53.333333333333336
White Mushrooms,167,78,89,46.706586826347305
"Salsa, Texas, Hot",78,36,42,46.15384615384615
Organic Orzo,5199,1912,3287,36.77630313521831
Ss Creamy Mashed Potatoes,13,6,7,46.15384615384615
Pickled Jalapenos,22,0,22,0.0
"Cereal, Sprouted Oat, Honey O's",50,27,23,54.0
Carb Balance Whole Wheat Flour Burrito Tortillas,209,81,128,38.75598086124402
Miso-Cup Savory Soup With Seaweed,34,2,32,5.88235294117647
Snickerdoodle Cookies,288,102,186,35.41666666666667
Black Decorating Gel,13,0,13,0.0
Shiitake SprouTofu Veggie Burger,93,45,48,48.38709677419355
Green Tea With Peach & Honey,18,11,7,61.111111111111114
Manuka Honey on the Go Packets,39,9,30,23.076923076923077
Outlast Xtend Secret Outlast Xtend Invisible Solid Protecting Powder Antiperspirant/Deodorant 2.6 oz AP/DO & Body Spray,16,3,13,18.75
Brownberry 100% 12 Grain Bread,4482,2879,1603,64.23471664435519
Hot Apple Cider Tea Herbs Of Autumn,12,3,9,25.0
1F Organic Bananas Organic Purees Fruit,5,0,5,0.0
Organic Chewy Peanut Butter Banana Bites,1102,721,381,65.42649727767696
Muenster Natural Cheese,7,0,7,0.0
Slow Cookers BBQ Pulled Pork Seasoning Mix,31,9,22,29.03225806451613
Organic Regular Cotton Tampons No Applicator,447,144,303,32.21476510067114
Premium Medium Roast Restaurant Blend Ground Coffee,6,2,4,33.33333333333333
Organic Black Cherry Energy Drink,236,153,83,64.83050847457628
2nd Foods Vanilla Custard Pudding With Bananas,21,7,14,33.33333333333333
Cashew Butter + Bourbon Vanilla Chocolate Bar,107,62,45,57.943925233644855
Cherry Flavor Natural Calm Anti-Stress Drink,18,6,12,33.33333333333333
"Soap, French Milled Oval, Lavender Fields",21,2,19,9.523809523809524
Roasted Turkey,10195,7622,2573,74.76213830308976
Extra Strong Everyday Napkins,27,15,12,55.55555555555556
Refresher Bluberry Acai,6,1,5,16.666666666666664
Bread Rolls,971,468,503,48.19773429454171
"Mustard, Sweet Hot",120,19,101,15.833333333333332
Alkalize & Detox Green Superfood,19,1,18,5.263157894736842
Original Real Vegetable Chips,7746,4523,3223,58.391427833720634
Go Figs! Organic Dried Figs,38,17,21,44.73684210526316
Purple MarshMallow Bunnies,7,0,7,0.0
Sourdough Baguette,6019,3559,2460,59.12942349227447
Chunk Style Pink Salmon Skinless Boneless,30,19,11,63.33333333333333
American Cheese Singles 12 Count,27,10,17,37.03703703703704
Fresh Scent Powerball Tabs,77,18,59,23.376623376623375
Ultra Strength 1000 Assorted Fruit Chewable Tablets Antacid,30,1,29,3.3333333333333335
Vegan Buttery Sticks,2848,1271,1577,44.627808988764045
Veggie Bologna Deli Slices,488,353,135,72.3360655737705
Disinfecting Wipes Fresh Scent,2288,831,1457,36.31993006993007
Italian Bread,804,447,357,55.59701492537313
Sugar Free Shortbread Swirl Cookies,7,0,7,0.0
Horseradish Aioli Mayonnaise,51,17,34,33.33333333333333
Organic Tom Yum Soup Starter Soup Base,3,0,3,0.0
Dips Original Ranch Dip Mix,229,71,158,31.004366812227076
Fully Prepared Pizza Sauce,79,26,53,32.91139240506329
Chocolate Vanilla Mochi Ice Cream,283,146,137,51.590106007067135
Thousand Island Salad Snax,112,98,14,87.5
Unsalted Roasted Cashews,52,14,38,26.923076923076923
Sweet & Salty Kettlecorn,2179,1311,868,60.16521340064249
Organic Young Thai Coconut,276,181,95,65.57971014492753
Twisted 6 Cheese Pizza,97,58,39,59.79381443298969
Sunchips 6 Ct Cheddar Singles,14,3,11,21.428571428571427
& Go! Hazelnut Spread + Pretzel Sticks,164,87,77,53.04878048780488
Black Mascara,8,0,8,0.0
"Crumbled Feta, with Mediterranean Herbs, Fat Free",24,9,15,37.5
Fresh Vanilla Odor Shield Tall 13 Gallon Drawstring Bags,1360,359,1001,26.397058823529413
Grapeseed Oil,3172,1135,2037,35.78184110970996
Sesame Street Bert & Ernie's Berry 100% Juice,201,111,90,55.223880597014926
Cocktail Rye Bread,59,10,49,16.94915254237288
3 Ply Wheat Straw Bath Tissue,14,3,11,21.428571428571427
Chef's Favorite Food for Cats & Kittens,16,7,9,43.75
Arizona Sunset Enchilada Soup Mix,14,2,12,14.285714285714285
Sunbutter & Crackers,81,48,33,59.25925925925925
"Mini Size, White Baking Cups",17,2,15,11.76470588235294
Clinically Accurate Digital Thermometer,3,0,3,0.0
Multigrain Croccantini,96,54,42,56.25
Red Salmon Caviar,4,0,4,0.0
Quadratic Bite Size Dark Chocolate Wafer Cookies,201,106,95,52.736318407960205
Cherry Turnover,80,62,18,77.5
Shiitake Dried Black Mushrooms,86,24,62,27.906976744186046
Tahitian Vanilla Gelato,496,173,323,34.87903225806452
Spa Formula Nail Polish Rem0ver,3,0,3,0.0
Medicated Powder,31,16,15,51.61290322580645
Organic Beet Apple Ginger Lemon Juice Blend,7,0,7,0.0
Feta Chunk Fat Free Cheese,13,4,9,30.76923076923077
Red Collection Desperado Body Spray,4,0,4,0.0
Cilantro Chili,303,187,116,61.71617161716172
Organic Crescent Rolls,25,11,14,44.0
Parchment Lined 15 in x 10.25 in x .75 in Cookie Sheets,25,5,20,20.0
Organic Spring Vegetables & Pasta Stage 3 Baby Food,599,276,323,46.07679465776294
Mache Rosettes French Salad Mix,6720,4344,2376,64.64285714285715
Sardines in Pure Spring Water,22,9,13,40.909090909090914
5.3 oz Sarvecchio Parmesan Wedge,329,92,237,27.96352583586626
No Drain Chunk Light in Water Tuna,14,5,9,35.714285714285715
Pure Sport Body Wash,323,107,216,33.126934984520126
California Collection Cabernet Sauvignon Wine,54,30,24,55.55555555555556
Coconut Sugar Pure & Unrefined,1164,311,853,26.718213058419245
Strawberry Lowfat Yogurt with M&M's,69,56,13,81.15942028985508
"Sea Salt, Nature's First, Fine",467,85,382,18.201284796573873
Pop Tarts Variety Pack,630,438,192,69.52380952380952
Vitamints Raspberry Adult Multivitamin Minty Chewables,8,3,5,37.5
Strawberry Apple Fruit & Veggie Strip,72,43,29,59.72222222222222
Greek Peppers Pepperoncini,17,6,11,35.294117647058826
Spicy Harissa Hummus,12,2,10,16.666666666666664
Party Pack - 15 CT,17,1,16,5.88235294117647
Children's DHA Strawberry Chewable Soft Gels,94,46,48,48.93617021276596
Coconut Shrimp,44,11,33,25.0
Refresh-Mint Chewing Gum,371,141,230,38.00539083557952
Ice Cream Bars Vanilla Flavored,30,16,14,53.333333333333336
Hummus Pinoli,18,9,9,50.0
Reusable Snack Containers With Lids,33,3,30,9.090909090909092
Tomato Sauce with Sea Salt,106,31,75,29.245283018867923
Mozzarella Cheese Shreds,225,99,126,44.0
Organic Spinach & Feta Chicken Sausage,242,109,133,45.04132231404959
Gelatinized Maca Powder,85,14,71,16.470588235294116
2% Milkfat Lowfat Cottage Cheese Large Curd,3,1,2,33.33333333333333
Mega Pack Everyday Plates,548,256,292,46.715328467153284
Oikos Triple Zero Greek Strawberry Yogurt,240,146,94,60.83333333333333
Mint Chocolate Chip Frozen Coconut Dessert,560,306,254,54.64285714285714
"Detox System Purifying Exfoliant Body Scrub, Step 2",8,0,8,0.0
Frost White Decorating Sugar,21,0,21,0.0
Ham Glaze,5,1,4,20.0
Cat Chow Complete Formula,23,4,19,17.391304347826086
Night Time Sleep Aid,109,46,63,42.201834862385326
Apple Cinnamon Yogurt,31,22,9,70.96774193548387
Sprouted Burrito Size Tortillas - 6 CT,99,50,49,50.505050505050505
Chocolatey Chip Teddy Grahams,201,107,94,53.233830845771145
Complete Multi-Purpose Solution Easy Rub Formula - 2 CT,9,4,5,44.44444444444444
Organic Lentil Vegetable Soup,3821,1867,1954,48.86155456686731
Domaine de Garrigon Cotes du Rhone,13,5,8,38.46153846153847
Vegan Alfredo Sauce Arugula Pesto,101,26,75,25.742574257425744
Traditional Masala Chai,13,6,7,46.15384615384615
Golden Fries French Fried Potatoes,868,340,528,39.1705069124424
Ultimate Flora RTS Women's Probiotic 15 Billion 8 Probiotic Strains,12,3,9,25.0
Protein Pancake Mix,344,142,202,41.27906976744186
Homestyle Creamy Chicken & Herb Dumplings Soup,16,0,16,0.0
Angel Whispers Candle,136,67,69,49.26470588235294
Fire Roasted Applewood Smoked Salmon,57,21,36,36.84210526315789
Original Chili Sauce,34,10,24,29.411764705882355
"Salsa Habanera, Red, Extra Hot",7,1,6,14.285714285714285
Cinnamon Raisin Swirl Pre-Sliced Bagels,3715,2570,1145,69.17900403768506
Purple Haze Raspberry Wheat Bear,24,5,19,20.833333333333336
Pro-Health Stages Kids Toothbrush With Minnie Mouse,52,7,45,13.461538461538462
"Quinoa, White",189,63,126,33.33333333333333
Raspberry Licorice Bar,213,149,64,69.95305164319248
100% Pure Cocoa Butter,30,1,29,3.3333333333333335
Light Sesame Formula Body Lotion,3,0,3,0.0
Munster Cheese,50,22,28,44.0
Multigrain Onion & Garlic Quinoa Crisps,16,9,7,56.25
Pine Nuts,1136,256,880,22.535211267605636
Fried Rice Seasoning Mix,2,0,2,0.0
100% Recycled Facial Tissue,1690,1011,679,59.8224852071006
Puppy Chicken and Beef Canine Cuisine,64,35,29,54.6875
Roasted Garlic Parmesan Italian Pasta Sauce,101,48,53,47.524752475247524
Ultra Conditioning Lip Balm with Kokum Butter,60,11,49,18.333333333333332
Organic Pure Lime Juice,1937,985,952,50.85183273102736
Swiss Gruyere Cheese,246,98,148,39.83739837398374
Natural Care Baby Wipes,461,181,280,39.26247288503254
Whole Artichokes In Brine,30,13,17,43.333333333333336
Dinamita Tortilla Chips Chile Limon,28,7,21,25.0
Small Watermelon,3,0,3,0.0
Broad Noodles,410,118,292,28.780487804878046
Brut,714,349,365,48.87955182072829
Buttermilk Pancake & Waffle Mix,350,124,226,35.42857142857142
Corned Beef Hash,214,108,106,50.467289719626166
Organic Flaky Biscuits,7,2,5,28.57142857142857
Traditional New England Clam Chowder Soup,480,173,307,36.041666666666664
Toscano Salami,195,62,133,31.794871794871792
Reduced Fat Swiss Cheese,977,539,438,55.16888433981576
Choose-A-Size White Paper Towels 8 Giant Rolls,1355,702,653,51.80811808118081
PlugIns Scented Oil Refill  - Cashmere Woods,18,3,15,16.666666666666664
Calcium Magnesium with Vitamin D Complex,30,4,26,13.333333333333334
Sugar Free Chocolate Chips Baking Pieces,7,2,5,28.57142857142857
Honey Bunches Of Oats Chocolate Gluten Free Cereal,78,54,24,69.23076923076923
Rescue Remedy for Kids,14,2,12,14.285714285714285
Honey Maid Star Wars,66,17,49,25.757575757575758
Golden California Fig,8,4,4,50.0
Honey Nut Scooters Cereal,16,6,10,37.5
Bear Clover Premium Honey,1097,308,789,28.076572470373744
Jumbo Shells Pasta,351,63,288,17.94871794871795
Queso Blanco Velveeta Shells & Cheese,3,0,3,0.0
Probiotics Tropical Green Juice Drink,1023,671,352,65.59139784946237
Private Stock Cheese Classic Vermont Cheddar,4,0,4,0.0
Baby Broccoli,18,3,15,16.666666666666664
Healthy Request Classic Chicken Noodle Soup Bowl,5,1,4,20.0
Matilda Belgian Style Pale Ale,24,7,17,29.166666666666668
Fast Absorbing Body and Face Lotion,51,17,34,33.33333333333333
"Tasty Treasures Ocean Fish, Tuna & Cheese in Sauce Cat Food",44,31,13,70.45454545454545
Gourmet Cut Garlic Croutons,65,24,41,36.92307692307693
Straight Sherry,5,0,5,0.0
Whitening+ Scope Outlast Fluoride Toothpaste,11,1,10,9.090909090909092
Bar Dark Chocolate Hazelnut Bar,118,78,40,66.10169491525424
Organic Medjool Dates,10360,5869,4491,56.65057915057915
Organic Green Split Peas,35,9,26,25.71428571428571
Celery Root,507,125,382,24.65483234714004
Ultra Thin Crust Ultimate Pepperoni,19,6,13,31.57894736842105
Plain Bagels,10274,6937,3337,67.51995328012458
Chicken Egg Rolls,62,30,32,48.38709677419355
Omega-3 Buttery Spread,327,119,208,36.391437308868504
Pasteurized Real Egg Product,82,56,26,68.29268292682927
with Xylitol Minty Sweet Twist 18 Sticks Sugar Free Gum,24,14,10,58.333333333333336
Milk Chug Cultured Lowfat Buttermilk,226,76,150,33.6283185840708
7 Ancient Grains Flatbread,15,4,11,26.666666666666668
Ultra Moisture Coconut Oasis Body Wash,9,0,9,0.0
White Tea & Berry Fusion Antibacterial Hand Soap Moisturizers,23,8,15,34.78260869565217
New Orleans Style Original Red Beans and Rice Mix,230,81,149,35.21739130434783
Organic Applesauce Cups,133,61,72,45.86466165413533
Multi-Purpose Glue,47,15,32,31.914893617021278
"Gum, Sugarfree, Winterfresh",10,5,5,50.0
Original Beef,105,68,37,64.76190476190476
Fragrance Free Moisturizing Lotion For All Skin Types,142,25,117,17.6056338028169
Special K White Fudge Dipped Pretzels,18,6,12,33.33333333333333
Mediterranean Mint Gelato,7319,3734,3585,51.01789862003005
Peppermint Crunch Thins,6,0,6,0.0
Lavender Rosemary Shampoo For Normal Hair,122,51,71,41.80327868852459
Say Cheese! Crispy Whole Grain Baked Crackers,490,238,252,48.57142857142857
Graduates Vanilla Puffs,69,26,43,37.68115942028986
7.04 Oz. Grahamfuls Banana Vanilla 8ct,1,0,1,0.0
Pork Breakfast Sausage,2147,908,1239,42.29156963204471
California Roll,186,109,77,58.602150537634415
Sweet Apple Chicken Sausage,195,99,96,50.76923076923077
Idaho Outpost Potato Leek Soup Mix,21,3,18,14.285714285714285
Organic Chocolate Animal Cookies,302,138,164,45.6953642384106
Steel Wool Soap Pads Lemon Fresh Scent - 10 CT,126,18,108,14.285714285714285
Lentil & Quinoa Spaghetti,6,0,6,0.0
Organic Peppermint Herbal Tea,1795,733,1062,40.83565459610028
Flushable Moist Wipes Refill,148,64,84,43.24324324324324
Decaf Chai Latte,288,153,135,53.125
All Natural Peppered Beef Jerky,89,51,38,57.30337078651685
Chlorine Free Ultra-Thin Super Pads,85,20,65,23.52941176470588
Quatro Formaggi Four Cheese Pizza,462,239,223,51.73160173160173
Chocolate Cherry Almond Bites,38,17,21,44.73684210526316
Caramel Macchiato Coffee Creamer,142,82,60,57.74647887323944
Grapefruit Sculpin IPA,66,30,36,45.45454545454545
Organic Quinoa,1597,463,1134,28.991859737006887
Grain Free Chicken Dinner Cat Food,20,7,13,35.0
California Lager,36,15,21,41.66666666666667
Pearl Super Absorbency Unscented Tampons,368,107,261,29.076086956521742
Sea Bakin' Thai BBQ Seaweed Snacks,4,0,4,0.0
Original Sambucus For Kids Bio Certified Elderberry,106,19,87,17.92452830188679
Cinnamon Banana Chip Clusters,33,17,16,51.515151515151516
Super Detox Acai Noni Goji,78,53,25,67.94871794871796
HEC Original Liquid Laundry Detergent,195,99,96,50.76923076923077
Extra Sharp Aged Cheddar Cheese slices,1982,1332,650,67.20484359233097
Deli Style Parmesan Caesar Croutons,53,21,32,39.62264150943396
West Coast Style Stout,8,4,4,50.0
Olive Oil & Sel Gris Sourdough Flatbread,1477,798,679,54.02843601895735
"English Muffin Sandwiches, Canadian Bacon, Whole Cracked Egg & Cheese",88,42,46,47.72727272727273
San Jose Ocana Bourbon Whole Bean Coffee,154,111,43,72.07792207792207
Bedtime Tea,1381,459,922,33.2367849384504
Agave With Stevia Extract Liquid Sweetener,5,0,5,0.0
Leather Wipes,130,30,100,23.076923076923077
"Kombucha, Organic Raw, Citrus",4490,3143,1347,70.0
Sugar Free Mountain Berry Preserves,114,64,50,56.14035087719298
Pepperoni Bagel Bites,296,152,144,51.35135135135135
Bamboo Fragrance Free Bath Tissue,25,12,13,48.0
Greek Blended Raspberry Fat Free Yogurt,6,0,6,0.0
Thai Vegetable Peanut,14,0,14,0.0
Cinnamon Bun Frozen Desserts,53,25,28,47.16981132075472
Professional Strength Foaming Pipe Snake Clog Remover,33,3,30,9.090909090909092
for Tots Apple Juice,780,521,259,66.7948717948718
Whole Grain 10 Grain Hot Cereal,31,10,21,32.25806451612903
Gin-Gins Hard Ginger Candy Double Strength,203,58,145,28.57142857142857
Pasteurized Crab Meat,14,3,11,21.428571428571427
Coconut Cake Slice,5,0,5,0.0
Authentic Deep Dish Cheese Pizza,84,45,39,53.57142857142857
"Pain Reliever/Fever Reducer, 220 mg, Capsules",38,9,29,23.684210526315788
100 Calorie Whole Natural Almonds,307,188,119,61.23778501628665
Organic Mighty Sticks,332,143,189,43.07228915662651
Gourmet Organic Thyme,61,6,55,9.836065573770492
Whole Grain Crackers,67,30,37,44.776119402985074
Cinq Cents Ale,4,0,4,0.0
Sensitive with Iron Infant Formula,202,149,53,73.76237623762376
Unsalted 65%  Vegetable Oil Spread,163,84,79,51.533742331288344
"Lasagna, Whole Wheat/Whole Grain",21,3,18,14.285714285714285
Chicken Sticks,212,148,64,69.81132075471697
Cotton Candy Grapes,713,254,459,35.62412342215989
White Gorilla Glue Pen,18,1,17,5.555555555555555
Restaurante Tostados Tortilla Chips,25,12,13,48.0
2nd Foods Banana Carrot Mango Baby Food,42,18,24,42.857142857142854
Real Vegetable Chips Spiced Sweets,142,67,75,47.183098591549296
Banana Quick Bread and Muffin Mix,231,88,143,38.095238095238095
Lemon & Lime Blossom Scent Disinfecting Wipes,565,228,337,40.35398230088496
Chicken Breast Rings,8,4,4,50.0
Fruit Bars Made With Real Strawberry,151,78,73,51.65562913907284
All-One Hemp Citrus Castile Bar Soap,285,116,169,40.70175438596491
Original Medium Picante Sauce,890,409,481,45.95505617977528
Floral Arrangement,11,3,8,27.27272727272727
"Soup! Mix, Baked Burgundy French Onion",13,2,11,15.384615384615385
Broccoli & Cheese Breaded Stuffed Chicken Breasts,70,43,27,61.42857142857143
"Potato Chips, Original Lightly Salted",115,70,45,60.86956521739131
Sliced Havarti Cheese,179,76,103,42.45810055865922
Sprouted 7 Grain Hamburger Rolls,180,64,116,35.55555555555556
Sport Sugar Free Energizer Acai Berry Dietary Supplement,33,12,21,36.36363636363637
Honey Ginseng Daily Green Tea,57,18,39,31.57894736842105
Mocha Coffee Concentrate,447,275,172,61.521252796420576
Dark Chocolate With Almonds,353,235,118,66.57223796033995
Deluxe Shells & Cheese Dinner,11,3,8,27.27272727272727
Classic Vanilla Flavor Marshmallow Minis,1117,367,750,32.85586392121755
Radiance Facial Cleanser,4,0,4,0.0
Total 0% Greek Yogurt,26154,18071,8083,69.09459356121434
100% Pure Eucalyptus Essential Oil,215,25,190,11.627906976744185
Doublemint Gum,270,157,113,58.14814814814815
Premium Organic Pasta Sauce Family Marinara,208,107,101,51.442307692307686
2nd Foods Carrots,8,0,8,0.0
Natural Dishwasher Detergent Packs - Lemon,155,61,94,39.35483870967742
Body Deodorant Stick Fragrance & Paraben Free,36,3,33,8.333333333333332
Mocha Hot Chocolate,12,2,10,16.666666666666664
Chocolate Cacao Raw Fit Protein Powder,198,68,130,34.34343434343434
Filtered Fresh 2% Reduced Fat Milk,447,346,101,77.40492170022371
Florida's Natural 100% Orange Juice Some Pulp,244,152,92,62.295081967213115
Mango Ginger Chews,47,20,27,42.5531914893617
Classic Red Tomato Sauce,54,26,28,48.148148148148145
Salad Kit Creamy Coleslaw,58,15,43,25.862068965517242
Lightdays Extra Coverage Pantiliners,39,18,21,46.15384615384615
Argan Oil 100% USDA Organic Moroccan,171,47,124,27.485380116959064
Strawberry Bites,13,6,7,46.15384615384615
Maximum Strength Pressure + Pain Caplets,27,1,26,3.7037037037037033
Turkey Flavor Cat Treats,250,160,90,64.0
2nd Foods Pear Pineapple Baby Food,86,35,51,40.69767441860465
Vanilla Frappuccino,80,49,31,61.25000000000001
Chinese Five Spices Powder,47,2,45,4.25531914893617
Toilet Wand with Storage Caddy Starter Kit,157,16,141,10.191082802547772
Concentrated Bleach Clean Linen,271,96,175,35.42435424354243
White Corn Chip Bowls,57,28,29,49.122807017543856
Mexican Style Chicken Bowl,43,16,27,37.2093023255814
Beef Bouillon Cubes,299,53,246,17.725752508361204
Yellow Potato,1720,638,1082,37.093023255813954
Gourmet Mixed Organic Fingerlings Potatoes,71,12,59,16.901408450704224
Real Medleys Cherry Almond Pecan Multigrain Cereal,109,61,48,55.96330275229357
Thin Sliced Bread,9,2,7,22.22222222222222
Unbleached Flour,43,10,33,23.25581395348837
Pimento Cheese Spread,56,17,39,30.357142857142854
Original Cat Food,8,1,7,12.5
Crunchy Peanut Butter Energy Bar,4451,2821,1630,63.37901595147159
Beef & Bean Burritos,644,353,291,54.81366459627329
French Lavender Hand Soap,438,170,268,38.81278538812785
"Granola, Peanut Butter, Homestyle",70,44,26,62.857142857142854
Gluten Free Veggie Lovers Thin Crust Pizza,45,21,24,46.666666666666664
Titanium Coated Blades Cartridges,2,0,2,0.0
Excellence Non-Drip Crème  01 Extra Light Ash Blonde,7,0,7,0.0
Carving Board Slow Cooked Ham,359,204,155,56.824512534818936
Baked Cooked Ham,50,32,18,64.0
Banana Puffs Cereal Snack Cup,11,2,9,18.181818181818183
Cheese Chile Corn Tamales,15,2,13,13.333333333333334
Feta Crumbles Cheese,1094,452,642,41.3162705667276
Total 2% Lowfat Greek Strained Yogurt Blueberry - 4 PK,380,237,143,62.36842105263158
Natural Fluoride-Free Toothpaste Fresh Mint,192,54,138,28.125
Baked Grilled Cheese Corn Puffs,280,182,98,65.0
Jammy Sammy Grape Jelly & Peanut Butter Snack Size Sandwich Bar,186,91,95,48.924731182795696
For Pots & Pans Powder Stainless Steel & Copper Cleaner,41,15,26,36.58536585365854
Black Cherry Sparkling Seltzer Water,7,4,3,57.14285714285714
Light & Fit Nonfat Vanilla Yogurt,76,33,43,43.42105263157895
Home Protection Dog Pads,18,5,13,27.77777777777778
C&W Frozen Petite Sweet Corn,554,215,339,38.8086642599278
Milk Chocolate Coconut Bar,20,10,10,50.0
Ranch Classic Dressing,345,81,264,23.47826086956522
Goo Berry Pie Probugs Kefir,6187,4758,1429,76.9031840956845
Enchiladas Al Chipotle,258,133,125,51.55038759689923
Brand Sardines in Water,10,2,8,20.0
Cool Whip Whipped Topping,149,53,96,35.57046979865772
Glass Bottle Classic Yellow Mustard,19,4,15,21.052631578947366
California Roll Sushi,1409,916,493,65.01064584811922
Barbecue Chipotle Sauce,46,11,35,23.91304347826087
"Rice and Corn Puffs, Baked, Veggie",1765,1149,616,65.09915014164307
Cajun Style 98% Fat Free Turkey Breast,16,4,12,25.0
Taco Shells,98,45,53,45.91836734693878
Aloe Vera Juice,312,133,179,42.628205128205124
Goldfish Dory,36,15,21,41.66666666666667
100% Raw Certified Manuka Honey Bio Active 15+,17,8,9,47.05882352941176
Crunchy Fig Chocolate Bar,15,8,7,53.333333333333336
Organic Enchilada Green Sauce Mild,71,46,25,64.7887323943662
Dairy Milk Fruit & Nut Chocolate Bar,564,388,176,68.79432624113475
Mozzarella Light Low Moisture Part Skim String Cheese,743,466,277,62.71870794078062
Original Sparkling Mountain Spring Water,641,434,207,67.70670826833073
Yellow Mustard Seed,98,3,95,3.061224489795918
Whoopie Sweet Cream Ice Cream,15,0,15,0.0
Baby Spinach Salad,5571,3029,2542,54.37084903966972
Sage,891,164,727,18.40628507295174
Flat Cut Corned Beef Brisket,21,4,17,19.047619047619047
Rice Thins Poppy & Sesame Seed White Rice Crackers,19,5,14,26.31578947368421
"Body Wash, Creamy, Wild Rose",72,20,52,27.77777777777778
Oh Snap! Hottie Bites 3.4oz,46,28,18,60.86956521739131
Type 1&3 Super Collagen Dietary Supplement Powder,137,41,96,29.927007299270077
Skin Relief 24HR Moisturizing Lotion,36,12,24,33.33333333333333
Alcohol Free NuStevia Liquid,16,4,12,25.0
Triple Chocolate Hazelnuts,35,15,20,42.857142857142854
"Salad, 50/50 Mix",457,215,242,47.04595185995623
Top Ramen Oriental Flavor,501,260,241,51.896207584830336
Black Mission Figs,73,19,54,26.027397260273972
"Gluten Free Chocolate Raspberry Whoopie Pies,",42,13,29,30.952380952380953
Unsweetened Mint Green Tea,25,11,14,44.0
Hot BBQ Sauce,14,3,11,21.428571428571427
Seasoned Everything Flatbread,299,175,124,58.52842809364549
Handmade Shmura Matzo,27,2,25,7.4074074074074066
Creamy Basil Alfredo Sauce,39,7,32,17.94871794871795
Super Soft Yellow Corn Tortillas,475,213,262,44.8421052631579
Honey Mustard Yogurt Dressing,176,60,116,34.090909090909086
Organic Low Fat Milk,8438,7040,1398,83.43209291301257
Live Wire,3,1,2,33.33333333333333
Organic Mixed Berry Thirst Quencher,12,6,6,50.0
Gluten Free Apple Cinnamon Waffles,1075,538,537,50.04651162790697
Hot Fudge Topping,493,79,414,16.024340770791078
Ion4 Strawberry Lemonade Sports Drink,114,60,54,52.63157894736842
"Rice, Calrose",24,6,18,25.0
Passionberry Bliss Kombucha Drink,2592,1518,1074,58.56481481481482
Grab And Go! Stack Potato Crisps Sour Cream & Onion Flavored,50,30,20,60.0
Vanilla Sandwich Cookies,24,16,8,66.66666666666666
Digestive Advantage Probiotic Fruit Gummies,22,15,7,68.18181818181817
Original Export Sodas Crackers,103,68,35,66.01941747572816
French Vanilla Fat Free Powder Coffee Creamer,15,4,11,26.666666666666668
"Pocket Sandwich, Spinach Pizza",167,88,79,52.69461077844312
Irresistibles Soft with Real Salmon Cat Treats,20,3,17,15.0
Cereal,12184,7094,5090,58.22390019697965
Amazin Bite Size Pitted Prunes,34,16,18,47.05882352941176
Whole Grain Rice Cereal,1605,655,950,40.809968847352025
Beef Marinade,54,15,39,27.77777777777778
Premium Wild-Caught Pink Salmon Skinless & Boneless,122,56,66,45.90163934426229
Peppermint 16 Pieces Sugar Free Gum,266,124,142,46.616541353383454
Infinity Heavy Flow Pads with Wings,58,16,42,27.586206896551722
Toe Nail Clip,14,0,14,0.0
1 Step-1 Minute Noodles Toasted Sesame,8,1,7,12.5
Organic American Pasteurized Process Cheese Product,380,205,175,53.94736842105263
Klassic Wheat Oat Bran Buns,23,4,19,17.391304347826086
Rice Pilaf Family Size Rice Blend,25,11,14,44.0
Habenero Hot Sauce,28,9,19,32.142857142857146
Avocado Spread Original,14,2,12,14.285714285714285
Strawberry with Granola Light Yogurt,14,4,10,28.57142857142857
Milk Chocolate and Chocolate Fudge/Milk Chocolate Swirl Pudding,12,5,7,41.66666666666667
Italian Pine Nuts,11,1,10,9.090909090909092
Vanilla Bean Chocolate Sandwich,154,103,51,66.88311688311688
Glass Cleaner Spray,490,217,273,44.285714285714285
Hickory Smoked Tuna Creations,110,80,30,72.72727272727273
GFB The Gluten Free Bar Peanut Butter,92,64,28,69.56521739130434
Double Noodle Classic Recipe Condensed Soup,459,212,247,46.187363834422655
The Natural Whipped Topping,879,353,526,40.159271899886235
Pure Anise Extract,17,0,17,0.0
Graduates Arrowroot Cookie 10+ Months,115,39,76,33.91304347826087
Spinach Mountain Bread,373,223,150,59.78552278820375
Dried Oyster Mushrooms,6,1,5,16.666666666666664
Raw Vegan Protein Vanilla,7,2,5,28.57142857142857
Roasted Sesame Seed Iri Goma,15,3,12,20.0
Honey Oat Bread,27,10,17,37.03703703703704
Trail Mix Fruit & Nut Chewy Granola Bars,1334,751,583,56.296851574212894
50% Less Sodium White Beans,170,57,113,33.52941176470588
Tropical Pineapple,32,13,19,40.625
After The Rain,11,3,8,27.27272727272727
Meritage Espresso Whole Bean Coffee,232,175,57,75.43103448275862
Hummus Galilee,27,15,12,55.55555555555556
Napa & Garlic Kimchi,48,19,29,39.58333333333333
Ultra Antibacterial Hand Soap Apple Blossom Scent Dishwashing Liquid 9 Fl Oz Dish Care,7,3,4,42.857142857142854
Shea Butter Hand Repair Cream,29,4,25,13.793103448275861
Chinotto,49,36,13,73.46938775510205
Organic Broccoli Florets,32887,21429,11458,65.15948551099218
"Sunny Gummies Vitamin D3 1,000 IU",25,10,15,40.0
York Miniatures Assortment Party,30,8,22,26.666666666666668
"Pinot Grigio, DOC Trentino, 2009",177,91,86,51.41242937853108
Pounder Pretzel Bonus Nibblers,74,36,38,48.64864864864865
Cold Brew Coffee Almond Milk,209,152,57,72.72727272727273
Creamy French Dressing Salad,57,18,39,31.57894736842105
Meatless Vegan Jerky Seitan Thai Peanut,137,70,67,51.09489051094891
White Chocolate Macadamia Coffee Creamer,35,23,12,65.71428571428571
Hair Expertise EverPure Blonde Conditioner,6,1,5,16.666666666666664
Peanut Butter Pie Ice Cream,36,7,29,19.444444444444446
Organic Sparkling Lemonade Beverage,242,130,112,53.71900826446281
Homestyle Dill Pickle Relish,7,0,7,0.0
Shrimp & Vegetable Stir Fry,32,13,19,40.625
"Crispy Wheat, Crackers",7494,5129,2365,68.44141980250868
Organic Crushed Tomatoes with Basil,2621,747,1874,28.500572300648606
Condensed Cream of Chicken Soup,1824,590,1234,32.34649122807017
"Vinegar, Balsamic, of Modena",157,46,111,29.29936305732484
Gluten-Free Tuscan Crackerz,202,124,78,61.386138613861384
Organic Asian Pear Kombucha,170,105,65,61.76470588235294
Sugar Cookie Mix,317,52,265,16.40378548895899
Parchment Lined 8 in x 3.75 in x 2.5 in Pans,19,1,18,5.263157894736842
Peace Daily Fragrance,8,1,7,12.5
Large Flake Nutritional Food Yeast,13,0,13,0.0
Roasted Red Pepper Hummus,17038,9378,7660,55.04167155769456
94% Fat Free Butter Popcorn Pop Up Bowl,54,16,38,29.629629629629626
4Kids Cold 'n Mucus Natural Relief Liquid,13,5,8,38.46153846153847
Imported Grated Parmesan,678,260,418,38.34808259587021
Glide Pro-Health Original Floss,94,27,67,28.723404255319153
Simply Blue Corn Tortilla Chips,438,180,258,41.0958904109589
Lasagna Pans,200,29,171,14.499999999999998
Bakery Classics Soft White Hamburger Buns,818,333,485,40.70904645476773
Organic Hazelnuts,347,84,263,24.207492795389047
Calcium and Fiber Supplement,7,0,7,0.0
Original Unsweetened Almond Milk,82,45,37,54.87804878048781
Classic Old Spice Classic Body Wash 18 fl oz  Male Personal Cleansing,6,2,4,33.33333333333333
Protein Superfood Vanilla,24,7,17,29.166666666666668
Apple Cortland,12,0,12,0.0
Baby Back Ribs,20,5,15,25.0
Sicilian Extra Virgin Olive Oil Tin,83,26,57,31.32530120481928
"Famous Sauce, Sandwich & Salad",20,5,15,25.0
"Dark Chocolate, Ecuador Dark, 65% Cacao, Organic",4,0,4,0.0
Grass Fed Beef Stew Meat,929,382,547,41.1194833153929
Organic Spelt Tortillas,2821,2247,574,79.65260545905707
"Nut, Spice, Black Truffle, Sea Salt Bar",23,4,19,17.391304347826086
Lavender 100% Pure Essential Oil Calming,142,15,127,10.56338028169014
Ultra Fine Mist Non-Aerosol Hair Spray,11,4,7,36.36363636363637
Reese's Creme Pie,9,2,7,22.22222222222222
Sumo Mandarin,423,228,195,53.90070921985816
Mixed Chocolate Candy Variety Pack,6,0,6,0.0
Salsa Chunky,16,2,14,12.5
Ten Year Old Tawny Porto,4,0,4,0.0
"Villalobos, Caturra, Catuai Coffee",246,154,92,62.601626016260155
Ocean Sea Salt Pumpkin Seeds,3,0,3,0.0
Skinnygirl Lime & Salt Popcorn,70,29,41,41.42857142857143
"Bathroom Tissue, 1‑Ply, 1000 Sheet Rolls",2313,1122,1191,48.50843060959792
Baba Ghannouge Eggplant Dip,1155,704,451,60.952380952380956
Turmeric Supreme Joint,8,1,7,12.5
Almond Snack Crackers,2238,1293,945,57.77479892761394
Instant Coffee Crystals Classic Decaf,9,0,9,0.0
Light Chicken & Cheese Enchilada Soup,212,84,128,39.62264150943396
"Ice Sugar Free Gum, Arctic Chill",16,11,5,68.75
Organic Brown Rice Spaghetti,1688,960,728,56.872037914691944
Organic Creamy Chocolate Fudge Nutrition Shake,6,2,4,33.33333333333333
Chipotle Chicken & Corn Chowder RTS Soup,81,19,62,23.456790123456788
Refreshing Facial Cleansing Towelettes Citrus/Cucumber,6,0,6,0.0
Touch Pizza Cutter,13,0,13,0.0
MyCommunity Comprehensive Immune Support Vegetarian Capsules,29,10,19,34.48275862068966
"Oscar Mayer P3 Medleys Cranberries, Sc Cheese, Cashew 2.1 Oz",18,3,15,16.666666666666664
Healthy Request Cream of Celery Condensed Soup,78,13,65,16.666666666666664
Premium Herring Fillet Sour Cream,13,5,8,38.46153846153847
Rosemary Raisin Raincoast Oat Crisps,330,112,218,33.939393939393945
Reduced Fat Sliced Provolone Cheese,720,367,353,50.97222222222222
Fresh from Hawaii Unsalted Macadamia Nuts,102,42,60,41.17647058823529
Organic Dark Chocolate Pomegranate Chewy Granola & Seed Bar,6,1,5,16.666666666666664
Lightly Sweet Popcorn,2978,1686,1292,56.61517797179315
Sonoma County Cabernet Sauvignon,15,4,11,26.666666666666668
Organic Blackberry Sorbet Bars,623,368,255,59.069020866773684
Ridge Cheddar And Sour Cream,74,52,22,70.27027027027027
"Yum-a-roo's Organic Toddler Snacks Banana, Mango & Pineapple",16,2,14,12.5
Large Dog Treats,53,27,26,50.943396226415096
Pretzel Sandwiches Cheddar Cheese,146,90,56,61.64383561643836
Cara Cara Navel Orange,4377,2504,1873,57.20813342472013
Whole Grain Rye & Oat Bran Crisp Bread,17,6,11,35.294117647058826
French Vanilla Flavored Medium Roast Ground Coffee,33,17,16,51.515151515151516
"Body Wash, Moisturizing, Cherry Blossom & Wild Bamboo",26,11,15,42.30769230769231
Organic Green Berry Shake,20,7,13,35.0
Foaming Hand Wash Pink Grapefruit,66,21,45,31.818181818181817
Corn Puffs with Aged White Cheddar (Lunch Packs),3138,1934,1204,61.63161249203314
Black Raspberry Chocolate Frozen Dairy Dessert,8,1,7,12.5
Cheese Melts Crackers,229,125,104,54.58515283842795
Extra Strength Assorted Berries Antacid,115,31,84,26.956521739130434
Loaded Bacon & Cheddar Potato Skins,17,1,16,5.88235294117647
Organic Whole Kalamata Olives,152,49,103,32.23684210526316
Lunchables Nachos with Cheese Dip and Salsa,243,141,102,58.0246913580247
12 Hour Chest Congestion,240,32,208,13.333333333333334
Chocolate Truffle Low Fat Ice Cream Bars,311,173,138,55.62700964630225
Organic 100% Pure Dark Amber Maple Syrup,591,197,394,33.33333333333333
"Beef Ravioli, in Tomato & Meat Sauce",127,56,71,44.09448818897638
"Plastic Bubble Mailer 6\"" x 9.25\""",11,1,10,9.090909090909092
Barbecue Chipotle Cheddar Tamales,328,217,111,66.15853658536585
Sea Salt Kettle Cooked Potato Chips,1421,848,573,59.676284306826176
Souper Meal Picante Shrimp Flavor Hot & Spicy,9,0,9,0.0
Pocky Cookies & Cream Covered Biscuit Sticks,8,2,6,25.0
Mini Spaghetti & Meatballs,53,32,21,60.37735849056604
Peanut Chocolate Candy,1655,928,727,56.072507552870086
Organic Southwest Style Salad,23,15,8,65.21739130434783
Arbosana Extra Virgin Olive Oil,46,17,29,36.95652173913043
Cherry Tomato Vine,97,39,58,40.20618556701031
Umcka ColdCare Alcohol-Free Drops,14,2,12,14.285714285714285
57 Steak Sauce,93,13,80,13.978494623655912
Sandwich Pepperoni,199,99,100,49.74874371859296
Organic Tchunky Tchotella Milk Chocolate With Roasted Hazelnut Butter And Sea Salt,22,8,14,36.36363636363637
Cherry Vanilla Creme Soda,866,486,380,56.12009237875289
"Pancake & Waffle Mix, Chocolate Chip",180,118,62,65.55555555555556
Strawberry & Hibiscus Finest Yogurt,22,3,19,13.636363636363635
Whole Dill  Pickles,9,3,6,33.33333333333333
Via Refreshers Very Berry Hibiscus,25,7,18,28.000000000000004
Potato Red Bag 2 Lb Organic,5,0,5,0.0
Bone In Turkey Breast,21,2,19,9.523809523809524
Oikos Greek Vanilla Yogurt,1436,903,533,62.883008356545965
Whole Kernel Corn,430,146,284,33.95348837209302
Caramel Almondmilk Creamer,141,54,87,38.297872340425535
Pork Shoulder,16,1,15,6.25
"Breakfast On-the-Go Yogurt, Banana & Strawberry Blend",11,3,8,27.27272727272727
Green Tea  with Ginseng and Honey,21,8,13,38.095238095238095
Wild Watermelon Chewing Gum,147,54,93,36.734693877551024
Original Guacachip Guacamole Flavored Tortilla Chips,80,51,29,63.74999999999999
Urinary Tract Health Formula Dry Cat Food,14,6,8,42.857142857142854
Turkey Stew With Barley & Carrots Natural Dog Food,101,66,35,65.34653465346535
Organic Coconut Chia Granola,1810,1014,796,56.02209944751381
Lasting Color Conditioner,28,7,21,25.0
Vegetarian Feast,31,3,28,9.67741935483871
Original Rice Thins,325,145,180,44.61538461538462
ProActive Health Mature Adult Dog Food,73,44,29,60.273972602739725
Chicken & Lobster Cat Food,5,1,4,20.0
Lemon-Lime Fridge Pack Soda,2784,1566,1218,56.25
Country White Whole Wheat Bread,37,27,10,72.97297297297297
Spreadable Butter with Olive Oil & Sea Salt,383,225,158,58.7467362924282
Cream Top Apricot Mango Fruit on the Bottom Yogurt,657,400,257,60.882800608828006
Brown Rice Miso,141,43,98,30.49645390070922
Vitamin C Refreshing Facial Cleanser,31,9,22,29.03225806451613
Organic Strawberries,264683,205845,58838,77.77038948477991
Fat Free Low Sodium Poppyseed Dressing,19,4,15,21.052631578947366
Awake English Breakfast Black Tea K-Cups,210,110,100,52.38095238095239
Grillers Cheddar Cheese & Bacon Patties 6 Count,21,9,12,42.857142857142854
3 Mint Tea,52,19,33,36.53846153846153
Brown Fig,265,106,159,40.0
"Wakame, Pacific, Silver Grade, Ready-to-Use",182,39,143,21.428571428571427
Grab & Go Classic Hummus With Pretzel Crisps,647,440,207,68.00618238021639
Dried Persimmons,26,13,13,50.0
Tomato Paste with Italian Herbs,62,20,42,32.25806451612903
Strong Hold Styling Gel,74,16,58,21.62162162162162
Chocolate Flavor Plus Calcium Syrup,46,3,43,6.521739130434782
Whipped Milk Chocolate Frosting,61,3,58,4.918032786885246
Fire Grilled Steak Bowl,3056,1935,1121,63.31806282722513
Children's CF Grape Flavor Liquid Cough & Cold Relief,2,0,2,0.0
English Peas,17,3,14,17.647058823529413
Farmhouse Oatmeal Hearty Sliced Bread,692,444,248,64.16184971098265
Traditional Hummus Dip,4,1,3,25.0
Chianti Classico,51,20,31,39.21568627450981
Dreamy Cold Brew Concentrate,74,54,20,72.97297297297297
Bagels Plain Presliced,468,344,124,73.50427350427351
Everything Bagel,1391,1013,378,72.8253055355859
Purrfect Grain Free Chicken Cat Food,29,20,9,68.96551724137932
Lemon Lime Flavor Sparkling Flavored Soda,106,79,27,74.52830188679245
Night Relaxing All-In-One Cleansing Wipes,2,0,2,0.0
Organic Mixed Berry Yogurt & Fruit Snack,5563,3628,1935,65.21660974294446
Whisps Parmesan Cheese Crisps,98,56,42,57.14285714285714
Cold Sore Pump,31,7,24,22.58064516129032
Foaming Disinfectant Bathroom Cleaner  Cleaner,94,5,89,5.319148936170213
Organic Canned Pinto Beans,45,14,31,31.11111111111111
Lemon Vanilla Luna Protein,73,31,42,42.465753424657535
Milk Chocolate Truffle Bar,28,12,16,42.857142857142854
Chile Picante Plantain Chips,560,379,181,67.67857142857143
Microwaveable Mac & Cheese,822,424,398,51.58150851581509
100% Pure & Certified Organic Lemon Oil,5,0,5,0.0
"Burrito, Meatless, Chik'n & Tomato Roasted Corn Salsa",5,0,5,0.0
Cereals Honey Nut Toasty O's,6,0,6,0.0
I Heart Baby Kale,12361,6852,5509,55.432408381198925
Dark Chocolate Pomegranate & FruitFlavors,93,36,57,38.70967741935484
Albacore White Tuna Pouch,328,137,191,41.76829268292683
Natural Hand Sanitizer Alcohol Free,106,20,86,18.867924528301888
Vanilla With Fudge Coating Ice Cream Bars,4,0,4,0.0
Tall Kitchen 13 Gallon Drawstring Bags,50,10,40,20.0
Yellow Split Peas,17,1,16,5.88235294117647
Original Dry Cat Food,16,6,10,37.5
Organic English Seedless Cucumber,114,39,75,34.21052631578947
Organic Gold Beet Bunch,1574,518,1056,32.90978398983482
Tzatziki Greek Strained Yogurt Dip Cucumber Garlic,315,148,167,46.98412698412698
Roadhouse Pile High Pepperoni Pizza,8,1,7,12.5
"Gummi Candy, Peaches",206,90,116,43.689320388349515
Classic Macaroni & Beef in Tomato Sauce,305,177,128,58.032786885245905
Whole Cashews Roasted and Salted,66,28,38,42.42424242424242
Prime Grade Jasmine Rice,58,20,38,34.48275862068966
Cool Moisture Body Wash,97,32,65,32.98969072164948
Dips Garden Green Onion Dip Mix,4,1,3,25.0
AAA Alkaline Batteries,97,12,85,12.371134020618557
13 Gallon Handle Kitchen Garbage Bags,15,5,10,33.33333333333333
Chickpeas! Pasta Shells,775,348,427,44.903225806451616
Organic Extra Virgin Olive Oil,13216,6506,6710,49.22820823244552
Organic Smooth Wheat Bread,106,76,30,71.69811320754717
Roasted Garlic & Cheddar Instant Potatoes,43,10,33,23.25581395348837
Coconut Milk Non Dairy Frozen Dessert No Sugar Added Mint Chip,1221,520,701,42.58804258804259
Pouilly Fuisse France,17,6,11,35.294117647058826
Rice Crisp Crunch Cookies,16,5,11,31.25
Chopped Ham,132,90,42,68.18181818181817
Multi-Surface Concentrate Honeysuckle,44,9,35,20.454545454545457
Carrot Juice Organic Pure Originals,302,198,104,65.56291390728477
Delights Supreme Cookie Brownie Bars Mix,47,10,37,21.27659574468085
Tortellini 3 Cheese Pasta,153,40,113,26.143790849673206
English Breakfast Black Tea,388,236,152,60.824742268041234
Organic Vegan Mushroom Gravy,251,78,173,31.07569721115538
Whole Wheat Penne Rigate No. 41 Pasta,86,33,53,38.372093023255815
Vanilla Bean Lowfat Yogurt,28,17,11,60.71428571428571
Cluster Blend Cashew White Peach Granola,61,33,28,54.09836065573771
White Bean Chili Mix,10,0,10,0.0
Kentucky Straight Bourbon Whisky,69,21,48,30.434782608695656
Natural Throat Drops Honey & Pomegranate,59,10,49,16.94915254237288
Organic Dark Hot Chocolate,23,1,22,4.3478260869565215
Buzzerkeley Honey,8,0,8,0.0
Raw Goji Berries,68,27,41,39.705882352941174
Cranberry Trail Mix,8,1,7,12.5
Baked Organic Cheddar Cheese Corn Snack,44,19,25,43.18181818181818
Organic EVOO,61,6,55,9.836065573770492
Crispy Sea Salt Baked Gourmet Crackers,87,54,33,62.06896551724138
Authentic Margaritas Classic Lime,7,0,7,0.0
Whole White Potatoes,16,4,12,25.0
Nesquik Strawberry Milk Drink Mix,23,2,21,8.695652173913043
Vanilla Hazelnut Coffee,28,19,9,67.85714285714286
Honey Bunches With Almonds Cereal,986,498,488,50.50709939148072
Thin Unsalted Matzos,5,0,5,0.0
Smart Dogs Veggie Hot Dogs,1925,1193,732,61.97402597402597
Chicken & Mushroom Rice & Vermicelli Mix,16,2,14,12.5
"Brown, Red & Black Ready Rice",36,13,23,36.11111111111111
Organic Himalayan Pink Popcorn,1819,1061,758,58.328752061572295
Buttery Home-Style Mashed Potatoes,5,0,5,0.0
Juicy Fruit Gum,21,6,15,28.57142857142857
Wheat Free Blueberry Muffins,21,8,13,38.095238095238095
Almost Naked Personal Lubricant,23,5,18,21.73913043478261
Simply Buttermilk Pancake & Waffle Mix,77,40,37,51.94805194805194
Nourish Strengthener,5,0,5,0.0
Tortellini Mushroom Peas,13,3,10,23.076923076923077
Salami,82,34,48,41.46341463414634
Snackimals Cookies Peanut Butter,6,2,4,33.33333333333333
Orange Sports Drink,1531,883,648,57.67472240365774
Shower Fresh Invisible Solid Women's Antiperspirant & Deodorant,328,58,270,17.682926829268293
Healthy Multgrain Wp Bread,217,130,87,59.907834101382484
Simple Favorites Chicken Fettuccini Frozen Entree,1204,628,576,52.159468438538205
Calcium-Magnesium Complex 1000 mg,27,5,22,18.51851851851852
Hearty Vegetable Barley Soup,59,42,17,71.1864406779661
Mild Enchilada Sauce,753,188,565,24.9667994687915
Northwest Fresh Cranberries,20,2,18,10.0
Whole Grain Long Brown Rice,167,57,110,34.13173652694611
Organic Ramen Noodles,943,289,654,30.646871686108167
Fresh Heavy Duty Scrub Sponges,38,0,38,0.0
Latin Fiesta Snack Trays,4,1,3,25.0
Outshine Pomegranate Fruit Bars,386,218,168,56.476683937823836
Whole Grain Dry Rye Crisp Bread,151,69,82,45.6953642384106
"Naturals Cough & Throat Relief Nighttime Drink Mix Powder, Honey Lemon",6,2,4,33.33333333333333
Sugar Free Chocolate Pudding,80,34,46,42.5
Punjab Potatoes Indian Cuisine,16,2,14,12.5
Liquid Laundry Detergent with Stainlifters,24,5,19,20.833333333333336
"Kale Chips, Lava Rock Sriracha",24,8,16,33.33333333333333
Lean Beef Chili with Beans,7,1,6,14.285714285714285
Peanut Butter Cups,219,99,120,45.20547945205479
Ice Cream Sandwich,353,219,134,62.03966005665722
Ranch Dressing Calorie Free,13,1,12,7.6923076923076925
Organic Whole Grain Quinoa Flour,97,13,84,13.402061855670103
2 Flavors in One Crazy Beans,4,0,4,0.0
Reconstituted Lemon Juice,442,126,316,28.50678733031674
Clinical Strength Invisible Solid Deodorant,17,5,12,29.411764705882355
Sourdough Bread,16318,11265,5053,69.03419536707929
Mango Yogurt Smoothie,56,24,32,42.857142857142854
Sprouted Wheat Onion & Poppyseed Bagels,919,451,468,49.075081610446134
Carrot Cake Cookies,8,2,6,25.0
Folic Acid 800 mcg Vcaps,2,0,2,0.0
13 Gallon Tall Kitchen Drawstring Bags,564,140,424,24.822695035460992
Grade A Pasteurized Fat Free Cottage Cheese,166,111,55,66.86746987951807
Gourmet Pure Vanilla Extract,18,1,17,5.555555555555555
Seafoods Panko Breaded Tilapia,23,7,16,30.434782608695656
Slow Churned Fat Free Yogurt Blends Vanilla,23,7,16,30.434782608695656
Thick Slice Pepperoni,42,10,32,23.809523809523807
All Purpose Crushed Tomatoes,2223,833,1390,37.47188484030589
Garlic & Basil Butter,7,3,4,42.857142857142854
Organic Stone Ground Mustard,764,187,577,24.476439790575917
Café Steamers Grilled Chicken Marinara,87,69,18,79.3103448275862
Mini ABC's & 123's with Meatballs,171,95,76,55.55555555555556
Otria Spinach Artichoke Greek Yogurt Veggie Dip,48,11,37,22.916666666666664
Crunchy Cheese Curls,40,25,15,62.5
Gorgonzola Cheese,31,5,26,16.129032258064516
Classic Caesar Premium Croutons,296,112,184,37.83783783783784
Wicked Apple Ale,4,0,4,0.0
Blackberries,22864,14325,8539,62.653079076277116
Cultured Vanilla Coconut Milk,161,68,93,42.2360248447205
Buffalo Bleu Krinkle Cut Potato Chips,183,103,80,56.284153005464475
Organic Cheddar Crazy Bugs Macaroni & Cheese Dinner,398,233,165,58.5427135678392
Rainbow Bell Peppers,11451,7824,3627,68.32591040083835
Dry Roasted Lightly Salted Peanuts,2222,1097,1125,49.36993699369937
Curry Tiger Burrito,629,343,286,54.531001589825124
Organic Spaghetti Squash,13637,6310,7327,46.271174011879445
3-Ply Paper Towel Rolls,185,93,92,50.27027027027027
Satisfying Servings Salisbury Steak Dinner,48,23,25,47.91666666666667
Organic Cake Cones,275,115,160,41.81818181818181
Taco Rice Fiesta Sides,121,46,75,38.01652892561984
Homestyle Alfredo Sauce,257,102,155,39.688715953307394
"Tiny Twists Pretzels, Original",395,234,161,59.24050632911393
Original Very Emollient Body Lotion,87,24,63,27.586206896551722
Lean Protein & Fiber Bar Chunky Chocolate Peanut,1075,604,471,56.18604651162791
Whole Baby Bella Mushrooms,303,141,162,46.53465346534654
Color Shield Complete Defense Fortifying Shampoo for Color-Treated Hair,20,6,14,30.0
Infrared Digital Forehead & Ear Thermometer,5,0,5,0.0
Original W/Beans Chili Con Carne,199,90,109,45.22613065326633
Sweet Harvest Pumpkin Black Tea,17,0,17,0.0
Plentils Crunchy Margherita Pizza Lentil Chips,72,38,34,52.77777777777778
Low Fat Refried Black Beans,28,10,18,35.714285714285715
Aloe Vera & Vitamin E  Baby Oil,58,14,44,24.137931034482758
Walnuts Halves & Pieces Organic,102,49,53,48.03921568627451
Brie Cheese,336,154,182,45.83333333333333
Canned Meat 25% Less Sodium,350,170,180,48.57142857142857
Powdered Laundry Detergent Original Scent,74,36,38,48.64864864864865
Vegetarian Tangy Sauce With Brown Sugar & Spices Baked Beans,515,244,271,47.37864077669903
Diet Trop-A-Rocka Tea,150,104,46,69.33333333333334
White Cheddar Spirals Macaroni & Cheese Dinner,8,3,5,37.5
Garlic & Butter Focaccia Croutons,5,2,3,40.0
100% Black Cherry & Concord Grape Juice,20,6,14,30.0
Dry Sake,18,7,11,38.88888888888889
Scotch Brite Scrub Sponge Heavy Duty,38,8,30,21.052631578947366
Organic Cotton Intimate Wipes,385,166,219,43.116883116883116
Raisins Canister,149,73,76,48.99328859060403
Small Pitted Ripe Black Olives,97,37,60,38.144329896907216
Organic Apple,558,301,257,53.94265232974911
Probiotic & Prebiotic Sachet,40,14,26,35.0
40% Less Fat Kettle Cooked Aged White Cheddar & Sour Cream Potato Chips,33,11,22,33.33333333333333
Organic Hearty Split Pea & Uncured Ham Soup,692,359,333,51.87861271676301
Oikos Greek Plain Fat Free Yogurt,979,530,449,54.13687436159347
Tart And Tangy Original Frozen Kefir,488,333,155,68.23770491803278
Organic Hom Mali Jasmine Rice,359,148,211,41.22562674094708
Original Whipped Cream Cheese,11179,6364,4815,56.928168888093744
Organic Peeled Garlic,2958,1247,1711,42.15686274509804
Facial Cleansing Towelettes,28,4,24,14.285714285714285
Almonette Cookies,17,8,9,47.05882352941176
Sour Brite Octopus Gummi Candy,7,2,5,28.57142857142857
Silver Tequila,618,335,283,54.20711974110033
Light Spread & Dressing,5,0,5,0.0
Reese's Miniatures,9,0,9,0.0
Ethiopian Hummus,23,14,9,60.86956521739131
Mild Barbecue Sauce,29,6,23,20.689655172413794
Organic Quinoa Squares Sweet Potato & Apple & Cinnamon,148,72,76,48.64864864864865
Multigrain Sandwich Bread,2152,1120,1032,52.04460966542751
Intuition Revitalizing Moisture Tropical Citrus Refill Blades,28,11,17,39.285714285714285
Zinc 50 mg,12,6,6,50.0
Fresh Veganmozz,263,129,134,49.049429657794676
Adult Urinary Tract Health Formula Cat Food,30,18,12,60.0
Miniatures,720,382,338,53.05555555555556
Classic Meal for 2 Tuscan-Style Braised Beef with Gold Potatoes,54,28,26,51.85185185185185
Nutri-Grain Soft Baked Strawberry Cereal Breakfast Bars,2353,1361,992,57.84105397365066
Organic Swiss Chard,30,12,18,40.0
Shredded Pizza Cheese,8,3,5,37.5
Turner,11,0,11,0.0
Raw Chocolate,54,4,50,7.4074074074074066
Chocolate Peanut Butter Energy Bar,33,14,19,42.42424242424242
Caramel Chocolate Nut Roll Snack Bar,148,90,58,60.810810810810814
Arthritis Pain Caplet 650 mg,17,7,10,41.17647058823529
Regular Instant Irish Oatmeal,41,8,33,19.51219512195122
Clean Comfort Deodorant,186,48,138,25.806451612903224
Honey Manuka Raw Kfactor 16,362,144,218,39.77900552486188
Easy Grip 18 oz Red Plastic Cups,156,76,80,48.717948717948715
Men+Care Clean Comfort Antiperspirant Deodorant,38,10,28,26.31578947368421
Liquid Bleach,10,0,10,0.0
Peppermint Foot Scrub,6,1,5,16.666666666666664
Mezé Smoked Onion Parmesan Greek Yogurt Dip,17,5,12,29.411764705882355
Wild Sardines in Spring Water,1278,764,514,59.780907668231606
Spanish Pitted Manzanilla Cocktail Olives,182,99,83,54.395604395604394
Bold & Spicy Italian Style Pasta Sauce,11,2,9,18.181818181818183
100% Pure Sweet Almond Oil,74,18,56,24.324324324324326
Ultra Thin Flexi Wings Overnight Pads,87,31,56,35.63218390804598
Lotion With Aloe & E Upright Facial Tissue,1487,732,755,49.226630800269
Concord Grape Light Juice Drink,43,19,24,44.18604651162791
Chicken & Lobster Formula Canned Cat Food,23,15,8,65.21739130434783
Toasted Coconut Vanilla Oikos Greek Yogurt,276,183,93,66.30434782608695
Pretzel Crisps Original Deli Style Pretzel Crackers,15831,9573,6258,60.469963994693956
Multigrain Wheat Thins Crackers,251,127,124,50.59760956175299
Loofah Bath Pad,62,13,49,20.967741935483872
Organic Habanero Pepper Sauce,73,25,48,34.24657534246575
NiCola Sparkling Water,910,584,326,64.17582417582418
Damage Erasing Balm Total Repair 5,12,3,9,25.0
Light French Onion Veggie Dip,4,1,3,25.0
Hickory Wood Chips,5,0,5,0.0
Greek Orzo Salad,639,422,217,66.04068857589984
Butter Lettuce,2241,1257,984,56.09103078982597
Smartwater,11504,8464,3040,73.57440890125174
Non-Fat Vanilla Yogurt,1129,645,484,57.13020372010629
Soap Bar Ocean Mist,55,24,31,43.63636363636363
Vanilla Spice Herbal Incense Sticks,24,10,14,41.66666666666667
100% Pomegranate Blueberry Juice,320,178,142,55.625
Sardines In Soybean Oil,10,4,6,40.0
Coffee Cold-Brew Espresso,1109,720,389,64.92335437330928
Straws,901,336,565,37.29189789123196
Light Imported Beer From Mexico,178,82,96,46.06741573033708
Cafe-Style Cafe Francais Beverage Mix,37,26,11,70.27027027027027
Citrus Vodka,2,0,2,0.0
Beyond Grain Free Wild Salmon Recipe Wet Cat Food,204,118,86,57.84313725490197
Calcarea Carbonica 30 C - 80 CT,3,0,3,0.0
Grovestand Lots of Pulp Family Size Orange Juice,45,25,20,55.55555555555556
Smart & Crunchy Breaded Fish Sticks,47,9,38,19.148936170212767
Venison Recipe Jerky Treat,70,42,28,60.0
Mango Syrup,44,35,9,79.54545454545455
Lemon Grass,3027,967,2060,31.945820944829865
Parmesan Crusted Coating Mix,19,4,15,21.052631578947366
"Organic Red Radish, Bunch",27226,16738,10488,61.47799897157129
Whole Organic Anise,50,0,50,0.0
Aplwd Chicken Strips,12,3,9,25.0
Labné Kefir Cheese,436,300,136,68.80733944954129
Flavored Fizzy Drink Mix 1000 mg Vitamin C Strawberry-Kiwi,9,3,6,33.33333333333333
"Deli Fresh Honey Smoked Turkey Breast, 98% Fat Free, Gluten Free",2252,1211,1041,53.77442273534636
Gumbo File,24,0,24,0.0
Roasted No Salt Pistachios,86,23,63,26.744186046511626
Organic Soba,2478,1140,1338,46.00484261501211
Smooth and Creamy Light Sour Cream,62,40,22,64.51612903225806
Chicken Pot Pie Oven Sauce,14,5,9,35.714285714285715
Tomatillos,48,15,33,31.25
Organic Creamy Tomato Soup,7212,3657,3555,50.707154742096506
Pre Brush Whitening Rinse,5,0,5,0.0
Butterfly Shrimp,94,31,63,32.97872340425532
2% Reduced Fat Shredded Mozzarella Cheese,190,81,109,42.63157894736842
Organic Brown Sugar Banana With Chocolate Ice Cream,183,70,113,38.25136612021858
Mushroom & Green Pepper Pasta Sauce,42,16,26,38.095238095238095
Marinara Pizza Sauce,48,24,24,50.0
Swiss Milk Chocolate Candy,60,13,47,21.666666666666668
Organic Cotton Tampons Super Plus Absorbancy,190,63,127,33.1578947368421
Food-Based Calcium with Magnesium & Vitamin D3 Tablets,46,7,39,15.217391304347828
Solid White in Water Albacore Tuna,22,15,7,68.18181818181817
Original Lager,1,0,1,0.0
Organic Bake At Home Italian Bread,75,21,54,28.000000000000004
100% Organic Thyme,5,0,5,0.0
Green Painted Lime Squeezer,5,0,5,0.0
Colby Jack Cheese Block,164,89,75,54.268292682926834
Oats & Berries Blueberry,20,4,16,20.0
Chocolate Peppermint Candy,7,3,4,42.857142857142854
Complete Cat Food,300,158,142,52.666666666666664
Simply Strawberry Coconut Milk Minis Frozen Dessert,1021,589,432,57.68854064642507
Steak & Burger Seasoning,25,5,20,20.0
Greek O% Fat Maple Yogurt,10,7,3,70.0
All Natural Peppermint Toothpaste,16,10,6,62.5
"Freshmatic Ultra Automatic Spray Refill, Vanilla Passion",1,0,1,0.0
Gluten Free Paris Blend Flour,2,0,2,0.0
Cracked Black Pepper Turkey Breast,51,24,27,47.05882352941176
"Fruit Sticks, Apple Raspberry",22,12,10,54.54545454545454
Mountain Breeze with Bleach Cleanser,6,0,6,0.0
Spicy Italian Uncured Sausage,375,179,196,47.733333333333334
7-Inch Midnight Blue Plates,23,3,20,13.043478260869565
Light Fat Free Blueberry Patch Yogurt,1138,720,418,63.2688927943761
Roasted Red Pepper And Garlic Chicken Sausage,68,24,44,35.294117647058826
Teriyaki Chick'n Strips,643,340,303,52.87713841368584
Dark Chocolate Peanut Butter Nutrition Bar,197,148,49,75.1269035532995
Beer Cheese Spreadable Cheese,57,12,45,21.052631578947366
Whole Milk Pure Honey Pear,121,61,60,50.413223140495866
"Candy, Wild Berries",42,12,30,28.57142857142857
Hot & Spicy Asian Soup,261,116,145,44.44444444444444
Perfect Postnatal Multivitamin,45,10,35,22.22222222222222
Peppermint Antacid,10,2,8,20.0
1100 Sheets Bathroom Tissue,3,0,3,0.0
Advanced Defense Soft Toothbrush,3,0,3,0.0
Tomato Basil Bisque RTS Organic Soup,242,98,144,40.49586776859504
Dark Chocolate Mocha Almond,102,39,63,38.23529411764706
Triple Creme Goat Brie,3032,1506,1526,49.67018469656992
Zero Calorie Cola Soda,2414,1610,804,66.69428334714166
Vanilla Bean Light Ice Cream,4813,2654,2159,55.1423228755454
Multi-Purpose Contact Lens Solution,206,57,149,27.669902912621357
Uncured Ham & Egg Roasted Potato & Breakfast Buritto,281,151,130,53.736654804270465
Stella Rosa Moscato D'Asti,23,4,19,17.391304347826086
Wild Caught Raw Shrimp,56,11,45,19.642857142857142
Mocca-Java Decaffeinated Ground Coffee,444,309,135,69.5945945945946
Honest T Mango White Tea,998,717,281,71.84368737474949
Soothing with Aloe Body Lotion,27,2,25,7.4074074074074066
Salisbury Steak Dinner,505,306,199,60.59405940594059
Original Pepperoni Pizza,1419,885,534,62.36786469344609
12 Year Old Single Malt Scotch Speyside,140,47,93,33.57142857142857
Bacon Egg and Cheese Breakfast Bites,5,0,5,0.0
Licorice Spice Caffeine Free Tea Bags,51,25,26,49.01960784313725
Triple Hot Salsa,8,3,5,37.5
Organic Miso Broth,372,124,248,33.33333333333333
Organic Super Natural Granola,6,0,6,0.0
Organic Turkish Figs,1677,943,734,56.23136553369111
Forming Cream,34,13,21,38.23529411764706
Water Pitcher Refill Replacement Filters,20,1,19,5.0
Jewel Signature Provolone,31,25,6,80.64516129032258
Bottle & Nipple Brush Set,1,0,1,0.0
Naturals Applewood Smoked Ham Lunchmeat,595,298,297,50.08403361344538
Malted Milk Balls,137,43,94,31.386861313868614
Camomile Honey & Vanilla Herbal Tea,32,6,26,18.75
Snack Reclosable Bags,44,14,30,31.818181818181817
"Hemp Seed Oil, Organic",20,1,19,5.0
Vegan & Gluten Free Nut Balls,52,31,21,59.61538461538461
Original Roast Medium Coffee,38,17,21,44.73684210526316
Supremo Chihuahua 8.82 Oz,131,42,89,32.06106870229007
Mousse with Port Wine Duck Liver & Pork,25,3,22,12.0
Silver Hydrosol Bio-Active 10 ppm  Dropper Top,57,14,43,24.561403508771928
Chipotle Ranch Vinaigrette Dressing,6,0,6,0.0
Extra Extra Dry Ultra Fresh,15,5,10,33.33333333333333
Smoothies Extra Strength 750 Antacid Calcium Supplement Chewable Tablets Assorted Fruit,85,25,60,29.411764705882355
White Sandwich Bread,6511,4390,2121,67.42435877745353
"Super Collagen+ C Dietary Supplement Tablets 6,000 mg",57,10,47,17.543859649122805
Natural Chicken Breast Strips,90,50,40,55.55555555555556
Gluten Free Vegetable Dumplings,496,223,273,44.95967741935484
Fave Reds Fruit,770,410,360,53.246753246753244
Kiwi Strawberry Juice Drink,25,11,14,44.0
3 Toddler Next Step Natural Milk Flavor Milk Drink,37,25,12,67.56756756756756
Organic Supreme Fruit & Nut Mix,140,61,79,43.57142857142857
"Coldpuree Organic Stage 2 Banana, Blueberry and Avocado Baby Food",29,13,16,44.827586206896555
Organic Raisin Bran Cereal,3083,1632,1451,52.93545248134933
Gluten Free All-Purpose Rice Flour Blend,12,0,12,0.0
Dairy Free Coconut Milk Vanilla Bean Frozen Dessert,847,316,531,37.308146399055495
667 Pinot Noir,14,5,9,35.714285714285715
Spicy Hot Vegetable Juice,29,15,14,51.724137931034484
Lite Balsamic Dressing,2013,706,1307,35.072031793343264
Homestyle Mashed Potatoes,1062,564,498,53.10734463276836
Heart to Heart Honey Toasted Oat Cereal,4743,2708,2035,57.09466582331858
Oatmeal Bread,34,15,19,44.11764705882353
The Original Powdered Chai Tea Latte Mix Packets,62,23,39,37.096774193548384
Gourmet Ole! Chicken Burritos,149,88,61,59.06040268456376
Microwavable Buttery Homestyle Mashed Potatoes,140,65,75,46.42857142857143
100% Natural Skin & Hair Revitalizing Coconut Oil,53,8,45,15.09433962264151
Shea Butter Hand Wash,93,59,34,63.44086021505376
Chicken Enchilada,91,43,48,47.25274725274725
Jaipur Karhi Organic Potato Dumplings in Spicy Buttermilk,16,10,6,62.5
Kelly Green Decorating Icing,17,0,17,0.0
Chocolate in Ceramic Ramekins,49,28,21,57.14285714285714
Salad Hearts of Romaine,261,106,155,40.61302681992337
Organic Dried Blueberries,346,181,165,52.312138728323696
Organic Golden Round Crackers,3819,2460,1359,64.41476826394344
Unsweetened Whole Milk Blueberry Greek Yogurt,1621,979,642,60.39481801357187
Ni Cola Single,10,2,8,20.0
Organic Black Tahini,33,11,22,33.33333333333333
Plantation Mint Herbal Tea,128,48,80,37.5
Family Pack Chicken Breast Patties,8,2,6,25.0
Instant Yeast,111,17,94,15.315315315315313
Organic Plain Lassi,144,86,58,59.72222222222222
"Salsa, Diablo, Hot",23,7,16,30.434782608695656
Fruyo Greek Non Fat Strained Yogurt Blended with Vanilla,22,11,11,50.0
Liquid Grape Beverage Enhancer Mix,38,14,24,36.84210526315789
Probiotic Pearls Complete Digestive Health,14,0,14,0.0
Black Pepper Vegan Toona,50,28,22,56.00000000000001
Super Fudge Brownie Ice Cream,10,3,7,30.0
Baked Beans with Sweet Sorghum,26,8,18,30.76923076923077
DailyMoisture Renewal Shampoo,60,12,48,20.0
Lightly Smoked Sardines In Lemon Flavored Extra Virgin Olive Oil,227,82,145,36.12334801762114
Organic Quick Oats,9893,5744,4149,58.06125543313454
Master Brew Kombucha Raspberry Lemon,571,330,241,57.79334500875657
Organic Summer Sausage,8,0,8,0.0
Chocolate Dipped Coconut Bar Box,72,41,31,56.94444444444444
Extra Virgin Olive Oil Spray,51,41,10,80.3921568627451
"Ecos 2X Ultra Natural Laundry Detergent,  Free and Clear, HE, Liquid",18,12,6,66.66666666666666
No More Tangles Baby Shampoo & Conditioning,39,21,18,53.84615384615385
Large Kitchen Matches Strike On Box,10,1,9,10.0
Organic Mekong Flower Brown Jasmine Rice,35,6,29,17.142857142857142
Caperberries,42,16,26,38.095238095238095
Lowfat 2% Milkfat Cottage Cheese,4429,2720,1709,61.41341160532852
Honey BBQ Flavored Chicken Strips,203,90,113,44.33497536945813
Organic Polenta,105,27,78,25.71428571428571
Garlic Paste,8,2,6,25.0
Non Scratch Scrub Sponge,307,93,214,30.293159609120522
GlassPie Dish,10,1,9,10.0
Lemon Frosted Sugar Cookie,9,4,5,44.44444444444444
Cut Hearts Of Palm,3669,2277,1392,62.06050695012265
Summer Sausage Original Premium,6,2,4,33.33333333333333
Naturally Rising Crust Canadian Style Bacon & Pineapple Pizza,149,84,65,56.375838926174495
Infusions Ultra Infusions™ Lavender Serenity™ Liquid Fabric Conditioner Fabric Enhancers,61,28,33,45.90163934426229
Tender Centers Tuna & Whitefish Flavors Dry Cat Food,18,4,14,22.22222222222222
World Baby Beans & Rice with Sweet Corn Organic Baby Food,95,39,56,41.05263157894737
Licorice Log,48,36,12,75.0
Blueberry Almond Breakfast Bars,1051,525,526,49.952426260704094
American Cheese Singles,171,66,105,38.59649122807017
Creamy Chocolate Powder Coffee Creamer,8,1,7,12.5
Voltage Soda,43,24,19,55.81395348837209
Plain Cultured Soy,131,74,57,56.48854961832062
Cheez-It Cheddar Cracker,4285,3152,1133,73.55892648774795
Roasted Pine Nut Hummus,11381,6924,4457,60.8382391705474
Whole Castelvetrano Olives,953,403,550,42.28751311647429
Bath Cups - 200 CT,382,114,268,29.84293193717277
Lime + Coconut Strawberry Handsoap,187,37,150,19.786096256684495
Organix Chicken & Brown Rice Formula Adult Dog Food,196,106,90,54.08163265306123
Pre Brush Whitening Antigingivitis Rinse Clean Mint,13,4,9,30.76923076923077
Organic Raw Fit High Protein For Weight Loss Powdered Dietary Supplement,28,8,20,28.57142857142857
Multi-Purpose Disinfecting Solution,187,42,145,22.459893048128343
Doc McStuffins Adhesive Bandages,2,0,2,0.0
Lemon Mint Dish Soap,784,265,519,33.80102040816326
25% Less Sugar Grape Juice Pouches,80,46,34,57.49999999999999
Garden Delight Rotini,118,55,63,46.61016949152542
Spot's Stew Salmon Canned Dog Food,36,23,13,63.888888888888886
The Original Hot Picante Sauce,282,126,156,44.680851063829785
Clear Plastic Wine Glasses,6,0,6,0.0
Real Medleys Supergrains Cinnamon Apple Walnut Granola,10,0,10,0.0
"Quinoa Sticks, Ancient Grains, Sweet Onion",145,78,67,53.79310344827586
Fusilli No. 34 Tricolor Pasta,27,10,17,37.03703703703704
Premium Golden Seeded Hamburger Buns,615,277,338,45.040650406504064
Short Cuts Rotisserie Seasoned Carved Chicken Breast,14,6,8,42.857142857142854
Homestyle Loaded Instant Mashed Potatoes,19,3,16,15.789473684210526
Lemon Cream Pie Protein Bar,6,0,6,0.0
Dual Action Disinfectant Wipes Citrus Scent,109,43,66,39.44954128440367
Smartpop Butter Single Serve Bags,90,29,61,32.22222222222222
Smart Mix Variety Pack,3,0,3,0.0
Gentle Iron 25mg,59,6,53,10.16949152542373
"Oh, Fudge!",19,6,13,31.57894736842105
Lemon Burst Wheat & Gluten Free Cookies,68,33,35,48.529411764705884
Brown Sugar Cinnamon Pre-Sliced Mini Bagels,487,279,208,57.28952772073922
Chicken Marsala & Roasted Redskin Potatoes Classic Meal for 2,230,135,95,58.69565217391305
Blueberry Blaze Trail Mix,2218,1440,778,64.92335437330928
Baked with Whole Grain Wheat Smoked Gouda Crackers,127,69,58,54.330708661417326
Polka Raspberry Jam,14,7,7,50.0
Total 2% Greek Yogurt,4,2,2,50.0
Gluten Free Vanilla Granola,2266,1410,856,62.22418358340689
Mushroom Pasta Sauce,192,94,98,48.95833333333333
Avocado & Olive Oil Ultra Moist Shampoo,42,15,27,35.714285714285715
Honey Ham & Oven Roasted Turkey Breast Deli Thin-Sliced Variety Pack Lunch Meat,114,51,63,44.73684210526316
"Hair Styling Wax, Ultra-Sleek, Brazilian Keratin & Argan Oil",10,3,7,30.0
Men +Care Clean Comfort Body and Face Wash,209,85,124,40.66985645933015
"Sunny Outlook Bath Salts Mandarin, Lemon & Ginger",18,5,13,27.77777777777778
Crackers Harvest Whole Wheat,6994,4987,2007,71.30397483557334
Pineapple on the Bottom Low-Fat Greek Yogurt,81,49,32,60.49382716049383
Organic Baby Arugula,72829,49798,23031,68.37660821925333
Naturals Dry Scalp Shampoo,17,6,11,35.294117647058826
Caramel Apple Pie Gelato,161,74,87,45.962732919254655
Natural Sensitive Unscented Beauty Bar Soap,90,32,58,35.55555555555556
Jammers Strawberry Kiwi Juice Drinks,21,8,13,38.095238095238095
Thicker Style Barbecue Sauce,818,337,481,41.19804400977995
Organic Broccolette,429,279,150,65.03496503496503
ZzzQuil Nighttime Liquid Sleep-Aid Twin Pack,66,38,28,57.57575757575758
Sweet White Rice Flour,56,6,50,10.714285714285714
All Natural Classic Original Hommus Snack Cups,86,46,40,53.48837209302325
Organic Cinnamon Raisin Granola,1078,534,544,49.53617810760667
Organic All-Purpose Cleaner Gardenia,64,19,45,29.6875
Slow Roasted Chick'n Tandoori,105,75,30,71.42857142857143
Ground 80% Patties 10/10,58,14,44,24.137931034482758
Fried Chicken Wings,185,119,66,64.32432432432432
Expert Wear Twin Brow & Eye Pencils - Medium Brown,3,0,3,0.0
Butterfinger Ice Cream,69,32,37,46.3768115942029
Mighty Veggie Zucchini Apple Watermelon & Barley Vegetable & Fruit Smoothie,81,47,34,58.0246913580247
Organic Oat Cakes,357,263,94,73.66946778711485
Turkey Fully Cooked Breakfast Sausage 12 Links,325,197,128,60.61538461538461
Blueberry Acai With Wheat Germ Extract,6,3,3,50.0
Golden Raspberries,45,4,41,8.88888888888889
Kettle Popcorn,5,0,5,0.0
Cool Mint Wintergreen Toothpaste,10,0,10,0.0
Tai Pei Chicken Chow Mein,80,46,34,57.49999999999999
Mixed Nuts Lightly Salted,693,319,374,46.03174603174603
Peanut Butter Coconut Soft Baked Cookies,97,35,62,36.08247422680412
"Matzo Ball Soup, Ready To Serve",27,9,18,33.33333333333333
Ground Oregano,59,3,56,5.084745762711865
Apple & Cinnamon Adjustable Air Freshener,188,108,80,57.446808510638306
Sliced Toasted Sunflower Honey Loaf,396,316,80,79.7979797979798
PartySmart Single Dose Herbal Supplement,84,28,56,33.33333333333333
Crumb Cakes,40,17,23,42.5
Ramen Noodle Soup Roast Beef Flavor,27,15,12,55.55555555555556
Ginger Soda,427,278,149,65.10538641686182
The World's Best Pencil #2,36,8,28,22.22222222222222
White Beverage Napkins,63,36,27,57.14285714285714
Compostable Forks,1543,701,842,45.43097861309138
Homemade Plum Membrillo Quince Paste,7,0,7,0.0
Popcorn Popping Kernels,300,145,155,48.333333333333336
Broccoli Spears,73,28,45,38.35616438356164
Fun Size Bag Mixed Chocolate Candy,5,0,5,0.0
Lifesavors Mints Wint O Green,158,92,66,58.22784810126582
Resealable Sandwich Bags,44,8,36,18.181818181818183
Suckin' Yaki Teriyaki Style,53,8,45,15.09433962264151
Organic Clover Sprouts,383,198,185,51.697127937336816
Tasty Brand Super Fruit Fruit Snacks,275,202,73,73.45454545454545
Coco Crunch Sprouted Granola,187,76,111,40.64171122994652
Lightly Salted Peanuts,123,72,51,58.536585365853654
Nasal Cleansing Pot,34,0,34,0.0
Cold Pressed Extra Virgin Olive Oil,17,5,12,29.411764705882355
Island Teriyaki Marinade & Sauce,281,85,196,30.2491103202847
Volpi Cheese Stick Mozz/Proscuitto,18,8,10,44.44444444444444
Skinny Cow Dreamy Clusters Dark Chocolate Candy Pouches,36,11,25,30.555555555555557
Raspberry Truffle Nutrition Bar,185,115,70,62.16216216216216
Premium Vanilla Ice Cream Sandwiches,28,12,16,42.857142857142854
For Supplementation with Iron Powder Infant Formula,18,9,9,50.0
Medium Hot Golden Curry Sauce Mix,76,36,40,47.368421052631575
Baby Romaine Lettuce Leaf Mix Salad Clamshell,19,1,18,5.263157894736842
Plain Cultured Goat Milk,114,71,43,62.28070175438597
Mango Nectar Juice,25,9,16,36.0
Baby Powder,33,2,31,6.0606060606060606
Fresh Chicken Thighs,563,178,385,31.616341030195382
2nd Foods Green Beans Baby Food,152,72,80,47.368421052631575
Julienne Fancy French Style Beets,46,10,36,21.73913043478261
Sriracha Sauce,1599,358,1241,22.388993120700437
Sour Cream & Chive Potato Sticks,7,0,7,0.0
Organic Multigrain English Muffins,1177,737,440,62.616822429906534
Beef & Cheese Flavor In a Blanket Dog Snacks,5,0,5,0.0
2 Ply Full Sheet Regular Roll Paper Towels,9,4,5,44.44444444444444
Shredded Chicken Street Taco + Ancho Aioli,80,24,56,30.0
Reese Artichoke Hearts,131,35,96,26.717557251908396
"Puree, World Foods, Chicken Risotto & Portabella Mushrooms, 2 (6 Months & Up)",23,6,17,26.08695652173913
Pasta Sides Alfredo,344,139,205,40.406976744186046
Disney/Pixar Monsters Fruit Flavored Snacks,14,5,9,35.714285714285715
Corazon,44,28,16,63.63636363636363
Pearls Fresh Mozzarella Cheese,121,40,81,33.057851239669425
Caramel Macchiato Nonfat Greek Yogurt,16,7,9,43.75
Mini Classic Ice Cream,569,299,270,52.54833040421792
Dairy Free Coconut Milk Plain Yogurt Alternative,56,20,36,35.714285714285715
"Cookies, Family Recipe, Double Chocolate Chip",32,16,16,50.0
Creamy Root Beer Soda,4,0,4,0.0
Whole Grain Original Frozen Mini Waffles,294,137,157,46.59863945578231
"Pistachios, Premium Blend, Pomegranate, with Almonds, Cherries + Black Pepper",110,44,66,40.0
Light & Lean Cheese Pizza,34,7,27,20.588235294117645
Fresh Wrap Organic Cucumber,409,156,253,38.141809290953546
Puna Coconut Pineapple,38,22,16,57.89473684210527
Coarse Black Pepper,12,0,12,0.0
Original Superfood Fruit Smoothie Blend,1850,1223,627,66.10810810810811
Beef Soup Bones,53,10,43,18.867924528301888
Rice Crusted Fish Fillets,95,42,53,44.21052631578947
Gluten Free Rice Lasagna,338,87,251,25.7396449704142
"Gefilte Fish, In Liquid Broth",44,16,28,36.36363636363637
Sparkling Lemon Water,32788,24403,8385,74.42661949493717
Organic Stevia Powdered Sweetener Packets,130,41,89,31.538461538461537
Gouda,524,234,290,44.656488549618324
Fruity Red Sangria,4,1,3,25.0
Light Chicken Vegetable Rotini Soup,201,62,139,30.845771144278604
Cider Vinegar,47,7,40,14.893617021276595
Petite Sirah,280,130,150,46.42857142857143
Organic Green Berry Blast Cereal,42,26,16,61.904761904761905
Unsweetened Iced Tea Mix,24,11,13,45.83333333333333
Calendula Gel Homeopathic Medicine First Aid,19,4,15,21.052631578947366
Roasted Vegetable Lasagna,12,5,7,41.66666666666667
Fruit On The Bottom Yogurt Raspberry,28,11,17,39.285714285714285
Craft Meats Bacon & Angus Beef Patties,9,5,4,55.55555555555556
40 Watt Appliance Bulb,15,6,9,40.0
Cold Pressed Avocado Oil Spray,45,6,39,13.333333333333334
Stir-fry Rice Noodles,2826,695,2131,24.5930644019816
Tlc Fruit & Grain Bars Peanutty Dark Chocolate,20,3,17,15.0
Classic Cheddar Pierogies,17,2,15,11.76470588235294
Gel Hand Wash Juicy Pear,207,79,128,38.164251207729464
Baby Food Pouch - Zucchini & Spinach with Pasta Marinara,8,4,4,50.0
Mountain Blend Granola,88,50,38,56.81818181818182
Refreshing Mint Vital Energy Black Tea Blend Bags 16 Count,124,50,74,40.32258064516129
Beef Tamale,7,3,4,42.857142857142854
Hibiscus Pineapple Lychee Tea,14,2,12,14.285714285714285
Men + Care Fortifying Styling Paste,19,4,15,21.052631578947366
Dried Pineapple,28,5,23,17.857142857142858
Cabernet Sauvignon California 2007,34,12,22,35.294117647058826
"Jalapeno Peppers, Sliced",28,14,14,50.0
Baby Food Stage 2 Raspberry Spinach & Greek Yogurt,1160,652,508,56.20689655172414
75 Sheet Lint Roller,4,0,4,0.0
Hazelnut Truffle Dark Chocolate Bar,218,116,102,53.21100917431193
Fun Size Variety M&M's Chocolates Mix,8,0,8,0.0
Nibs & Coff Cacao Nectar Bar,24,19,5,79.16666666666666
Variety Mix Fun Size Candy,18,5,13,27.77777777777778
Birthday Cake,164,40,124,24.390243902439025
"Yerba Mate, Unsmoked Green Energy",23,3,20,13.043478260869565
Wild Prickly Pear Cactus Water,10,1,9,10.0
Venus Embrace Razor,18,1,17,5.555555555555555
Pulled Porkless Pocket Meals,138,66,72,47.82608695652174
Coconut Crusted Tilapia Tray,21,6,15,28.57142857142857
Rich & Creamy Grand French Vanilla Ice Cream,113,46,67,40.707964601769916
Edamame Soybeans In Pods,29,12,17,41.37931034482759
Beyond Natural Cat Food Salmon & Whole Brown Rice Recipe,69,28,41,40.57971014492754
Large Ripe Pitted Olives,89,36,53,40.44943820224719
"Lip Balm, Organic, Orange Ginger",14,2,12,14.285714285714285
Juice Drink Variety Pack,374,200,174,53.475935828877006
Blueberry Flavor Calcium Magnesium Citrate With Vitamin D3,7,4,3,57.14285714285714
NUTrition Wholesome Nut Mix,361,181,180,50.13850415512465
Natural Almonds,198,133,65,67.17171717171718
Atlantic Salmon,49,25,24,51.02040816326531
Falafel Patty,128,38,90,29.6875
Greek 100 Calories Blended Strawberry Cheesecake Fat Free Yogurt,155,67,88,43.225806451612904
Creamy Chocolate Hard Candy,85,48,37,56.470588235294116
Mole Mexican Cooking Sauce,4,0,4,0.0
Truffle Chevre Log,56,14,42,25.0
Organic Omega-3 with Flax Oil Mayonnaise,36,13,23,36.11111111111111
All Life Stages Ocean Fish Formula Cat Food,18,7,11,38.88888888888889
Quinoa Chips Barbeque,630,384,246,60.952380952380956
Organic Old Fashioned Creamy Peanut Butter,198,60,138,30.303030303030305
Honey Butter Spread,14,4,10,28.57142857142857
Chunky Guacamole,2609,1694,915,64.92909160597931
Tahiti Coconut Cookie,21,12,9,57.14285714285714
"Matzo Meal, Unsalted",114,9,105,7.894736842105263
Ground Dark Roast Signature Blend Coffee,7,4,3,57.14285714285714
Organic Raw Cacao Powder,241,57,184,23.651452282157674
Mate Lemon Organic Tea,79,29,50,36.708860759493675
Brazilian Cheese Bread Original Cheddar and Parmesan,2194,1432,762,65.26891522333638
Cinnamon Yeast Rolls,32,16,16,50.0
Maple Quinoa Cluster With Chia Seeds,3199,1815,1384,56.73648015004689
Midnight Dark Candy Bar,68,53,15,77.94117647058823
Chai Tea Latte The Original Cups,6,0,6,0.0
Medium Roast Whole Bean Organic Coffee,202,139,63,68.8118811881188
Cajun Andouille Smoked Pork Sausage,881,310,571,35.187287173666284
Baked Whole Grain Wheat Fire Roasted Tomato & Olive Oil Crackers,348,146,202,41.95402298850575
Coconut Milk Vanilla Mini Sandwiches,2571,1351,1220,52.547646830027226
Hi-Chew Strawberry Green Apple Grape Fruit,301,158,143,52.49169435215947
Tequila Lime Wings,46,13,33,28.26086956521739
Red Chile Enchilada Sauce Mild,148,44,104,29.72972972972973
Grand Estates Cabernet Sauvignon,30,18,12,60.0
Original Recipe Beef Jerky Dog Treats,14,5,9,35.714285714285715
Rock Cornish Without Giblets Game Hen,27,9,18,33.33333333333333
Rhodiola Rosea Vegetarian Liquid Phyto-Caps,7,1,6,14.285714285714285
Mini Whole Wheat Pita Bread,1626,789,837,48.523985239852394
Sumatran Reserve Extra Bold Dark Roast K-Cup Packs,71,48,23,67.6056338028169
Original Wheat Thins Crackers,2399,1296,1103,54.02250937890788
Beef Bean Chimichanga,97,48,49,49.48453608247423
Extra Virgin Olive Oil Rich Taste,1356,343,1013,25.29498525073746
Coenzyme Q10 100 Mg,13,4,9,30.76923076923077
"Clean Day, Bluebell Scent, Fabric Softener",51,15,36,29.411764705882355
Conditioner Pure Mint + Echinacea Stem Cell,89,17,72,19.101123595505616
Center Cut Bacon,223,105,118,47.08520179372198
Organic Honey Mustard Dressing,454,136,318,29.955947136563875
Whole Grain Penne,29,11,18,37.93103448275862
Salame,520,203,317,39.03846153846154
Organic Strawberry Smash Standup Lollipops,13,3,10,23.076923076923077
Organic Roast Turkey Gravy,168,19,149,11.30952380952381
Body Lotion Intense Skin Repair,4,0,4,0.0
Organic Pineapple Orange Banana Fruit Yogurt Smoothie,343,231,112,67.3469387755102
French Butter Cookie With Coconut,41,14,27,34.146341463414636
Learning Designs 3T-4T Girls Training Pants,50,18,32,36.0
Organic Green Cardamom,172,7,165,4.069767441860465
White Chocolate Baking Chips,1018,207,811,20.333988212180746
Small White Beans Low Sodium Prime Premium,19,3,16,15.789473684210526
Ultra Sheer Face & Body Stick Sunscreen Broad Spectrum SPF 70,9,0,9,0.0
Fusilli with Spinach No. 34,383,275,108,71.80156657963447
Concord Grapes,50,12,38,24.0
Peanut Butter Chocolate Candy,160,65,95,40.625
Daily Pantiliners,65,17,48,26.153846153846157
Soft and Chewy Banana Nut Granola,67,42,25,62.68656716417911
Anti-Bumps Shave Gel for Bikini Area,26,16,10,61.53846153846154
Fancy Feast Creamy Chicken & Vegetables Broth Cat Food,22,12,10,54.54545454545454
Alaskan Salmon Cakes,4,0,4,0.0
Liquid Gel Fastmax Day/Night,11,1,10,9.090909090909092
Chicken Wings Family Pack,486,272,214,55.96707818930041
Original Vegan Alfredo Sauce,224,56,168,25.0
Single Slices American Cheese,100,59,41,59.0
Infusions Strawberry Basil Flavor Enhancer,17,10,7,58.82352941176471
Anise (Aniseed) Bulb,13,4,9,30.76923076923077
Constellation Medley Tomato Pack,54,20,34,37.03703703703704
Organic Wheat Grass Powder,138,28,110,20.28985507246377
Sea Salt Veggie Chips,188,93,95,49.46808510638298
Organic Soup Chicken Rice,194,64,130,32.98969072164948
Curry Veggie Wrap,21,8,13,38.095238095238095
Organic Hibiscus Mint Yerba Mate,66,44,22,66.66666666666666
Herbs Chives,406,94,312,23.15270935960591
"Zinfandel, California, 2010",76,61,15,80.26315789473685
Thai Yellow Curry Sauce,11,0,11,0.0
"Sea Salt, Fine",14,3,11,21.428571428571427
Pop-Tarts Frosted Blue Raspberry Toaster Pastries,33,12,21,36.36363636363637
Unrefined Neem Oil,16,0,16,0.0
Fuyu Persimmon,119,34,85,28.57142857142857
MorEpa Supercritical Omega-3 Fish Oil Optimal EPA-DHA Formula Orange Flavor Softgels,11,4,7,36.36363636363637
"Tortillas, Brown Rice",4451,2675,1776,60.09885419006965
Costa Rica Aurora Light Roast Ground Coffee,17,4,13,23.52941176470588
Simply Homemade Walnut Banana Bread Mix,5,0,5,0.0
Omega 3 Fish Oils 1000mg Softgels,20,3,17,15.0
Mayo Light Mayonnaise,56,11,45,19.642857142857142
Blend Blueboon Coffee,1029,552,477,53.64431486880466
Lemongrass Citrus Scent Disinfecting Wipes,4038,1858,2180,46.012877662209014
Grove Made Orange Juice,70,44,26,62.857142857142854
Original Scent HE Laundry Detergent,908,439,469,48.348017621145374
Waffle Cut Sweet Potato Seasoned Fries,2186,847,1339,38.746569075937785
Pitted Dark Sweet in Heavy Syrup Cherries,55,8,47,14.545454545454545
100% Whole Grain Corn Meal,268,22,246,8.208955223880597
Apple Veg Drink,23,6,17,26.08695652173913
Almond Flavor Alcohol-Free,3,0,3,0.0
Washer Cleaner,12,2,10,16.666666666666664
"Gentle Saline Wipes for Stuffy Noses, Unscented",29,4,25,13.793103448275861
Coriander Chutney,7,1,6,14.285714285714285
Alcon Naphcon A Eye Drops Eye Allergy Relief,49,20,29,40.816326530612244
Julia's Vineyard Pinot Noir,15,5,10,33.33333333333333
Finely Shredded Mozzarella,49,18,31,36.734693877551024
Made High Potency Biotin 2500 mcg,7,0,7,0.0
Custard Powder,25,3,22,12.0
Fire Roasted Red Peppers,669,136,533,20.328849028400597
Sky Blue Baby Bottle With Silicon Sleeve,5,0,5,0.0
Carob Spirulina Energy Chunks,199,116,83,58.291457286432156
2% Milk Gallon,16,12,4,75.0
Wild Bird Food,9,2,7,22.22222222222222
"Bathroom Tissue, Unscented, Double Rolls, 3-Ply",1332,737,595,55.330330330330334
Advanced Ultra Gel Laundry Stain Remover,123,16,107,13.008130081300814
Sambucus Nighttime Standardized Elderberry,14,10,4,71.42857142857143
Meatless Vegan Texas BBQ Soy Jerky,213,117,96,54.929577464788736
Organic Italian Salad,10388,6228,4160,59.95379283788987
Fruit Snacks,1492,885,607,59.316353887399465
Coconut Macaroon Cookies,23,2,21,8.695652173913043
Matcha Green Tea Super Dark Bar,139,58,81,41.726618705035975
Microwave Ready Savory Herb Potato Kit,76,25,51,32.89473684210527
12 Cup Muffin Pan,19,0,19,0.0
Baking Cocoa,57,9,48,15.789473684210526
Grade A Large Eggs,111,56,55,50.45045045045045
Individually Wrapped Mini Cakes Crumb Cake,13,3,10,23.076923076923077
Pear Nectar,36,11,25,30.555555555555557
Peanut Butter Sandwich Breakfast Biscuits,100,48,52,48.0
Irish Whiskey,881,484,397,54.937570942111236
Home Style Chicken Noodle Soup,219,87,132,39.726027397260275
Organic Flax Plus Cinnamon Cereal,41,24,17,58.536585365853654
Black Cherry with Vitamins Water Beverage,72,43,29,59.72222222222222
Garlic Stuffed Greek Olives,8,2,6,25.0
Vanilla Unsweetened Cashewmilk,149,106,43,71.14093959731544
Fresh Shower Daily Shower Cleaner,202,44,158,21.782178217821784
"Milk, Low Fat, 1% Milkfat",609,443,166,72.74220032840722
Organic Carrots Baby Food,23,7,16,30.434782608695656
Cookie Mix Semi Sweet,12,3,9,25.0
Tea & Honey To Go Stix Iced Green Tea & Mango Pineapple,7,1,6,14.285714285714285
Organics Pop's Corn Microwave Butter Popcorn,319,125,194,39.18495297805642
Fragrance Free Natural Confidence Deodorant Crystal,39,11,28,28.205128205128204
Very Emollient Sunscreen Lip Care Hypoallergenic SPF 25,79,17,62,21.518987341772153
Full Spectrum Curcumin,12,4,8,33.33333333333333
Mountain Stream Fabric Softener Sheets,11,0,11,0.0
Sunchokes,4,0,4,0.0
Alive! Children's Chewable Multivitamin Natural Orange & Berry Flavors,58,11,47,18.96551724137931
Le Petite Fromage Parmesan & Basil,31,9,22,29.03225806451613
Organic Spinach Ricotta Ravioli,30,17,13,56.666666666666664
Organic Baby Spinach,241921,186884,55037,77.2500113673472
Earth Paste Amazingly Natural Toothpaste Peppermint,25,6,19,24.0
Irish Breakfast Black Tea,18,7,11,38.88888888888889
Multi Grain Bread,225,129,96,57.333333333333336
Organic French Cut Green Beans,57,17,40,29.82456140350877
Chile Ancho,273,28,245,10.256410256410255
Raw Cheddar Chips,475,300,175,63.1578947368421
Coconut Almond Creamer Blend,2387,1339,1048,56.09551738583997
Oat Medley Cereal,12,2,10,16.666666666666664
Hand Crafted Salt-Free Almond Butter,59,32,27,54.23728813559322
"Super Fruit Powerful Antioxidants Pomegranate Vitamin C, Manganese & Zinc Fizzy Drink Mix Triple Berry Blast Flavor Dietary Supplement",10,6,4,60.0
Peanut Butter & Jelly Fruit & Nut Food Bar,2598,1499,1099,57.69822940723633
Organic Gluten Free White Rice Flour,30,1,29,3.3333333333333335
Sport Performance SPF 30 Sunscreen Lotion,21,1,20,4.761904761904762
Vitamin C Pops,146,57,89,39.04109589041096
Avocado Oil Jalapeno Chips,15,5,10,33.33333333333333
Pro-V Nature Fusion Smoothing Conditioner with Avocado Oil,23,4,19,17.391304347826086
Roasted Garlic & Savory Spices Bread Crumbs,3,0,3,0.0
Clinical Strength Invisible Solid Completely Clean Antiperspirant/Deodorant,42,11,31,26.190476190476193
Milk Chocolate Calcium Plus,11,4,7,36.36363636363637
Light Muscovado Sugar,23,1,22,4.3478260869565215
Vareniki w/ Potato and Onion,19,7,12,36.84210526315789
50/50 Mix Spring Mix and Baby Spinach Salad Blend,2665,1273,1392,47.767354596622894
Strength and Shine Flexible Hold Hairspray,40,4,36,10.0
Organic Boneless Skinless Chicken Breast,10424,6870,3554,65.90560245587108
Black Bistro Electric Coffee Grinder,13,1,12,7.6923076923076925
Corn Tortillas Gluren Free,457,185,272,40.48140043763676
Tomato Herb Cheese Dip With Breadstick,42,24,18,57.14285714285714
Grassfed Whole Milk Blueberry Yogurt,772,357,415,46.24352331606217
CLB CRYSTALS 24OZ ORIGINAL,22,12,10,54.54545454545454
Clover Honey Squeeze Bottle,122,45,77,36.885245901639344
Foaming Body Wash - Cucumber Mint,6,1,5,16.666666666666664
The Original Almond Biscuits,171,108,63,63.1578947368421
Vegetarian Refried Beans,2798,1481,1317,52.930664760543245
Original Almond Milk Creamer,698,333,365,47.70773638968481
Green Bell Pepper,55484,33857,21627,61.021195299545816
Roasted Coconut Chips,47,29,18,61.702127659574465
Caramel Pecan Brownies,84,31,53,36.904761904761905
Men+Care Hydrate+ Post Shave Balm,4,1,3,25.0
Dry Roasted Edamame Berry Blend,6,1,5,16.666666666666664
Carolina Barbeque Sauce,71,20,51,28.169014084507044
Natural Apple Juice,124,81,43,65.32258064516128
"Renewal Cream, Brightening, Probiotic +C",21,5,16,23.809523809523807
Sunflower Seed Spread Crunch,256,106,150,41.40625
Thick'n Chunky Mild Salsa,121,58,63,47.93388429752066
Pinot Noir Wine,1091,559,532,51.237396883593036
White Cheddar Semisoft Cheese,1531,923,608,60.287393860222075
"Easy Tie Waste Bags On-The-Go Dog Waste Pick-up, Fresh Scent",38,8,30,21.052631578947366
"Frosting, Vanilla",187,20,167,10.695187165775401
Polar Ice Sugar-Free Gum,42,32,10,76.19047619047619
Millennium Organic Cherry Chia Synergy Kombucha,1357,882,475,64.99631540162122
"Bamboo Plates 9\""",7,0,7,0.0
All Natural Marinara Pasta Sauce,4202,2034,2168,48.405521180390295
"Yogurt, Greek, Nonfat, Strained, Blended with Strawberry",3,0,3,0.0
Bittersweet Sea Salt Chocolate Bar,4,0,4,0.0
Hello Kitty Friendship Berry Yogurt,9,4,5,44.44444444444444
Traditional Beef & Vegetable Soup,10,2,8,20.0
Mountain Spring Ultra Fabric Softener,14,9,5,64.28571428571429
100% Stone Ground Whole Wheat Organic Flour,86,21,65,24.418604651162788
Pineapple Orange Banana 100% Juice,386,207,179,53.626943005181346
Tuna & Egg Flaked Cat Food,188,132,56,70.2127659574468
Eye Makeup Remover,39,3,36,7.6923076923076925
Quinoa Flour,21,6,15,28.57142857142857
Thin & Crispy Tomato Mozzarella with Pesto Pizza,63,30,33,47.61904761904761
Doubleshot Energy Spiced Vanilla Coffee Drink,7,4,3,57.14285714285714
Pocket Facial Tissue,18,1,17,5.555555555555555
Lactation Support SystemSupport Herbal Tea Bags,5,0,5,0.0
Green Works All Purpose Cleaner,179,65,114,36.312849162011176
Stock In A Box All Natural Veggie Stock,18,3,15,16.666666666666664
Pumpkin Patch Sugar Cookies,27,12,15,44.44444444444444
Dairy-Free Drinkable Cashewgurt Wild Blueberry Organic,103,41,62,39.80582524271845
Old Vines Zinfandel Wine,108,39,69,36.11111111111111
Dandruff Relief Shampoo + Conditioner,118,31,87,26.27118644067797
"Melting Cheese, Queso",28,5,23,17.857142857142858
Whole Grain Rolls,47,4,43,8.51063829787234
Pulled Pork Pineapple Bar,77,38,39,49.35064935064935
Caffeine Free Cascade Mint Herbal Tea,71,21,50,29.577464788732392
Mini Ice Cream Sandwiches,100,41,59,41.0
Everpure Sulfate-Free Color Care System Rosemary Mint Volume Conditioner,24,8,16,33.33333333333333
Wild Caught Skinless & Boneless Sardines Packed in Pure Olive Oil,1273,722,551,56.71641791044776
Split Pea with Barley Soup Mix,10,1,9,10.0
Glass Wipes,48,9,39,18.75
Vanilla Whole Milk Drinkable Yogurt,121,54,67,44.62809917355372
Artichoke Parmesan Dip,435,196,239,45.05747126436781
Baby Dry Diapers Giant Pack - Size 5,19,3,16,15.789473684210526
"Ready-To-Eat Meal, Beef, Cheese & Crackers",7,2,5,28.57142857142857
70% Cacao Bittersweet Chocolate,5,1,4,20.0
"Plus Bleach Alternative Original Scent Liquid Laundry Detergent, 138 oz, 72 loads Laundry",2,0,2,0.0
Caramel Cashew Trail Mix,330,187,143,56.666666666666664
Gillette Venus Embrace Pink Women's Razor Handle and 2 Razor Refills,37,4,33,10.81081081081081
Less Sodium Seasoned Salt,25,2,23,8.0
Premium Saline Nasal Spray,6,0,6,0.0
Mediterranean Style Hummus,145,66,79,45.51724137931035
Prepared White Horseradish,1277,238,1039,18.637431480031324
Finding Dory Select-A-Size Paper Towel,391,170,221,43.47826086956522
Eclipse Sugar Free Gum Peppermint - 18 CT,28,16,12,57.14285714285714
Gluten Free Chocolate Coated Wafers,1452,942,510,64.87603305785123
The Original Worcestershire Sauce,2439,302,2137,12.382123821238213
Instant Noodle Soup Imitation Beef Flavor,9,5,4,55.55555555555556
Kiwi 2 Lbs,26,9,17,34.61538461538461
Cacao Puro 70% Pure Dark,53,16,37,30.18867924528302
Cheese Spread Almond Swiss,18,1,17,5.555555555555555
Lit'l Smokies Turkey Smoked Sausage,65,28,37,43.07692307692308
Kefir Lowfat Probiotic Peach,674,395,279,58.6053412462908
Minced Ginger,2437,525,1912,21.54288059089044
Pepperjack Style Shreds,1125,519,606,46.13333333333333
Severe Congestion Nasal Spray Maximum Strength Plus Menthol,16,4,12,25.0
Italian Herbs Paste,8,0,8,0.0
Fancy Pimientos,17,0,17,0.0
Apples & Cinnamon Steel Cut Oats With Flax,13,5,8,38.46153846153847
Witch Hazel,26,7,19,26.923076923076923
Udo's Oil 3-6-9 Blend,41,15,26,36.58536585365854
Thin Mint Crisp Oreos,515,251,264,48.737864077669904
Petite Cream Peach Yogurt,7,0,7,0.0
Honey Wheat Braided Twists,1429,947,482,66.27011896431071
Extra Large Black Bean Tostitos Chips,19,4,15,21.052631578947366
Six Grapes Porto,15,9,6,60.0
DayQuil Multisymptom Cold & Flu Relief Liquicaps Non Drowsy,17,1,16,5.88235294117647
Low Fat Key Lime Blended Greek Yogurt,2088,1416,672,67.81609195402298
0% Fat Greek Yogurt Black Cherry on the Bottom,135,82,53,60.74074074074074
Aranciata Rossa Blood Orange Sparkling Beverage Glass Bottles,127,69,58,54.330708661417326
Italian Squash,1273,705,568,55.38098978790259
YoBaby Blueberry Apple Yogurt,7898,5439,2459,68.8655355786275
Organic Cotton Panty Liners,145,33,112,22.758620689655174
"Miso, Red",67,6,61,8.955223880597014
Grilled Chicken Taquitos,1577,971,606,61.572606214331
Wild Mackerel Fillet,104,49,55,47.11538461538461
Ultra Thin Sausage Pizza,59,31,28,52.54237288135594
Zucchini Noodles,2120,1036,1084,48.867924528301884
Breaded Onion Rings,21,6,15,28.57142857142857
Extra Virgin Coconut Oil Non-Stick Cooking Spray,149,52,97,34.899328859060404
Rosemary,2684,409,2275,15.238450074515647
Organic Whole String Cheese,59676,45639,14037,76.47798109792882
Pure 100% Maple Syrup,24,2,22,8.333333333333332
Dairy Pure Whole Milk with Vitamin D,232,86,146,37.06896551724138
Green Tea with Lemon,194,66,128,34.02061855670103
Vanilla Pro Series Protein Shake,19,9,10,47.368421052631575
Fresh Cut Blue Lake No Salt Added Cut Green Beans,426,248,178,58.21596244131455
Sugar Free Cinnamon Chewing Gum,199,105,94,52.76381909547738
"Veggie Bites, Original",23,1,22,4.3478260869565215
3D White Luxe Glamorous White Vibrant Mint Toothpaste,40,11,29,27.500000000000004
Gelato Pop Black Raspberry Dipped in Rich Chocolate,20,11,9,55.00000000000001
Low Dose Aspirin Cherry Flavored 81mg Chewable Tablets Pain Reliever,16,6,10,37.5
Frozen Whole Strawberries,1936,1195,741,61.72520661157025
Clean Scentsations 2x Ultra Sun-Kissed Flowers Yosemite California Laundry Detergent,7,2,5,28.57142857142857
PODS Free & Gentle Unscented Laundry Detergent,87,40,47,45.97701149425287
Organic Blue Corn Tortila Chips,81,63,18,77.77777777777779
5 Flavors Sugar Free Hard Candy Variety Pack,30,8,22,26.666666666666668
Mini Frosted Donuts,144,43,101,29.86111111111111
Extra Large Flexible Fabric Bandages,6,2,4,33.33333333333333
Fruity Pebbles Rice Cereal,732,332,400,45.3551912568306
Issimo Cappuccino Iced Coffee Drink with Lowfat Milk and Cocoa,122,62,60,50.81967213114754
Orange Fig Spread,4,0,4,0.0
Raw Meal Organic Shake & Meal Replacement,56,16,40,28.57142857142857
Awesome Paper Towel Towel,47,21,26,44.680851063829785
"Ketchup, Spiced",324,118,206,36.41975308641975
Pain Relieving Cream Ultra Strength Non-Greasy Posted 7/1/2013 Rubs and Patches,5,0,5,0.0
Black Tea,3,0,3,0.0
White American 2% Milk Cheese Slices,53,22,31,41.509433962264154
The Original Thick Slice with Real Garlic Texas Toast,510,200,310,39.21568627450981
Large Premium Wtaerblock Cotton Lined Gloves Pair,69,6,63,8.695652173913043
Greek Yogurt Honey Salted Caramel,287,186,101,64.80836236933798
Strawberry Cheesecake Snacks,63,21,42,33.33333333333333
Stool Softener Capsules,68,12,56,17.647058823529413
"Ground Bison, 90/10",118,64,54,54.23728813559322
VelVita Soft Baked Peanut Butter Biscuit,17,7,10,41.17647058823529
Sea Salt Caramel Frozen Greek Yogurt Bars,1430,806,624,56.36363636363636
Fully Cooked Breakfast Sausage Original Recipe,151,85,66,56.29139072847682
Ham & Cheddar Lunchable,391,220,171,56.26598465473146
Coco Re'al Real Gourmet Cream of Coconut,7,0,7,0.0
Salmon Pinwheels,50,21,29,42.0
Greek Corner Caramelized Almonds Lowfat Yogurt,39,17,22,43.58974358974359
Silicone Baby 3-12 Months Toothbrush,19,1,18,5.263157894736842
Bananas Foster Ice Cream,56,29,27,51.78571428571429
Fancy Feast Filet Mignon with Real Seafood & Shrimp Dry Cat Food,29,14,15,48.275862068965516
"Hell or High Watermelon Wheat, Cans",108,39,69,36.11111111111111
Kellogg's Pop-Tarts Frosted Chocolate Chip Cookie Dough Pastries,48,26,22,54.166666666666664
Advantage Shakes Vanilla,208,119,89,57.21153846153846
Rooibos Chai Herbal Tea Bags,979,439,540,44.84167517875383
Light Homestyle Vegetable & Rice Soup,9,0,9,0.0
Original Sambucus For Kids Standardized Elderberry,32,11,21,34.375
Chocolate Ice Cream in Wafer cups,62,44,18,70.96774193548387
Black Cherry Almond Energy Bar,9,1,8,11.11111111111111
Fire Roasted Diced Tomatoes With Garlic,63,19,44,30.158730158730158
Whole Celery Seed,233,7,226,3.004291845493562
Campari Tomatoes,44,10,34,22.727272727272727
Vitamin D Milk,5354,3908,1446,72.99215539783339
Corn De Maiz Blanco Tortillas,367,165,202,44.95912806539509
French Triple Creme Cheese,95,21,74,22.105263157894736
Belgian Style Farmhouse Ale Saison,7,0,7,0.0
Restaurant Style Medium Salsa,1263,488,775,38.6381631037213
Restore + Strengthen Moisturizing Shampoo,8,1,7,12.5
Tea Temples Mao Feng Green Tea,32,13,19,40.625
California French Dressing,5,4,1,80.0
Spicy Ginger Craft Sodas,27,10,17,37.03703703703704
"Mineral Water, Carbonated",74,44,30,59.45945945945946
Triple Zero Coffee Greek Yogurt,53,23,30,43.39622641509434
Green Tea with Lemon Decaffeinated Tea Bags,2,0,2,0.0
Strawberries 1 Lb,16,4,12,25.0
Ketchup Packets,17,6,11,35.294117647058826
Valencia Orange Peel,6,0,6,0.0
All Natural Mango Madness Juice Drink,53,27,26,50.943396226415096
Ultra Thin Sliced Provolone Cheese,1843,891,952,48.34508952794357
Organic Low Sodium Beef Flavored Broth,641,187,454,29.17316692667707
Sugar Free  Classic Caramel Flavoring Syrup,18,6,12,33.33333333333333
Sugar Free Chocolate Vanilla Swirls Pudding,1298,717,581,55.238828967642526
Organics Honey & Hibiscus Hair Reconstructor,20,6,14,30.0
Gallon Size Single Slide Storage Bags,7,1,6,14.285714285714285
Multi-Purpose Cleaner Gain Scent,81,24,57,29.629629629629626
Cut Seedless Watermelon,129,78,51,60.46511627906976
Organi Cheddar Cheese Mild sliced,3258,2233,1025,68.53898096992019
Organic Garden Herb Burgers,306,163,143,53.26797385620915
Sonoma Handmade Style Corn Tortillas,4297,3018,1279,70.23504770770305
Chocolate Cook & Serve Sugar Free Fat Free Pudding & Pie Filling,10,3,7,30.0
Unsweetened Original Almond Milk,91,51,40,56.043956043956044
Into the Night Incense Stick of Auroville,5,1,4,20.0
Beanee Weenee Original,18,10,8,55.55555555555556
Minis Mix Variety Bag,918,416,502,45.31590413943355
Perfectly Undone Silicone Free Shampoo,3,0,3,0.0
Stage 2 Green Bean Pear Greek Yogurt Baby Food,726,426,300,58.67768595041323
1% Low Fat Chocolate Milk,1193,839,354,70.32690695725063
Total 0% Raspberry Yogurt,12153,8797,3356,72.38541923804821
G Series Perform Low Calorie Blueberry-Pomegranate Sports Drink,55,22,33,40.0
Organic Pomegranate Lemonade Kombucha,44,22,22,50.0
Organic Heirloom Apple,15,1,14,6.666666666666667
Vegetable Oil,1295,422,873,32.58687258687259
1% Milkfat Lowfat Cottage Cheese,433,293,140,67.6674364896074
Pearl Scents Sparkling Rain,18,3,15,16.666666666666664
Advance White Fluoride Tartar Control Baking Soda & Frosted Mint Advance White Toothpaste,28,12,16,42.857142857142854
Unsalted Sesame Brown Rice Snaps,102,48,54,47.05882352941176
Lindor Assorted Chocolate Truffles,27,2,25,7.4074074074074066
Chili Style Diced Tomatoes,29,7,22,24.137931034482758
Milk Chocolate Covered Honey Roasted Almonds,118,56,62,47.45762711864407
Aloe & Green Tea Scented Hand Soap,129,28,101,21.705426356589147
Purple Potato And Brown Rice Ramen,89,16,73,17.97752808988764
High Life Beer,43,28,15,65.11627906976744
Dark Corn Syrup,134,14,120,10.44776119402985
Chocolate Chip Granola Meal Bars,171,101,70,59.06432748538012
Vegan Ramen Chicken Flavor,1433,619,814,43.19609211444522
100% Pure Pumpkin,8478,3527,4951,41.60179287567823
Just Once Prenatal One Multivitamins,33,1,32,3.0303030303030303
Original Cooking Chicken Stock,782,313,469,40.02557544757033
Penne,138,68,70,49.275362318840585
4-in-1 Moisture Shave,6,0,6,0.0
"Decorating Gel, Red",7,0,7,0.0
"Lavender Herbal Salt Scrub, Calming Herbal Therapy",22,7,15,31.818181818181817
50% Reduced Fat Sharp Cheddar Cheese,743,408,335,54.91251682368775
Clump & Seal Fresh Home Cat Litter,141,88,53,62.4113475177305
Tart Cherry Yoghurt,5934,3650,2284,61.50994270306707
Cauliflower Gratin,8,1,7,12.5
Scalloped Potatoes,243,79,164,32.510288065843625
Hemp Oil  Organic Cold Pressed,41,6,35,14.634146341463413
Petite Caesar Salad,33,20,13,60.60606060606061
with Sweet & Smoky BBQ Sauce Cheeseburger Sliders,29,14,15,48.275862068965516
Infants' Ibuprofen 50mg White Grape Flavored Concentrated Drops Fever Reducer/Pain Reliever,49,13,36,26.53061224489796
Sushi Ginger,5,1,4,20.0
Red Machine Juice Smoothie,1295,667,628,51.50579150579151
Lemonade Juice Drink,51,38,13,74.50980392156863
Sierra Trail Mix Energy Bars,64,31,33,48.4375
"Rev #12 Turkey, Ham & Cheese Snack Wrap",17,10,7,58.82352941176471
Original Spring Rolls with Traditional Sauce,98,32,66,32.6530612244898
"Cherries & Almonds in Dark Chocolate, 55% Cocoa",2754,1602,1152,58.16993464052288
Chewy Reduced Sugar Granola Bars Variety Pack,33,9,24,27.27272727272727
Miniatures Assortment Party Bag,885,471,414,53.22033898305085
Teriyaki Tofu Rice Scooter,20,5,15,25.0
Whole Maine Cherrystone Clams,101,17,84,16.831683168316832
Pineapple Slices,1199,435,764,36.28023352793995
Organic Multigrain with Flax English Muffins,2678,1689,989,63.06945481702763
Enamel Health Sensitivity Relief Fresh Mint Toothpaste,12,6,6,50.0
Heathly Heart With Omega-3 No Pulp Orange Juice,28,16,12,57.14285714285714
Mocha K-Cups,93,40,53,43.01075268817204
Laundry Detergent,98,40,58,40.816326530612244
Cheddar Broccoli Pasta Sides,281,137,144,48.754448398576514
Organic Coconut Bliss Chocolate Walnut Brownie Dessert,546,306,240,56.043956043956044
"Shampoo, Green Apple & Ginger",7,0,7,0.0
Sweet Italian Sausage,1382,688,694,49.782923299565844
Seasoned Salt,106,14,92,13.20754716981132
Lentil Sage Vegan Deli Slices,208,125,83,60.09615384615385
"Fresh Pasta Sauce, Arrabbiata Sauce",73,30,43,41.0958904109589
Old Fashioned Potato Salad,74,44,30,59.45945945945946
Blend of Vegetable & Canola Oils Vegetable Plus!,117,42,75,35.8974358974359
Regenerist Micro-Exfoliating Wet Facial Cleansing Wipes,34,6,28,17.647058823529413
Organic Mochi,121,65,56,53.71900826446281
Peanut Butter Creamy,335,166,169,49.55223880597015
Strawberry Toothpaste,210,37,173,17.61904761904762
Chicken Parmesan Home Style Meal,45,20,25,44.44444444444444
Green Banana Flour,13,2,11,15.384615384615385
Palmier,29,19,10,65.51724137931035
Catfish Fillet,18,4,14,22.22222222222222
Lite Beef Franks,3,0,3,0.0
Oikos Triple Zero Peach Greek Yogurt,19,11,8,57.89473684210527
Pear Bar,15,8,7,53.333333333333336
Kit's Organic Dark Chocolate Almond Coconut Fruit & Nut Bar,449,320,129,71.26948775055679
Pumpkin,92,6,86,6.521739130434782
Organic French Roast Coffee,129,71,58,55.03875968992248
"4X Ultra Concentrated Natural Laundry Detergent, Free & Clear",1229,640,589,52.07485760781123
Extra-Dry Cava,15,2,13,13.333333333333334
Sea Salt 70% Dark Chocolate,5,0,5,0.0
Fruit Punch Rush Juice,5,2,3,40.0
Light Options Parmesan & Peppercorn Dressing,11,1,10,9.090909090909092
Wild Smoked Kipper Snacks,79,31,48,39.24050632911392
Italian Deli Slices,376,178,198,47.340425531914896
Chick Peas Ceci,5,2,3,40.0
Multi Grain Cheerios Cereal,1254,641,613,51.1164274322169
Organic Dark Chocolate Salty Caramel Coconut Cream Frozen Non-dairy Dessert,76,35,41,46.05263157894737
Saag Paneer,142,49,93,34.50704225352113
Temples Earl Gray Strong Tea,20,8,12,40.0
Organic Stage 2 Broccoli Pears & Peas Baby Food,2669,1547,1122,57.961783439490446
Free & Clean Unscented Hand Soap,388,133,255,34.27835051546392
Organic Green Pears,72,31,41,43.05555555555556
2% Reduced Fat Chocolate Milk,13,6,7,46.15384615384615
Moisturizing Baby Bubble Bath Oatmilk &  Calendula,41,11,30,26.82926829268293
Bleach Clean Linen Concentrated,44,13,31,29.545454545454547
Chewable Aspirin Orange Flavor,8,2,6,25.0
Vegetable Korma,168,64,104,38.095238095238095
Outshine Fruit Bars,1779,732,1047,41.14671163575042
Relight Candles,11,0,11,0.0
Original Roasted Seaweed Snacks,4058,2795,1263,68.876293740759
Jumbo Pitted Seasoned Calmat Olives,12,3,9,25.0
"Gemelli, No. 28",71,18,53,25.352112676056336
Sweet Mesquite Barbecue Kettle Cooked Potato Chips,101,51,50,50.495049504950494
Whole Milk Plain Greek Yogurt,1783,1096,687,61.469433538979246
Grilled Tilapia Signature Grilled  Fish Fillets,91,37,54,40.65934065934066
Cheddar Broccoli Hearty Soup Bowl,3,0,3,0.0
Coconut Cream Pie,4685,2618,2067,55.880469583778016
Buttermilk Pancakes 8 Count,1981,1308,673,66.02725896012115
The Purple Edition Sugarfree Acai Berry Energy Drink,2,1,1,50.0
Deep Sleep Travel,4,0,4,0.0
Taco with Chipotle & Garlic Skillet Sauce,14,1,13,7.142857142857142
Terrine De Saumon Fume,4,1,3,25.0
Slow Churned Double Fudge Brownie Ice Cream,79,46,33,58.22784810126582
Organic Blonde Coconut Palm Sugar,1297,429,868,33.0763299922899
Chocolate Cream Pie,129,49,80,37.98449612403101
Cookies Traypack,402,204,198,50.74626865671642
Fusion Power Men's Razor Blade Refills,170,60,110,35.294117647058826
Chocolate Chip Vanilla Bean Cookie with Tahitian Vanilla Bean Ice Cream,1030,594,436,57.66990291262136
Crisp Hard Cider,23,7,16,30.434782608695656
Strawberry Licorice Twist,788,495,293,62.817258883248726
Organic Garlic Roasted Garlic Pasta Sauce,543,182,361,33.51749539594843
Swirl Bread Cinnamon,580,394,186,67.93103448275862
On The Go Chicken with Mini Noodles Soup,104,42,62,40.38461538461539
Dark Maya Gold with 60% Cacao Content Organic Chocolate,53,12,41,22.641509433962266
Original Chocolate Vanilla Swirls Pudding,184,95,89,51.63043478260869
Small Country White Oval,120,47,73,39.166666666666664
Organic Chives,4771,1724,3047,36.13498218402851
Red Zone Collection Swagger Scent Men's Deodorant Twin,5,2,3,40.0
Pepsi,328,225,103,68.59756097560977
Colby Jack Cheese Chunk,32,13,19,40.625
Poblano Hot Sauce,28,7,21,25.0
Light Creamy Potato with Bacon & Cheese Soup,94,17,77,18.085106382978726
Natural Very Emollient Cream Shave Mango Vanilla,22,2,20,9.090909090909092
Never Fail 511 Black Eyeliner,5,1,4,20.0
Organic Nonfat Greek Yogurt With Lemon,2430,1563,867,64.32098765432099
Organic Throat Comfort Tea,562,155,407,27.580071174377224
4x Concentrated Laundry Detergent Beach Sage,52,24,28,46.15384615384615
Green Chai Green Tea Bags,10,5,5,50.0
Lemon Lime Zero Soda Drink,19,7,12,36.84210526315789
Organic Rolled Oats,6380,4082,2298,63.98119122257053
Kits Organic Dark Chocolate Peanut Bar,44,20,24,45.45454545454545
Gluten Free Fudge Brownie Mix,78,24,54,30.76923076923077
Sugar Free Strawberry Low Calorie Gelatin Dessert,78,26,52,33.33333333333333
100% White Grape Juice Concentrate,5,1,4,20.0
Lavender with Baking Soda & Alpine Lichen Deodorant Stick,9,0,9,0.0
Blue Decorating Icing,14,0,14,0.0
Yummy Berry Kids Tea,65,46,19,70.76923076923077
Organic French Onion Soup,319,74,245,23.197492163009404
Protein Coffee Shake,25,14,11,56.00000000000001
Organic Classic Marinara Pasta Sauce,433,184,249,42.494226327944574
Lunchables Uploaded Nachos Grande Cheese Dip & Salsa,61,45,16,73.77049180327869
Gluten Free Matzo Ball & Soup Mix,69,12,57,17.391304347826086
100% All Natural Creamy Peanut Butter,72,33,39,45.83333333333333
Solid Fresh Citrus Air Freshener,141,47,94,33.33333333333333
Sriracha Hot Chili Sauce,3537,830,2707,23.466214305908963
Black Bean Veggie Burger,1810,766,1044,42.32044198895027
Honey Roasted Nuts & Sea Salt Bar,188,97,91,51.59574468085106
Zero Laundry Detergent Fragrance Free,211,100,111,47.39336492890995
Handcrafted Organic Original Digestive Bitters,17,8,9,47.05882352941176
Gluten Free Three Cheese Pizza,98,42,56,42.857142857142854
Chicken Noodle Soup,4196,1938,2258,46.18684461391801
"Ultra Soft Bathroom Tissue, Double Rolls",1113,561,552,50.40431266846361
"Zinfandel, Lodi, California",37,26,11,70.27027027027027
Sweet & Salty Popped Snack Mix,23,2,21,8.695652173913043
Wild Cherrywood Smoked Uncured Bacon,276,196,80,71.01449275362319
Organic Super Beet Juice,478,285,193,59.62343096234309
Kiwi Strawberry 100% Juice,6,0,6,0.0
Lemongrass Coconut Chicken,93,45,48,48.38709677419355
Brownie Batter Core,303,90,213,29.7029702970297
Organic Chai Tea Bags,1827,770,1057,42.1455938697318
"Thin Ultra Always Ultra Thin Size 4 Overnight Pads With Wings, Unscented, 14 count Feminine Care",8,2,6,25.0
Organix Butcher & Bushel Chicken Wing & Thigh Grain Free Adult Dog Food,266,144,122,54.13533834586466
Gummy Worms,238,77,161,32.35294117647059
Soft Wheat Bread,49,31,18,63.26530612244898
Smart Deli Veggie Turkey Slices,209,139,70,66.50717703349282
Whole Grain Velveeta Rotini & Cheese,35,11,24,31.428571428571427
Vanilla Protein Bar,46,15,31,32.608695652173914
Yo Baby Organic Whole Milk Banana Mango Yogurt,4572,3126,1446,68.37270341207349
Kix Honey Cereal,140,60,80,42.857142857142854
"Car Air Freshener Greek Seaside, Vent Clips",7,1,6,14.285714285714285
Color Reflect Daily Moisture Conditioner,18,7,11,38.88888888888889
Unrefined Toasted Sesame Oil,45,8,37,17.77777777777778
Ten Vanilla Root Beer,100,64,36,64.0
Garden Veggie Chips Sea Salt,72,50,22,69.44444444444444
Boston Conditioning Contact Lens Solution,12,6,6,50.0
White Sparkling Sugar Sprinkles,52,5,47,9.615384615384617
"Crackers, Puffed, Lightly Salted Brown Rice",1154,705,449,61.09185441941074
"Bread, Gluten Free, White Sandwich",909,673,236,74.03740374037405
Soft & Smooth100% Whole Wheat Bread,1327,870,457,65.56141672946497
Natural Energy Drink,85,64,21,75.29411764705883
Broccoli Stir-Fry Blend,49,13,36,26.53061224489796
Organic Cherry Tomatoes,4701,1750,2951,37.226122101680495
Adult Chicken & Rice Dry Dog Food,179,96,83,53.63128491620112
Rejuvenating Argan Oil,45,17,28,37.77777777777778
Slow Churned Chocolate Light Ice Cream,201,107,94,53.233830845771145
"Bone, Meaty Center",192,110,82,57.291666666666664
Lightly Salted Toasted Coconut Chips,463,195,268,42.11663066954643
Sweetened Dried Cranberries,205,58,147,28.292682926829265
Sweet Potato Apple & Pumpkin Purees-Veg/Fruit Blend-WIC,8,2,6,25.0
Daily Care 2 In 1 Fortifying Shampoo and Conditioner,17,4,13,23.52941176470588
Gazpacho Verde Chilled Vegetable Soup,37,16,21,43.24324324324324
Mango Sriracha Hummus,357,207,150,57.98319327731093
Kosher Half Sour Pickles,19,5,14,26.31578947368421
Pink Vodka Sauce,46,24,22,52.17391304347826
Cocow Chocolate Milk,13,3,10,23.076923076923077
Indian Vegetable Korma Entrée,715,371,344,51.88811188811189
Canadian Bacon Pizza,13,7,6,53.84615384615385
Organic Popcorn,2595,1034,1561,39.84585741811175
Celery Stalks,131,31,100,23.66412213740458
Garlic & Herb Shirataki Pasta,166,61,105,36.74698795180723
Garlic & Onion Pasta Sauce,7,3,4,42.857142857142854
Chili Lime Beans,22,8,14,36.36363636363637
Guajillo Chili Chocolate Mexicano Classic Discs,62,26,36,41.935483870967744
Mach 3 Razor,45,7,38,15.555555555555555
Sliced Italian Bread,13,5,8,38.46153846153847
Chocolate Peanut Butter Perfect Nutrition Bars,50,25,25,50.0
Great Grains,244,142,102,58.19672131147541
Rapini (Rabe),39,23,16,58.97435897435898
Lemon Verbena Scent Glass Cleaner,53,0,53,0.0
Fig Newtons,688,455,233,66.13372093023256
Adult Extra Whitening Fluoride Toothpaste Pure Mint,5,0,5,0.0
3D White Clasicc Vivid Whitestrips,44,10,34,22.727272727272727
Tea Tree Oil Dental Floss,810,197,613,24.320987654320987
Animalitos Cookies,5,1,4,20.0
Radiant Infinity Overnight Light Clean Scent Pads With Wings,30,9,21,30.0
Rosemary & Peppermint Detangler,36,13,23,36.11111111111111
Udon Pasta Wheat With Brown Rice,51,15,36,29.411764705882355
Organic Campari Tomatoes,153,102,51,66.66666666666666
100% Whole Grain Fig Cookies,30,12,18,40.0
Organic Turmeric Pineapple Elixir,118,59,59,50.0
Southern Homes You Butter Tastin',4,0,4,0.0
Birthday Cake Chewing Gum,7,0,7,0.0
Gluten Free Vegan Chocolate Chip Cookie Dough Macaroons,473,296,177,62.579281183932345
"Cereal, Supergrains, Maple Buckwheat Hemp",19,5,14,26.31578947368421
Chef's Naturals Chips Pecans,13,4,9,30.76923076923077
Simply Plain Yogurt Protein Drink With Crunchy Shot,100,68,32,68.0
Raspberry Hemp Yogurt,9,4,5,44.44444444444444
Dusters Dusting Kit (1 Handle + 5 Unscented Refills),362,66,296,18.23204419889503
Organic 50/50 Blend Salad,1525,785,740,51.47540983606558
Taster's Choice House Blend Single Serve Instant Coffee Packets,54,20,34,37.03703703703704
Beeswax Lip Balm With Vitamin E & Peppermint,46,10,36,21.73913043478261
Original Rice Krispies Treats,4179,3005,1174,71.90715482172769
Corn Pops Family Size Cereal,77,33,44,42.857142857142854
Cold Water Lobster Tail,16,2,14,12.5
Owl's Howl Coffee,668,401,267,60.02994011976048
Raisin Bran Crunch Family Size Cereal,45,15,30,33.33333333333333
Total 0% Cherry Nonfat Yogurt,3013,2140,873,71.0255559243279
Organic San Marzano Diced Tomatoes,215,145,70,67.44186046511628
Dairy-Free Chocolate Protein Beverage,645,405,240,62.7906976744186
Blend Brown Sugar,48,7,41,14.583333333333334
Organic Brown Whole Mustard,9,1,8,11.11111111111111
Organic Throat Coat Herbal Tea,1306,416,890,31.852986217457886
Softly Facial Tissue 2-Ply,53,33,20,62.264150943396224
Unsweetened Natural Big Cup Apple Sauce,58,25,33,43.103448275862064
Gluten Free Maple Pecan Oat Bar,224,134,90,59.82142857142857
Seasoned Spirals W/Skin On Oven Fries,39,22,17,56.41025641025641
Creamy Custard & Apple Cinnamon 2 In 1 Candle,19,6,13,31.57894736842105
Fresh Udon Noodle,27,7,20,25.925925925925924
Brazilian Cake Lady,6,1,5,16.666666666666664
Organic Vanilla Bean,88,12,76,13.636363636363635
with Xylitol Unwrapped Original Flavor 50 Sticks Sugar Free Gum,37,17,20,45.94594594594595
V-Fusion Light Pomegranate Blueberry Vegetable & Fruit Juice,46,25,21,54.347826086956516
Organic Raw Pumpkin Seeds,3,0,3,0.0
Italian Dill Pickle Chips,557,262,295,47.03770197486535
K-Kritters Chocolate Animal Cookies,41,33,8,80.48780487804879
Shiner Bock Beer,15,9,6,60.0
Chile Habanero Hot Sauce,185,97,88,52.43243243243243
Blowout Smooth Conditioner,5,0,5,0.0
Dry Black Beans,59,35,24,59.32203389830508
Organic Raw Sprouted Pumpkin Seeds,91,29,62,31.868131868131865
IncrediBites for Small Dogs With Real Chicken Dog Food,3,0,3,0.0
Nutramigen with Enflora LGG Infant Formula Powder,30,16,14,53.333333333333336
Pep Ru,12,2,10,16.666666666666664
Restaurant Style Garlic & Lime Verde Salsa Medium,55,15,40,27.27272727272727
Tomato Sauce,12906,5835,7071,45.211529521152954
Digital Pregnancy Test,37,4,33,10.81081081081081
Anti-Stress Drink Assorted Flavor Packets,49,17,32,34.69387755102041
Natural Harvest 100% Stone Ground Whole Wheat Bread,16,3,13,18.75
Soothing Cleansing Milk,35,7,28,20.0
"Peanut Butter, Classic",1437,607,830,42.240779401530965
Triple-Action Foot Cream,17,5,12,29.411764705882355
Minute Multi-Grain Medley Microwaveable Rice Bags 4 ct,34,15,19,44.11764705882353
Brick Oven Crust Meat Trio Pizza,26,11,15,42.30769230769231
Normal Herbal Essences Shine Collection Conditioner 13.5 Fl Oz Female Hair Care,8,1,7,12.5
Sheer Twilight  Body Wash,53,32,21,60.37735849056604
"Craveables Chicken, Spinach & Mushroom Panini",157,67,90,42.675159235668794
Rosemary Tea Tree Neem And Shea Scalp Recovery Shampoo,4,0,4,0.0
Yeast Arrest  Vaginal Suppositories,26,3,23,11.538461538461538
Woodbridge Cabernet Sauvignon,95,60,35,63.1578947368421
Ravioli Kale Ricotta,83,44,39,53.01204819277109
Sinex 12 Hour Nasal Decongestant Spray,9,2,7,22.22222222222222
HE Turbo Clean Ultra Stain Release Liquid Laundry Detergent,88,47,41,53.40909090909091
Face Exfoliate,26,0,26,0.0
Chocolate Mint Creme Sandwich Cookies,530,226,304,42.64150943396226
Decaf Mahembe Coffee,36,9,27,25.0
O'Soy Fruit on the Bottom Strawberry Organic Soy Yogurt,1031,720,311,69.83511154219205
Organic Chocolate Cake Mix,366,51,315,13.934426229508196
Imitation Crab Sticks,175,64,111,36.57142857142857
Jasmine Enriched Long Grain Rice,490,209,281,42.6530612244898
100% Orange Juice With Pulp,18,6,12,33.33333333333333
Acai Juice with Yerba Mate & Guarana,88,51,37,57.95454545454546
Amazin Prunes Pitted,402,182,220,45.27363184079602
Dr. Bronner's 18-In-1 Hemp Eucalyptus Pure-Castile Soap,185,50,135,27.027027027027028
Parmesan,28,6,22,21.428571428571427
Hickory Honey Barbeque Baked Potato Chips,1567,1011,556,64.5181876196554
Alehouse Cheddar,13,10,3,76.92307692307693
Apple Kiwi Strawberry Juice,21,10,11,47.61904761904761
Fresh Marinara Sauce,463,252,211,54.42764578833693
Rye Pride Seeded Bread,200,128,72,64.0
"Corn Dogs, Classic",40,15,25,37.5
Muenster Slices,267,125,142,46.81647940074906
Coriander,238,9,229,3.7815126050420167
Organic Guten Free Millet Flour,36,5,31,13.88888888888889
Vitamin D-3 5000 IU,50,7,43,14.000000000000002
Wrinkle Releaser Light Fresh Scent,60,18,42,30.0
Light Vegetable Soup,170,59,111,34.705882352941174
Thai Coconut Curry Gourmet Popcorn,79,36,43,45.56962025316456
Low-Moisture Part-Skim Shredded Mozzarella Cheese,500,204,296,40.8
Strawberry Marshmallows,38,8,30,21.052631578947366
Mega Salisbury Steak,11,5,6,45.45454545454545
Vermicelli,24,4,20,16.666666666666664
"Farmhouse, Pancake & Waffle Mix",166,59,107,35.54216867469879
Crostini,160,57,103,35.625
Organic Creamy Miso Dairy Free Dressing,48,15,33,31.25
Defense Vitamin C,52,5,47,9.615384615384617
Natural Coconut Milk,122,62,60,50.81967213114754
Strawberry & Beet Super Puffs,837,392,445,46.83393070489845
Organic Fruit & Grain Apples Pears & Apricots with Mixed Grain,40,24,16,60.0
Smart Beginnings Cheesy Scramble With Hash Browns,54,26,28,48.148148148148145
Imitation Rum Extract,27,5,22,18.51851851851852
Crinkle Cut French Fries,3694,1939,1755,52.490525175961025
"Toothbrushes, Soft, Full Head, Value Pack",152,34,118,22.36842105263158
Rip-L Triple Pack Potato Chips,157,98,59,62.42038216560509
Whipped Original Cream Cheese Spread,603,355,248,58.872305140961856
Deluxe Grahams,109,50,59,45.87155963302752
Organic Golden Balsamic Vinegar,34,11,23,32.35294117647059
Organic Dressing & Sandwich Spread,94,31,63,32.97872340425532
Steakhouse Au Gratin Red Potatoes,4,0,4,0.0
Wild Salmon With Pesto,17,5,12,29.411764705882355
"Decorating Cupcake Icing, Petal Pink",18,2,16,11.11111111111111
Plus Mint Anti-Bacterial Denture Cleanser Tablets,5,0,5,0.0
Supreme Pizza Bites,10,2,8,20.0
Chicken Taco Seasoning Mix,397,126,271,31.738035264483628
Chunk Light in Sunflower Oil Tuna,5,2,3,40.0
Stix Crispy Seaweed Strips Wasabi,133,89,44,66.9172932330827
Organic Ethiopian Berbere Seasoning,22,2,20,9.090909090909092
"Living, Red Butter Lettuce",46,13,33,28.26086956521739
Straight Bourbon Whiskey,113,37,76,32.743362831858406
Nacho Cheese Flavored Tortilla Chips,297,118,179,39.73063973063973
"Might 4 essential nutrition blend spinach, cherry, oats, black beans",277,169,108,61.01083032490975
Original Entertaining Crackers,32,9,23,28.125
Mesquite Smoked Turkey,984,741,243,75.3048780487805
Berry Primrose Smooth Shampoo & Wash,7,1,6,14.285714285714285
Cheddar Bunnies Snack Crackers,10557,5595,4962,52.99801079852231
Jicama,2766,1255,1511,45.37237888647867
Fresh Chicken Breast,1482,864,618,58.2995951417004
Family Size Sour Cream & Onion Flavored Potato Chips,62,20,42,32.25806451612903
Moroccan Tagine,50,14,36,28.000000000000004
Reduced Fat White Cheddar Baked Snack Crackers,41,17,24,41.46341463414634
Gingerbread Spice 45% Milk Chocolate,14,0,14,0.0
Chocolate Chip Peanut Crunch Bars,543,317,226,58.3793738489871
Corn On The Cob,122,36,86,29.508196721311474
Chow Mein,14,5,9,35.714285714285715
50-100-150 Watt Reveal 3 Way Light Bulb,10,1,9,10.0
Solid Light Yellowfin Tuna in Extra Virgin Olive Oil,184,95,89,51.63043478260869
Kale White Bean Salad,14,5,9,35.714285714285715
Quick Tie Tall Kitchen Bags,724,224,500,30.939226519337016
Arugula Rocket Salad,7,2,5,28.57142857142857
Homestyle Premium Popcorn,361,161,200,44.59833795013851
Thick Bacon,226,127,99,56.19469026548673
"Water, Unsweet, Blood Orange",1012,704,308,69.56521739130434
Uncured Pork & Beef Fearless Franks,45,12,33,26.666666666666668
Carafe,6,0,6,0.0
Scandinavian Style Gravlax,58,28,30,48.275862068965516
All Purpose Ammonia Cleaner,10,0,10,0.0
"Chunky Jazzy Jambalaya with Chicken, Sausage & Ham Soup",44,25,19,56.81818181818182
Oregano Leaves,865,51,814,5.895953757225433
Regular Organic Cotton Tampons,55,6,49,10.909090909090908
Cappuccino Brownies,22,5,17,22.727272727272727
"Silverado Beef Chili with Beans, 97% Fat Free",73,32,41,43.83561643835616
Gluten Free Sweet Potato Ravioli,107,36,71,33.64485981308411
Razor Chrome (Includes 2 Cartridges),11,1,10,9.090909090909092
Asian Sesame Kit,8,2,6,25.0
Organic Mountain Forest Amber Honey,7358,2874,4484,39.05952704539277
Town House Reduced Fat Crackers,26,11,15,42.30769230769231
Menage a Trois,21,6,15,28.57142857142857
Premium Grapefruit Large,2182,1352,830,61.96150320806599
Jalapeno Jack Queso with Salsa Verde,234,39,195,16.666666666666664
Muenster Cheese,1254,772,482,61.56299840510366
Instant Read Thermometer,11,0,11,0.0
Plain Breadsticks,189,121,68,64.02116402116403
Organic Refined Sunflower Oil,882,412,470,46.71201814058957
Original Dog Biscuits For Large Dogs,32,14,18,43.75
Ronzoni Smart Taste Rotini Pasta,48,34,14,70.83333333333334
Meze Chili Lime Greek Yogurt Dip,17,6,11,35.294117647058826
Orange Ginger Dressing,4,1,3,25.0
Artichoke Hearts Large Size,98,24,74,24.489795918367346
Natural Apricot Ultra Dishmate,113,31,82,27.43362831858407
Cinnamon Roll Fudge Stripes Cookies,3,0,3,0.0
"White Paper Towels, Regular Roll",796,442,354,55.527638190954775
"Cleaner & Polish, Stainless Steel",51,5,46,9.803921568627452
"2nd Foods Organic Apples, Carrots & Squash Baby Food",113,53,60,46.902654867256636
Parmesan Cheese Garlic Bread,48,22,26,45.83333333333333
Cream Cheese Bar,645,346,299,53.64341085271318
Dried Strawberries,531,330,201,62.14689265536724
Italian Blend Shredded Cheese,377,121,256,32.09549071618037
Medium Picture Hanging Strips,23,2,21,8.695652173913043
Laksa Noodles,259,95,164,36.67953667953668
Premium Adult Dog Formula Dog Food,29,15,14,51.724137931034484
Colombia K-Cup Pods Coffee,104,52,52,50.0
100% Orange Peach Mango Juice,17,5,12,29.411764705882355
Turkey Brine And Herb Kit,3,0,3,0.0
Honey-Herb Drops Cough Suppressant,610,122,488,20.0
Kashmiri Curry Mild Indian Simmer Sauce,642,287,355,44.704049844236756
April Fresh Fabric Softener,197,82,115,41.62436548223351
Reserve Dark Roast Costa Rica Tarrazú Whole Bean Coffee,12,2,10,16.666666666666664
Hearty Nine Grain Bread,894,675,219,75.50335570469798
Grüner Veltliner,17,8,9,47.05882352941176
First Bananas Stage 1 4 Months +,122,48,74,39.34426229508197
Ultra Sheer Body Mist Sunscreen Broad Spectrum SPF 45,7,2,5,28.57142857142857
High Performance Energy Drink,82,58,24,70.73170731707317
Chicken Cup,214,108,106,50.467289719626166
Mediterranean Style Medleys Dog Food,12,7,5,58.333333333333336
Advanced Control Anti-Perspirant Deodorant,23,10,13,43.47826086956522
Pretzels,73,42,31,57.534246575342465
Choice Cuts In Gravy Country Stew Wet Dog Food,55,41,14,74.54545454545455
Spicy Teriyaki Beef Flavor Chow Mein Noodles,20,9,11,45.0
Coldbrew Coffee Pops,1255,571,684,45.49800796812749
Calcium Magnesium Citrate w/ Vitamin D3 Natural Strawberry,3,0,3,0.0
Elegant Medleys Wild Salmon Primavera Cat Food,30,18,12,60.0
Chicken Strips & Fries Tasty American Favorites,111,62,49,55.85585585585585
Mongo Kiss Vanilla Lip Balm,30,12,18,40.0
Vanilla Chocolate Ice Cream,678,342,336,50.442477876106196
Sugar Free Low Calorie Artificially Flavored Butter Breakfast Syrup,11,4,7,36.36363636363637
Low Sodium Borscht,16,13,3,81.25
All Natural Apricot Sparkling Water,5497,3920,1577,71.3116245224668
White Vanilla Bean Ice Cream Dipped in White Chocolate,126,68,58,53.96825396825397
Pineapple Chunk,12,3,9,25.0
Kitchen Cheese Enchilada,4446,2507,1939,56.38776428250113
"Hot Chocolate, Chocolate Truffle",50,16,34,32.0
Scented Carpet Fresheners,74,6,68,8.108108108108109
"Nourishing Conditioner, Rose & Chamomile",27,9,18,33.33333333333333
Deluxe Extra Strong & Deep Foam Plates,25,17,8,68.0
Chicken Lickin' Chicken Pate with Vegetables Cat Food,213,140,73,65.72769953051643
"Disinfecting Wipes, Lemon Scent",1351,467,884,34.56698741672835
Ginger Blossom Sparkling Beverage,26,10,16,38.46153846153847
Original Pickle,12,2,10,16.666666666666664
Classic Ranch Dressing,175,85,90,48.57142857142857
Diet Cream Soda,379,222,157,58.575197889182064
Organic Whole Wheat Rigatoni No. 7,10,2,8,20.0
100% Whole Wheat Cinnamon with Raisins,450,254,196,56.44444444444444
Original Green Superfood,43,13,30,30.23255813953488
Crispy Chocolate Candy,21,11,10,52.38095238095239
Oikos Greek Nonfat Yogurt Crunch Key Lime Crumble,64,41,23,64.0625
Turkey Bologna Slices,5,0,5,0.0
Cheez Whiz Original Cheese Dip,167,73,94,43.712574850299404
Frontera Chardonnay,15,8,7,53.333333333333336
Hand Soap Grapefruit,44,13,31,29.545454545454547
Rotisserie Style Deli Thin-Sliced Chicken Breast,74,23,51,31.08108108108108
Unsweetened Vanilla,69,41,28,59.42028985507246
Wild Mushroom & Herb Couscous Mix,393,163,230,41.475826972010175
Organic 1% Milkfat Lowfat Milk,447,303,144,67.78523489932886
Albacore Solid White Tuna In Water,708,327,381,46.186440677966104
Bissell SteamBoost Steam Mop Starter,14,0,14,0.0
Chicken & Salmon Cat Food,176,97,79,55.11363636363637
Medicated Patch Back,80,11,69,13.750000000000002
Organic Cut Spinach,607,234,373,38.5502471169687
Classic Vanilla Cake Mix,171,31,140,18.128654970760234
Vegan Shredded Cheddar,25,2,23,8.0
Backpacker Chewy Oatmeal Bites Smore,14,6,8,42.857142857142854
Chipotle Peppers in Adobo Sauce,623,132,491,21.187800963081862
Sport Performance Coolzone SPF 30 Sunscreen,4,0,4,0.0
Cream Cheese With Garden Vegetables,173,81,92,46.82080924855491
Quattro Formaggi Four Cheeses Pizza,2586,1863,723,72.0417633410673
Silver Multivitamin/Multimineral Supplement Women 50+,10,3,7,30.0
Oraganic Wheat Grass Juice Powder,5,0,5,0.0
100% Pure Maple Syrup Grade A Dark Amber,565,170,395,30.08849557522124
Kellogg's Nutri-Grain Blueberry Cereal,758,395,363,52.110817941952504
Grow Well Tummy Baby Food,274,135,139,49.27007299270073
Key Lime Pie,377,125,252,33.15649867374005
Peanut Butter And Banana Milk Chocolate Bar,5,1,4,20.0
Breton White Bean Crackers with Salt & Pepper,4,0,4,0.0
Light Creamy Chicken Alfredo with Pasta Soup,25,4,21,16.0
Sleep Serenity Moonlit Lavender Bedroom Mist,57,10,47,17.543859649122805
Personal Lubricant,10,1,9,10.0
Moisturizing Body Lotion,10,5,5,50.0
Textured Vegetable Protein,70,16,54,22.857142857142858
Fat Free Italian Salad Dressing,74,19,55,25.675675675675674
Whole Grain Millet,179,35,144,19.553072625698324
Reduced Fat 2% Lactose-Free Milk,3050,2462,588,80.72131147540983
Pepino Melon,8,0,8,0.0
High Protein Rich Chocolate Complete Nutritional Drink,65,47,18,72.3076923076923
Organic African Nectar Herbal Tea,314,144,170,45.85987261146497
Chicken Tikka Masala with Saffron Rice,82,34,48,41.46341463414634
8 Oz Mason Canning Jars,45,5,40,11.11111111111111
Candles Stacked Stripes,13,1,12,7.6923076923076925
Pop'ems Glazed Donut Holes,788,456,332,57.868020304568525
Tamari Brown Rice Crackers,5,0,5,0.0
Cool Whipe Lite Whipped Topping,844,405,439,47.985781990521325
Chocolate Peanut Butter Ice Cream,3514,1974,1540,56.17529880478087
"Chicken Wings, Lightly Breaded, Buffalo Style",10,4,6,40.0
Organic Sunflower Kernels,256,76,180,29.6875
Sprouted Spicy Fiesta Seed Mix,42,12,30,28.57142857142857
Envy Apple,606,404,202,66.66666666666666
Skin Clearing Shave Cream Men,41,12,29,29.268292682926827
Arrabbiata Sauce,14,6,8,42.857142857142854
Gluten Free Flour,1172,237,935,20.22184300341297
Hot Spicy Fried Chicken Leg,11,6,5,54.54545454545454
Ultra Thin Regular Pads with Wings,16,5,11,31.25
"Adult Grain-Free Duck, Sweet Potatoes & Whole Peas Entree Dog Food",50,31,19,62.0
100% Strawberry Fruit Strip,92,69,23,75.0
Quick-Dissolving Sinus Homeopathic Medicine Tablets,67,4,63,5.970149253731343
1200mg Fish Oil,36,7,29,19.444444444444446
Tahitian Vanilla Ice Cream,80,45,35,56.25
Organic Herbalozenge Lemon Honey Soother with Zinc & Vitamin C - 18 CT,42,6,36,14.285714285714285
The Falsies Volum' Express Waterproof Very Black Mascara,13,0,13,0.0
Instant Effect Energy Shave Gel for Men,7,1,6,14.285714285714285
"Cheese, Muenster",228,134,94,58.77192982456141
Gluten Free Original 3 Seed Bread,125,69,56,55.2
Organic Half And Half,1023,645,378,63.049853372434015
Peach Almond Vanilla Oat Cereal,55,26,29,47.27272727272727
Chocolate Babka,24,5,19,20.833333333333336
Le Petit Beurre European Biscuits,37,10,27,27.027027027027028
Parsley Root,36,11,25,30.555555555555557
PM Headache Pain Reliever Caplets,6,1,5,16.666666666666664
Fun Size Crunch Candy Bars,309,166,143,53.72168284789643
Highest Lignan Flax Oil 100% Organic,22,5,17,22.727272727272727
Organic Power Grains,15,9,6,60.0
Light String Cheese Sticks,40,24,16,60.0
Bartlett Pear Slices in Heavy Syrup,87,47,40,54.02298850574713
Whole Asparagus Spears,14,4,10,28.57142857142857
Almond + Shea Butter Conditioner,59,31,28,52.54237288135594
Sugarfree Winterfresh Gum,24,10,14,41.66666666666667
Quick-Rise Yeast for Bread Machines,191,19,172,9.947643979057592
Summer Citrus Scent Antibacterial Multi-Purpose Cleaner,368,117,251,31.793478260869566
Tomato Condensed Soup,1417,552,865,38.955539872971066
Thin Sliced Mozzarella Cheese,130,53,77,40.76923076923077
Organic Curry Powder,542,64,478,11.808118081180812
Natural Maple Gum,22,3,19,13.636363636363635
"Cabernet Sauvignon, Vintage 2011",61,26,35,42.62295081967213
Naturals Fresh Cleansing + Makeup Remover,25,4,21,16.0
"Grain Free Turkey, Sweet Potato & Spinach Recipe in Gravy Cat Food",152,83,69,54.60526315789473
"Lip Balm, Organic, Peppermint",98,30,68,30.612244897959183
Garcinia Cambogia Capsules,15,2,13,13.333333333333334
Wakame Sea Vegetable,20,1,19,5.0
Cucumbers Facial Wipes Soothing - 30 CT,330,150,180,45.45454545454545
Original Sweet Dinner Rolls,1371,676,695,49.307075127644055
"Mighty Dog Chicken, Egg & Bacon Country Platter Dog Food",10,7,3,70.0
Pineapple Super Greens Kombucha,85,54,31,63.52941176470588
Milk Magic Strawberry Milk Flavoring Straws,7,3,4,42.857142857142854
Vegetarian Organic Great Northern Beans Low Sodium,427,157,270,36.768149882903984
Pasta Zero Spaghetti Shirataki Noodles,390,174,216,44.61538461538462
Recipe Secrets Beefy Onion Recipe Soup & Dip Mix,159,43,116,27.044025157232703
Oatmeal and Shea Butter Body Wash,11,3,8,27.27272727272727
Comfort Chicken Marsala,307,145,162,47.23127035830619
Ascend White Tea Kombucha Tonic,63,34,29,53.96825396825397
Vegan Margherita Pizza With Daiya Cheeze,1697,1032,665,60.81319976428993
Baby Fresh Pampers Baby Wipes Baby Fresh,80,31,49,38.75
Ground Bison,59,34,25,57.6271186440678
Unsalted Margarine,21,11,10,52.38095238095239
Honey Ginger Dressing,19,9,10,47.368421052631575
Rainbow Chakra Jar Candle,7,2,5,28.57142857142857
Original Real Live Chocolate,353,231,122,65.43909348441926
Muenster,149,78,71,52.348993288590606
All Natural Bacon Jerky,68,40,28,58.82352941176471
Whole Wheat Lasagna,127,19,108,14.960629921259844
Fit Artic Grape Energy Drink Drops,105,66,39,62.857142857142854
"Pro-Health Multi-Protection Mouthwash, Alcohol Free, Refreshing Clean Mint",16,1,15,6.25
White Pita Bread,59,14,45,23.728813559322035
Draught Beer,316,158,158,50.0
Omega-3 Great Lemon Taste!,13,2,11,15.384615384615385
Organic Dry Roasted No Salt  Pistachios,27,16,11,59.25925925925925
Select Chicago Hot Dog Rolls,61,15,46,24.59016393442623
Garlic Stuffed Green Olives,24,6,18,25.0
Steamfresh Super Sweet Corn,2092,1046,1046,50.0
Honey Maple Turkey,35,4,31,11.428571428571429
Light Vegan Nayonaise,6,1,5,16.666666666666664
Americone Dream Ice Cream Cup,25,6,19,24.0
Steamfresh Premium Selects Broccoli Florets,2902,1527,1375,52.61888352860097
Blueberry Greek Yogurt Meal Bars,43,31,12,72.09302325581395
Baby Fingerling Potatoes,35,7,28,20.0
Dusseldorf Style Mustard,8,5,3,62.5
"Jack's Special, Medium Salsa",60,28,32,46.666666666666664
Pro Series Ruffled Ponytail Bands,2,1,1,50.0
Teenage Mutant Ninja Turtles Mild Bubble Fruit Fluoride Toothpaste,19,5,14,26.31578947368421
Baingan Bharta Roasted Eggplant,23,7,16,30.434782608695656
Original Very Vanilla Complete Nutritional Drink,60,43,17,71.66666666666667
Chocolate Coconut Nutrition Bar,252,188,64,74.60317460317461
Gluten Free Rosemary Truffle Kale Chips,3,0,3,0.0
Lightly Salted Mini Rice Crackers,10,5,5,50.0
Plain Crispy-O's Kosher For Passover Cereal,9,0,9,0.0
Garlic Dill Pickles,41,19,22,46.34146341463415
Ground Chicken Breast,3115,1774,1341,56.950240770465484
Organic Artisan Corn Tortillas,20,8,12,40.0
Pineapple Ginger Paleo Pops,62,25,37,40.32258064516129
Gluten Free Fettuccini Roasted Garlic,377,156,221,41.37931034482759
Chicken Rosemary Ravioli,213,105,108,49.29577464788733
Signature Italian Dressing,223,87,136,39.01345291479821
Minestrone R&W Condensed Soup,226,110,116,48.67256637168141
Meatles  Soy Gluten-Free Grounds,848,460,388,54.24528301886793
Creamy Peanut Butter Dark Roasted,2646,1441,1205,54.45956160241875
Bombay Lentils,19,4,15,21.052631578947366
"Mellow Mood Relaxation, Honey & Green Tea, Decaffeinated",13,9,4,69.23076923076923
Family Size Macaroni & Cheese,482,260,222,53.941908713692946
Black Cherry Drink,3,0,3,0.0
Vanilla Biscuits For Teethers,113,21,92,18.58407079646018
2nd Foods Chicken & Rice Baby Food,108,40,68,37.03703703703704
Light Cranberry Flavored Juice Cocktail,3,0,3,0.0
VO Canadian Whiskey,27,15,12,55.55555555555556
Singles 1% Lowfat Cottage Cheese,67,41,26,61.19402985074627
Recchiuti Burnt Caramel Gelato Bar,59,28,31,47.45762711864407
Instant Sugar Free-Fat Free Butterscotch Pudding and Pie Filling,68,15,53,22.058823529411764
Seaweed Rice Chips Wasabi,77,13,64,16.883116883116884
9 Oz Snack Catcher,4,0,4,0.0
"Preserves, Pure, Boysenberry",40,11,29,27.500000000000004
Sweet Potato Fries with Salt,1861,799,1062,42.933906501880706
Sea Salt Roasted Chickpeas,18,5,13,27.77777777777778
Ultra Strong Tall Kitchen Scent Free,24,5,19,20.833333333333336
Organic Stoneground Flakes Purple Corn Cereal,944,586,358,62.07627118644068
Vegetable Oil Spread with Calcium,287,107,180,37.282229965156795
House Blend Medium Ground Coffee,112,64,48,57.14285714285714
Organic Sparkling Blood Orange Beverage,77,24,53,31.16883116883117
Plums,46,18,28,39.130434782608695
Gluten Free Vegan Chocolate Chip Cookie Dough,338,180,158,53.25443786982249
Curry Recipe Seitan,235,133,102,56.59574468085107
Strawberry Flavored Soda,54,31,23,57.407407407407405
Vanilla Bean Sheep Milk Ice Cream,1,0,1,0.0
Black Rice,18,4,14,22.22222222222222
Toaster Pops Apple,21,6,15,28.57142857142857
Finely Shredded Mild Cheddar Cheese,1321,571,750,43.22482967448902
Sherry Cooking Wine,234,22,212,9.401709401709402
Organic Pink Lady (Cripps) Apple Bag,227,71,156,31.277533039647576
"Vitamin D3, Natural Berry Flavor",46,15,31,32.608695652173914
Butter Top White Bread,1560,1125,435,72.11538461538461
Natural Aloe Pampers Baby Wipes Natural Clean 3X 192 count  Baby Wipes,98,44,54,44.89795918367347
Arnicare Arthritis Tablets,21,2,19,9.523809523809524
Bag of Kiwis,149,61,88,40.939597315436245
Tomato Chicken Bouillon,10,2,8,20.0
Reduced Sodium Chicken Base,798,224,574,28.07017543859649
Organic Coconut Granola MacroBar,1249,840,409,67.25380304243394
Peanut Butter Squared Fun Size,133,87,46,65.41353383458647
SmartBlend Classic Ground Chicken & Brown Rice Entree Adult Dog Food,47,29,18,61.702127659574465
Butterfinger Bars,96,44,52,45.83333333333333
Slow Kettle Tuscan Style Chicken & White Bean Soup,80,10,70,12.5
Organic Sliced Fremont Sour White,127,92,35,72.44094488188976
Fresh Broccoli Florets,40,13,27,32.5
Original Ice Cream Bar,1408,749,659,53.19602272727273
Wheat & Gluten Free Apple Pie,16,2,14,12.5
Butterfinger Cups Ice Cream,20,9,11,45.0
Milk Thistle Extract Herbal Supplement,15,2,13,13.333333333333334
2nd Foods Squash Baby Food,72,40,32,55.55555555555556
Beef Tips & Gravy with Mashed Potatoes Compleats,32,13,19,40.625
Ice Shine Pantene Pro-V Conditioner,8,2,6,25.0
With Cartridges Papaya & Pearl Complex Razor,19,3,16,15.789473684210526
"Fabric Refresher Spring & Renewal Air Freshener (1 Count, 27 oz)  Air Care",46,11,35,23.91304347826087
White 12 5/8 in x 10 in Platters,4,0,4,0.0
Red On the Vine Tomato,3,0,3,0.0
Apple Grape 100% Juice,50,26,24,52.0
Back On Tract Hibiscus Cranberry Naturally Caffeine-Free Herbal Tea,21,4,17,19.047619047619047
"Organic Slammers Superfood Snack Chill'N Fruit, Veggie & Yogurt Filled Pouches",57,22,35,38.59649122807017
Pressed Pineapple Coconut Chia,34,13,21,38.23529411764706
Original Key Lime Pie Yogurt,918,576,342,62.745098039215684
Organic Peanut Energy Bar,10,5,5,50.0
Cranberry Sauce,45,2,43,4.444444444444445
Medium Premium Latex-Free Gloves,16,2,14,12.5
Honey Mustard Dressing + Dip,11,2,9,18.181818181818183
Cinnamon Buns Ice Cream,126,64,62,50.79365079365079
Singles American Cheese Slices,4306,2096,2210,48.676265675801204
Sugar Free Hickory BBQ Sauce,12,5,7,41.66666666666667
French Onion Soup,488,149,339,30.532786885245898
Organics 100% Juice Fruit Punch,36,17,19,47.22222222222222
"Broth, Vietnamese Pho",106,35,71,33.0188679245283
"Lentil Chips, Spicy Sriracha",409,268,141,65.52567237163814
Menthol Pain Relieving Gel Vanishing Scent Non-Greasy Posted 7/1/2013 Rubs and Patches,9,1,8,11.11111111111111
100% Whole Wheat Hamburger Buns,757,295,462,38.969616908850725
Instant Polenta,175,25,150,14.285714285714285
Nitro Milk Stout,39,21,18,53.84615384615385
Lobster Corn Chowder New England Style,40,5,35,12.5
"Cheese, Mozzarella",77,24,53,31.16883116883117
Regular Egg Nog,9,1,8,11.11111111111111
"Provolone Cheese & Italian Dry Salame, Deli Thin Sliced, Snack Pack",208,96,112,46.15384615384615
Mineral Water,5936,4317,1619,72.72574123989219
Gluten Free Pecan Shortbread Cookies,72,37,35,51.388888888888886
Folate 400 Mcg,5,1,4,20.0
Organic Whole Rye Bread,205,119,86,58.048780487804876
Bundt Pan,3,0,3,0.0
Funfetti Not Pink Vanilla Frosting,70,3,67,4.285714285714286
Honey Lemon Throat Comfort Tea,266,38,228,14.285714285714285
Honey Clusters Cereal,520,314,206,60.38461538461538
House Italian Dressing,8,1,7,12.5
Glucosamine Chondroitin Complex,11,4,7,36.36363636363637
Washing Machine Cleaners,27,0,27,0.0
Eco Sensitive Zinc Oxide Sunscreen Spf 32,20,4,16,20.0
Picante Salami,427,184,243,43.09133489461358
Gentle Glide 360 Unscented Regular Tampons,19,2,17,10.526315789473683
Whisker Lickin's Crunchy Tuna Flavor Cat Treats,5,1,4,20.0
Fire Roasted San Marzano Style Whole Tomatoes,27,7,20,25.925925925925924
Cinnamon Pebbles Cereals,4,0,4,0.0
Organic Medium Chili,1817,842,975,46.34012107870116
Selenium Tb 200 Mcg,3,0,3,0.0
Pepper Jack Style Singles,15,5,10,33.33333333333333
Wild Berry Juice Squeeze,19,7,12,36.84210526315789
Roasted Bell Peppers,547,170,377,31.078610603290674
Monterey Jack,61,19,42,31.147540983606557
Organic D'Anjou Pears,48915,33780,15135,69.05857099049372
Gluten-Free Chipotle BBQ Black Bean Chips,151,86,65,56.95364238410596
Organic Black Mission Figs,2793,1279,1514,45.79305406373075
Sea Salt Caramel Ice Cream,1388,592,796,42.65129682997118
Multigrain Flax Seeded Flatbread Crackers,1186,689,497,58.09443507588533
Light Grape Juice Beverage Concord Grapes,36,14,22,38.88888888888889
Ranchero Queso Fresco Cheese,1278,667,611,52.19092331768388
Unsweetened Pomegranate Essence Water,1304,928,376,71.16564417177914
Indian Healing Clay,276,24,252,8.695652173913043
Egg Product,19,9,10,47.368421052631575
Chewy Mint,60,26,34,43.333333333333336
"Salsa Habanera, Green, Extra Hot",7,2,5,28.57142857142857
Original Chocolate Beverage,8,4,4,50.0
Organic White Peppercorns,22,1,21,4.545454545454546
Grainiac Organic Bread,190,112,78,58.94736842105262
Honey & Black Seed Soa with Apricot Oil,8,1,7,12.5
"Seasoning, Vegit Magic!",9,1,8,11.11111111111111
Organic Roasted Garlic & Herb Stoneground Wheat Crackers,161,57,104,35.40372670807454
Beef Patties,255,111,144,43.529411764705884
Food Storage Resealable Bags,110,27,83,24.545454545454547
Medicated Lib Balm,17,6,11,35.294117647058826
Ionic Zinc 50 mg Drops,11,1,10,9.090909090909092
Chicken With White & Wild Rice Condensed Soup,6,1,5,16.666666666666664
Creamy Mushroom Bean Pasta & Veggie Kit,41,13,28,31.70731707317073
Bunny-Luv Fresh Organic Carrots,10347,4801,5546,46.39992268290325
Women Over 55 Multivitamin,11,2,9,18.181818181818183
Apple Pie Filling & Topping,92,27,65,29.347826086956523
"Toothpaste, Ayurvedic Herbal, Mint-Free",57,19,38,33.33333333333333
Pesto Pasta Salad,130,67,63,51.53846153846153
"Blue Agave Syrup, Organic, Maple Flavored",10,4,6,40.0
Dishwasher Cleaner,89,24,65,26.96629213483146
100% Goats Milk,174,112,62,64.36781609195403
Pure Wildflower Raw Honey,227,87,140,38.32599118942731
Half & Half Iced Tea Lemonade,32,14,18,43.75
"Flour Blend, Perfect, Gluten Free",18,6,12,33.33333333333333
Buckwheat Soba,41,12,29,29.268292682926827
Creamy Mango Bars,7,3,4,42.857142857142854
Strawberry Cultured Soy,182,93,89,51.098901098901095
Degreaser,27,7,20,25.925925925925924
Iced Bhakti Chai Coffee Blend,286,192,94,67.13286713286713
Butternut Squash Cubes,64,14,50,21.875
Sharp Cheddar Cheese Shredded,1741,800,941,45.95060310166571
Canary Melon,199,69,130,34.67336683417086
Cotija Part Skim Milk Cheese,38,7,31,18.421052631578945
Protein Vanilla Almond Butter,14,4,10,28.57142857142857
Dark Chocolate With Ginger Bar,142,78,64,54.929577464788736
100% Fruit & Vegetable Berries & Green Veggies  Juice Smoothie,5,0,5,0.0
Natural Unsalted Macadamia,207,124,83,59.90338164251207
Grass Fed Vat Unsalted Cultured Butter,70,25,45,35.714285714285715
Low Fat Apples & Creme Parfait,2,0,2,0.0
Chinese Duck Sauce,143,11,132,7.6923076923076925
Potato Chips w/ Himalayan Pink Salt,109,83,26,76.14678899082568
Raw Coconut Oil Travel Packs,6,1,5,16.666666666666664
Splash Strawberry Lemonade,37,16,21,43.24324324324324
Decaf Sweet Coconut Thai Chai Tea,3,0,3,0.0
Classic French Demi-Glace,102,15,87,14.705882352941178
Organic Seasoned Zucchini Strips,3,1,2,33.33333333333333
Light Mozzarella String Cheese,4257,2603,1654,61.14634719285882
Organic Penne Rigate Whole Wheat Pasta,832,405,427,48.67788461538461
Balsamic BellaVitano Cheese,19,3,16,15.789473684210526
Organic Juice Drink,168,84,84,50.0
Sugarfree Gum Sweet Mint,565,353,212,62.477876106194685
Skillet Sauce Thick Curry Chicken,36,13,23,36.11111111111111
90% Lean Ground Beef,6784,4016,2768,59.198113207547166
Venus & Olay Women's Razors w/ 2 Refills,15,1,14,6.666666666666667
Toll House Semi-Sweet Chocolate Morsels,3963,1443,2520,36.411809235427704
Blue Sparkling Sugar Sprinkles,11,1,10,9.090909090909092
Fresh Invisible Solid Anti-Perspirant Deodorant,75,16,59,21.333333333333336
Hard & Soft Taco Dinner Kit,531,226,305,42.56120527306968
Fresh Donuts,39,13,26,33.33333333333333
Quantum 9 V,13,0,13,0.0
Organic Triple G Choc Superfood Truffles,5,1,4,20.0
Chai Latte,81,40,41,49.382716049382715
Geranium Multi Cleaner,24,1,23,4.166666666666666
Organic Grape Juice,528,256,272,48.484848484848484
Organic Acai Juice,650,452,198,69.53846153846153
Soft Frozen Strawberry Lemonade,132,85,47,64.39393939393939
Orlando Tangelo,17,1,16,5.88235294117647
French Brie,9,0,9,0.0
Start Silicone Pacifier,7,1,6,14.285714285714285
Clean Burst with Bleach Alternative Liquid Laundry Detergent,3,0,3,0.0
Simply 100 Crunch Vanilla Coconut Macaron Non-Fat Greek Yogurt,11,7,4,63.63636363636363
Computer Eye Relief Eye Drops,7,0,7,0.0
Sesame Street Organic Homestyle Mini Pancakes,1738,1152,586,66.28308400460298
Mediterranean Medium Size Pickles in Brine,123,72,51,58.536585365853654
Skilet Shrimp Scampi,15,2,13,13.333333333333334
Yakisoba Stir-Fry Noodle Teriyaki,49,26,23,53.06122448979592
85% Ground Beef Patties,186,79,107,42.473118279569896
Borscht with Diced Beets,54,29,25,53.70370370370371
Strawberry Banana Fruit on the Bottom Nonfat Greek Yogurt,13,6,7,46.15384615384615
Builder's Chocolate Peanut Butter Bar,2025,1359,666,67.11111111111111
Beef Light Bologna,22,10,12,45.45454545454545
Kit's Organic Dark Chocolate Walnut Fruit & Nut Bar,105,51,54,48.57142857142857
Praline Chocolate Bar,18,9,9,50.0
Caribbean Rice Mix,5,2,3,40.0
Roasted & Salted Shelled Pistachios,1878,919,959,48.93503727369542
Free & Clear Ultra Powdered Laundry Detergent,167,97,70,58.08383233532935
Organic Canola Oil,4534,1553,2981,34.25231583590648
Salt-Free Blend Herbs De Provence,363,24,339,6.6115702479338845
Cherry Lime Energy Drink Tab,66,25,41,37.878787878787875
Original Fruit Candies,124,35,89,28.225806451612907
Gourmet Perfect Rise Yeast,7,0,7,0.0
Kids Saline Nasal Spray with Xylitol,72,11,61,15.277777777777779
Raise The Roots Kombucha,93,63,30,67.74193548387096
Dinosaur Shapes Chicken Breast Nuggets,402,257,145,63.93034825870647
Sport Recovery Accelerator Tropical Powder Dietary Supplement,11,4,7,36.36363636363637
Blue Lake Cut Green Beans,6,1,5,16.666666666666664
La Famiglia Del Grosso Tomato Basil Masterpiece Pasta Sauce,18,4,14,22.22222222222222
Protein Bar Chocolate Peanut Butter,865,452,413,52.2543352601156
Lemon Fresh Disinfectant Cleanser with Bleach,67,5,62,7.462686567164178
Organic Yellow Onion,113426,79072,34354,69.71241161638424
Blended Seeds Flatbreads,27,4,23,14.814814814814813
Milk Chocolate Bunny,3,0,3,0.0
Triple Zero Coconut Creme Oikos Greek Yogurt,181,95,86,52.48618784530387
Powdered Goat Milk,69,33,36,47.82608695652174
Sazon Seasoning,9,2,7,22.22222222222222
Spanish Style Tomato Sauce,123,47,76,38.21138211382114
SmartBlend Large Breed Adult Formula Dog Food,8,2,6,25.0
Crispy Thin Crust Sicilian Recipe,785,452,333,57.5796178343949
Revitalizing Grapefruit & Mint Shower Gel,157,67,90,42.675159235668794
Apricot Halves in Lite Syrup,8,1,7,12.5
Rescue Pastilles,17,3,14,17.647058823529413
Lactose Free Blueberry Pomegranate Acai Kefir,1314,906,408,68.94977168949772
Strawberry Cheesecake Bar,114,43,71,37.719298245614034
Deluxe French Salad Dressing,4,0,4,0.0
Natural Free & Clear Dishwasher Detergent Packs,3382,1569,1813,46.3926670609107
Potato Hot Dog Bun,20,6,14,30.0
Farfalle Pasta,4097,1720,2377,41.981938003417135
100% Natural White & Dark Chicken In Water,9,1,8,11.11111111111111
Pure Mint With Herbal Accents Sugar Free Gum 3 Pk,12,6,6,50.0
Diced Ham,75,44,31,58.666666666666664
Thin Crust Trio Bacon Pizza,9,4,5,44.44444444444444
Red Balsamic Vinegar,402,44,358,10.945273631840797
174 ; Dentastix&#174 ; Large,80,53,27,66.25
Reduced Fat Milk 100% Lactose Free,10130,7511,2619,74.14610069101678
Intense Dark Cocoa Nibs,4,0,4,0.0
Lightly Sweetened Half & Half Organic Iced Green Tea & Lemonade,311,190,121,61.09324758842444
Organic Whole Milk Cream On The Top Plain Yogurt,23,5,18,21.73913043478261
Organic Roasted Turkey Breast,28384,18893,9491,66.56214768883878
Lemon Pepper Fish,7,1,6,14.285714285714285
0 Calorie Strawberry Dragonfruit Water Beverage,239,192,47,80.3347280334728
Pro-Health All-In-One Soft Toothbrush Twin Pack,35,0,35,0.0
"Deli Slice, Smoked Tomato",263,168,95,63.87832699619772
G Series Strawberry Watermelon Sports Drink,78,48,30,61.53846153846154
"Sweeet Potato, Apple, Carrot & Cinnamon Organic Superfoods",3448,1961,1487,56.87354988399071
Cold N Flu Liquid Gel,102,7,95,6.862745098039216
Chipotle Sauce,266,148,118,55.639097744360896
Carpet and Room Freshener Clean Linen Scent,41,11,30,26.82926829268293
Elevate Vegetable and Fruit Juice,78,36,42,46.15384615384615
Chocolate Peanut Butter Meal Bar,429,257,172,59.90675990675991
Sun Bird Fried Rice Seasoning Mix,28,9,19,32.142857142857146
Jacked Ranch Hot Chips,19,7,12,36.84210526315789
"Menstrual Cup, Model 2",14,0,14,0.0
Rich Shea Butter Moisturizing Liquid Hand Soap,78,24,54,30.76923076923077
Organic Cinnamon Flax Sprouted Oat Granola,198,91,107,45.95959595959596
BATAMPTE     SAUERKRAUT 32 OZ R,22,5,17,22.727272727272727
Tamarind Chutney,119,12,107,10.084033613445378
Milano Minis Mint Chocolate Cookies,62,27,35,43.54838709677419
"Ocean Beach Almond Butter, Coffee, TCHO Cocoa Nibs Granola Bar",11,2,9,18.181818181818183
Plain Tortillas,195,111,84,56.92307692307692
Bamboo Appetizer Picks,19,0,19,0.0
Rich and Creamy Ultra-Pasteurized Half and Half,57,33,24,57.89473684210527
Tangerine Dream Sweet Dreams,145,100,45,68.96551724137932
Detox & Digest Green Superfood,25,4,21,16.0
Smoked Sausage,765,356,409,46.5359477124183
Organic Gracious Granola,1091,780,311,71.49404216315307
Zinfandel Dry Creek,12,5,7,41.66666666666667
Strawberry Greek Yogurt Raisins,64,36,28,56.25
Super Seed Crispy Crackers,4034,2507,1527,62.14675260287555
Fresh Goat Cheese Lemon,11,1,10,9.090909090909092
Chow Mein Stir-Fry Noodles,96,28,68,29.166666666666668
3 Pepper Colby Jack Cheese,6,2,4,33.33333333333333
Thin Cheese Pizza,12,4,8,33.33333333333333
Sprouted Hot Dog Buns,246,82,164,33.33333333333333
30% Less Sodium Taco Seasoning Mix,323,132,191,40.86687306501548
Professional Men's 3 In 1 Citrus Rush Shampoo + Conditioner + Bodywash,72,37,35,51.388888888888886
Genuine Brewed Rice Vinegar,2144,258,1886,12.033582089552239
2X Protein Original Cream Cheese Spread,74,22,52,29.72972972972973
Orange Blossom White Tea,10,3,7,30.0
Traditional Rice Pudding,39,22,17,56.41025641025641
93% Lean Ground Turkey,995,529,466,53.16582914572864
Power & Free Multi Purpose Cleaner,24,2,22,8.333333333333332
Red Beans & Rice Reduced Sodium Rice Mix,26,12,14,46.15384615384615
Organic Cashew Carrot Ginger Bisque,280,87,193,31.071428571428573
Smokestack Mixed Four,83,35,48,42.168674698795186
Deluxe Sharp Cheddar Macaroni & Cheese Dinner,192,101,91,52.604166666666664
Sesame Topped Hamburger Buns,798,286,512,35.83959899749373
Breast Tenders,157,86,71,54.77707006369427
Belgian White,185,89,96,48.10810810810811
Bean Assist Capsules,7,2,5,28.57142857142857
Breaded Chicken Nuggets Family Pack,537,311,226,57.91433891992551
Red Licorice,475,272,203,57.263157894736835
Indonesia Sumatra Silaban Village Coffee,172,96,76,55.81395348837209
Steakhouse Marinade,6,0,6,0.0
Organic Whole Vanilla Bean Beans,8,0,8,0.0
Diet Tonic Water,1928,1182,746,61.30705394190872
San Marzano Tomato,101,44,57,43.56435643564357
Lemon Peel Ginger Root,32,21,11,65.625
"Organic 2nd Foods Pouch - Pears, Carrots, & Peas",197,114,83,57.868020304568525
Pretzels Touch of Honey,99,64,35,64.64646464646465
Organic Stage 4 Green Bean Pear & Pea Baby Food,3715,2175,1540,58.546433378196504
Salted Butter Half Sticks,1584,616,968,38.88888888888889
Dominican Chocolate Bar,3,1,2,33.33333333333333
"Fluoride Whole Care Peppermint, Gel Toothpaste",134,40,94,29.850746268656714
Organic Uncured Sliced Black Forest Ham,11747,7518,4229,63.99931897505746
Perfect Cube Trays For Classic Cocktails,4,0,4,0.0
Thin Ultra Always Ultra Thin Regular Pads With Wings 18 count Feminine Care,237,41,196,17.29957805907173
Sriracha Chili Sauce,4189,1096,3093,26.163762234423487
"Cat Food, Gourmet Gold Filet Mignon",8,3,5,37.5
"Juice, Original + Honey, Exposed, Pulp Free",19,5,14,26.31578947368421
Cool Moisture Body Wash Twin Pack,24,7,17,29.166666666666668
Butter And Pure Ocean Sea Salt Crunchy Popcorn,152,77,75,50.6578947368421
Singles Pepperoni French Bread Pizzas,368,213,155,57.88043478260869
Organic Mung Beans,499,209,290,41.883767535070135
Fat Free Cream Cheese,691,413,278,59.7684515195369
Guac-A-Mole Corn Tortilla Chips,83,63,20,75.90361445783132
"Casual Foam Plates, 8.875\""",9,5,4,55.55555555555556
"Real Vegetable Chips, Tropical",49,8,41,16.3265306122449
Smartwater® Vapor Distilled Water,311,191,120,61.41479099678456
Cream Top Smooth & Creamy Vanilla Yogurt,6045,4334,1711,71.69561621174523
Organic Spring Mix With Herbs,25,15,10,60.0
100% Natural No Salt Added Tomato Sauce,445,179,266,40.2247191011236
Sesame Roasted Seaweed Snacks,2899,1772,1127,61.12452569851673
Diet Cranberry Juice,96,69,27,71.875
Organic Teas Premium Japanese Green - 16 CT,289,128,161,44.29065743944637
Natural High Fiber Oat Bran Cereal,23,13,10,56.52173913043478
Tall Kitchen 13-Gallon Drawstring Bags,34,4,30,11.76470588235294
Cheese Danish Twist,188,111,77,59.04255319148937
Garlic Parmesan Pretzel Thins,47,25,22,53.191489361702125
Whole Wheat Sourdough,1893,1223,670,64.60644479661912
Crystal Fresh Drinking Water,84,60,24,71.42857142857143
Kosher Recipe Secrets Noodle Soup - 2 CT,52,12,40,23.076923076923077
Whole Caraway Seed,31,9,22,29.03225806451613
Hot Caramel Topping,68,17,51,25.0
Vanilla Iced Coffee Concentrate,323,167,156,51.702786377708975
"Stage 2 Spinach, Apple & Kale",1453,845,608,58.155540261527875
Coconut and Milk Frozen Fruit Bar,29,8,21,27.586206896551722
Gluten Free Ivory Teff Gourmet Wraps,50,6,44,12.0
Low Sodium Medium Premium Enriched Egg Noodles,115,20,95,17.391304347826086
French Vanilla Joy Candle,190,99,91,52.10526315789473
Intensive Moisture Aloe Vera Shampoo,44,8,36,18.181818181818183
Restaurante Style Blue Corn Premium Tortilla Chips,32,19,13,59.375
Original Mild Taco Sauce,478,164,314,34.30962343096235
Coconut Creme Cookies,5,3,2,60.0
Original Powder Laundry Detergent,117,56,61,47.863247863247864
Organic Chocolate Protein Shake,435,259,176,59.54022988505747
Tomato Basil Organic Pasta Sauce,35,14,21,40.0
Granola Banana Nut,27,5,22,18.51851851851852
Original Dark Rum,5,1,4,20.0
"Organic Whole Wheat Pie 9\"" Shells 2 ct",542,190,352,35.05535055350554
Slow Roasted Lightly Seasoned Chick'n,313,188,125,60.063897763578275
Duel Action Honey Lemon Cough Drop,286,45,241,15.734265734265735
Burp Less Fish Oil 1200mg Liquid Softgels,11,0,11,0.0
Raw Meal Packet Vanilla,19,3,16,15.789473684210526
Cheddar Quinoa Chips,703,469,234,66.71408250355618
"Indoor Floodlight, Soft White, 65W Light Bulb",33,9,24,27.27272727272727
Gluten Free Brown Rice Bread,873,447,426,51.20274914089347
2% Chocolate Milk,1939,1474,465,76.01856627127385
Napa Valley Chardonnay,4,0,4,0.0
Almond Cream and Hibiscus Body Wash,6,1,5,16.666666666666664
Montauk Soft Baked Milk Chocolate Cookies,1412,735,677,52.05382436260623
Picante Tomato Cocktail Juice,86,36,50,41.86046511627907
Organic Sweet Pea Sprouts,344,160,184,46.51162790697674
White Cheddar Jalapeno Gourmet Popcorn,795,448,347,56.35220125786164
Umcka ColdCare Soothing Syrup Cherry,46,25,21,54.347826086956516
Color Preserve Volume Shampoo,41,19,22,46.34146341463415
Peach Apricot Preserves,6,2,4,33.33333333333333
Liquid Chlorophyll 100 mg,4,0,4,0.0
Almond Cookie Pow Wow Energy Bar,43,14,29,32.55813953488372
Organic Lentil Soup,3991,2171,1820,54.39739413680782
Flame Grilled Beef Patty,79,28,51,35.44303797468354
White Honey Smoked 95% Fat Free Turkey,4,0,4,0.0
Daura Gluten Free,7,3,4,42.857142857142854
Gillette Venus Embrace Sensitive Women's Razor Blade Refills,95,29,66,30.526315789473685
Love Crunch Dark Chocolate And Peanut Butter Granola,787,563,224,71.53748411689962
NUT-rition Heart Healthy Mixed Nuts,124,55,69,44.354838709677416
Waxed Unflavored Floss,43,14,29,32.55813953488372
Organic 1% Milk,4887,3659,1228,74.87210967873952
Tarragon,426,46,380,10.7981220657277
Passover Crackers Garlic Tam Tams,5,1,4,20.0
DGL Licorice Root Extract,9,2,7,22.22222222222222
Pomegranate on the Bottom Non-Fat Greek Yogurt,2102,1379,723,65.60418648905804
"Tempeh, Sesame Garlic",32,12,20,37.5
Citrus 'n Ginger Dressing & Sauce,4,1,3,25.0
In the Pod Edamame Soybeans,156,81,75,51.92307692307693
Triple Ginger Cookies,59,15,44,25.423728813559322
Sugar Free 70%Dark Chocolate,6,1,5,16.666666666666664
Day Break Chocolate Hazelnut Morning Snack/Light Breakfast Bars,13,8,5,61.53846153846154
Spiced Chai Black Tea,29,11,18,37.93103448275862
"Ginger, Lightly Dried",37,3,34,8.108108108108109
Disinfecting Multi-Surface Cleaner Lemongrass Citrus Scent,1539,470,1069,30.539311241065626
Chocolate Chip Crunchy Cookies,104,52,52,50.0
Enriched Farina Hot Cereal,538,129,409,23.977695167286246
Organic Sunny Chocolate Candy Bar,12,5,7,41.66666666666667
Sweet & Spicy Bourbon Boneless Chicken Wyngz,8,1,7,12.5
Cherry Vanilla Nonfat Yogurt,20,12,8,60.0
Original Wasabi Sauce,26,15,11,57.692307692307686
Tricky Trainers Cheddar Flavor Chewy Dog Treats,24,5,19,20.833333333333336
Pure Nourishment Coconut Milk & Almond Oil Razor Kit,34,5,29,14.705882352941178
Buffalo Mozzarella Cheese Bocconcini,16,5,11,31.25
Meatless Vegan Jerky  Seitan Teriyaki,205,83,122,40.487804878048784
Fine Ground Vital Mineral Blend,157,40,117,25.477707006369428
Amber Incense Stick,26,9,17,34.61538461538461
Gallon Reclosable Storage Bags,31,11,20,35.483870967741936
Ibuprofen 200 mg Coated Tablets,18,4,14,22.22222222222222
Organic Sliced Bamboo Shoots,142,41,101,28.87323943661972
Clear Nasal Strips,14,4,10,28.57142857142857
Powder Power Dry Shampoo for All Hair Types,8,0,8,0.0
Organic Chickpea Miso,66,16,50,24.242424242424242
Organic Vanilla Almond Chia Vitality Granola Clusters,138,71,67,51.449275362318836
Rustic Alpine,55,25,30,45.45454545454545
Vanilla Candiquik Candy Coating,11,7,4,63.63636363636363
Oat & Ancient Grain Cereal,73,32,41,43.83561643835616
Biotin 1000 mcg Vcaps Capsules,12,2,10,16.666666666666664
Fresh Goat Cheese Classic,924,414,510,44.8051948051948
Chipotle Strips Seitan,470,259,211,55.1063829787234
Restoraderm Skin Restoring Body Wash,11,3,8,27.27272727272727
Antibac Bamboo All Purpose Cleaner,360,66,294,18.333333333333332
Special Cocoa Spread,34,27,7,79.41176470588235
Quilted Napkins Signature Prints,143,56,87,39.16083916083916
Milk & Honey Bread,40,29,11,72.5
Tangy BBQ Sauce,32,2,30,6.25
Gut Shot Classic,392,220,172,56.12244897959183
Veggie Loaf & Mashed Potatoes Entrée,859,494,365,57.50873108265425
Thai Chile Tamarind BBQ Sauce,9,3,6,33.33333333333333
Vegetable Classics 99% Fat Free Lentil Soup,159,60,99,37.735849056603776
Opium Flower Incense of Auroville,7,1,6,14.285714285714285
Colorsilk Medium Brown Hair Color,10,5,5,50.0
Lean Fare Chicken Tikka Masala,54,15,39,27.77777777777778
Cream Cheese Streusel Cakes,9,3,6,33.33333333333333
Organic Matcha Green Tea,197,51,146,25.888324873096447
RichWhip Non-Dairy Topping Lactose Free,61,26,35,42.62295081967213
Sweet Dreams Fabric Softener Dryer Sheets,121,25,96,20.66115702479339
Jumbo Marshmallows,68,22,46,32.35294117647059
Marscarpone Fresca,44,5,39,11.363636363636363
Cilantro Lime Ranch Dressing,7,0,7,0.0
"Taquitos, Large, Corn Tortilla, Chicken Style",277,125,152,45.12635379061371
Small Bone,16,6,10,37.5
Variety Pack Tea Sampler,11,0,11,0.0
Rosemary Bath & Shower Gel,19,8,11,42.10526315789473
Organic Leek,19671,10227,9444,51.99023943876773
"Total Care Anticavity Fluoride Mouthwash, Icy Clean Mint",72,22,50,30.555555555555557
"3\"" Palm Wax Pillar Candle",5,0,5,0.0
In Oil Lightly Smoked Sardines,49,21,28,42.857142857142854
Sliced Polish Ham,70,37,33,52.85714285714286
Unsweetened 100% Cacao Baking Chocolate,402,105,297,26.119402985074625
Lavender Oil,89,15,74,16.853932584269664
To-Go Chocolate Protein Shake,38,22,16,57.89473684210527
100% Coconut Water,27,17,10,62.96296296296296
Organic Baby Carrot Bag,34,6,28,17.647058823529413
Lemon Lime Soda Mini Cans,184,73,111,39.67391304347826
Organic Cocomels Vanilla,11,5,6,45.45454545454545
Organic Sesame Ginger Vinaigrette Dressing,477,162,315,33.9622641509434
Pure Lemon Juice,4372,2509,1863,57.387923147301
Butter Puffcorn,29,21,8,72.41379310344827
Ground Nutmeg,603,30,573,4.975124378109453
Buffalo Chicken Wings,783,355,428,45.338441890166024
Less Sodium Teriyaki Marinade & Sauce,206,32,174,15.53398058252427
Carnation Evaporated Milk,186,63,123,33.87096774193548
Angel Soft 1pk 75ea Facial Tissue,13,4,9,30.76923076923077
Yogurt Yokids Squeezers,198,114,84,57.57575757575758
Naturals Flushable Moist Wipes Tush Wipes,29,12,17,41.37931034482759
Solar D Gems Vitamin D3 4000 IU,6,0,6,0.0
Easy Squeeze Minced Garlic,39,1,38,2.564102564102564
Peppermint Bark Cool Winter Herb Tea,17,2,15,11.76470588235294
Black Currant Flavor Natural Stress Relief Pastilles,114,49,65,42.98245614035088
Blood Orange Juice,502,322,180,64.14342629482071
Chocolate Whole Grain Graham Snacks Bunny Grahams,2098,1064,1034,50.71496663489037
Colored Beeswax Birthday Candles,69,3,66,4.3478260869565215
Milk Chocolate Kisses,358,167,191,46.64804469273743
Burgers Garden Veggie,90,39,51,43.333333333333336
Light Pancake Syrup,64,18,46,28.125
Stainless Steel Measuring Cup Set,10,0,10,0.0
Organic Chicken Drumsticks,1378,636,742,46.15384615384615
White Paper Towel Roll,81,46,35,56.79012345679012
Sweet Pickle Relish,218,45,173,20.642201834862387
Organic Original Chewy Banana Bites,44,16,28,36.36363636363637
Holiday Blend Dark Roast Ground Coffee,24,4,20,16.666666666666664
"Powerplant Pineapple, Spinach, Ginger & Turmeric Yogurt Protein Drink",131,83,48,63.358778625954194
Cantina Traditional Tortilla Chips,1002,527,475,52.59481037924152
"Ravioli, Butternut Squash",114,50,64,43.859649122807014
Baby Bee Face & Hand Cloths,127,65,62,51.181102362204726
Clear Face Break Out Free Liquid Lotion Sunscreen Spf 30,13,1,12,7.6923076923076925
Key Lime Juice,77,14,63,18.181818181818183
Grain Free Chicken Carrots & Peas Ground Wet Dog Food,119,74,45,62.18487394957983
Special K Sour Cream & Onion Cracker Chips,106,55,51,51.886792452830186
French Roast Dark Roast Coffee K- Cups,219,134,85,61.18721461187214
Sun-Dried Tomato Basil & Cheese Pesto,10,0,10,0.0
Farmers Market Marinara Sauce,29,10,19,34.48275862068966
Organic Blood Orange Sparkling Beverage,129,61,68,47.286821705426355
Organic Stomach Ease Tea Bags,310,67,243,21.612903225806452
Fancy Shredded Cheese Italian Blend,1118,512,606,45.796064400715565
Diet The Original Cream Soda,352,237,115,67.32954545454545
MotionSense Invisible Solid Sheer Powder Anti-Perspirant & Deodorant,13,4,9,30.76923076923077
Nutz Over Chocolate,3042,2175,867,71.49901380670612
Get Some Zzz's No.5 Red Tea,38,6,32,15.789473684210526
Large Shower Cap,5,0,5,0.0
31% Cacao Salted Caramel Milk Chocolate,15,11,4,73.33333333333333
Alcohol Free Toner,34,3,31,8.823529411764707
Keurig Espresso K Cups,55,23,32,41.81818181818181
Lapsang Souchong Black Tea,10,3,7,30.0
Mandarin Orange Segments in Light Syrup,203,102,101,50.24630541871922
Skullcap Extract,4,1,3,25.0
Just Pomegranate Juice,302,164,138,54.3046357615894
Unscented Disposable Dusters Refills,313,71,242,22.683706070287542
Low Fat Minty Chocolate Chip Organic Frozen Yogurt,872,517,355,59.28899082568807
Special Dark Mildly Sweet Full Size Chocolate Bar,36,10,26,27.77777777777778
Klassic Onion Buns 8 ct,171,96,75,56.14035087719298
California Sourdough Bread,7177,4979,2198,69.37439041382193
Ultra Strong Unscented 2-Ply Bathroom Tissue,965,456,509,47.25388601036269
Eucalyptus Peppermint Scented Body Lotion,6,0,6,0.0
Chopped Spinach,8559,3840,4719,44.86505432877673
Organic Chunky Tomato Sauce,429,120,309,27.972027972027973
House Blend Medium Roast Coffee Single Serve Cups,25,12,13,48.0
Wing Sauce,21,4,17,19.047619047619047
13 Gallon Tall Kitchen Bags,34,7,27,20.588235294117645
Vanilla Milk Chocolate Almonds All Natural Ice Cream Bars,284,140,144,49.29577464788733
Medium Fire Roasted Salsa,32,10,22,31.25
Vegetable Bouillon,82,9,73,10.975609756097562
Dark Chocolate with Blueberries Bar,104,60,44,57.692307692307686
Smooth & Silky Dandruff Shampoo,16,4,12,25.0
Unsweetened Organic Drinking Chocolate,12,4,8,33.33333333333333
Napa Valley Zinfandel Wine,9,3,6,33.33333333333333
Passion Fruit On The Bottom Greek Yogurt,579,431,148,74.43868739205527
Oatmeal Chocolate Chip Cookie Mix,216,64,152,29.629629629629626
Ultimate Flora RTS Women's Probiotic 15 Billion Cultures Delayed Release Vegetarian Capsules,172,36,136,20.930232558139537
IcyHot Medicated Spray,12,0,12,0.0
Mixed Berry Strawberry Kiwi Black Cherry Fruit Bars,306,134,172,43.790849673202615
Skin Oil,90,15,75,16.666666666666664
High pH 9+ Alkaline Ionized Water,137,95,42,69.34306569343066
Refining Vitamin A and Glycolic Cleanser,13,3,10,23.076923076923077
Watermelon Spears,178,99,79,55.61797752808989
Pineapples,109,46,63,42.201834862385326
Long Grain & Wild Rice,256,136,120,53.125
Lasagna Pasta,175,46,129,26.285714285714285
Sensitive Skin Bodywash Unscented,27,14,13,51.85185185185185
Mostaccioli Rigati,6,2,4,33.33333333333333
Unfrosted Strawberry Pop Tarts,255,120,135,47.05882352941176
Organic Vanilla Grassmilk Yogurt,274,79,195,28.832116788321166
Original Corn Bread Mix,54,19,35,35.18518518518518
Chives,2771,1097,1674,39.588596174666186
Bubble Bath Gentle for Babies & Up Coconut Strawberry,69,10,59,14.492753623188406
"Chili, Organic, Vegetarian, Great Northern & Barley",16,11,5,68.75
Saltine Cracker Rounds with Whole Grain Topped with Sea Salt,45,28,17,62.22222222222222
Sheer Volume Shampoo & Conditioner,4,2,2,50.0
Organic Corn Flakes Cereal Fruit Juice Sweetened,454,282,172,62.11453744493392
Tabasco Chipotle Pepper Sauce,635,199,436,31.338582677165356
"Juice Blend, Organic Vegetable, Greens & Orange",18,4,14,22.22222222222222
Cheese & Herb Pizza,543,342,201,62.98342541436463
Bedtime Moisture Wash™ Baby,12,0,12,0.0
Kuzu Root Starch,14,4,10,28.57142857142857
Soup and Oyster Crackers,44,9,35,20.454545454545457
Classic Peanuts,38,24,14,63.1578947368421
Georgia Pecan Pie,14,1,13,7.142857142857142
Gluten Free Blondies,23,13,10,56.52173913043478
Choo Leibniz Dark Chocolate Biscuits,54,40,14,74.07407407407408
Dgn Mlt Chk Brus 8.3 Z,52,9,43,17.307692307692307
PlusShot Strawberry Probiotic Juice Drink,1639,1121,518,68.39536302623551
Watermelon Tart Cherry Lemon Juice,16,7,9,43.75
Garlic Bread Sticks,31,13,18,41.935483870967744
Charbroiled Chicken & Monterey Jack Cheese Quesadillas,82,44,38,53.65853658536586
Pink Beauty Bar,103,34,69,33.00970873786408
Mountain Rain Liquid Laundry Detergent,39,8,31,20.51282051282051
Distilled Water,15871,11473,4398,72.28908071325058
Robusto! Parmesan & Romano Pasta Sauce,47,22,25,46.808510638297875
Pet Fresh Carpet Odor Eliminator + Oxi Clean Dirt Fighters,87,15,72,17.24137931034483
Coconut Chia Bar,4657,2551,2106,54.77775391883186
Flavor Full Buffalo Cauliflower,117,41,76,35.04273504273504
Quinoa & Leeks with Chicken + Tarragon Organic Baby Food,320,166,154,51.87500000000001
Organic Whole Ground Golden Flaxseed Meal,63,13,50,20.634920634920633
Men Motion Sense 48-Hour Antiperspirant,12,1,11,8.333333333333332
Blueberry on the Bottom Nonfat Greek Yogurt,6374,4474,1900,70.19140257295263
Original 7 Grain Sea Salt Pita Crisps,102,33,69,32.35294117647059
Ice Cream Cake Celebration,8,1,7,12.5
Oxylent Variety Pack Multivitamin Drink Packets,6,1,5,16.666666666666664
Clinical Strength Clear Gel Women's Deodorant - Ooh La La Lavender Scent,37,15,22,40.54054054054054
Kiwi Berry,5,2,3,40.0
Color Catcher® In-Wash Dye-Trapping Sheets,229,89,140,38.864628820960704
Inari,22,5,17,22.727272727272727
Organic Fire Roasted Red Pepper Dinner Sausage,1165,540,625,46.3519313304721
Fine Egg Noodles,39,18,21,46.15384615384615
Impressions Disposable 7 Inch Plates,39,22,17,56.41025641025641
"Sticky Notes 3\"" x 3\""",21,3,18,14.285714285714285
Sensible Portions Veggie Straws Ranch 7oz,186,111,75,59.67741935483871
"Fruit Spread, Chia, Strawberry, with Agave Syrup",13,1,12,7.6923076923076925
100% Organic Crushed Chili,19,1,18,5.263157894736842
Ultra Strong Tall Kitchen Citrus Twist,28,2,26,7.142857142857142
"Odor Rescue with Febreze Odor Defense In-Wash Laundry Booster Pacs, 9 loads Laundry Additives",4,0,4,0.0
Mac & Cheese,1166,501,665,42.96740994854203
Asiago & Cracked Peppercorn Dressing,74,22,52,29.72972972972973
Organic Cold Brew Coffee,783,622,161,79.43805874840358
Naturals Tube-Free Bathroom Tissue,31,10,21,32.25806451612903
3D White Gentle Routine Whitestrips,2,0,2,0.0
Restoring Conditioner,7,0,7,0.0
Original Fruit Candy,110,35,75,31.818181818181817
Chicken Flavor With Vegetables Ramen Noodles,80,47,33,58.75
Organic Energy Drink,168,125,43,74.40476190476191
Golden Delicious Apple,5175,3387,1788,65.44927536231884
Sharp Original Semisoft Cheese,854,476,378,55.73770491803278
Stonyfield Organic Oikos Greek Lowfat Yogurt Pineapple on the Bottom,50,18,32,36.0
Freezer Bags Gallon,25,2,23,8.0
German Quality Beer,24,4,20,16.666666666666664
Travel Neti Nasal Cleansing Pot,20,0,20,0.0
Shower Poof,41,3,38,7.317073170731707
Organix Chicken & Brown Rice Recipe,647,365,282,56.414219474497685
Small and Medium Clear Nasal Strips,15,5,10,33.33333333333333
Luxurious Volume Conditioner,36,21,15,58.333333333333336
"Fireworks Gain Fireworks Laundry Scent Booster Beads, Moonlight Breeze, 13.2 Oz Fabric Enhancers",6,3,3,50.0
Beef Ravioli in Tomato & Meat Sauce,788,407,381,51.649746192893396
Protein Zone Double Berry Juice Smoothie,887,456,431,51.40924464487034
Piercing Pils,5,1,4,20.0
Grenache Blanc,64,35,29,54.6875
Nutrish Grain Free Dog Food Turkey & Potato Recipe,86,47,39,54.65116279069767
Raspberry Fruit Spread,1054,313,741,29.69639468690702
Sweet Corn On The Cob,5355,2807,2548,52.41830065359478
18-in-1 Hemp Peppermint Pure-Castile Soap,18,1,17,5.555555555555555
Large Grade AA Eggs,6796,4115,2681,60.5503237198352
Carrot Pistachio & Tarragon Soup,124,40,84,32.25806451612903
Italian Herbs Organic Croutons,6,2,4,33.33333333333333
Laundry Stain Remover for Colors Foaming Action,7,0,7,0.0
2 Ply Wheat Straw Beverage Napkins,12,0,12,0.0
Prosciutto & Mozzarella Roll,4,0,4,0.0
Chessmen Cookies,767,414,353,53.976531942633635
Organic Grade B Maple Syrup,1569,623,946,39.7068196303378
Recharge Energizing Blood Orange Stimulant Energy Drink,16,10,6,62.5
Chow Mein Seasoning Mix,4,0,4,0.0
Buffalo Style Chicken Wings,183,81,102,44.26229508196721
Large Deep Dish Containers + Lids,459,93,366,20.26143790849673
Milled Flax Seed,30,4,26,13.333333333333334
Watermelon Ginger-Lime Juice Blend,230,91,139,39.565217391304344
Tuna,12,7,5,58.333333333333336
Small Rectangle Containers,93,16,77,17.20430107526882
Organic Cocktail Sauce,711,122,589,17.158931082981717
Instant Carpet Stain Remover,50,8,42,16.0
Traditional German Egg Noodles Spaetzle Farmer Style,61,6,55,9.836065573770492
Ultimate Petite Mixed Vegetables,975,487,488,49.94871794871795
Stoneground Deli Mustard,90,17,73,18.88888888888889
Toastable Apple Cinnamon Fruit & Grain Buns,1477,1048,429,70.95463777928232
Organic Free-Range Chicken Broth,913,313,600,34.28258488499452
Max Water Caplets,5,1,4,20.0
Essentials Creamy Mango & Hibiscus Body Wash,7,1,6,14.285714285714285
Organic Jasmine Pearl Green Tea Box,2,0,2,0.0
Fat Free Mozzarella,40,15,25,37.5
Paleo Bread Made with Coconut,497,138,359,27.76659959758551
Tamarind Paste,359,33,326,9.192200557103064
"Chicken Tandoori, with Spinach",176,80,96,45.45454545454545
Cherry Chocolate Chunk,101,37,64,36.633663366336634
"Vitamin D-3, 1,000 IU, Softgels, Bottle",40,3,37,7.5
Chocolate Peanut Crisp Protein Bar,584,421,163,72.08904109589042
Probiotic Banana Dates Cashew Milk,622,451,171,72.508038585209
Marinara Sauce,19998,12521,7477,62.611261126112616
Power Up Greens Spring Mix & Greens,133,60,73,45.11278195488722
Popped Corn Just The Cheese Corn,405,201,204,49.629629629629626
Large Rings Dry Pasta,27,8,19,29.629629629629626
Sandalwood,25,4,21,16.0
Edy's Fudge Tracks Slow Churned Ice Cream,44,14,30,31.818181818181817
2.5 qt Glass Mixing Bowl,6,1,5,16.666666666666664
Children's Dha 250 mg,16,3,13,18.75
Super Natural Organic Whole Milk,2179,1759,420,80.7251032583754
Strawberry Lemonade Vodka,10,2,8,20.0
Parmesan Cheese Shreds,891,369,522,41.41414141414141
Cold Remedy No Drip Nasal Spray,11,1,10,9.090909090909092
Fancy Feast Classic Cat Food with Chicken Vegetables & Whitefish,21,16,5,76.19047619047619
Blue Sparkle Fresh Scent Liquid Fabric Softener,208,86,122,41.34615384615385
Original Ultra Concentrated Dish Soap,65,20,45,30.76923076923077
Chocolate Caramel Cashew Trail Mix,15,5,10,33.33333333333333
Organic Fennel Bulb,20,1,19,5.0
NutriStart Multivitamin Powder for Infants & Toddlers,34,8,26,23.52941176470588
"Toothpaste, Fluoride Free, Whitening, Cool Mint Gel",154,58,96,37.66233766233766
Reg; Organic Balsamic Vinegar Of Modena 16 Fl Oz,11,0,11,0.0
"Taco Seasoning, Fish",163,34,129,20.858895705521473
Made Vitamin D3 2000 I.U,12,5,7,41.66666666666667
Organic Whole Grain Germinated Brown Rice,69,20,49,28.985507246376812
Food Grade 3% Hydrogen Peroxide,31,3,28,9.67741935483871
Everyday Shea Lemon & Lavender Conditioner & Detangler For Babies And Up,53,6,47,11.320754716981133
Organic Premium Tomato Paste,4091,1295,2796,31.654852114397457
Italian Herb Flatbread Wraps,104,45,59,43.269230769230774
Super V Berry Fruit & Vegetable Juice Drink,8,1,7,12.5
Spongebob Squarepants Go Gurt Strawberry & Cotton Candy Low Fat Yogurt Value Pack,15,5,10,33.33333333333333
With Rice Gumbo Mix,21,8,13,38.095238095238095
Pure Baking Soda,7952,1805,6147,22.698692152917506
French Onion Snack Dip,27,6,21,22.22222222222222
100% Natural Sweetener Zero Calorie Packets,762,348,414,45.66929133858268
Mozzarella Marinated Ciliegine,4,0,4,0.0
Kiev Breaded Raw Stuffed Chicken Breasts,136,67,69,49.26470588235294
Bathroom Tissue Double Rolls,1872,1029,843,54.96794871794872
Ginger Frozen Yogurt,28,17,11,60.71428571428571
Sheer Strips Adhesive Bandages,56,2,54,3.571428571428571
Chunky Monkey® Ice Cream,583,265,318,45.45454545454545
Paper Plates,302,147,155,48.675496688741724
Decaf Chai Tea,11,1,10,9.090909090909092
"Fresh Frozen Strawberries, Blueberries & Cherries with Kale",375,204,171,54.400000000000006
Brown Rice & Vegetables Bowl,1052,523,529,49.71482889733841
Fat Free Whipped Topping,530,263,267,49.62264150943396
100% Mountain Spring Water,5,0,5,0.0
Fresh Gourmet Butter & Garlic Premium Croutons,212,73,139,34.43396226415094
Premium Brown Rice,29,12,17,41.37931034482759
Y Shaped Peeler,11,0,11,0.0
Original Hawaiian Sweet Rolls,2415,1488,927,61.61490683229813
Premium White Chunk In Water Chicken Breast,63,28,35,44.44444444444444
Nourish+ Moisturize Conditioner,91,23,68,25.274725274725274
Shampoo,29,5,24,17.24137931034483
Organic Wildberry Yogurt,1062,612,450,57.6271186440678
Organic Maitake Frondosa Mushrooms,106,38,68,35.84905660377358
Baby Corn Vegetable Trio,3,0,3,0.0
Sheep Milk Vanilla Yogurt,1237,927,310,74.93936944219887
Peppermint Mocha Liquid Coffee Creamer,917,575,342,62.70447110141767
Baked Chicken Breast,274,136,138,49.63503649635037
Lindor Extra Dark Chocolate Truffles,78,47,31,60.256410256410255
Premium 7 Sources Oil Blend,20,13,7,65.0
SPF 50 Sun Shield Clear Stick,8,0,8,0.0
"Soap, Raw Shea Butter",60,22,38,36.666666666666664
Chicken Hearts & Liver Feast in Grilled Chicken Flavor Gravy Cat Food,194,143,51,73.71134020618557
Organic Pear Nectar,35,25,10,71.42857142857143
Uncured Turkey Salami,96,38,58,39.58333333333333
Chilies & Cherries in Dark Chocolate,290,171,119,58.9655172413793
Long Grain Natural Brown Rice,227,115,112,50.66079295154186
Organic Golden Flax Seed & Raw Organic Antioxidant Fruit,6,2,4,33.33333333333333
2nd Foods Pear Zuchini Corn,66,29,37,43.93939393939394
Creamy Tropical Coconut Body Wash,52,15,37,28.846153846153843
Roast Chicken Flavor Ramen Noodle Soup,177,71,106,40.11299435028249
Swaddlers Baby Diapers Jumbo Pack - Size 3,128,49,79,38.28125
Dark Chocolate Whey Protein Dietary Supplement,68,44,24,64.70588235294117
Smoked Pork Hocks,13,0,13,0.0
Snug & Dry Size 5 Diapers,66,28,38,42.42424242424242
Cheddar Broccoli Rice,88,33,55,37.5
Gentle Skin Cleanser for All Skin Types,295,85,210,28.8135593220339
100% Carrot Juice,1479,973,506,65.78769438810006
Oh Natural Powder Protein Smoothie,102,42,60,41.17647058823529
"10\"" Square Summer Plates",5,1,4,20.0
Organic Hand & Body Shikakai Soap Lemongrass & Lime Scented,29,6,23,20.689655172413794
Almond Crunch,104,55,49,52.88461538461539
Zero Calorie Cherry Cola,1187,796,391,67.0598146588037
Creamy milk chocolate with crisped rice. Chocolate Candy bar,67,42,25,62.68656716417911
Ancient Grain Mango Almond Muesli,119,85,34,71.42857142857143
Big Daddy IPA,140,78,62,55.714285714285715
go fresh Cool Moisture Beauty,164,39,125,23.78048780487805
Sweet & Salty Salted Caramel Pretzel Pieces,25,12,13,48.0
Facial Oil,8,0,8,0.0
Men MotionSense Active Shield Antiperspirant and Deodorant,14,1,13,7.142857142857142
Green Thunder Liquid Water Enhancer,58,27,31,46.55172413793103
Organic Peanut Butter Flavor Dog Cookies,105,29,76,27.61904761904762
Platinum Premium Lubricant,6,1,5,16.666666666666664
Mississippi Delta Tomato Basil Soup Mix,6,1,5,16.666666666666664
Blackberry Walnut Jam,8,3,5,37.5
Organic Sweetened Almond Milk,624,399,225,63.942307692307686
Roasted Jumbo Virginia Peanuts,9,1,8,11.11111111111111
Blueberry Muffin,874,513,361,58.69565217391305
Organic Mulberries Raw,153,83,70,54.248366013071895
"Couscous, Israeli, Traditional",68,32,36,47.05882352941176
"Artichoke Hearts, Count 10-12, Medium Size",10,3,7,30.0
Rice Pudding With Cinnamon,8,2,6,25.0
Antibacterial Liquid Hand Soap Fresh Citrus,34,12,22,35.294117647058826
PREMIUM Infant Formula Powder,132,75,57,56.81818181818182
Classic Vegetables Crinkle Cut Carrots,45,21,24,46.666666666666664
The People's Pickle Garlic Dill Pickle Slices,214,68,146,31.775700934579437
Men+Care Cool Silver Antiperspirant Deodorant,11,3,8,27.27272727272727
Pb 'N J Sandwich Crackers,8,1,7,12.5
"Slow Churned Ice Cream, Peanut Butter Cup, Light",126,53,73,42.06349206349206
Organic Pine Nuts,1945,699,1246,35.93830334190231
Cinnamon Raisin Oat Bar,280,177,103,63.21428571428571
Lavender Organic Hand Sanitizer,139,51,88,36.69064748201439
Sourdough Sandwich Rolls,152,61,91,40.131578947368425
Air Chilled Boneless Chicken Breast,76,27,49,35.526315789473685
Envirokidz Peanut Choco Crispy Rice Bars,88,29,59,32.95454545454545
Organic Strawberry Lemonade Kombucha,49,24,25,48.97959183673469
Sea Salt Vegetable Chips,155,100,55,64.51612903225806
Genovese Pesto,139,42,97,30.215827338129497
Quesadilla Shredded Cheese,70,22,48,31.428571428571427
Bacon Mac & Cheese,16,3,13,18.75
Chicken Cooking Stock,612,209,403,34.150326797385624
Zesty Orange C Lozenges,43,17,26,39.53488372093023
Spirited Prints Full Sheet Regular Roll Paper Towels with Thirst Pockets,16,1,15,6.25
"Ibuprofen 200mg, Pain Reliever and Fever Reducer",10,2,8,20.0
Organic Blueberry Lowfat Yogurt,544,331,213,60.845588235294116
Baby Powder With Aloe & Vitamin E,30,6,24,20.0
Head and Shoulders Green Apple 2-in-1 Dandruff Shampoo + Conditioner,10,3,7,30.0
Air Effects Allergen Reducer,16,2,14,12.5
Gentle Glide 360° Unscented Super Absorbency Tampons,15,5,10,33.33333333333333
Vintner's Reserve Chardonnay,490,241,249,49.183673469387756
Beneful Healthy Weight with Real Chicken,233,142,91,60.94420600858369
Pro Health Stages Kids Toothpaste featuring Disney Princess with Disney MagicTimer App,67,14,53,20.8955223880597
Deep Sleep Softgel,13,5,8,38.46153846153847
13 Gallon Recycled Trash Bags,213,72,141,33.80281690140845
Whole Grain Seeded Large Hamburger Buns,61,18,43,29.508196721311474
Cranberry Apple Juce,5,0,5,0.0
Kitten & Adult Select Cuts Chicken Chunks Cat Food,118,81,37,68.64406779661016
Bacon Mousse,4,0,4,0.0
Relaxing Lavender Mineral Bath,151,57,94,37.74834437086093
Ravioli with Roasted Vegetables and Butternut Squash,14,3,11,21.428571428571427
Birthday Candle Numeral 5,8,0,8,0.0
Organic Unbleached All-Purpose Flour,9292,3240,6052,34.86870426173052
"Ginger, Pickled Sushi",809,230,579,28.43016069221261
Honeysuckle Scented Fabric Softener,21,3,18,14.285714285714285
Seasoned Shredded Beef in Original BBQ Sauce,33,12,21,36.36363636363637
Dark Chocolate Nutrition Shake,77,54,23,70.12987012987013
Natural Rice Vinegar,6,0,6,0.0
Crinkle Fries,13,6,7,46.15384615384615
Spicy Pickled Okra,8,3,5,37.5
Pure-Castile 18-in-1 Hemp Lavender Soap,31,2,29,6.451612903225806
Big Cup Peanut Butter Lovers Cup,40,31,9,77.5
Chili Tex-Mex Seasoning Mix,26,6,20,23.076923076923077
Baby Food Stage 2 Sweet Potato Mango & Millet,710,399,311,56.19718309859155
Large 9-Pc. Sewing Kit,7,0,7,0.0
Mountain Breeze Ultra Liquid Laundry Detergent,88,36,52,40.909090909090914
Real Sugar Vanilla Pepsi,11,6,5,54.54545454545454
Freeze Dried Organic Peas,116,52,64,44.827586206896555
Portabella Mushroom Caps,425,210,215,49.411764705882355
All-Natural 100% Whole Grain 5 Grain Cereal,16,4,12,25.0
Veggie  Breakfast Patties,171,87,84,50.877192982456144
Sea Salt Chickpeas,413,180,233,43.583535108958834
Sea Scallops,11,2,9,18.181818181818183
Light Brown Sugar,13354,3680,9674,27.55728620638011
Walnut Halves,44,10,34,22.727272727272727
"Tuna, Wild Albacore",61,25,36,40.98360655737705
Orange,1504,843,661,56.05053191489362
Veri Veri Teriyaki Marinade & Sauce,3040,1109,1931,36.48026315789474
Ibuprofen Liquid Gel Capsule NSAID,8,2,6,25.0
Organic Extra Large Brown Eggs,9564,6515,3049,68.12003345880385
Liver & Chicken Dinner Classic Pate Cat Food,414,282,132,68.11594202898551
Chocolate Mochi Ice Cream,299,147,152,49.163879598662206
"Royal Jelly in Honey (10,000 mg per Container)",13,3,10,23.076923076923077
Simply Salted French Velvet Grey Sea Salt Thick Cut Cripsbreads,17,7,10,41.17647058823529
"Toasted, Dark Chocolate Coated Coconut Chips",12,2,10,16.666666666666664
Chili With Beans,715,306,409,42.7972027972028
Kid’s Mickey and Minnie Soft Bristles Toothbrushes,11,0,11,0.0
Propane Camping Gas,32,14,18,43.75
Oreo Chocolate Candy Bar,6,1,5,16.666666666666664
Calcium Citrate Magnesium Plus,10,1,9,10.0
Organic Vanilla Bean Ice Cream,5892,2795,3097,47.43720298710115
Organic Baby French Beans,39,18,21,46.15384615384615
Enamel Strength Natural Peppermint Fluoride Toothpaste,123,33,90,26.82926829268293
Maple Arrowroot Cookies for Toddlers,33,14,19,42.42424242424242
Key Lime Bar Mix,4,0,4,0.0
"Instant Flour, Masa, Yellow Corn",4,0,4,0.0
Plates 10 1/16 inch 26 Ct,334,130,204,38.92215568862276
Wonder Pine Tar Soap,31,11,20,35.483870967741936
Ready Meals Three Cheese Alfredo,20,6,14,30.0
Chocolate Mint Miracle Tart,544,343,201,63.05147058823529
Gingersnap Cookies,9,3,6,33.33333333333333
Jamon Serrano Dry Cured Ham,874,392,482,44.8512585812357
"\""Constant Comment\"" Black Tea",62,20,42,32.25806451612903
Gourmet Vanilla Cream Soda,9,5,4,55.55555555555556
Pocket Pearl Regular/Super Tampons,16,4,12,25.0
Organic Whole Grain Red Beans & Rice Rice & Seasoning Mix,174,53,121,30.45977011494253
Light Beer,139,64,75,46.043165467625904
Deli Fresh Bold Blackened Turkey Breast,93,39,54,41.935483870967744
Cheesy Chicken and Broccoli Rice,157,99,58,63.05732484076433
"Creme Pie, Key Lime",25,7,18,28.000000000000004
California Ripe Pitted Medium Olives,83,42,41,50.602409638554214
Traditional Turkey Noodle Soup,31,13,18,41.935483870967744
Sweet Greens and Lemon Vegetable and Fruit Juice Blend,2111,1187,924,56.22927522501185
Genuine Strawberries 'n Crème Non Dairy Protein Shake,25,15,10,60.0
Premium Instant Mocha Hot or Iced Cappuccino,10,6,4,60.0
Peanut Butter Chocolate Chip Fruit & Nut Food Bar,7642,4756,2886,62.2350170112536
Outshine Lime Fruit Bars,758,414,344,54.61741424802111
Multigrain Croissants,9,1,8,11.11111111111111
Cream Cheese Danish,15,4,11,26.666666666666668
Red Quinoa,48,9,39,18.75
Pineapple Salsa,125,54,71,43.2
Organic Rice Probiotic Drink Blueberry,600,335,265,55.833333333333336
Vanilla Non Dairy Frozen Dessert Minis,1078,514,564,47.680890538033395
Steelbird Unoaked Chardonnay,10,2,8,20.0
Dried Young Coconut,110,57,53,51.81818181818182
Natrum Muriaticum 30 C,4,0,4,0.0
Boost Cherry Energy Drink,7,5,2,71.42857142857143
Jasmine Incense Sticks Fair Trade,6,0,6,0.0
RapidRise Yeast,497,95,402,19.114688128772634
"Cat Litter, Natural, Unscented",156,111,45,71.15384615384616
Medium Salsa,4161,2157,2004,51.83850036049027
Purrfect Delicacies Wet Cat Food Roasted Chicken & Tuna Entrée,10,4,6,40.0
Strawberry Shortcake Frosted Soft Cookies,5,1,4,20.0
Ocean Surf Deodorant,22,4,18,18.181818181818183
Organic Powerful Peanut Protein Bar,10,5,5,50.0
"Organic Protein Supplement, Plant Based, Hemp Pro Fiber",7,0,7,0.0
Coconut Milk Light,85,18,67,21.176470588235293
Clover Honey,891,303,588,34.00673400673401
Classic Coconut Bites,206,109,97,52.9126213592233
Plugins Scented Oil Warmer,203,31,172,15.270935960591133
Chia,42,6,36,14.285714285714285
White Meat Chicken And Shredded Beef Cat Food,99,69,30,69.6969696969697
Long Super Maxi With Wings,33,14,19,42.42424242424242
No Wings Maxi Super Pads,57,23,34,40.35087719298245
Chicken Fettuccine Alfredo Home Style Meals,59,33,26,55.932203389830505
Organic Dark Spicy Aztec Chocolate (55%) Bar,65,44,21,67.6923076923077
Alcohol Prep Pads,7,3,4,42.857142857142854
Endulge Peanut Caramel Cluster,46,21,25,45.65217391304348
Cookie Dough Ice Cream,343,123,220,35.8600583090379
Maca Root Capsules,29,4,25,13.793103448275861
0% Milkfat Greek Yogurt Honey,87,56,31,64.36781609195403
Blue Lake Fancy Cut Green Beans,14,3,11,21.428571428571427
Natural Simply Salted Microwave Popcorn,179,71,108,39.66480446927375
Men's Clean Confidence Deodorant,64,8,56,12.5
Premium Coffee Whole Bean Hazelnut Creme,11,5,6,45.45454545454545
Brownie Crunch Bar Dark Chocolate,203,97,106,47.783251231527096
Fish Oil Softgels,12,3,9,25.0
Classic Fried Chicken Frozen Dinner,268,137,131,51.11940298507462
Organic Hot House Tomato,7548,3267,4281,43.28298887122416
G Series Perform Glacier Cherry Sports Drink,642,370,272,57.63239875389408
Flatbread Pizza All Natural,1,0,1,0.0
Cranberry Raincoast Oat Crisps,576,243,333,42.1875
One Layer Mediterranean Style Sardines,44,25,19,56.81818181818182
Isaac Mizrahi 2-Ply White Facial Tissues,47,32,15,68.08510638297872
Cafe Solano Medium Roast Ground Coffee,45,13,32,28.888888888888886
Riserva Balsamic Vinegar & Caramelized Onions Sauce,4,0,4,0.0
Multi-Seed Original Crackers,3594,2163,1431,60.18363939899834
Spicy Salsa,377,221,156,58.620689655172406
Vanilla Bean Cocoa Butter Lip Balm,10,1,9,10.0
30 Gallon Trash Bags,74,15,59,20.27027027027027
Dairy-Free Cheddar Style Shreds,4748,2975,1773,62.65796124684078
Cranberry Ginger Shandy,25,6,19,24.0
Berry Clean Energy Drink,143,88,55,61.53846153846154
Maple & Brown Sugar High Fiber Instant Oatmeal,458,225,233,49.12663755458515
"Big Wave Golden Ale, Bottles",23,6,17,26.08695652173913
Natural Honey Throat Drops with Menthol & Eucalyptus Oil,25,4,21,16.0
Fleur de Sel,5,0,5,0.0
Pike Place Medium Roast Ground Coffee K-Cups,40,12,28,30.0
West Coast Double India Pale Ale Beer,20,10,10,50.0
Organic Currants,1119,317,802,28.328865058087576
Sharp Cheddar Thick Slices Cheese,5022,3361,1661,66.92552767821584
Sour Cream & Onion Potato Chips,6220,3505,2715,56.35048231511254
Celery Bunch,541,181,360,33.45656192236599
Elicoidali Pasta,24,16,8,66.66666666666666
Maxi Super Long Wrapped Pads,14,3,11,21.428571428571427
Maifun Rice Noodles,735,215,520,29.25170068027211
Electrolyte Water,3164,2420,744,76.48546144121366
Fusion Proglide Razor Trial Pack,14,0,14,0.0
Black Rice Tortillas,17,6,11,35.294117647058826
Aged Parmesan Cheese Sticks,1,0,1,0.0
Chakra Votive Candle Love,11,4,7,36.36363636363637
Set & Refresh Gain Island Fresh,14,0,14,0.0
Lemon Lime Essence,28,6,22,21.428571428571427
"Crawfish, Shrimp & Crab Boil",5,0,5,0.0
Air Freshener Crisp Waters Spray,25,8,17,32.0
"Popcorn, California Olive Oil",160,85,75,53.125
Rose Cleansing Milk,12,2,10,16.666666666666664
Plastic Food Wrap 500 sq ft,50,10,40,20.0
All Natural White Vinegar,1605,743,862,46.292834890965736
Kiku Apple,27,7,20,25.925925925925924
"Just Carrot, Corn & Pumpkin Stage 2 Baby Food",16,9,7,56.25
Grape Unsweetened Soft Drink Mix,105,55,50,52.38095238095239
Chocolate And Snicker Doodle Salted Chocolate Ice Cream Sandwich,106,31,75,29.245283018867923
Rapadura Whole Cane Sugar,26,5,21,19.230769230769234
Mulling Spice Mix,18,4,14,22.22222222222222
Ultimates Turtle Cookie Dough,64,15,49,23.4375
Purina Prime Filets With Chicken In Gravy Cat Food,236,133,103,56.355932203389834
Organic Black Chia Seed Superfood,220,47,173,21.363636363636363
Multi-Surface Concentrate Lemon Verbena,360,67,293,18.61111111111111
Lite Creamy Caesar Dressing,210,66,144,31.428571428571427
"Tender Moments, Salmon Flavor Cat Treats",3,1,2,33.33333333333333
Kipper Snacks Naturally Smoked,26,13,13,50.0
Grill Mates Less Sodium Montreal Chicken,11,2,9,18.181818181818183
3rd Foods Mixed Vegetables & Beef Dinner,7,4,3,57.14285714285714
Original Yogurt Caramel,34,21,13,61.76470588235294
Bernie's Farm Cheddar Crackers,427,196,231,45.90163934426229
Lavender Scent Glycerin Hand Soap,34,14,20,41.17647058823529
Tri-Color Penne Pasta,123,48,75,39.02439024390244
Toast Chee w/ Real Peanut Butter Sandwich Crackers,30,9,21,30.0
Tall Kitchen Flap Top 13-Gallon Bags,14,1,13,7.142857142857142
Coconut Juice With Pulp,5,0,5,0.0
Mo' Beta Fruit Smoothie Blend,575,398,177,69.21739130434783
Pink Himalayan Crystal Salt Caramel Bar,85,32,53,37.64705882352941
Multi Grain Sandwich Thins,1824,1129,695,61.89692982456141
Skillet Crisp Garlic & Herb Seasoned Tilapia,43,18,25,41.86046511627907
B 12 Liquid B Complex,38,3,35,7.894736842105263
Paleo Magazine,7,0,7,0.0
Light Coconut Milk,90,23,67,25.555555555555554
Women's Tablets Multivitamin/Multimineral Supplement,8,1,7,12.5
All American Salad,397,250,147,62.97229219143576
Ezekiel 4:9 Sprouted Grain Pasta Fettuccine,13,3,10,23.076923076923077
California Veggie Burger,2154,1005,1149,46.65738161559889
Aloe Vera Pomegranate + Cranberry Juice,109,42,67,38.53211009174312
Organic Apple Fuji 3 Lb Bag,177,84,93,47.45762711864407
Yogurt Honey Peanut Nutrition Energy Bars,52,34,18,65.38461538461539
All Natural Healthy Mouth Antiplaque & Tartar Control - Tea Tree Oil & Cinnamon,25,8,17,32.0
Habanero Salsa Hot,176,98,78,55.68181818181818
Purrfect Delicacies Wet Cat Food Variety,47,31,16,65.95744680851064
Original Ultra Concentrated Dish Liquid,6,1,5,16.666666666666664
Wild Rice Snack Sticks,28,14,14,50.0
Orange & Cream Frozen Dairy Dessert Bars,143,53,90,37.06293706293706
Sparkling Cucumber Soda,63,39,24,61.904761904761905
Cranberry Almond Granola Clusters,16,5,11,31.25
The Perfect Hot Sauce,18,7,11,38.88888888888889
Force Of Nature Red Paso Robles,8,3,5,37.5
"Cheese, Thin Sliced Muenster",424,226,198,53.301886792452834
Snacks Extra Sharp Cheddar Cheese Sticks,347,217,130,62.53602305475504
Margherite Combination Cookies,24,10,14,41.66666666666667
Natural Crackers,913,495,418,54.21686746987952
Immune System Support Blast of Vitamin C Assorted Fruit Flavors Dietary Supplement,67,39,28,58.2089552238806
Organic Elevate Juice Blend,118,55,63,46.61016949152542
Thin Sliced Provolone Cheese,592,309,283,52.195945945945944
Cashew Cookie,1498,700,798,46.728971962616825
Sugar Free Almond Biscotti,25,18,7,72.0
Bottle Soft Drink,11,6,5,54.54545454545454
Chicken Tortilla Soup,2747,1325,1422,48.234437568256276
Smoked Tomato Meatless Quarterloaf,70,34,36,48.57142857142857
Real Thai Tea Latte,6,1,5,16.666666666666664
White Corn Taco Shells,303,115,188,37.95379537953795
Traditional Chickarina Chicken Soup with Meatballs,252,123,129,48.80952380952381
"Sauce, Sweet Chilli",60,18,42,30.0
Max Hold Unscented Non Aerosol Hairspray,25,3,22,12.0
Aluminum Free Baking Powder,870,86,784,9.885057471264368
Squares Peppermint Bark Chocolate,12,2,10,16.666666666666664
All Natural Bergamot Lime Vegan Deodorant,17,2,15,11.76470588235294
Hard Boiled Eggs,564,359,205,63.652482269503544
Tahitian Vanilla Hazelnut Tea Bags,145,48,97,33.10344827586207
Chicken Ramen Noodle Soup,38,19,19,50.0
Cranberry Orange Oat Bar,107,64,43,59.813084112149525
Clean Carpet And Rug Cleaners,50,10,40,20.0
Sour Cream,21540,11458,10082,53.19405756731662
Wheat Dinner Rolls,31,7,24,22.58064516129032
Crimini (Brown) Mushroom,113,29,84,25.663716814159294
Organic 100% Grapefruit  Juice,1875,1229,646,65.54666666666667
Lemon Verbena Multi-Surface Everyday Cleaner,97,11,86,11.34020618556701
Revitalift Anti-Wrinkle + Firming Day Cream SPF 18,7,1,6,14.285714285714285
Stage 1 Newborn Hypoallergenic Liquid Detergent,677,392,285,57.90251107828656
Natural Peanut Butter With Flaxseed,1,0,1,0.0
"Magnesium Supplement, Sweet Lemon Flavor",35,3,32,8.571428571428571
"Sports Drink, Coconut Water, Orange-Mango",27,10,17,37.03703703703704
Balsamic Vinaigrette Dressing,1964,635,1329,32.33197556008147
Dunkin' Decaf Decaffeinated Medium Roast Ground Coffee,136,62,74,45.588235294117645
Oatmeal & Raisin Cookies,47,19,28,40.42553191489361
Pure Leaf Sweet Tea,78,37,41,47.43589743589743
"Danish Butter, Imported",293,183,110,62.45733788395904
Gomasio,88,27,61,30.681818181818183
All Natural Rosemary,20,1,19,5.0
Classic Guacamole Spicy Mix,35,6,29,17.142857142857142
Cheddar Bay Biscuit Mix,177,46,131,25.98870056497175
Southwest Salad Kit,502,263,239,52.39043824701195
Organic Figs,14,5,9,35.714285714285715
Cracker Barrel Vermont White Cheddar 2% Milk Reduced Fat Chunk Cheese,19,6,13,31.57894736842105
Oil Of Oregano,90,6,84,6.666666666666667
Chlorine Free Bleach,25,4,21,16.0
Cheese Fix Party Size,208,77,131,37.019230769230774
Multigrain,14,7,7,50.0
Strawberry Greek 100 Calories Yogurt,686,384,302,55.97667638483965
Natural Sliced Vermont Sharp White Cheddar Cheese,591,385,206,65.14382402707277
Grow & Gain Banana Shake,58,44,14,75.86206896551724
French Vanilla Sugar Free Liquid Coffee Creamer,3425,2406,1019,70.24817518248176
Cheesecake Brownie Ice Cream,246,67,179,27.235772357723576
Organic Smoked Turkey Breast,7314,4564,2750,62.40087503418103
Cucumber Hand Soap,9,1,8,11.11111111111111
Imported Light Beer,224,116,108,51.78571428571429
Mild Peach Salsa,96,34,62,35.41666666666667
Organic Chocolate Brownie Mix,474,135,339,28.48101265822785
Soft White 30/70/100 Watts 3 Way Light Bulbs,42,8,34,19.047619047619047
"Quinoa, Miso with Edamame & Scallions",8,1,7,12.5
Totrugal Black Beans,10,1,9,10.0
Flip Pure Strawberry Pure Whole Milk Greek Yogurt & Strawberries,7,0,7,0.0
Organic Apple Butter Spread,436,146,290,33.48623853211009
Raw Manuka 12+ 11oz,11,1,10,9.090909090909092
Green Apple Chips,97,25,72,25.773195876288657
Caesar Parmigiano Creamy Yogurt Dressing,397,130,267,32.7455919395466
Pop-Tarts Frosted Chocolate Chip,49,23,26,46.93877551020408
Rainbow Rotini Pasta,47,16,31,34.04255319148936
VIA Instant Latte Vanilla Latte Instant Coffee,60,29,31,48.333333333333336
Exotic Fruits White Zinfandel,4,0,4,0.0
Magic Eraser Cleaning Sponge 2ct. Surface Care,574,168,406,29.268292682926827
"Almond Coconut Bar, Organic",1568,908,660,57.90816326530612
"Jalapeño Slices, Delicatessen Style, Fresh Pack",18,7,11,38.88888888888889
Baby Kale Mix,1290,712,578,55.19379844961241
Coolmint® Antiseptic Mouth Wash,57,19,38,33.33333333333333
Lush Gardenia Bar Soap,38,14,24,36.84210526315789
Blue Cake Icing,8,2,6,25.0
Assorted Herbal Tea,233,97,136,41.63090128755365
Total Moisture Aloe Fresh Hydrating Lotion,26,7,19,26.923076923076923
Organic Oil & Vinegar Organic Dressing Organic,86,25,61,29.069767441860467
Free with Color Safe Brightener Liquid 2in1 Stain Fighter,39,10,29,25.64102564102564
Ultimate Care Probiotic Vegetarian Capsules,80,24,56,30.0
1% Chocolate Milk,618,450,168,72.81553398058253
Gluten Vital Wheat,139,15,124,10.79136690647482
Picante Wrap,13,8,5,61.53846153846154
"Super Glue, Gel, Blister Pack",11,1,10,9.090909090909092
All Natural Madagascar Vanilla Beans,30,0,30,0.0
Vanilla Pudding,335,129,206,38.50746268656716
Whole Grain Cereal,705,392,313,55.60283687943263
Fusilli No. 34,6773,3742,3031,55.2487819282445
Summer Sausage,56,22,34,39.285714285714285
Jalapeno Pepper,1788,921,867,51.51006711409396
Organic Icelandic Key Lime Yogurt,307,196,111,63.84364820846905
Peppered Turkey Bacon,1430,843,587,58.95104895104895
Coconut Flakes Cereal,228,131,97,57.45614035087719
Sweetener,66,27,39,40.909090909090914
Security Long Super Maxi Pads,58,17,41,29.310344827586203
Earl Grey Black Tea Bags,709,342,367,48.23695345557123
Italian Style Favorites Chicken Parmesan (White Meat Chicken and Tomatoes with Mozzarella Cheese Over a Marinara Sauce) Pizza,78,31,47,39.743589743589745
Light Flour Tortillas,238,124,114,52.10084033613446
Liquid Rock Deodorant Fragrance Free,44,14,30,31.818181818181817
Erasers Multi-Pack,7,1,6,14.285714285714285
Chicken Corn Chowder Pot Pie,50,12,38,24.0
Bosc Pears,664,399,265,60.09036144578314
Sport Sunscreen Stick SPF 55,4,0,4,0.0
ActiveDry Yeast,367,73,294,19.891008174386922
Greek Yogurt Ranch Dip,36,18,18,50.0
Carrot,731,311,420,42.54445964432285
Garlic Pepper,28,3,25,10.714285714285714
Organic Chili Spicy,734,365,369,49.72752043596731
Sweet Potato & Chicken Dinner,1412,597,815,42.28045325779037
Medium Pitted Olives,47,19,28,40.42553191489361
Fruit Punch & Berries 'n Cherries Fruit Snacks,140,63,77,45.0
"Body Lotion, Calming",28,6,22,21.428571428571427
Tea,466,127,339,27.253218884120173
Fancy Smoked Oysters,32,10,22,31.25
Granulated Sugar Canister,8,2,6,25.0
Sherry Vinegar,325,62,263,19.076923076923077
Fit Sea Salt Popcorn,11,4,7,36.36363636363637
Texas Garlic Toast,79,38,41,48.10126582278481
Smoky BBQ Sauce,97,26,71,26.804123711340207
Hamburger Buns Jumbo Sliced Enriched,30,14,16,46.666666666666664
Sriracha Hummus,13,4,9,30.76923076923077
Cold-Pressed Sweet Greens & Lemon Juice,1432,902,530,62.98882681564246
Mint Chocolate Chip,1376,707,669,51.38081395348837
Southwest Ranch Veggie Dip,30,14,16,46.666666666666664
Original Creamy SoyNut Butter,26,9,17,34.61538461538461
Triple Action X Soft Toothbrush,26,2,24,7.6923076923076925
Indian Aloo Mattar Wrap,684,341,343,49.853801169590646
Bliss Reduce Stress White Raspberry,61,40,21,65.57377049180327
Homestyle Beef Flavor Ramen Noodle Soup,124,71,53,57.25806451612904
Barrel Red Cabbage,6,0,6,0.0
"Milk Chocolate, Solid, Bunny",12,0,12,0.0
Kids Lemon Flavor Fish Oil,7,1,6,14.285714285714285
Lactose Free Chocolate Ice Cream,65,20,45,30.76923076923077
"Energy Drink, Natural",76,50,26,65.78947368421053
"Pupusas, Pinto Bean & Cheese",1366,754,612,55.19765739385066
Caramel Swirl with Milk Chocolate Cashew Ice Cream,8,4,4,50.0
Meaty Ground Dinner With Chopped Beef Wet Dog Food,85,52,33,61.1764705882353
Organic Thick & Chunky Mild Salsa,16,5,11,31.25
Sweet Bread & Butter Pickles,217,92,125,42.3963133640553
Chipotle Marinade With Tomato + Garlic,11,6,5,54.54545454545454
Wild Wonders Gourmet Medley Tomatoes,2246,1095,1151,48.753339269813
Non-Dairy Caramel Almond Brttle,3,0,3,0.0
Made with Organic Pasta & Cheddar Cheese Number Shapes Macaroni & Cheese Dinner,32,14,18,43.75
Sweet Whole Gherkins,13,8,5,61.53846153846154
Homestyle Meat Pasta Sauce,2,0,2,0.0
Falafel,124,31,93,25.0
U Matcha Yuzu Japanese Green Tea Powder,6,0,6,0.0
Sin Gluten Tostadas,22,4,18,18.181818181818183
Sprouted Green Lentils,282,97,185,34.39716312056738
Organic Cold Brew Coffee Concentrate,27,13,14,48.148148148148145
Force Flex Large Trash Drawstring Bags Extra Strong,309,92,217,29.773462783171524
Camp Beef Burrito Chunk,17,4,13,23.52941176470588
Multi-Purpose Household Cleanser & Polish,209,37,172,17.703349282296653
Parboiled Extra Long Grain Rice,10,6,4,60.0
Syrup Special Dark,84,15,69,17.857142857142858
Crispy Almonds & Caramel RIce Crisp,81,51,30,62.96296296296296
Cacao Granola,52,16,36,30.76923076923077
"Maple Syrup, Amber Color",30,4,26,13.333333333333334
Original Enriched Coconut Drink,8,4,4,50.0
New England Clam Chowder Chunky Soup,108,35,73,32.407407407407405
Kosher Recipe Secrets Soup & Dip Mix Onion,208,48,160,23.076923076923077
Dark Chocolate Truffles,8,2,6,25.0
Chunky Beef Meaty Ground Dog Food,66,52,14,78.78787878787878
Vitamin Code Raw Prenatal Vegetarian Capsules,16,2,14,12.5
Arrogant Bastard Ale,56,27,29,48.214285714285715
Applewood Smoked Turkey Breast,3732,2386,1346,63.933547695605576
Daytime Severe Cold & Cough Berry Packets,47,7,40,14.893617021276595
Tri-Colored Sliced Carrots,698,246,452,35.24355300859599
XL Bar Chocolate Nut & Seed Sweet & Salty Chewy Granola Bars,5,1,4,20.0
Ultra Plus a Touch of Downy April Fresh Scent Powder Laundry Detergent 53 Loads,3,0,3,0.0
Gluten Free Italian Cookie Tin,22,4,18,18.181818181818183
Carafe with Lid,3,0,3,0.0
Crunchy Treasures Aged White Cheddar Puffs,190,113,77,59.473684210526315
Bagged Coffee,94,49,45,52.12765957446809
Hamburger Buns,4832,2281,2551,47.206125827814574
Sugar Free Raspberry Preserves,109,46,63,42.201834862385326
Activated C Food Complex,2,0,2,0.0
"Graduates Grabbers Fruit & Yogurt, Tropical",28,23,5,82.14285714285714
Original High Efficiency Liquid Laundry Detergent,1960,900,1060,45.91836734693878
Original Perky's Crunchy Rice Cereal,6,0,6,0.0
On-the-Spot Acne Treatment,29,9,20,31.03448275862069
Organic Sucanat Dehydrated Cane,31,8,23,25.806451612903224
TCHO Chocolate Gelato Bar,38,14,24,36.84210526315789
Firestart Firelighter,25,6,19,24.0
Organic Gluten Free Fusilli,2157,1165,992,54.010199350950394
Smart Menu Vegetable Meatball,7,0,7,0.0
"Learning Designs, Training Pants",45,22,23,48.888888888888886
Pomegranate And Currant Soy Wax Candle,16,5,11,31.25
Citrus Orchard Super Odor Neutralizer,60,27,33,45.0
Mushroom & Ripe Olives Pasta Sauce,86,26,60,30.23255813953488
Triple Zero Salted Caramel,127,57,70,44.881889763779526
Organic Yukon Potato Bag,39,3,36,7.6923076923076925
Cherry Lime,62,28,34,45.16129032258064
Consomme,86,37,49,43.02325581395349
Sour Berry Bears,162,53,109,32.71604938271605
2% Reduced Fat Milk,37091,28788,8303,77.61451565069693
100% Pure Canola Oil,667,270,397,40.479760119940025
El Guapo Garlic Granulated Bag 1 Oz,35,12,23,34.285714285714285
Prenatal Petite Mini-Tablet,5,0,5,0.0
Blonde Veranda Blend Whole Bean Coffee,66,39,27,59.09090909090909
BBQ Crunchy Corn Kernels,32,12,20,37.5
Uncrustables Peanut Butter & Grape Jelly Sandwich,1665,953,712,57.23723723723724
Dairy Alternative Vegan Sour Cream,637,200,437,31.39717425431711
Graduates Grabbers Fruit & Yogurt Strawberry Banana,249,178,71,71.4859437751004
Fragrance Free Pure Olive Oil Soap Bars,31,11,20,35.483870967741936
Grain Meat Sausages Vegetarian Mexican Chipotle,1108,574,534,51.80505415162455
Aloe Drink,11,6,5,54.54545454545454
Grill Mates Island Wood Fire Grill Marinade,3,0,3,0.0
Hot Raw Hummus,140,89,51,63.57142857142857
Sun Dried Tomatoes Julienne Cut With Herbs,43,10,33,23.25581395348837
Extra Clear for Sensitive Skin Nasal Strips,25,3,22,12.0
Turkey Florentine Cat Food,24,15,9,62.5
Honeydew Kombucha Tea,485,322,163,66.39175257731958
70% Isopropyl Alcohol,212,42,170,19.81132075471698
Butter Chicken Simmer Sauce,114,49,65,42.98245614035088
Tilapia Fillets,950,465,485,48.94736842105264
Signature Ripe Tomato Extra Hot Gourmet Salsa,5,0,5,0.0
Calming Shampoo & Bodywash,344,104,240,30.23255813953488
Chocolate Creme Sandwich Cookies,210,87,123,41.42857142857143
Vanilla Ice Cream Sandwich Cookies,110,51,59,46.36363636363636
Semi Soft Cheese Minis,55,20,35,36.36363636363637
Regular Sliced Sopressata Salami,39,13,26,33.33333333333333
Wintermint Sugar-Free Gum,42,18,24,42.857142857142854
Lemon Oil Furniture/Wooden Surface Cleaner/Polish,39,8,31,20.51282051282051
Chocolate Sorbet,643,264,379,41.05754276827372
Original Protein Superfood,24,10,14,41.66666666666667
Citrus Splash Coconut Water,11,7,4,63.63636363636363
Sweet Yellow Corn,11,2,9,18.181818181818183
Greek Mousse Coconut Cream Yogurt,8,3,5,37.5
Light Chicken Corn Chowder,142,66,76,46.478873239436616
Organic Creamy Potato Leek Soup,33,9,24,27.27272727272727
Beef Stew Seasoning Mix,159,46,113,28.930817610062892
Orange U Smart Detangler Creme,2,0,2,0.0
Preserved Lemon Confit,17,4,13,23.52941176470588
Black & Tan Gomasio,13,1,12,7.6923076923076925
USDA Organic Coconut Water,91,47,44,51.64835164835166
Oil-Free Moisture - Combination Skin,10,1,9,10.0
Tonics Cleansing Probiotic Tonic With Apple Cider Vinegar Cinnamon,523,371,152,70.93690248565966
EnviroKidz Chocolate Choco Chimps,1224,631,593,51.55228758169934
Cream on Top Strawberry Organic Yogurt,1111,785,326,70.65706570657065
Mini Vanilla Chewy Chocolate Nougats,8,2,6,25.0
Vanilla Soy Milk,2268,1491,777,65.74074074074075
Balsamic Vinaigrette Calorie Free,25,10,15,40.0
Sugar Free Vanilla Pudding,578,274,304,47.40484429065744
"2X Ultra Liquid Laundry Detergent for Sensitive Skin, 50 Loads",129,43,86,33.33333333333333
Multi-Seeds Cracker,1434,842,592,58.71687587168759
Graham Cracker Bunnies,25,7,18,28.000000000000004
Mushrooms,10,2,8,20.0
Lactose Free Reduced Fat 2% Milk,315,232,83,73.65079365079366
Organic Shrimp & Crab Grill & Boil,7,0,7,0.0
Mini Snack Saver Clips,19,2,17,10.526315789473683
Frozen Microwaveable Chicken Pot Pie,682,332,350,48.68035190615836
Small Neon Bag Clip,41,7,34,17.073170731707318
Purely Simple Vanilla Cake and Cupcake Mix,18,2,16,11.11111111111111
All Natural Maraschino Cherries,47,18,29,38.297872340425535
Coconut Butter Vanilla Cake Batter,18,9,9,50.0
Beef Empanada,237,148,89,62.447257383966246
"Ultra Healing Intensive Lotion for Extra-Dry, Tight Skin",3,0,3,0.0
Smoked Maple Mustard BBQ Sauce,6,0,6,0.0
Mango Chipotle Zinger Almonds,17,9,8,52.94117647058824
Multi Grain With Garlic Croutons,6,0,6,0.0
Small Odor Shield Trash Bags,36,9,27,25.0
Canine Cuisine Home Delights Variety Pack Slow Cooked Chicken & Vegetables Dinner in Sauce/Beef Stew  Wet Dog Food,6,1,5,16.666666666666664
Unsweetend Creamer,744,389,355,52.284946236559136
Ripe Mango Blood Orange,9,2,7,22.22222222222222
Full Control Anti Humidity Hairspray,27,5,22,18.51851851851852
Mustard Honey Mustard,78,12,66,15.384615384615385
White Select A Size Paper Towels,62,28,34,45.16129032258064
Whole Peeled San Marzano Tomatoes with Basil,14,2,12,14.285714285714285
Sprinkled Donut Crunch Cereal,9,0,9,0.0
Ultra Sheer Dry-Touch Sunblock Broad Spectrum SPF 55,27,3,24,11.11111111111111
Baby Eggplant,858,507,351,59.09090909090909
Grassfed Whole Milk Plain Yogurt,2732,1730,1002,63.32357247437774
100% Apple Juice Concentrate,70,34,36,48.57142857142857
100% Probiotics Pineapple Mango Juice,17,0,17,0.0
Thin Dailies Unscented Wrapped Pantiliners,183,47,136,25.683060109289617
Spongebob Pop Ups Frozen Dairy Dessert,142,60,82,42.25352112676056
"Organic Spinach & Potatoes 2, 6 Months+",669,283,386,42.30194319880419
Honey Crisp Apple Juice,10,4,6,40.0
Tranquil Chamomile Aromatherapy Bubble Bath,9,1,8,11.11111111111111
Organic Yellow Sweet Corn,10,4,6,40.0
Ground Cayenne Red Pepper,456,37,419,8.114035087719298
Halloween Oreos Sandwich Cookies,36,4,32,11.11111111111111
Smokehouse Tradition Baked Beans,16,5,11,31.25
Authentic Jerk Seasoning,52,9,43,17.307692307692307
Aromatherapy Room Diffuser,15,0,15,0.0
"Organic Detox Infusion, Whole Leaf Pouches",48,12,36,25.0
Soft Rye Bread,31,21,10,67.74193548387096
"Shaving Cream, Soothing Aloe",345,90,255,26.08695652173913
Non-Stick Olive Oil Spray,408,133,275,32.59803921568628
Goldfish Parmesan Baked Snack Crackers,1187,704,483,59.30918281381634
Artichoke Spinach Hommus,73,21,52,28.767123287671232
Thai Coconut Crusted Pollock Fillets,5,0,5,0.0
SmartBlend Chicken & Rice Formula Adult Dog Food,12,6,6,50.0
White Enriched & Degermed Corn Meal,24,0,24,0.0
Organic Long Grain White Rice,8598,3449,5149,40.113979995347755
Wheat Gluten Free Waffles,6562,4113,2449,62.67906126181042
2nd Foods - Beef & Beef Gravy,266,179,87,67.29323308270678
Milk Chocolate Delight Shake,350,223,127,63.714285714285715
Premium Lemon Juice,63,40,23,63.49206349206349
Ultra Dishwashing Liquid Anti Bacterial - Apple Blossom,17,3,14,17.647058823529413
Sliced Kalamata Greek Olives,48,13,35,27.083333333333332
Shrimp Lo Mein,78,26,52,33.33333333333333
Raspberry,54,12,42,22.22222222222222
Pearl Plastic Applicator Super Plus Absorbency Scented Tampons,132,39,93,29.545454545454547
Organic Grass Fed Greek Yogurt Peach,100,60,40,60.0
Heirloom Whole Bean Coffee,256,135,121,52.734375
Summer Seasonal Heart Of Darkness IPA,4,1,3,25.0
Frosted Krispies Sweetened Toasted Rice Cereal,58,33,25,56.896551724137936
Scented Wipes,4,1,3,25.0
1% Lowfat Milk,14231,11565,2666,81.26624973649076
Mild Roasted Guacamole,147,55,92,37.41496598639456
"Veggie & Fruit Snacks, Carrot, Mango & Orange",352,179,173,50.85227272727273
Strawman Farmhouse Hard Cider,12,10,2,83.33333333333334
Sparkling Water Grape Apple,54,29,25,53.70370370370371
Whisker Lickin's Salmon Flavor Cat Treats,17,5,12,29.411764705882355
Premium Organic Concord Grape Spread,20,2,18,10.0
"Iced Chai, Toasted Coconut Almond Blend",97,55,42,56.70103092783505
Organic Wild Berry Fruit Snacks,35,16,19,45.714285714285715
Prime Cool Blue Energy,64,33,31,51.5625
Teriyaki  Beef Jerky,310,171,139,55.16129032258065
Coconut  Chocolate Bar,3045,1543,1502,50.67323481116585
Cubed Prosciutto,12,3,9,25.0
Cheese Fix Flavored Snack Mix,197,85,112,43.14720812182741
Peanut Butter Sandwich Crackers,107,54,53,50.467289719626166
"Kale and Brown Rice Gratin, Gluten Free",44,14,30,31.818181818181817
Beef Flavor Dog Snacks,91,65,26,71.42857142857143
Cookie Dough Nutrition Bar,670,510,160,76.11940298507463
Italian Sauce White Clam Sauce,6,0,6,0.0
"Sea Salt, Coarse",301,63,238,20.930232558139537
Baby Fresh Pampers Baby Wipes Baby Fresh 1X 64 count  Baby Wipes,100,45,55,45.0
Pro-V Curl Perfection Conditioner for Curly Hair,20,6,14,30.0
Nux Vomica 6C Homeopathic Pellets,8,0,8,0.0
"Fresh Mozzarella, Perlini, Pearl Sized",9,3,6,33.33333333333333
Baby Zucchini,27,9,18,33.33333333333333
Dailyware Spoons,147,55,92,37.41496598639456
Day Break Cranberry Almond Bars,24,9,15,37.5
Cheese Pizza Bites,36,11,25,30.555555555555557
Matar &Biryani Bento,18,5,13,27.77777777777778
Whipped Cream Cheese Spread,2178,1337,841,61.38659320477502
Fat Free Cranberry Balsamic Dressing,14,8,6,57.14285714285714
Sweet Potatoes Fries,26,3,23,11.538461538461538
Unsweetened Green Tea Made With Real Matcha,96,43,53,44.79166666666667
Peanut Butter Chocolate Spread,15,7,8,46.666666666666664
Coconut Milk Yogurt Alternative Natural Flavor,482,266,216,55.18672199170125
Meyer Lemon Everyone Hand Soap,727,263,464,36.17606602475929
Revitalizing Jewelry Cleaner,6,0,6,0.0
All Natural French Vanilla Hand & Body Lotion,9,4,5,44.44444444444444
Flourless  Sprouted Whole Grain 7-Sprouted Grains English Muffins,2982,1867,1115,62.608987256874585
Gluten Free Caramel Sauce Dessert Topping,3,0,3,0.0
G Series Perform Fierce Blue Cherry Sports Drink,183,86,97,46.994535519125684
Cranberry Splash Lemon Lime Soda,9,1,8,11.11111111111111
"Deodorant, Natural, Lavender + Sage",32,4,28,12.5
Rosemary Grilled Beef & Vegetables,20,7,13,35.0
Leaf Tea Lemon,55,36,19,65.45454545454545
Gluten-Free Scones Meyer Lemon,8,0,8,0.0
Spicy Homestyle Guacamole,82,24,58,29.268292682926827
"Magnesium Caps, Nervous System Support, 400 mg Bottle",8,1,7,12.5
Raspberry Sorbet Ice Cubes Gum,19,11,8,57.89473684210527
Cashew Cookie Fruit & Nut Bars,19,3,16,15.789473684210526
Waterproof Mascara  - 311 Very Black,6,0,6,0.0
Nasal Mist Allergy & Sinus Relief,38,16,22,42.10526315789473
Keurig Colombian Medium Dark Coffee Pods,9,3,6,33.33333333333333
Estilo Casero White Corn Tortillas,42,23,19,54.761904761904766
All Natural Roasted Pepper Tomato Soup,15,7,8,46.666666666666664
Tuscan Vodka Fresh Pasta Sauce,190,104,86,54.736842105263165
Bug Spray,21,0,21,0.0
"Chocolate Snaps, Old-Fashioned, Swedish Style",22,11,11,50.0
Organic Dark Sweet Cherries,7040,4515,2525,64.13352272727273
"Coffee, Ground, Deep Roast, Uzuri African Blend",82,51,31,62.19512195121951
Giblet Gravy,94,17,77,18.085106382978726
Poppables White Cheddar Chips,8,1,7,12.5
Beef Tenderloin Steak,625,391,234,62.56
Diet Wild Cherry,12,7,5,58.333333333333336
Soothing Face Mask,10,2,8,20.0
Learning Designs 4T-5T Boys Training Pants,16,4,12,25.0
Extra Strength Aspirin 500 mg Coated Caplets,4,0,4,0.0
Garlic Mill Spices,14,2,12,14.285714285714285
Happy Cola Gummi Candy,211,95,116,45.023696682464454
Organic Italian Whole Peeled Tomatoes,417,197,220,47.24220623501199
Polish Beef Sausage,72,33,39,45.83333333333333
Massage & Play 2 in 1 Soothing Touch Massage & Intimate Pleasure Gel,3,0,3,0.0
Single Grain Oatmeal Cereal,130,65,65,50.0
Rotini Pasta,4847,2287,2560,47.183825046420466
Original Lemonade Mix Packets,41,11,30,26.82926829268293
Snickerdoodle Cookie with Salted Caramel Ice Cream Sandwich,507,253,254,49.90138067061144
Cheese Spread with Jalapenos,43,21,22,48.837209302325576
Shredded Extra Sharp Cheddar Cheese,346,179,167,51.73410404624278
Bold Salt 'n Vinegar Almonds,135,69,66,51.11111111111111
Chai Spice Nut Butter,10,7,3,70.0
Chicken Stir Fry,15,1,14,6.666666666666667
Fruit On The Bottom Cherry Yogurt,63,41,22,65.07936507936508
Brown Rice Creamy Vanilla Marshmallow Treats,2,0,2,0.0
Organic Whole Grain,889,549,340,61.754780652418454
"Hibiscus Superflower Tea, Coconut & Caffeine-Free",4,2,2,50.0
Milano Traypack,264,151,113,57.1969696969697
Blasted Chocolatey Chip Marshmallow Rice Krispies Treats,6,0,6,0.0
Mesquite Bar-B-Q Potato Chips,15,9,6,60.0
Chakra Energy Votive Candle Money,10,3,7,30.0
Organic Curry Thai Seasoning,33,4,29,12.121212121212121
Ground Chicken,717,372,345,51.88284518828452
Good Buddy Beef Jerky Dog Treat,634,412,222,64.98422712933754
Minions Mild Bubble Fruit Toothpaste,106,22,84,20.754716981132077
Potato Chips Cheddar & Sour Cream Flavored Party Size!,857,473,384,55.192532088681446
Vegan Big Cup Pad Thai Noodle Soup,759,321,438,42.29249011857708
Natural Southern Cornbread Muffin Mix,2,0,2,0.0
Dried Cranberries,1390,490,900,35.25179856115108
Dust Pan,7,0,7,0.0
Caramel Hard Candies,206,102,104,49.51456310679612
Aquarium Pump Hand Soap,395,141,254,35.69620253164557
Green Vibrance,147,76,71,51.70068027210885
Olive Bread,2914,2008,906,68.90871654083733
Organic Earl Grey Black Tea Sachets,79,35,44,44.303797468354425
"Whey Protein, Goat, Plain Unsweetened",4,0,4,0.0
Organic Midnight Mint Cookie Ice Cream,11,5,6,45.45454545454545
Natural Fresh Goat Cheese,1426,468,958,32.81907433380084
Teriyaki Baste and Glaze,47,10,37,21.27659574468085
Sriracha Mayonnaise,516,167,349,32.36434108527132
Pure Life Splash Wild Berry Flavored Water,55,23,32,41.81818181818181
Bag of Fresh White Pearl Onions,39,2,37,5.128205128205128
PM Sleep Aid Plus Pain Relief Caplets,6,0,6,0.0
Oranges,3210,1767,1443,55.04672897196262
Organic Hot Dog Buns,79,19,60,24.050632911392405
Salt-Free Blend Lemon Pepper,41,1,40,2.4390243902439024
Cold Brew Cafe Au Lait,65,45,20,69.23076923076923
Gluten Free Strawberry Toaster Pastry,297,133,164,44.78114478114478
Florida Orange Juice,116,77,39,66.37931034482759
Ultimate Flora Probiotic Supplement Gummies Natural Fruit Flavors,16,2,14,12.5
Broccoli Cuts,1632,842,790,51.59313725490197
Bottle Water Filtration System,2,0,2,0.0
Constellation Tomatoes,25,5,20,20.0
Baby Ruth Fun Size Candy Bars,45,17,28,37.77777777777778
Egg & Cheese Breakfast Sandwich,9,2,7,22.22222222222222
Unscented PH Balanced Antiperspirant & Deodorant,135,29,106,21.48148148148148
9 Grain English Muffin,9,2,7,22.22222222222222
"Restoring Anticavity Fluoride Mouthwash, Cool Mint",92,35,57,38.04347826086957
Chewy Chocolate Caramel,127,79,48,62.20472440944882
Bearly Processed Sea Salt Caramel Apple Granola,5,0,5,0.0
Crunchy Pecan Crunch Granola Bars,120,56,64,46.666666666666664
Organic Sunflower Flax Snax,101,41,60,40.5940594059406
Free & Clear Stage 4 Overnight Diapers,144,69,75,47.91666666666667
Just Black Currant Juice,5,0,5,0.0
Carnation Sweetened Condensed Milk,809,174,635,21.508034610630407
Chocolate Chip Snackimals,725,394,331,54.344827586206904
Premium Lager,8,3,5,37.5
Organic Red Raspberries,375,147,228,39.2
Organic Whole Wheat Tortillas,3268,1993,1275,60.985312117503064
Tension Head Ache Pain Reliever Caplets,20,6,14,30.0
Original Cream Soda,74,42,32,56.75675675675676
Venus Embrace Women's Razor Refills,48,16,32,33.33333333333333
White Cake Mix,6,2,4,33.33333333333333
Cucumber All-Purpose Surface Cleaner,152,33,119,21.710526315789476
Extra Heavy Mayonaise,92,46,46,50.0
Classic Vermont Sharp Cheddar Cheese,13,2,11,15.384615384615385
"Extra Clean Toothbrush, Soft",148,14,134,9.45945945945946
Cornbread Stuffing Mix,7,2,5,28.57142857142857
Marinara,167,71,96,42.51497005988024
Strawberry Paradise Juice,12,6,6,50.0
Savory Seafood Dinner Cat Food,11,4,7,36.36363636363637
Garlic Basil Italian EVOO,8,2,6,25.0
Mildly Spiced Cornichons,72,17,55,23.61111111111111
Orbit Cinnamint Sugarfree Gum,100,55,45,55.00000000000001
Gluten-Free Smoked Chicken Breast Chipotle Pineapple,8,4,4,50.0
Total 2% Yogurt Key Lime,2520,1812,708,71.9047619047619
Premium Natural Mixers Mediterranean Tonic Water - 4 CT,31,13,18,41.935483870967744
"Real Vegetable Chips, Sweets & Beets",1513,643,870,42.49834765366821
Far Out Fudge Veggie and Fruit Pops,102,47,55,46.07843137254902
No Sugar Added Lemon & Cherry Flavor Real Italian Ice,56,37,19,66.07142857142857
"Coffee, Ground, French No. 6",16,12,4,75.0
Vapo Steam Cough Suppressant,29,3,26,10.344827586206897
Red Peppers,55280,35013,20267,63.337554269175115
Zero Dish Soap Fragrance Free,241,121,120,50.20746887966805
Slim Can Pink Grapefruit Natural Mineral Water,4796,3319,1477,69.20350291909925
L Lysine With B6 - 1000 Mg,13,2,11,15.384615384615385
Pacific Northwest Blackberry Honey,47,18,29,38.297872340425535
Tropical Fruit Smoothie Tasty American Favorites,3,0,3,0.0
In Light Syrup & Passion Fruit Juice Tropical Fruit,77,27,50,35.064935064935064
Echinacea Goldenseal Supreme,21,4,17,19.047619047619047
Au Gratin Homestyle Casserole,7,0,7,0.0
Roasted Chicken Gravy Mix,16,4,12,25.0
Hot Apple Cider K-Cup Packs,21,4,17,19.047619047619047
Tofu Scramble,2017,1407,610,69.7570649479425
Special K Fudge Dipped Pretzels,25,4,21,16.0
Teriyaki Sauce,764,184,580,24.083769633507853
Super Spinach Greens,170,51,119,30.0
Purifying Tea Tree Body Wash,337,121,216,35.90504451038576
State Fair Grandmas Baby Dill,7,0,7,0.0
Mighty Greens,5,2,3,40.0
Organic Popped Corn Chile Jalapeno White Cheddar,24,12,12,50.0
Whole Grain Oatmeal Bread,433,286,147,66.05080831408776
"Butterhead (Boston, Butter, Bibb) Lettuce",474,158,316,33.33333333333333
Creamy Raw Maple Almond Butter,85,20,65,23.52941176470588
"Indoor & Outdoor Allergies, Original Prescription Strength, 10 mg, Tablets",47,13,34,27.659574468085108
Organic Maple Whole Milk Yogurt,160,108,52,67.5
Original Coconut Almond & Chia Drink,36,27,9,75.0
Smoke & Cure Pepper Beef Meat Sticks,77,19,58,24.675324675324674
Chicken & Beef Feast in Grilled Chicken Flavor Gravy Cat Food,120,83,37,69.16666666666667
Total Care Zero Fresh Mint Total Care Zero,148,58,90,39.189189189189186
Perfect Trainers Grilled Chicken & Cheese Healthy Treats For Dogs,14,3,11,21.428571428571427
Chard Basil Apple Romaine Celery Cucumber Collards Lemon,428,233,195,54.4392523364486
Organic Jr Apple Cinnamon Oatmeal,581,303,278,52.151462994836486
Classics Lasagna Italiano,35,13,22,37.142857142857146
Extra Virgin Olive,122,55,67,45.08196721311475
Golden Oat Breakfast Biscuits,138,80,58,57.971014492753625
0% Fat Strawberry Greek Yogurt,309,207,102,66.99029126213593
Natural Chestnut 4N Permanent Hair Color,62,29,33,46.774193548387096
Anarchy Daily Fragrance,24,10,14,41.66666666666667
Organic Red Grapes,9284,5562,3722,59.90952175786299
WetJet Original Pad Refills,101,10,91,9.900990099009901
Semi-Sweet Chocolate Baking Bars,127,14,113,11.023622047244094
Pepper Multiseed Crackers,189,83,106,43.91534391534391
"Minis, Vanilla",11,1,10,9.090909090909092
The O.G. Black Tea Brew The Original Buch,76,50,26,65.78947368421053
Brownie Bliss,61,35,26,57.377049180327866
Sandwich Stuffers Bread & Butter Pickles,9,3,6,33.33333333333333
"Flavored Fizzy Drink Mix, Vitamin C 1000 mg, Cranberry Pomegranate",21,4,17,19.047619047619047
Kick It Immune For Kids Drops,14,5,9,35.714285714285715
Tahitian Vanilla Bean Gelato,5140,2045,3095,39.78599221789883
Monterey County Pinot Noir,238,144,94,60.50420168067227
Assorted Fluorescent Highlighters,3,0,3,0.0
Tender Tongol Tuna Cat Food,174,130,44,74.71264367816092
Honey Wheat Enriched Bread,4774,3306,1468,69.2501047339757
Organic  Dried & Unsulfured Orchard Select Apricots,2423,1127,1296,46.512587701196864
Sparkling Pomegranate Blueberry Fruit Juice Drink,8,2,6,25.0
Natural Colby Jack Cheese,238,133,105,55.88235294117647
White Italian Bread,1130,661,469,58.49557522123894
Homestyle Chicken Gravy,8,2,6,25.0
"Corn Thins, Organic, Sesame",616,434,182,70.45454545454545
High Omega Vegan Ranch Salad Dressing,914,450,464,49.23413566739606
Organic Diabetic Lifestyle Bread,207,163,44,78.74396135265701
Organic Herb Mint Living,5,0,5,0.0
Natural Cooking Twine,11,0,11,0.0
Tabasco Spicy Mayonnaise,7,0,7,0.0
Lunchable Uploaded Beef  Walking Taco,16,11,5,68.75
"Popped Chip Snack, Cheddar & Sour Cream Potato",282,132,150,46.808510638297875
Jalapeno Chomperz Crunchy Seaweed Chips,374,261,113,69.78609625668449
Birds Eye Chile,12,1,11,8.333333333333332
Crystallized Lemon Packets,28,8,20,28.57142857142857
Sweet Basil Leaf Flakes,18,0,18,0.0
Go Lean Cereal,4718,3102,1616,65.74819838914794
Sport Performance Protein Chocolate Flavor Drink Mix,145,62,83,42.758620689655174
Bibimbop With Beef & Brown Rice,183,61,122,33.33333333333333
Nut & Honey Snack Granola,78,43,35,55.12820512820513
Pure Seedless Marion Blackberry Preserves,25,9,16,36.0
Mostaccioli,7,1,6,14.285714285714285
Roasted Red Pepper Hummus Pack,11,3,8,27.27272727272727
"Frozen Fruit & Vegetable Pops, Galaxy Green",122,64,58,52.459016393442624
Nighttime Sleep Aid Caplets,55,34,21,61.81818181818181
"Sauce, Hotter, Family Reserve",21,8,13,38.095238095238095
Organic Fettuccine,2193,656,1537,29.913360693114456
Perfect Point Plus Eye Liner - Espresso 210,12,4,8,33.33333333333333
Organic Microgreens Italian,48,24,24,50.0
Licorice Root Extract,8,2,6,25.0
Orange Seltzer Water,779,593,186,76.1232349165597
Moong Dal Split Moong Beans,43,9,34,20.930232558139537
Mixed Berry Sports Drink,1114,776,338,69.6588868940754
Organic Fenugreek Seeds,70,1,69,1.4285714285714286
Whole Wheat Panko Breadcrumbs,215,62,153,28.837209302325583
Lactation Support Capsules,8,1,7,12.5
Reduced Fat Pepperoni Pizza Frozen Sandwiches,1178,689,489,58.488964346349746
Fat Free American Cheese Singles,41,25,16,60.97560975609756
Golean Vanilla Graham Clusters Cereal,105,41,64,39.04761904761905
Black Licorice Twists,483,299,184,61.904761904761905
Chocolate Chip Organic,9,4,5,44.44444444444444
3-in-1 Body Groomer,11,2,9,18.181818181818183
"Canadian Bacon, Uncured",931,604,327,64.8764769065521
Natural Blueberries Covered In Dark Chocolate,8,5,3,62.5
Organic Spelt Pie Crusts,464,109,355,23.49137931034483
Mighty Absorbent Paper Towel,28,17,11,60.71428571428571
Whipped Vanilla Frosting,209,19,190,9.090909090909092
Black Bean Sea Salt & Rice Chips,13,3,10,23.076923076923077
Plus OxiClean Soap Scum Fighters Lemon Scent Bathroom Cleaner,15,2,13,13.333333333333334
SpeedRead Digital Thermometer - White,57,1,56,1.7543859649122806
Chocolate Chip Snack Size Cookie Mix,11,4,7,36.36363636363637
Rosemary Raisin Raincoast Crisps,1633,850,783,52.05143906919779
Instant Oatmeal Peaches & Cream,251,127,124,50.59760956175299
Rainforest Blend Coffee K-Cups,17,14,3,82.35294117647058
Neosporin 24 Hour Infection Protection First Aid Antibiotic Ointment,401,53,348,13.216957605985039
Artichoke Burgers French Herb,58,20,38,34.48275862068966
Kitchens Chocolate Chip Spoonable Cookie Dough,5,1,4,20.0
Solid White Albacore Tuna in Water,589,306,283,51.95246179966044
All Natural Raspberry Sorbet,216,102,114,47.22222222222222
Smoke & Cure Pepper Turkey Meat Sticks,58,18,40,31.03448275862069
Sweetened Tea,338,203,135,60.05917159763313
Watermelon + Peach Comfort Pulp Free Juice,2,0,2,0.0
Frizz Ease Extra Strength 6 Effects Hair Serum,20,4,16,20.0
Organic Raw Cacao Butter,9,0,9,0.0
Beneful Treats Baked Delights Hugs Dog Snacks,10,1,9,10.0
Rose Hip Seed Oil,23,2,21,8.695652173913043
Spicy Mango With Jalapeño Smoked Chicken Sausage,234,101,133,43.162393162393165
"Gloves, Premium Latex, M",64,5,59,7.8125
Everyday Coconut Face Lotion With SPF 15,18,1,17,5.555555555555555
"Flavor Snacks Dog Biscuits, Small for All Dog Sizes",84,21,63,25.0
Chunky Blue Cheese Dressing & Dip,353,115,238,32.577903682719544
Red Hot Kickin' Bbq Sauce,10,1,9,10.0
Fresh Impact Toothpaste,10,2,8,20.0
"Soleil Glow Triple Blade Disposable Razor for Women,",29,8,21,27.586206896551722
Original Cheddar CheeseSticks,186,106,80,56.98924731182796
Organic Sliced Pepper Jack,117,56,61,47.863247863247864
Size 6 Diapers,130,68,62,52.307692307692314
Mouse Killer II,6,1,5,16.666666666666664
Pro Health Advanced Fluoride Toothpaste Extra Gum Protection,51,11,40,21.568627450980394
Raw Walnuts,110,40,70,36.36363636363637
Body Builder Mango Hawaiian Conditioner,15,1,14,6.666666666666667
Quinoa Supergrain Mac & Cheese White Cheddar with Shells,64,10,54,15.625
3 + 1 Swirl Bonus,21,1,20,4.761904761904762
Vanilla Almond,1726,1143,583,66.22247972190036
Mini's Flavor Dog Snacks,110,55,55,50.0
"Round Cake Pan 9\""",51,0,51,0.0
Express Everyday Comfort Contact Lens Solution,193,59,134,30.569948186528496
Vitamin B-12 1000 mcg,35,6,29,17.142857142857142
Noir Orange Liqueur & Cognac,122,69,53,56.557377049180324
Kit Kat King Size,170,90,80,52.94117647058824
Raspberry Preserve,15,7,8,46.666666666666664
Artichoke Spread,67,18,49,26.865671641791046
Men's VitaCraves Gummies,26,6,20,23.076923076923077
Coconut Juice with Lime,10,3,7,30.0
Instant Sugar Free-Fat Free Chocolate Pudding & Pie Filling,60,10,50,16.666666666666664
Carrot Ginger With Coconut Soup,23,4,19,17.391304347826086
Peach Mango Iced Green Tea,826,585,241,70.8232445520581
Chardonnay Sonoma,21,5,16,23.809523809523807
Classic Clean Linen Candle,9,3,6,33.33333333333333
Ditalini Pasta,581,230,351,39.586919104991395
Whole Wheat Hamburger Buns,57,24,33,42.10526315789473
Bread Hemp Seed Gluten Free,277,210,67,75.81227436823104
100% Lactose Free Milk,498,363,135,72.89156626506023
Vaginal Hygiene Suppositories With Tea Tree Oil,62,32,30,51.61290322580645
Organic & Cold-Pressed Vegetable & Fruit Juice Vitality,78,38,40,48.717948717948715
Big Chewy Peanut Butter Chocolate Chip Granola,69,37,32,53.62318840579711
G Series Perform Fierce Green Apple Sports Drink,160,119,41,74.375
Frozen Concentrate Non-Alcoholic Pina Colada,8,3,5,37.5
White Truffle Butter,85,29,56,34.11764705882353
Maltesers,46,24,22,52.17391304347826
Medium House Blend Whole Bean Coffee,475,265,210,55.78947368421052
Salted Caramel Craze Ice Cream,1,0,1,0.0
Organic Enchilada Red Sauce Hot,13,5,8,38.46153846153847
"Sardines, Imported, in Pure Olive Oil",8,2,6,25.0
Nighty Absorbent,6,1,5,16.666666666666664
Vanilla Almondmilk,75,51,24,68.0
Extreme Clean Pure Breath Action Fresh Mint Fluoride Toothpaste,13,4,9,30.76923076923077
Acai & Cacao Acai Bar,24,3,21,12.5
BBQ Ranch Salad Kit,19,7,12,36.84210526315789
Bag,83,16,67,19.27710843373494
Blue Beary Flax Granola,47,17,30,36.17021276595745
Original 100% Pure Petroleum Jelly,48,6,42,12.5
Organic Original Plain Soymilk,242,154,88,63.63636363636363
Nasal Spray With Xylitol,195,56,139,28.717948717948715
Honey Graham Crackers,784,414,370,52.806122448979586
Brut Sparkling Wine,787,416,371,52.85895806861499
Lemon Cayenne Agave Cold Pressed Juice Beverage,2823,1747,1076,61.88452001416932
Organic Chinese Five Spice,169,2,167,1.183431952662722
French Vanilla Cappuccino,54,42,12,77.77777777777779
"Potato Chips, Reduced Fat, Lightly Salted",51,23,28,45.09803921568628
Blondies Squares,6,0,6,0.0
Hot Wasabi Peas,314,145,169,46.17834394904459
Gluten Free Oatmeal Grahams Snack Packs 4 Ct,352,249,103,70.73863636363636
Calming Lavender Hand & Body Lotion,10,1,9,10.0
Hot Cream Horseradish,11,2,9,18.181818181818183
Organic Free Range Chicken with White & Wild Rice Soup,1478,697,781,47.158322056833555
Mediterranean Vegetable Chips,2883,1743,1140,60.45785639958376
Fresh Collection Fiji Body Wash,52,26,26,50.0
Banana Nut Muffin,36,13,23,36.11111111111111
Chewy Girl Scouts Thin Mints,147,50,97,34.01360544217687
"Ibuprofen (NSAID) Tablets, 200 mg",64,15,49,23.4375
Chocolate Coconut Water,29,8,21,27.586206896551722
Choco Leibniz,75,49,26,65.33333333333333
Unscented Household Cleaners And Disinfectants,20,4,16,20.0
Instant Age Rewind Eraser Dark Circles Treatment Concealer - Light,4,0,4,0.0
Ranch Dressing,6719,1912,4807,28.456615567792827
Peach Cream Cheese Spread,2,1,1,50.0
Invisible Matte Finish Tape,26,3,23,11.538461538461538
Italian Sausage Pizza,2105,1325,780,62.94536817102138
Mini Nilla Wafers,395,184,211,46.58227848101266
Chunk Pineapple In Pineapple Juice,38,25,13,65.78947368421053
Organic Dark Chocolate Chips,23,6,17,26.08695652173913
Light Fridge Pack Lemonade,548,343,205,62.59124087591241
Pomegranate,6287,2872,3415,45.68156513440433
Hot Diced Tomatoes With Habaneros,291,131,160,45.017182130584196
Bowties,101,29,72,28.71287128712871
Corkscrew,33,2,31,6.0606060606060606
Sore Throat Relief Cherry-Menthol Flavor Throat Spray,23,0,23,0.0
Raspberry Lemonade Tea,3,0,3,0.0
Organic Royal Pearl Quinoa,51,13,38,25.49019607843137
Organic Concord Grape Fruit Spread,448,164,284,36.607142857142854
Endulge Caramel Nut Chew Bars,177,94,83,53.10734463276836
Pain Reliever and Fever Reducer Ibuprofen 200mg,13,3,10,23.076923076923077
Chicken with Rice Condensed Soup,323,119,204,36.84210526315789
Mini Pork And Ginger Wontons,116,48,68,41.37931034482759
Orangemint Flavored Water,1,0,1,0.0
Cheddar Cheese Potato Crisps,22,10,12,45.45454545454545
5 Cheese Texas Toast,88,31,57,35.22727272727273
Beautiful Curls Nurturing Shampoo for Babies,5,1,4,20.0
Gallon Freezer Slider Bags,10,0,10,0.0
"Toasted Sesame Oil, Unrefined",377,81,296,21.485411140583555
Simply Fruit Spread Blueberry,23,8,15,34.78260869565217
100% Paradise Blend Juice,6,2,4,33.33333333333333
Meatloaf With Home Style Mashed Potatoes & Gravy,95,37,58,38.94736842105263
French Dinner Rolls,21,10,11,47.61904761904761
Gluten Free Great Seed,23,8,15,34.78260869565217
Organic Strawberry Banana Fruit Yogurt Smoothie,3483,2513,970,72.15044501866207
Vanilla Whey Protein Powder Dietary Supplement,47,7,40,14.893617021276595
Gluten Free Maple Glazed Donuts,147,76,71,51.70068027210885
Fresh Linen Fabric Softener Dryer Sheets,4,0,4,0.0
Mixed Berry Super Drink,21,11,10,52.38095238095239
Spicy Turkey Chili with Beans,25,11,14,44.0
"Yogurt, Lowfat, Plain",436,341,95,78.21100917431193
Gluten Free Steel Cut Oats Hot Cereal,264,122,142,46.21212121212121
Baby Bee Nourishing Baby Oil,26,0,26,0.0
Neo To Go! No-Touch Spray First Aid Antiseptic/Pain Relieving Spray,21,0,21,0.0
Pineapple Orange Simply Good Gelatin,8,0,8,0.0
Apple And Pretzel Bites With Caramel Dip,6,2,4,33.33333333333333
"Freshly made pasta, rich meat sauce and Real Mozzarella cheese Lasagna with Meat & Sauce",1260,701,559,55.63492063492064
Quick Sonic Powered Toothbrush,5,1,4,20.0
Snacks String Cheese Natural Mozzarella Cheese,3899,2295,1604,58.861246473454734
Organic Classic Hazelnut Spread,4,0,4,0.0
Gluten-Free & Non-Dairy Ginger Cookies,65,39,26,60.0
Diced Peaches,27,18,9,66.66666666666666
Organic Mediterranean Oregano,136,11,125,8.088235294117647
Long Lasting Peppermint Flavor Sugar Free Gum,64,29,35,45.3125
"Chili Sauce, Sriracha",14,0,14,0.0
Turkey Pepperoni,134,68,66,50.74626865671642
Clarifying Toner,15,4,11,26.666666666666668
Organic Tapioca Flour,47,12,35,25.53191489361702
Baby Eczema Therapy Soothing Bath Treatment,36,17,19,47.22222222222222
Beauregard Sweet Potato,287,93,194,32.40418118466899
Hot Pockets Mexican Style Beef Taco Sandwiches,22,4,18,18.181818181818183
Instant Rice Noodles,32,10,22,31.25
2% Reduced Fat Milk With Vitamin A&D,515,403,112,78.25242718446603
Multi-Grain With Flax Flatbread Wraps,314,150,164,47.77070063694268
The GFB Oatmeal Raisin Bar,66,40,26,60.60606060606061
"Chelated Magnesium, 250 mg, Tablets",14,2,12,14.285714285714285
"Instant Noodle Soup, Miso",6,3,3,50.0
Ultra Strong Double Roll,90,30,60,33.33333333333333
Honest T Pomegranate Red Herbal Tea,411,290,121,70.55961070559611
"Garlic Salt, Organic",24,3,21,12.5
Chocolate Mini Big Bag Sandwich Cookies,19,8,11,42.10526315789473
Bottle Brush,36,2,34,5.555555555555555
Instant Vanilla Pudding,26,19,7,73.07692307692307
Cocoa Butter Formula Skin Therapy Oil,5,1,4,20.0
Whole Grain Almond Crunch Cereal,3,0,3,0.0
7 Grain Bread,610,353,257,57.868852459016395
Cherry Gelatin Mix,10,5,5,50.0
Sweets Organic Lollipops,110,8,102,7.2727272727272725
Organic Champagne Vinegar,51,5,46,9.803921568627452
Mushroom Mezzluna Ravioli,758,374,384,49.340369393139845
Kittles Chicken & Cranberries Recipe Cat Treats,50,22,28,44.0
Merlot California,13,8,5,61.53846153846154
72% Dark Chocolate Sea Salt Caramel Bar,12,4,8,33.33333333333333
"Antigas, Extra Strength, 62.5 mg, Thin Strips, Peppermint",10,4,6,40.0
Pizza Baked Crispy Stix To-Go-Packs,10,3,7,30.0
Crunchy Apple Chips Cinnamon,20,4,16,20.0
Light Ranch Dressing,47,22,25,46.808510638297875
Moroccan Red Clay and Argan Stem Cell Pore Minimizing Facial Scrub,31,4,27,12.903225806451612
Body Clear Body Wash,142,44,98,30.985915492957744
"Naturals Just Sweet Potato, Squash & Peas Stage 3",8,4,4,50.0
"Syrup, Maple Creme",24,5,19,20.833333333333336
Original Chili with Beans,6,1,5,16.666666666666664
Grand Cacao Drinking Chocolate Sweet Ground Cocoa,64,25,39,39.0625
Nestle Carnation Instant Nonfat Dry Milk,36,1,35,2.7777777777777777
Soothing Throat Spray,34,4,30,11.76470588235294
Cherry Lemon Green Tea Pouches 15 Count,36,11,25,30.555555555555557
First Carrots Baby Food,232,74,158,31.896551724137932
Salt & Pepper Potato Chips,366,221,145,60.38251366120219
Organic Montmorency Dried Cherries,35,12,23,34.285714285714285
Organic Ground Fennel,60,2,58,3.3333333333333335
Chunky in 100% Juice Mixed Fruit,13,0,13,0.0
Chianti Superiore,5,1,4,20.0
Loose Pearl Onions,13,1,12,7.6923076923076925
Organic Mint Chip Ice Cream,394,190,204,48.223350253807105
"Canola Cooking Spray, Butter Flavored",17,5,12,29.411764705882355
"Day Cream, Beautiful, Sensitive",22,2,20,9.090909090909092
All Natural Free Range Chicken Cat Treats,23,9,14,39.130434782608695
Steel Wool Pads,97,22,75,22.68041237113402
Cheese Popcorn,311,176,135,56.59163987138264
"Body Wash, Aloe Vera, Velvet Moisture",12,3,9,25.0
Organic Whole Strawberries,31445,19730,11715,62.744474479249476
Imported Golden Pepperoncini,30,4,26,13.333333333333334
Sea Salt Caramel pops,23,13,10,56.52173913043478
All Natural Won Ton Wraps,1312,354,958,26.981707317073173
Minis,3,0,3,0.0
Premium Chocolate Fudge Brownie Mix,7,3,4,42.857142857142854
Hickory Smoked Almond Protein Bar,104,35,69,33.65384615384615
Quick Rise Yeast,124,42,82,33.87096774193548
Organic Cauliflower Florets,2045,839,1206,41.02689486552567
Broccoli Cauliflower & Carrot Ranch Crunch Snack Mix,7,0,7,0.0
Clasico Nacho Chipotle Tortilla Chips,1687,1048,639,62.12211025489034
Lemon Flavor,25,1,24,4.0
Original Cerveza Beer,4,1,3,25.0
Blue Sky Breeze Pearl Scents,11,2,9,18.181818181818183
Organic Carnaroli Rice,5,0,5,0.0
Blueberry Cultured Coconut Milk,168,101,67,60.11904761904761
Crushed Pineapple in Pineapple Juice,5,1,4,20.0
"Organic Traditional 9\"" Pie Shells 2 ct",1495,568,927,37.993311036789294
Sun-Ripened Dried Tomatoes,748,132,616,17.647058823529413
Classic Ocean Whitefish & Tuna Feast Cat Food,536,383,153,71.45522388059702
Pretzels Braided Twists Multigrain,22,10,12,45.45454545454545
Original Boosted Almond Beverage,19,13,6,68.42105263157895
Pet-Ritz Regular Pie Crusts,67,8,59,11.940298507462686
"Condoms, Premium Latex, Ultra Thin, Premium Lubricant",35,11,24,31.428571428571427
Coffee Candy,12,9,3,75.0
Fig Newtons Fat Free Cookies,288,161,127,55.90277777777778
"Magic Tape 3/4\"" x 16.6 yd",30,5,25,16.666666666666664
Pure Cane Dark Brown Sugar,579,120,459,20.72538860103627
Pineapple Chunks in 100% Juice,116,31,85,26.72413793103448
Gluten Free Lemonzest Nutrition bar,3587,2354,1233,65.6258712015612
Sauce for Lettuce Wrap,52,11,41,21.153846153846153
Wild Chub Mackerel in Piripiri Sauce,46,30,16,65.21739130434783
Lowfat Goat Milk,1159,972,187,83.86540120793788
Traditional Medium Roast Coffee,14,9,5,64.28571428571429
"Oat Cookies, Stem Ginger",28,10,18,35.714285714285715
Lightly Salted Sweet Cream Butter,228,77,151,33.771929824561404
Lentils Heritage Beans,63,8,55,12.698412698412698
"Tension Tamer, Caffeine-Free Herbal Tea",108,38,70,35.18518518518518
Herbal Caffeine Free Sleepytime Tea,259,72,187,27.7992277992278
Chocolate Cafe Mocha Creamer,174,97,77,55.74712643678161
Lavender Shampoo,26,0,26,0.0
Lager Especial,33,4,29,12.121212121212121
Sprouted Brown Rice,356,222,134,62.35955056179775
Cranberry Almond Chicken Salad,749,401,348,53.538050734312414
Pre-Moistened Multi-Surface Everyday Wipes,141,48,93,34.04255319148936
Dark Chocolate Covered Goji Berries,570,364,206,63.859649122807014
Plain Whole Milk Yogurt,7338,5049,2289,68.8062142273099
Mango Tango Almond Mix,51,20,31,39.21568627450981
Adult Gummies Vitamin C Orange Flavor,9,2,7,22.22222222222222
"Frozen Dessert, Non-Dairy, Mocha Pie",68,50,18,73.52941176470588
Pocket Turkey Broccoli & Cheddar,36,14,22,38.88888888888889
Original Fresh Liquid Detergent With Clorox,2,0,2,0.0
Nonfat After Dark Chocolate Organic Frozen Yogurt,123,46,77,37.39837398373984
Organic Carrot Split Pea Kamut Veggie & Protein Puree,178,85,93,47.752808988764045
Organic Steve's Smooth French Coffee,89,57,32,64.04494382022472
Breakfast Blend Whole Bean Coffee,307,142,165,46.25407166123778
"Licorice, Strawberry",41,21,20,51.21951219512195
Citrus Kombucha Cleansing Gel for Active & Oily Skin,7,2,5,28.57142857142857
Every Day Coconut & Lime Conditioner,16,0,16,0.0
Organic Peach Fruit Spread,56,36,20,64.28571428571429
Organic Greens And Kale,786,454,332,57.76081424936387
"Olive Oil, Extra Virgin, Private Reserve",15,3,12,20.0
90 Calorie Chocolate Peanut Butter Brownies,175,57,118,32.57142857142858
Spicy Red Napa Cabbage Kimchi,796,467,329,58.66834170854271
Gochujang Fermented Garlic Chile Paste,298,47,251,15.771812080536913
"Bars, Slim, Raspberry Truffle, Vegan, Bars, Gluten Free, Box",16,2,14,12.5
Mocha Cappuccino,293,196,97,66.89419795221842
Kalamata Whole Gourmet Black Olives,23,5,18,21.73913043478261
Magnesium Glycinate 400 Mg,55,16,39,29.09090909090909
Strawberry Snickerdoole Ice Cream Sandwiches,75,30,45,40.0
Sweet Gefilte Fish In Jelled Broth,5,1,4,20.0
Organic Lemonade From Concentrate,27,9,18,33.33333333333333
Organic Cheese Frozen Pizza,14313,9966,4347,69.62900859358625
Honest Hand Sanitizer,59,14,45,23.728813559322035
Natural Pepper Jack Cheese,547,282,265,51.553930530164536
Organic Chili Pep Nutrition Bar,16,0,16,0.0
Miconazole Nitrate Powder Spray Antifungal,12,2,10,16.666666666666664
Extra Crunchy Beef & Cheese Mini Tacos,52,27,25,51.92307692307693
Cherry Strawberry,19,3,16,15.789473684210526
"Dog Food, Adult, Grain-Free, All-Beef Sausage Links & Sweet Potato Entree",32,16,16,50.0
Witch Hazel For Face & Body,14,1,13,7.142857142857142
Organic Sunny Caesar Salad with Grilled Chicken,39,14,25,35.8974358974359
Tomato and Basil Pasta Sauce,1148,527,621,45.90592334494774
Peppermint Sugar-Free Mints with Neutrazin,18,7,11,38.88888888888889
Brown Sugar Cinnamon Pastry Crisps,189,113,76,59.78835978835979
100% Natural Broccoli Sprouts With Long Lasting Antioxidant Activity,56,25,31,44.642857142857146
"Roasted Seaweed, Full Sheets, Sea Salt",329,176,153,53.49544072948328
Raw Pumpkin Seeds,12,0,12,0.0
"Olives, Pitted Kalamata",105,20,85,19.047619047619047
Seasoned Rice Vinegar,116,23,93,19.82758620689655
Port,14,2,12,14.285714285714285
Flax All Natural Roll Ups 8 Ct.,58,38,20,65.51724137931035
Thick & Chunky Salsa Medium,3,0,3,0.0
Toaster Size Premium Plain Bagels,382,218,164,57.06806282722513
Organic  Unsweetened & Salt Free Sunflower Seed Butter,1270,509,761,40.07874015748031
Lemon Verbena Tub and Tile Cleaner,106,11,95,10.377358490566039
Kombucha Spring Fling White Tea Brew,4,1,3,25.0
Cinnamon Sugar Free Gum with Xylitol,96,41,55,42.70833333333333
"Omega Natural Blend Of Canola, Soy & Olive Oils",29,4,25,13.793103448275861
Quiche Port/Qui/Kal/Parm/As,10,4,6,40.0
Turkey & Brown Rice Wet Cat Food,66,21,45,31.818181818181817
Queso Blanco Flavor Slices,9,5,4,55.55555555555556
Organic Black Caraway Seed,10,0,10,0.0
Organic & Raw Cayennade,6,2,4,33.33333333333333
Premium Iced Tea,10,2,8,20.0
Dry Onion & Garlic Parsley Coarse Grind Blend,9,2,7,22.22222222222222
"Dark Chocolate, with Whole Almonds",168,103,65,61.30952380952381
Harvest Originals Organic Romaine Hearts,48,22,26,45.83333333333333
Hamburger Helper Classic Ultimate Cheeseburger Macaroni,183,63,120,34.42622950819672
Extra Cheesy Cheddar Bunnies,32,8,24,25.0
Psychic Detox Magickal Mineral Bath Salts,59,17,42,28.8135593220339
Extra Strength Assorted Fruit Antacid,124,22,102,17.741935483870968
Soap Bark & Chamomile Deep Cleansing Cream,20,4,16,20.0
Peach Gelatin Dessert,17,0,17,0.0
California Blush Pink Champagne,37,10,27,27.027027027027028
Triscuit Roasted Garlic Baked Whole Grain Crackers,471,267,204,56.68789808917197
Seafood Feast Variety Classic Wet Cat Food,94,41,53,43.61702127659575
Gluten Free Double Chocolate Chip Cookies,22,8,14,36.36363636363637
Artichoke & Parmesan Dip,21,4,17,19.047619047619047
Cedarwood Incense Sticks,22,3,19,13.636363636363635
Wild Blueberry Scone Mox,120,56,64,46.666666666666664
Olive Oil And Garlic Lavash,115,51,64,44.34782608695652
Peppermint Herbal Tea,25,5,20,20.0
Peach Drinkable Yogurt,56,29,27,51.78571428571429
Sweet Potato Puffs Cereal Snack,207,93,114,44.927536231884055
Swedish Fish,66,36,30,54.54545454545454
Natural Sharp Cheddar Cheese Chunk,698,286,412,40.97421203438395
Peanut Butter & Coconut Bar,297,157,140,52.861952861952865
Anticavity Fluoride Cool Mint Restoring Mouthwash,116,35,81,30.17241379310345
Vitamin C Raspberry/Tangerine/Super Orange Flavored Drink Mixes Dietary Supplement,16,2,14,12.5
Orange Liqueur,119,28,91,23.52941176470588
Gourmet Mexican Salsa New Mexico Red Chile,31,8,23,25.806451612903224
Daily Moisture Original For Dry Skin Lotion,21,7,14,33.33333333333333
Green Cabbage,4996,1983,3013,39.69175340272218
Chef Size Extra Virgin Olive Oil,98,38,60,38.775510204081634
Special K Fruit & Nut Protein Mix,17,13,4,76.47058823529412
Complete Dawn Fresh Scent ActionPacs,6,0,6,0.0
Dailyfoods Men Over 40 One Daily Iron Free,6,1,5,16.666666666666664
"Salami, Italian Dry, Black Pepper Coated",25,8,17,32.0
Garlic Cloves,29,0,29,0.0
Sweet Mini Sub Rolls,415,178,237,42.89156626506024
Gluten Free Quiche & Pie Crusts,182,28,154,15.384615384615385
Light & Lean Spinach Lasagna,3812,2037,1775,53.43651626442812
Fruit & Nut Bar Raspberry Cashew & Chia,207,107,100,51.690821256038646
Cranberry Walnut Loaf,111,74,37,66.66666666666666
Frozen Pumpkin Pie,26,5,21,19.230769230769234
Candy Bars Variety Pack,35,11,24,31.428571428571427
Disney Princesses Bonus Pack 30% More Assorted,7,4,3,57.14285714285714
Turkey Sausage Links,59,31,28,52.54237288135594
Premium Steel Cut Oats,9,3,6,33.33333333333333
Unsweetened Vanilla Almondmilk,233,109,124,46.78111587982833
Ranch Crunchy Corn Snack,14,3,11,21.428571428571427
White Chocolate Raspberry Chiffon Cake,5,0,5,0.0
Kalamata Extra Virgin Olive Oil,5,0,5,0.0
Toaster Strudel Strawberry Pastries,754,396,358,52.51989389920424
"Coffee, French Vanilla, K-Cup Packs",181,98,83,54.14364640883977
Berkshire Pork Lard,163,20,143,12.269938650306749
Bug Barrier,12,2,10,16.666666666666664
Sage Deodorant Spray,5,0,5,0.0
Irish Oatmeal,15,10,5,66.66666666666666
Freshmates Charmin Freshmates™,545,255,290,46.788990825688074
"Cough & Congestion, Cherry Flavor",2,0,2,0.0
Orange Clove Liquid Dish Soap,30,4,26,13.333333333333334
Dill Pickle Crunchy Popcorn,9,3,6,33.33333333333333
Premium Light Lager Beer,19,11,8,57.89473684210527
Potato Hot Dog Buns,3615,1760,1855,48.686030428769016
Nacho Cheese Flavor Crispy Corn Snacks,23,5,18,21.73913043478261
NyQuil Cough Nighttime Relief Cherry Flavor Liquid,38,10,28,26.31578947368421
Tuscan House Italian Dressing & Marinade,60,18,42,30.0
House Blend Medium Keurig Brewed K-Cups Ground Coffee,979,570,409,58.22267620020429
PS100 Phosphatidylserine 100 mg Softgels,10,4,6,40.0
Deli Fresh Slow Roasted Cured Roast Beef,690,397,293,57.536231884057976
Garlic Aioli,8,3,5,37.5
Renew Vegetable and Fruit Juice,160,77,83,48.125
Infused Nasal Salt Rinse,4,0,4,0.0
Italian Pearled Farro,320,115,205,35.9375
Go Apple Juice Sweetened Cranberries! Dried,30,19,11,63.33333333333333
Cherry Flavor Teething & Oral Pain Relief Gel,13,1,12,7.6923076923076925
ProClean Power-Liquid Intense Fresh Detergent,7,1,6,14.285714285714285
Plain Sheep Milk Yogurt,657,474,183,72.14611872146118
Ham & American Funpack Lunchable,268,139,129,51.865671641791046
Organic Love Crunch Granola Apple Crumble,564,339,225,60.1063829787234
Apple Orchard Scented Daily Granite Polish,272,74,198,27.205882352941174
Cali Coco Whole Coconut Smoothie,92,37,55,40.21739130434783
Mild Kimchi,448,189,259,42.1875
Dutch Country Potato Bread,174,118,56,67.81609195402298
"Gas & Bloating, Vegetarian Capsules",14,2,12,14.285714285714285
Maui Coconut Raspberry,20,10,10,50.0
"Swaddlers Diapers Jumbo Pack, Size 4",126,66,60,52.38095238095239
"Lip Balm, Everon",54,11,43,20.37037037037037
Petite Smoked Oysters,15,7,8,46.666666666666664
"Tuna, Solid Pack Light",973,588,385,60.431654676258994
Gluten Free Swiss Cheese Multi Pack 8 Ct 8oz,5,1,4,20.0
"9\"" Thin Spaghetti",9,4,5,44.44444444444444
Lavender Liquid Rock Deodorant,31,6,25,19.35483870967742
Smooth & Shape Emery Boards,10,0,10,0.0
Premium Pork Sage Sausage,428,166,262,38.78504672897196
Gotu Kola Stem Cell + 1% CGF Day Cream,67,11,56,16.417910447761194
Mediterranean Garlic Marinade,4,0,4,0.0
Healthy White Clean Mint Vibrant Anticavity Mouthrinse,32,5,27,15.625
With Olive Oil Squeeze Mayonnaise Dressing,43,8,35,18.6046511627907
Strawberry Wafer,42,14,28,33.33333333333333
Pearl  Super Absorbency Unscented Tampons,111,31,80,27.927927927927925
Gluten Free Brownie Bites,61,33,28,54.09836065573771
Costa Rica Aurora K Cups,15,9,6,60.0
Light Butter Popcorn,34,7,27,20.588235294117645
Organic Nonfat Yogurt Plain,332,223,109,67.16867469879519
Calabaza Squash,59,34,25,57.6271186440678
Ultrabrite All-in-One Advanced Whitening Clean Mint Toothpaste,10,4,6,40.0
Vanilla Chicory Root,166,100,66,60.24096385542169
Candy,694,300,394,43.22766570605187
"Organic Pear, Raspberry & Purple Carrot Stage 2 Pouch",7,3,4,42.857142857142854
Sumatra Dark Roast K-Cups,1135,709,426,62.46696035242291
Foil Jumbo 3.5 Inch Baking Cups,11,0,11,0.0
Fruit Punch,1386,879,507,63.41991341991342
"Crunchy Pea Snack, Baked, Organic, Southwest Spice",159,76,83,47.79874213836478
Organic Cogo Vegan Protein Fruit Juice Drink Blend,6,2,4,33.33333333333333
Organic Apple Sauce + Fruit & Veggie Carroty Chop Mashups,854,574,280,67.21311475409836
Home Style Asiago Caesar Dressing,510,142,368,27.84313725490196
All Natural Sausage Fully Cooked - 6 CT,184,99,85,53.80434782608695
Hearty Sweet & Tasty Tomato Pasta Sauce,22,12,10,54.54545454545454
Smoked Turkey Sausage,222,128,94,57.65765765765766
Organic Rustic Cut Root Medley,116,36,80,31.03448275862069
Enchilada Sauce Mild,62,22,40,35.483870967741936
Light Butter with Canola Oil,850,488,362,57.41176470588235
Daily Conditioner,10,2,8,20.0
Beer Balls,18,0,18,0.0
"Eggs, Free Range, Brown, Large",314,159,155,50.63694267515923
Concentrated Liquid Vegetable Stock,13,4,9,30.76923076923077
Pecan Ice Cream Bars,8,3,5,37.5
Organic Seed Your Soul Strawberry Lemonade Chia Vitality Beverage,138,85,53,61.59420289855072
Organic Fennel Seed,535,39,496,7.289719626168225
Cinnamon Raisin English Muffins,986,529,457,53.65111561866126
Gold Bears,7,2,5,28.57142857142857
Complete Milk Chocolate Nutrition Shake,13,4,9,30.76923076923077
G Series Frost Rain Berry Flavor Sports Drink,100,54,46,54.0
Organic Chocolate O's Cereal,233,103,130,44.20600858369099
Gluten Free Chocolate Chunk Cookie Mix,243,134,109,55.144032921810705
Organic Baked Cinnamon Apple Herbal Tea,354,122,232,34.463276836158194
White Bean Noodle And Broccoli Noodle With Teriyaki,9,2,7,22.22222222222222
Cabinet Makers Wax,4,0,4,0.0
Chomperz BBQ Seaweed Snack,355,244,111,68.73239436619718
Flour Burrito Caseras Tortillas,104,42,62,40.38461538461539
Stage 2: Active Baby HEC Liquid Laundry Detergent,26,10,16,38.46153846153847
Top Round Pastrami,7,3,4,42.857142857142854
Light Creamy Roasted Chicken with Herb Dumplings,59,14,45,23.728813559322035
Red Velvet Cake Ice Cream,227,80,147,35.24229074889868
Black Pearl Liquid Eyeliner,6,1,5,16.666666666666664
Organic Micro Broccoli Sprouts,767,387,380,50.456323337679265
Chicken Taco Skillet Sauce Pouch,10,1,9,10.0
"Organic Pears, Apples, Peaches, Pumpkin + Cinnamon Fiber & Protein Snack",466,247,219,53.00429184549357
Multi-Seed Rosemary + Olive Oil Crackers,513,255,258,49.707602339181285
24 Hour Allergy Relief Tablets,42,12,30,28.57142857142857
My Community Immune Support Dietary Supplement,28,10,18,35.714285714285715
Chocolate Infinity and Raspberry Ice Cream Bars,5,1,4,20.0
German Style Quark Vanilla Bean,184,146,38,79.34782608695652
Coenzyme B Complex Vegetarian,6,1,5,16.666666666666664
Kickstart Energizing Orange Citrus Sparkling Juice Beverage,178,130,48,73.03370786516854
Suddenly Salad Classic Pasta Kit Classic,353,146,207,41.359773371104815
Orange Liquid Drink Mix,42,31,11,73.80952380952381
13 Gallon Tall Drawstring Kitchen Bags,1391,413,978,29.690869877785765
Organic Whole Fryer Chicken,575,315,260,54.78260869565217
Flaked Tuna,21,13,8,61.904761904761905
Pizza Mushroom T5,17,4,13,23.52941176470588
Okra Masala,66,35,31,53.03030303030303
Garlic & Green Onion Teriyaki Sauce,17,6,11,35.294117647058826
Jasmine Silver Tip Green Tea,11,2,9,18.181818181818183
Whascally Rabbit Pate Cat Food,13,1,12,7.6923076923076925
Superior Light Beer Ultra 4.2% Alcohol,21,14,7,66.66666666666666
Lip Balm Complete Moisture SPF 15,33,5,28,15.151515151515152
Club Soda,7528,4520,3008,60.042507970244415
Beef Stew,39,12,27,30.76923076923077
Slow Kettle Roasted Chicken Noodle Soup,48,9,39,18.75
Bubble Gum Flavored Liquid Allergy Relief,58,9,49,15.517241379310345
Superfood Premium Fruit Smoothie Blend Blueberry B,17,3,14,17.647058823529413
Crushed Garlic,2584,1248,1336,48.297213622291025
In Light Seasoning White Beans,260,61,199,23.46153846153846
TEN Lemon Lime Soda,41,15,26,36.58536585365854
Neti Wash Plus Daily Neti Pot Boost,5,1,4,20.0
All Natural Honey Almond Butter,1367,652,715,47.69568397951719
Italian Style Meatballs & Mozzarella Frozen Sandwiches,51,13,38,25.49019607843137
Rose Absolute Fortifying in Jojoba Oil,22,0,22,0.0
"Fabric Softener Dryer Sheets, April Fresh scent",80,23,57,28.749999999999996
Cara Cara Orange,102,31,71,30.392156862745097
"Wafer, Chocolate",82,32,50,39.02439024390244
Hot Cereal,121,51,70,42.14876033057851
Ristorante Italiano Garlic Parmesan Vinaigrette Dressing,4,0,4,0.0
Natural Yellowfin Tuna Single Cook In Spring Water,24,11,13,45.83333333333333
Original Fudge Sticks,142,98,44,69.01408450704226
Wild Sea Sardines In Olive Oil,110,49,61,44.54545454545455
Baby Bee Multipurpose Ointment,5,0,5,0.0
Stick East Coast Vegetable Oil Spread,351,131,220,37.32193732193732
"PODS Laundry Detergent, Ocean Mist Designed for Regular and HE Washers Laundry",60,10,50,16.666666666666664
Plum Pomegranate Green Tea & Fruit Juice Blend,49,22,27,44.89795918367347
Organic Beets Beverage,20,7,13,35.0
Men's Hair Color - Real Black H-55,4,0,4,0.0
Special Dark Chocolate Chips,122,35,87,28.688524590163933
No More Tangles Detangling Spray,106,30,76,28.30188679245283
Jodhpur Lentils,478,209,269,43.72384937238494
Bite Organic Snack Bar Peanut Butter Chocolate Chip,24,15,9,62.5
Organic Cold Season Tea Bags,305,85,220,27.86885245901639
Real Medleys Dark Chocolate Cranberry Almond Granola Cereal,6,0,6,0.0
Soft'ees Family Pack Assorted with Frosted Donuts,133,62,71,46.616541353383454
Sarsaparilla,9,5,4,55.55555555555556
"Sea Salt, Course",7,0,7,0.0
"Coffee, Ground, Medium, Special Roast",11,6,5,54.54545454545454
Mayonnaise Dressing with Olive Oil,280,101,179,36.07142857142857
Organic Gluten Free Tapioca Flour,8,0,8,0.0
Watermelon 3 in 1 Shampoo Conditioner and Body Wash,95,37,58,38.94736842105263
Fiber One Nutty Clusters & Almonds Cereal,52,16,36,30.76923076923077
Vanilla Skyr Nonfat Yogurt,18142,12499,5643,68.89538088413626
Fruities Apple Sweet Potato Pineapple,16,9,7,56.25
Band Aid Rolled Gauze,24,3,21,12.5
Organic Honey Hand Soap Foam,4,1,3,25.0
Cinnamon Apple Sauce To Go Squeeze Packs,28,9,19,32.142857142857146
Original Organic Rice Drink,134,80,54,59.70149253731343
Graduates Puffs Peach,50,21,29,42.0
Black Fig Bar,17,5,12,29.411764705882355
Organic Light Sodium Creamy Harvest Corn Soup,196,73,123,37.244897959183675
Hot Chili Seasoning Mix,197,60,137,30.456852791878177
Sriracha Rice Chips,161,100,61,62.11180124223602
Organic Lightly Salted Brown Rice Cakes,8357,4654,3703,55.68984085198038
School Safe Vanilla Cupcakes,106,28,78,26.41509433962264
Uncured Sopressata,11,4,7,36.36363636363637
Solid White Albacore in Water Tuna,9,3,6,33.33333333333333
Black Sesame Seed,45,3,42,6.666666666666667
Holloway House Quick Shine Floor Finish,21,10,11,47.61904761904761
Natural Deli Style Sliced Extra Sharp Cheddar Cheese,835,496,339,59.401197604790426
Southwest Chili Beans,4,1,3,25.0
Dairy Free Key Lime Cheezecake,188,46,142,24.46808510638298
Umcka ColdCare Mint-Menthol Syrup,13,0,13,0.0
Edamame Fettucine With Thai Coconut Sauce,4,0,4,0.0
Wild Rose Deodorant Spray,20,1,19,5.0
"Fiber Garden Gummies, Sugar-Free",42,18,24,42.857142857142854
ColorSilk Dark Brown Haircolor,15,8,7,53.333333333333336
Chewy Fruit Mint,57,17,40,29.82456140350877
Savory Shreds with Chicken in Gravy Cat Food,139,69,70,49.64028776978417
Braided Twist Honey Wheat,679,397,282,58.46833578792342
Pepperoni Provolone Cheese & Breadsticks,50,30,20,60.0
Krunchers Original Kettle Cooked Chips,65,29,36,44.61538461538462
Party Plastic Cups,78,18,60,23.076923076923077
Organic Romaine,23642,14582,9060,61.67836900431436
Albacore Solid White Tuna in Water,244,89,155,36.47540983606557
Kellogg's Special K Chocolate Almond Cereal,235,136,99,57.87234042553191
Brown & Wild Rice Salad Curry Almond,18,1,17,5.555555555555555
Organic Sweet Potato Puffs,2847,1264,1583,44.3976115208992
Training Pants Learning Designs 4T-5T,122,64,58,52.459016393442624
"Cat Litter, Scoopable, Scented",5,1,4,20.0
Organic Dried Mushrooms Medley,108,14,94,12.962962962962962
Unsweetened Almondmilk,49569,37343,12226,75.3353910710323
Dark Chocolate Coconut Bars,11,7,4,63.63636363636363
Chocolate Kale Krunch,23,10,13,43.47826086956522
Aged White Cheddar Baked Rice & Corn Puffs Gluten Free Lunch Packs,10978,7699,3279,70.13117143377664
Honey Wheat Pretzel Sticks,123,66,57,53.65853658536586
Orange Poppy Pound Cake,68,27,41,39.705882352941174
Vanilla Energy Waffle,67,43,24,64.17910447761194
"Popcorn, Artisan, Simply Sea Salt",11,2,9,18.181818181818183
Sweet & Fruity Cranberry Granola,711,469,242,65.9634317862166
"Homestyle Meals Apple, Raspberry, Kale & Amaranth (Stage 2 for 6+ Months)",20,6,14,30.0
Non Alcoholic The Original Irish Cream Coffee Creamer,221,123,98,55.65610859728507
Cheese & Fresh Herb Flatbread Pizza,4,0,4,0.0
Organic Super Fruit Punch Juice Drink,5743,3181,2562,55.38916942364618
Lager Can,9,4,5,44.44444444444444
Banana,472565,398609,73956,84.35008940569023
Shredded 3 Cheese Italian,19,3,16,15.789473684210526
Vitamin D3 2500 IU Berry D-Licious Gummy Ripe Raspberry,213,98,115,46.009389671361504
Real Wasabi,73,5,68,6.8493150684931505
Fresh Underarm Anti-Perspirant/Deodorant Twin Pack,6,0,6,0.0
Raspberry Filmjolk Non-Fat Drinkable Yogurt,1064,613,451,57.61278195488722
Orange Peel In Dark Chocolate,85,49,36,57.647058823529406
Packaged Organic Apricots,406,144,262,35.467980295566505
Kale Puffs,220,76,144,34.54545454545455
Low-Moisture Part-Skim Mozzarella String Cheese Family Size,71,29,42,40.845070422535215
Old Indian Wild Cherry Bark Syrup,47,25,22,53.191489361702125
Pepcid AC Acid Reducer,55,7,48,12.727272727272727
Apple Berry Applesauce on The Go Pouches,288,129,159,44.79166666666667
Roasted Garlic & Quinoa Veggie Burgers,57,14,43,24.561403508771928
Apple Blueberry Granola,50,25,25,50.0
Demerara Cane Sugar Cubes,183,88,95,48.08743169398907
100% Pure Cinnamon Leaf Essential Oil,14,0,14,0.0
Scrub Sponges Heavy Duty,3,0,3,0.0
Gentle Cleansing Wash,34,14,20,41.17647058823529
Pina Colada Mix,3,0,3,0.0
Imported Classic Pure Mild Olive Oil,31,11,20,35.483870967741936
Argan Oil Reparing Shine Oil,4,1,3,25.0
Dark Royal Roast K-Cup Pods,91,57,34,62.637362637362635
Organic Plain Drinkable Yogurt,4,2,2,50.0
Organic Canned Garbanzo Beans,158,74,84,46.835443037974684
Children's Dha Strawberry,16,1,15,6.25
Raw Shea Butter Body Wash,45,17,28,37.77777777777778
Pepperidge Farm® Goldfish Queso Fiesta Baked Snack Crackers,6,0,6,0.0
Organic Hemp Powder,61,7,54,11.475409836065573
Barnum's Animal Crackers,270,132,138,48.888888888888886
Salad Kit Creamy Balsamic,18,2,16,11.11111111111111
Bone In Chicken Thighs,58,14,44,24.137931034482758
"Kettle Chips, Avocado Oil, Sea Salt",929,625,304,67.27664155005382
Valentines Funfetti Cake Mix,10,0,10,0.0
Mini Chips Ahoy! Go Pak,34,14,20,41.17647058823529
Organic Wild Berry Fruit Gummies,54,36,18,66.66666666666666
Organic Superfood Blend Protein Smoothie Mix,11,2,9,18.181818181818183
Gum Ginger,184,44,140,23.91304347826087
Fresh Whole Garlic,1142,355,787,31.08581436077058
Organic Chocolate 1% Milk with DHA Omega-3,3228,2462,766,76.27013630731103
Wild Mackerel & Whitefish Cat Food,13,6,7,46.15384615384615
Organic Creamy Sweet Pea Soup,131,53,78,40.458015267175576
Umcka Cough Max Relief English Ivy Base,32,5,27,15.625
Adavanced Eye Relief Dry Eye Drops Rejuvenation,14,0,14,0.0
"Snack, Sweet Chili, Original",22,12,10,54.54545454545454
Rose Wine,26,17,9,65.38461538461539
Tortiglioni Pasta,6,1,5,16.666666666666664
Spinach & Ricotta Tortelloni,167,71,96,42.51497005988024
Sweet Citrus Soap Bar,15,2,13,13.333333333333334
Clear Ammonia,27,7,20,25.925925925925924
Classic Lasagna With Meat Sauce,24,11,13,45.83333333333333
Meatless Vegan Hickory Smoked  Soy Jerky,290,160,130,55.172413793103445
Good Grips Swivel Peeler,21,0,21,0.0
Color Cups Classic Easter Egg Decorating Kit,10,0,10,0.0
Famous Key West Lime Juice,365,111,254,30.41095890410959
Cherry Blackberry Liquid Water Enhancer,169,77,92,45.562130177514796
Alfredo Sauce With Aged Parmesan Cheese,631,268,363,42.47226624405705
Smart Blend Lamb & Rice Dry Dog Food,144,73,71,50.69444444444444
Complete Acid Reducer & Antacid Tablets,36,17,19,47.22222222222222
Alive! Once Daily Women's 50+ Ultra Potency Multi-vitamin,25,10,15,40.0
Bromelain 500mg,5,0,5,0.0
Safety Can Opener,10,0,10,0.0
"Cheese, Panela",85,38,47,44.70588235294118
Cheddar Extra Sharp Made with 2% Milk Cheese Sticks,233,167,66,71.67381974248927
Organic Sauvignon Blanc,31,19,12,61.29032258064516
Coppertop C Alkaline Batteries,35,1,34,2.857142857142857
Just Chocolate Chunk Cookies,24,9,15,37.5
Brew White Tea Ascend,42,23,19,54.761904761904766
Delights Turkey Sausage Breakfast Bowl,611,395,216,64.6481178396072
Punched: Fruit Punch Flavor Energy Drink,84,59,25,70.23809523809523
Special Dark Mildly Sweet Chocolates,22,2,20,9.090909090909092
Petite Diced Fire Roasted Tomatoes,89,18,71,20.224719101123593
Cheddar Baked Snack Crackers,206,91,115,44.1747572815534
Mint Chocolate Chip Frozen Greek Yogurt Bars,2237,1345,892,60.12516763522575
Deep Renewal Anti-Aging Treatment SPF 15 Lip Protectant,8,0,8,0.0
Baked Oat Bites Cereal,70,46,24,65.71428571428571
Cocoa & Vanilla Bunny Cookies Gluten Free Bunny Cookies Gluten Free,1030,487,543,47.28155339805825
Non-Drowsy Allergy Relief Tablets,157,35,122,22.29299363057325
Rosemary & Olive Oil Kettle Cooked Potato Chips,28,20,8,71.42857142857143
Scent Expressions Secret Scent Expressions Invisible Solid So Very Summer Berry Antiperspirant/Deodorant 2.6 oz AP/DO & Body Spray,4,1,3,25.0
Apertif,22,8,14,36.36363636363637
Turmeric Root,3453,1646,1807,47.66869388937156
Fruit Punch Instant Powder Mix,8,0,8,0.0
All Bean Chili,27,15,12,55.55555555555556
Zinc Gluconate Glycine Natural Flavor Cherry Lozenges,11,0,11,0.0
"Beets, Sliced",426,175,251,41.07981220657277
Polish Sausage,19,2,17,10.526315789473683
Basic Care Dry Shampoo,19,0,19,0.0
Rapid Rise Fast Acting Instant Yeast,462,110,352,23.809523809523807
Ancient Grain Tortillas 6 Count,204,87,117,42.64705882352941
Handi Wipes Multi Use Reusable Cloths,40,12,28,30.0
Vinaigrette Classic Balsamic Dressing,165,54,111,32.72727272727273
"Toothpaste, Calendula",67,41,26,61.19402985074627
Non Dairy Thousand Island,24,6,18,25.0
Garlic Marinara Cooking Sauce,1056,469,587,44.41287878787879
Candy Cane,4,0,4,0.0
A Red Duet Jam,162,88,74,54.32098765432099
Perky's Crunchy Flax Cereal with Chia,37,19,18,51.35135135135135
Toothpicks Square Round Tip,97,3,94,3.0927835051546393
Olive Oil Crackers,54,25,29,46.2962962962963
"Tortilla Chips, Corn, Red Hot Blues",2486,1645,841,66.17055510860821
Magic Eraser All Purpose Handy Grip Refills,2,0,2,0.0
Total 0% with Honey Nonfat Greek Strained Yogurt,11234,8010,3224,71.30140644472138
Simply Heinz Tomato Ketchup,1425,476,949,33.40350877192982
Cafe Steamers Chicken Margherita,403,206,197,51.1166253101737
Roasted Giant Corn,486,281,205,57.818930041152264
Island Splash Deodorant Spray,42,18,24,42.857142857142854
Donut Shop Medium Roast Coffee K-Cups,469,262,207,55.863539445628994
La Fin Du Monde Ale,132,88,44,66.66666666666666
Old Fashioned Smooth & Creamy Grits,83,26,57,31.32530120481928
Breton Herb and Garlic Crackers,24,4,20,16.666666666666664
Isoproyl Rubbing Alcohol,27,1,26,3.7037037037037033
Organic Garlic,109778,74663,35115,68.01271657344823
European Chocolate,127,68,59,53.54330708661418
Ultra Thin Super Pads Without Wings,27,6,21,22.22222222222222
Two-Bite Chocolate Cupcakes,140,63,77,45.0
Sonoma Brut Sparkling Wine,243,112,131,46.09053497942387
Hydrating Coconut Lotion,4,0,4,0.0
Neon Flex Plastic Party Straws,150,34,116,22.666666666666664
Unstopables Fresh In-Wash Scent Booster,111,34,77,30.630630630630627
"Ibuprofen Coated Caplets, 200mg",7,2,5,28.57142857142857
Chicago Mix Popcorn,1178,667,511,56.6213921901528
Caramel Custard Yogurt,14,3,11,21.428571428571427
Compleats Homestyle Chicken Alfredo,45,26,19,57.77777777777777
Organic Papaya Poppy Seed Dressing,64,25,39,39.0625
"Meatballs, Turkey",53,25,28,47.16981132075472
Pink Lemonade Drops Flavor Enhancer,90,23,67,25.555555555555554
Orange & Carrot Juice Blend,45,27,18,60.0
PeroxiCare Healthy Gums Baking Soda & Peroxide Fresh Mint Toothpaste,33,7,26,21.21212121212121
Lower Sodium Honey Ham,294,146,148,49.65986394557823
Morning Burst Oil Free Acnewash,12,5,7,41.66666666666667
Plus A Touch of Downy April Fresh Liquid Laundry Detergent,577,264,313,45.75389948006933
Turmeric Force Liquid Capsules,29,4,25,13.793103448275861
Organic Low Fat Black Bean Vegetable Soup,1471,655,816,44.52753229095853
Original Olive Oil,80,17,63,21.25
Kettle Corn Seasoning,12,2,10,16.666666666666664
Hard Lite Lemonade,10,4,6,40.0
Chili Con Carne With Beans,70,30,40,42.857142857142854
Go Mango! Organic Dried Chili Lime Mango,42,17,25,40.476190476190474
Health Breath Antiseptic Mouth Rinse Cool Mint,19,3,16,15.789473684210526
Lively Senior with Chicken Cat Food,9,3,6,33.33333333333333
Organic Kosher Free Range Chicken Broth,442,171,271,38.68778280542987
Mildly Spicy Beef & Broccoli,36,13,23,36.11111111111111
Egg,180,129,51,71.66666666666667
White Zinfandel,120,68,52,56.666666666666664
"Peppermint Spirits, Liquid Extract",28,3,25,10.714285714285714
100% All Pomegranate Juice,20,4,16,20.0
Original Ultra Strength HD Dish Liquid,9,1,8,11.11111111111111
Whole Wheat Multigrain Pop Cakes,330,268,62,81.21212121212122
Jalapeno Beef Jerky,95,49,46,51.578947368421055
Roasted Root Vegetables,33,6,27,18.181818181818183
Rich & Hearty Steak Burger & Country Vegetables,14,2,12,14.285714285714285
11 In Flour Burrito,18,4,14,22.22222222222222
Organic Green Lentils,7299,2961,4338,40.5672009864365
Lentil & Quinoa White Cheddar Supergrain Mac & Cheese,4,0,4,0.0
Sin Zin,12,2,10,16.666666666666664
Black Cherry Unsweetened Soft Drink Mix,30,15,15,50.0
14-Day Acai Berry Cleanse Tablets,5,1,4,20.0
Grape Chia Kombucha,1544,966,578,62.56476683937824
Mild In Flavor Extra Light Olive Oil,5,0,5,0.0
Diced Celery,110,47,63,42.72727272727273
Unsweetened Elegant Jasmine Green Tea,1387,1094,293,78.87527036770007
Hibiscus Berryade,17,7,10,41.17647058823529
Raw Fit High Protein Vanilla Single Packet,64,14,50,21.875
100% Whey Protein Powder Chocolate Fudge,24,1,23,4.166666666666666
Organic Turkey Breast,1326,870,456,65.61085972850678
Set & Refresh Gain Original Scent Air Freshener Refill,26,10,16,38.46153846153847
Jumbo Papaya,6,2,4,33.33333333333333
Organic Banana Chips,1223,660,563,53.96565821749796
Color Me Happy Colorsafe Shampoo,94,23,71,24.46808510638298
16 Oz Bowls,11,3,8,27.27272727272727
Flax Oat Bran & Whole Wheat Lavash Bread,132,95,37,71.96969696969697
Thai Chicken Wrap,64,27,37,42.1875
Rye Style Bread,401,228,173,56.85785536159601
100% Natural Colloidal Oatmeal Bath,30,16,14,53.333333333333336
Super Shiny Mango Conditioner,18,2,16,11.11111111111111
Posted 3/5/2013 Anti-Dandruff Shampoo,31,11,20,35.483870967741936
Organic Super Fruit Energy Drink,222,143,79,64.41441441441441
"Cheese Stuffed Crust Three Meat (Sausage, Pepperoni & Beef Pizza Topping) Pizza",117,33,84,28.205128205128204
"Hand Soap, Liquid, Parsley Scent",232,73,159,31.46551724137931
Beef Broth Condensed Soup,271,117,154,43.17343173431734
Mega B-Stress Vegetarian Capsules,7,2,5,28.57142857142857
Bucatini Pasta,161,73,88,45.3416149068323
Saffron Yellow Rice,195,90,105,46.15384615384615
Organic Almonds,51,11,40,21.568627450980394
Tortellini Primavera Parmesan Cafe Steamers,73,26,47,35.61643835616438
Multipurpose Cooktop Cleaner,15,1,14,6.666666666666667
Cranberry,6,1,5,16.666666666666664
Blueberries in Light Syrup,7,2,5,28.57142857142857
Everyday Coconut Pineapple Lip Balm,12,2,10,16.666666666666664
Organic Insect Repellent Fresh Natural Scent,8,1,7,12.5
Instant Oatmeal Variety Pack,4927,2700,2227,54.80008118530546
Pure Pacific Mountain Strawberry Preserves,9,3,6,33.33333333333333
"Bandages, Waterproof",63,5,58,7.936507936507936
Organic Kids Mega Noodle Soup,9,3,6,33.33333333333333
Organic Fruit Nugget Fruit Snacks Pouches,7,1,6,14.285714285714285
Mayonnaise with Olive Oil,355,94,261,26.478873239436616
Cherry Limeade Unsweetened Soft Drink Mix,21,11,10,52.38095238095239
Stage 1 Organic Green Bean Baby Food,306,166,140,54.248366013071895
Herb for Beef Gravy Mix,6,0,6,0.0
Broccoli Cut Steamers,236,98,138,41.52542372881356
Frost Arctic Blitz Sports Drink,39,8,31,20.51282051282051
Grape Flavor Sport,5,2,3,40.0
"Veg and Fruit Puree, 100%, Organic, Sweet Potato, Corn and Apple",332,219,113,65.96385542168674
Chocolate Coconut Almond Protein Bars,20,8,12,40.0
Chia Energy Cherry Charge Beverage,68,46,22,67.64705882352942
Big Daddy Ipa in Can,11,6,5,54.54545454545454
Raw Cocnut Nectar,272,80,192,29.411764705882355
Iced Oatmeal Raisin Bar,67,38,29,56.71641791044776
Vitamin Code Raw Vitamin C,54,16,38,29.629629629629626
Chicken Broccoli Fettuccine Alfredo,11,6,5,54.54545454545454
Original Flaky Crust Cherry Pie,9,1,8,11.11111111111111
Tofu Plus Organic Firm Tofu,212,105,107,49.528301886792455
Premium Bun Length Beef Franks,201,100,101,49.75124378109453
Dark Hazelnut Praline Square,23,10,13,43.47826086956522
Lactose Free Cheesy Bliss American Style Singles,22,11,11,50.0
"Chlorella 200 mg, Tablets",4,0,4,0.0
Organic Aged Earl Grey Tea,1344,754,590,56.101190476190474
1st Foods Peas Baby Food,79,22,57,27.848101265822784
Collagen Booster With Hyaluronic Acid & Resveratrol,34,11,23,32.35294117647059
Organic Cheddar Snack Mix,4761,2524,2237,53.01407267380802
Smart Seek Bleach,9,2,7,22.22222222222222
Canola Oil Cooking Spray,126,56,70,44.44444444444444
Original Chili Con Carne With Beans,120,72,48,60.0
Semi-Sweet Morsels,8,1,7,12.5
Rigatoni with Chicken & Pesto,45,24,21,53.333333333333336
Color Guard Liquid Laundry Detergent,26,9,17,34.61538461538461
Organic Backcountry Coffee Blend,3,0,3,0.0
"Ale, Not Quite Pale, No. 9",61,18,43,29.508196721311474
Mighty 4 Blueberry with Carrot Essential Nutrition Bar,272,174,98,63.970588235294116
Pumpernickel Bread 1 Lb,44,13,31,29.545454545454547
French Roast Coffee,64,21,43,32.8125
Philadelphia Whipped Cream Cheese Spread with Chives,567,276,291,48.67724867724868
Chili Hot Beans,138,59,79,42.7536231884058
Pure Corn Starch,170,15,155,8.823529411764707
No Boil Lasagna,2700,613,2087,22.703703703703702
Organix Grain Free Turkey & Vegetable Dog Food,352,213,139,60.51136363636363
Whole Cloves,649,25,624,3.8520801232665636
Grass-Fed Whey Nutrition Bar,217,141,76,64.97695852534562
"Sunscreen, Pure Lavender, Broad Spectrum SPF 45",30,1,29,3.3333333333333335
Polar Blast Fruit Drink,39,13,26,33.33333333333333
Colby Jack Cheese,4712,2976,1736,63.1578947368421
Brown Sugar Blend,114,38,76,33.33333333333333
Armenian String Cheese,402,297,105,73.88059701492537
Coconut & Vanilla with Tangerine Body Lotion,18,1,17,5.555555555555555
Large Grade A Super Eggs,125,70,55,56.00000000000001
Botanical 3 in 1 Mint & Coconut Lotion,5,0,5,0.0
"Tomato Pesto, Sun-Dried",27,5,22,18.51851851851852
Black Bean Dip,108,40,68,37.03703703703704
Egyptian Licorice Tea Bags,298,98,200,32.88590604026846
Any'tizers Honey BBQ Seasoned Wings,54,14,40,25.925925925925924
Chocolate Chip Cookie Dough Nutrition Bars,74,53,21,71.62162162162163
French Pure Butter Cookies,184,100,84,54.347826086956516
Organic Ground Golden Flax Seeds,39,2,37,5.128205128205128
Lemon Sliced Grass,52,2,50,3.8461538461538463
Graduates Banana Cookies,69,25,44,36.231884057971016
Dairy Free Soy Strawberry Alternative,1015,692,323,68.17733990147784
Small Pecan Pie,20,2,18,10.0
Hardwood Smoked Honey Cured Thick Sliced Bacon,301,159,142,52.823920265780735
Herb Blend Parsley,36,13,23,36.11111111111111
Grain Free Chicken & Sweet Potato Recipe in Gravy Dog Food,43,24,19,55.81395348837209
Hot Pepper Jack Cheese,9,3,6,33.33333333333333
Cookies,8,0,8,0.0
Pizzeria Thin Crust Primo Pepperoni Pizza,127,59,68,46.45669291338583
Frozen Red Raspberries,48,17,31,35.41666666666667
Decaf Ginger Peach Green Tea Bags,5,1,4,20.0
All Dressed,5,1,4,20.0
Just Caesar Dressing,40,14,26,35.0
Cookies & Creme Pie,21,3,18,14.285714285714285
Food Truck Chicken Rollers,9,1,8,11.11111111111111
Organic European Style Lightly Salted Butter,1082,625,457,57.7634011090573
Sliced Real Bread,203,132,71,65.02463054187191
Whole Kernel Golden Sweet Corn,632,314,318,49.68354430379747
Stuffed Manzanilla Olives,49,21,28,42.857142857142854
Ancient Heirloom Popcorn,331,145,186,43.80664652567976
Swisspers Triple Size Cotton Balls,35,11,24,31.428571428571427
Black Rice Crackers,42,17,25,40.476190476190474
Fresh Cut Diced New Potatoes,45,24,21,53.333333333333336
Nature's Path Organic EnviroKidz Chocolate Chip Granola Bars,99,55,44,55.55555555555556
All Natural Dill Weed,3,0,3,0.0
Ice Cream Bars,1287,664,623,51.592851592851595
Organic String Cheese,6196,4586,1610,74.01549386701097
Cilantro Bunch,540,266,274,49.25925925925926
Pro Advance HMO Non GMO Infant Formula Powder,17,12,5,70.58823529411765
Organic Refined Safflower Oil,263,104,159,39.543726235741445
Pearl Active Super Absorbency Tampons,8,0,8,0.0
Organic Plain Greek Whole Milk Yogurt,11552,8508,3044,73.64958448753463
Caramel Coffee Creamer,6,2,4,33.33333333333333
Appetizer And Dessert Plates Classic White,13,3,10,23.076923076923077
Juicy Grape Conditioner,26,19,7,73.07692307692307
Sensor2 Plus Men's Disposable Razor,113,45,68,39.823008849557525
Curieux Ale,39,29,10,74.35897435897436
Original 100% Vegetable Juice,1177,674,503,57.2642310960068
Selenium 200 Mcg Yeast Free V-Caps,2,0,2,0.0
Original Orange Juice,24918,15803,9115,63.420017657917974
Fudge Brownie Grand Ice Cream,197,101,96,51.26903553299492
"Just Apple, Kiwi & Spinach Stage 2",48,20,28,41.66666666666667
Mexican Style Corn,7,1,6,14.285714285714285
Stuffed Queen Olives,34,7,27,20.588235294117645
Zero Calorie Ginger Ale,8,1,7,12.5
Organic Bunny-Luv Carrots,378,154,224,40.74074074074074
Cranberry Nut Goodness Granola,220,133,87,60.45454545454545
Chicken Broccoli Supreme,434,190,244,43.77880184331797
Blended Strawberry Yogurt,24,8,16,33.33333333333333
Organic Dry Pinto Beans,37,14,23,37.83783783783784
Uncured Pastrami,742,453,289,61.05121293800539
Spicy Chipotle Beef & Bean Burrito,13,3,10,23.076923076923077
Mandarin,88,45,43,51.13636363636363
"Licorice, Bite-Size, Strawberry & Green Apple",165,105,60,63.63636363636363
High Life Beer Cans,3,0,3,0.0
Tomato,169,45,124,26.627218934911244
Sf Protein New England Style,14,3,11,21.428571428571427
Yam,13,3,10,23.076923076923077
Fat Free Balsamic Vinaigrette,171,71,100,41.52046783625731
Black Forest Ham with Natural Juices,36,22,14,61.111111111111114
All-Natural Harvest Grape Fruit Strip,552,327,225,59.2391304347826
Decaf Natural Orange Pekoe Cut Black Tea Bags,51,6,45,11.76470588235294
Garlic Breadsticks,182,70,112,38.46153846153847
Soy Sauce,2279,472,1807,20.71083808688021
Gruyere Chik'n Cutlets,503,293,210,58.25049701789264
Peanut Butter Crunchy,34,12,22,35.294117647058826
Glucosamine + Chondroitin,7,4,3,57.14285714285714
Alpine Aged Cheddar Cheese Bar,8,5,3,62.5
White Balsamic Shallot Vinaigrette,8,2,6,25.0
Black Mission California Figs,56,10,46,17.857142857142858
Sweet Toffee Milano Slices,24,4,20,16.666666666666664
Naturally Pure Clementine Juice,25,6,19,24.0
Deep Action Cream Cleanser,69,24,45,34.78260869565217
Color Preserve Shampoo,29,11,18,37.93103448275862
Fragrance Free Automatic Dishwasher Tablets,225,120,105,53.333333333333336
Peppercorn Cashew Brie,9,1,8,11.11111111111111
French Fried Onions,22,7,15,31.818181818181817
PeroxiClear Lens Solution,6,1,5,16.666666666666664
"Cheese, Pasteurized Process, Cheddar, Hot Stuff Buffalo Wing",8,4,4,50.0
Vegan Shanghai Dumplings,152,103,49,67.76315789473685
Hand Renewal with Olay® Pomegranate Splash™ Dishwashing Liquid,333,105,228,31.53153153153153
Zoe Organic EVOO,33,15,18,45.45454545454545
"Acidil, Quick-Dissolving Tablets",28,0,28,0.0
Pure Unfiltered Honey Squeeze Bear,273,63,210,23.076923076923077
Steakhouse Ranch Dressing,304,93,211,30.592105263157894
"Cortizone 10 Anti-Itch Creme,",17,7,10,41.17647058823529
Triple Nutrition Conditioner For Dry Damaged Hair,33,3,30,9.090909090909092
Ground Sausage Style Veggie Protein,803,388,415,48.318804483188046
Roasted Garlic Loaf,756,461,295,60.978835978835974
Salt-Free Blend Chili Powder,114,9,105,7.894736842105263
Iced Oatmeal Cookie Kid Z Bar,5641,3881,1760,68.79985818117355
Organic Boldly Seasoned Ranch Corn Tortilla Chips,45,17,28,37.77777777777778
Classic Chicken Salad,5029,3364,1665,66.89202624776297
Lightly Salted Peanut,16,5,11,31.25
Crisp Waters Candle Scents,8,2,6,25.0
Ground Coffee Bakery Series Cinnamon Coffee Roll,14,5,9,35.714285714285715
Protein Mac Mild Cheddar  Macaroni & Cheese,102,48,54,47.05882352941176
Ten Soda,385,249,136,64.67532467532467
CopperTop 9V Batteries,173,25,148,14.450867052023122
Olive Brushetta,94,24,70,25.53191489361702
Spinach Bunch,38,7,31,18.421052631578945
Original Aloe Organic Aloe Vera Drink,104,75,29,72.11538461538461
Breakfast Essentials Rich Milk Chocolate Complete Nutritional Drink,150,55,95,36.666666666666664
Raspberryes Cream Gelato,142,50,92,35.2112676056338
Fire Log,472,280,192,59.32203389830508
Frappuccino Chilled Coffee Drink,35,25,10,71.42857142857143
Sweet & Salty Snack Mix,33,9,24,27.27272727272727
"8\"" Mesh Strainer",3,0,3,0.0
Passata Tomato Puree,143,79,64,55.24475524475524
Liquid Chlorophyll 100mg,27,6,21,22.22222222222222
Cinnamon Crunch Sunflower Seed Bites,454,259,195,57.048458149779734
Strawberry Tartlettes,12,4,8,33.33333333333333
Original Miracle Whip Dressing Squeeze Bottle,187,51,136,27.27272727272727
French Style 5 Bean Soup,11,0,11,0.0
All Natural Prosciutto Vacuum Pack,211,112,99,53.08056872037915
Essentials Concord Grape Juice Cocktail,10,3,7,30.0
Roasted Sweet Peppers,453,162,291,35.76158940397351
Cranberry Splash Caffeine Free Lemon Lime Soda,4,0,4,0.0
Rich Dark Chocolate,822,509,313,61.92214111922141
Smarty Kat Pet Toy Frisky Flyer,17,1,16,5.88235294117647
Go-Gurt SpongeBob SquarePants Strawberry Riptide/Sponge Berry Variety Pack Portable Low Fat Yogurt,495,245,250,49.494949494949495
Chai Spice Almond Milk,50,28,22,56.00000000000001
Minions Extra Soft Toothbrush Ages 5+,31,8,23,25.806451612903224
Chopped Onions,3656,2158,1498,59.026258205689274
Organic Spearmint Tea,178,84,94,47.19101123595505
Lucky Charms Cereal,2159,1043,1116,48.30940250115795
Watermelon Strawberry Wave Sports Drink,18,8,10,44.44444444444444
Flamin' Hot Limon Crunchy Cheese Flavored Snacks,242,126,116,52.066115702479344
"Hummus Chips, Roasted Red Pepper",13,3,10,23.076923076923077
Simply Dressed All Natural Ranch Dressing,52,19,33,36.53846153846153
Nutty Bars,933,551,382,59.056806002143624
Strawberry Bliss Energy Bar,19,6,13,31.57894736842105
Chopped Shallots,36,7,29,19.444444444444446
Yellow Enriched & Degerminated Corn Meal,249,22,227,8.835341365461847
Chocolate Peppermint Crunch Ice Cream,57,19,38,33.33333333333333
Organic Concord Grape Juice,394,219,175,55.58375634517766
Little Swimmers® Disposable Swimpants  Size Medium,33,1,32,3.0303030303030303
Original Heat 'N Serve Sausage Links,60,27,33,45.0
Chocolate Hazelnut Bars,47,27,20,57.446808510638306
White Cheddar Macaroni & Cheese Cups,869,413,456,47.5258918296893
Dubliner Cheddar,352,152,200,43.18181818181818
Glycerine Soap Cucumber,1,0,1,0.0
Organic Cold Brew Coffee Plus Protein Iced Coffee,102,41,61,40.19607843137255
Mango 2% Milk Fat Creamy Small Curd Cottage Cheese,5,0,5,0.0
Long Island Iced Tea,8,4,4,50.0
Vegan Veggie Salami Slices,137,84,53,61.31386861313869
Wild Freesia Invisible Dry Power Antiperspirant/Deodorant,7,0,7,0.0
Hawaiian Conditioner Cocoa Butter,19,4,15,21.052631578947366
"Super Glue, All Purpose, Brush",20,2,18,10.0
Cultured Low Fat Buttermilk,5504,2746,2758,49.89098837209303
Almondmilk Reduced Sugar Original Non-Dairy Beverage,127,83,44,65.35433070866141
"Chips, Kale + Chia, Chili Lime",9,3,6,33.33333333333333
Tropical Hair Shampoo,28,8,20,28.57142857142857
Nesquik Vanilla Low Fat Milk,12,9,3,75.0
Max Cover Disinfect Mist Garden After Rain,14,1,13,7.142857142857142
Spicy Italian Sausage Rising Crust Pizza,11,6,5,54.54545454545454
Feta Marinated With Herbs,45,22,23,48.888888888888886
Chicken Broth with Noodles & Dumplings,8,1,7,12.5
Margarine,333,172,161,51.651651651651655
Cauliflower Crumbles Chopped Cauliflower,885,463,422,52.31638418079096
Salt & Vinegar Kettle Cooked Potato Chips,11,4,7,36.36363636363637
Lindor Stracciatella White Chocolate Truffles,9,1,8,11.11111111111111
Organic Creamy Coconut,95,43,52,45.26315789473684
Supergreens Superfood Smoothie,61,38,23,62.295081967213115
Thai Style Chili Sauce,15,2,13,13.333333333333334
Small Macintosh Apple,5034,3153,1881,62.63408820023838
Grands Homestyle Butter Tastin Biscuit,215,48,167,22.325581395348838
"Deli Flats, Soft 100% Whole Wheat, Pre-Sliced",23,9,14,39.130434782608695
Sweet & Thick Original BBQ Sauce,35,12,23,34.285714285714285
Fruit Punch Soft Drink,3,0,3,0.0
Fettuccini Alfredo Bake,4,0,4,0.0
Caramel Coffee Mate Natural Bliss Almond Milk Creamer,21,4,17,19.047619047619047
Ultra Strong Toilet Paper,250,157,93,62.8
Iced Green Tea Organic Super Fruit,315,204,111,64.76190476190476
Buttermilk Biscuit,52,13,39,25.0
Double Top *2X Total Meat Toppings As Our Original Pepperoni Pizza Pizza,3,0,3,0.0
Lasagne Pasta,744,138,606,18.548387096774192
"Advantage Acne Spot Treatment, oil-Free",66,29,37,43.93939393939394
Chunky Tomato Bisque Soups,80,27,53,33.75
Sugar Substitute,650,180,470,27.692307692307693
Lemonmint Water,9,1,8,11.11111111111111
Italian Style Sub Sandwich Kit,103,55,48,53.398058252427184
Rhus Toxicodendron 30 C Pellets,3,0,3,0.0
Eczema & Psoriasis Cream,15,6,9,40.0
Cilantro Lime Dressing,32,8,24,25.0
Venus Snap with Embrace Women's Razor with 1 Razor Refill in 1 Compact,12,2,10,16.666666666666664
Crusty Mozzarella Garlic Bread,24,6,18,25.0
Long Grain Arborio,134,31,103,23.134328358208954
Five Star Chocolate Bar Caramel,516,336,180,65.11627906976744
Spicy Red Pepper Miso Mayo,62,22,40,35.483870967741936
Peppers,7,0,7,0.0
Instant Maple Brown Sugar Hot Cereal,165,66,99,40.0
Steak Seasoning,135,12,123,8.88888888888889
Family Organic Apple Juice Boxes - 4 CT,985,535,450,54.314720812182735
Country Ranch Nut & Rice Cracker Snacks,569,346,223,60.80843585237259
"Tangerine, California",200,55,145,27.500000000000004
Zap Ems Pizza Snacks,28,18,10,64.28571428571429
Nuestro Tequila,229,115,114,50.21834061135371
Cold Brew Coffee Nitro Can,1995,1353,642,67.81954887218045
Whiting Fillets,12,2,10,16.666666666666664
"Tender white meat turkey, pasta, mushrooms and celery in a creamy sauce Turkey Tetrazzini",234,145,89,61.965811965811966
Organic Black Heirloom Quinoa,23,5,18,21.73913043478261
Hearty & Delicious 100% Whole Wheat Bread,405,231,174,57.03703703703704
All Natural Beef Jerky,46,19,27,41.30434782608695
Red Curry Paste,107,22,85,20.5607476635514
Clear Hand Soap Refill,14,2,12,14.285714285714285
Potato Stix,10,5,5,50.0
Lemon & Chive Dressing,294,99,195,33.6734693877551
Tonic Natural Cane Soda,37,13,24,35.13513513513514
Coconut Dreams Cookies,200,84,116,42.0
Old Fashioned Potato Soup,5,0,5,0.0
Thick & Full Biotin & Collagen Conditioner,31,5,26,16.129032258064516
Z Filets Grilled Beef Dog Treats,54,39,15,72.22222222222221
Original Wraps 6 Ct,75,41,34,54.666666666666664
"Pierogies, Potato & Onion",16,4,12,25.0
Whole Grain Pizza Crusts,17,5,12,29.411764705882355
Calming Shampoo Tea Tree + Sea Buckthorn,29,5,24,17.24137931034483
Strawberry Ice Bars,63,20,43,31.746031746031743
Soft Mint Flavor Mouthwash,22,9,13,40.909090909090914
Rooibos Madagascar Vanilla Red Herbal Tea,38,11,27,28.947368421052634
Non Alcoholic Baileys Mudslide Coffee Creamer,5,1,4,20.0
Old Fashioned Mac & Cheese,97,41,56,42.2680412371134
Meatloaf in Gravy,207,102,105,49.275362318840585
Pecan Nut & Rice Cracker Snacks,2639,1805,834,68.39712012125804
Chocolate Malt,258,90,168,34.883720930232556
Unsweetened Coconut Water,2247,1688,559,75.12238540275924
"Xanthan Gum, Gluten Free",10,1,9,10.0
1664,14,4,10,28.57142857142857
Diet Cran-Lemonade Juice,204,142,62,69.6078431372549
Sparkling White Mint Zing Toothpaste,30,4,26,13.333333333333334
Warrior Blend Raw Vegan Protein,15,2,13,13.333333333333334
Organic 12 Grain Bread,97,62,35,63.91752577319587
Compostable Plates,58,14,44,24.137931034482758
Large Yellow Flesh Nectarine,15301,9348,5953,61.09404614077511
Lit'l Smokies Smoked Sausage,380,122,258,32.10526315789474
Mexican Beef Bouillon,45,5,40,11.11111111111111
Pumpkin Ice Cream,8,1,7,12.5
Ultra Comfort Care Toilet Paper,299,144,155,48.16053511705686
Chopped Blends With Lamb Brown Rice Carrots Tomatoes & Spinach Dog Food,47,22,25,46.808510638297875
Peanut Butter Dark Chocolate + Protein Bar,3191,1918,1273,60.10654967094955
Greek 100 Calories Strawberry Banana Fat Free Yogurt,493,293,200,59.43204868154158
Creamery Herbs De Provence,11,2,9,18.181818181818183
"Cabernet Sauvignon, California, 2006",127,36,91,28.346456692913385
Super Premium Natural Brown Paper Basket Coffee Filters (8-12 Cups),204,50,154,24.509803921568626
Peanut Butter Dark Chocolate Dreams,6,0,6,0.0
Wasabi Powder,115,11,104,9.565217391304348
Aged Garlic Extract Immune Formula 103,13,1,12,7.6923076923076925
Fabric Softener Dryer Sheet Outdoor Fresh 105CT Fabric Enhancers,203,32,171,15.763546798029557
Wild Caught Anchovy Paste,525,84,441,16.0
Mozzarella Part Skim Cheese,102,56,46,54.90196078431373
Homestyle Harvest Tomato with Basil Soup,113,45,68,39.823008849557525
Orange Multihealth Fiber Packets,7,0,7,0.0
Purina Friskies Tasty Treasures,24,13,11,54.166666666666664
Pomegranate Blueberry Vegan Total Omega,22,8,14,36.36363636363637
Chocolate Malt Cup,5,0,5,0.0
Green Tea Peach,1010,687,323,68.01980198019803
Fancy Greens,233,107,126,45.92274678111588
Curly Mustard Greens Bunch,27,8,19,29.629629629629626
Glade Rainshower Toilet Cleaning Gel,75,15,60,20.0
Lindor Peanut Butter Truffle,4,2,2,50.0
Original Miracle Whip Dressing,284,79,205,27.816901408450708
Complete Powder,499,170,329,34.06813627254509
Country Roast Mild Ground Coffee,6,1,5,16.666666666666664
Non-Dairy Organic Chocolate Hazelnut Fudge Frozen Dessert,374,119,255,31.818181818181817
Organic Banana Blueberry Baby Food Puree,2886,1887,999,65.38461538461539
Peach Rings Candy,16,11,5,68.75
NOTICEables Dual Scented Oil Refill + Free Warmer - Linen & Sky,7,1,6,14.285714285714285
Mexican Organic Oregano,24,3,21,12.5
Cinnamon Mint Tin,53,26,27,49.056603773584904
Spicy Fat Free Refried Beans,39,18,21,46.15384615384615
Unsweet Tea,3,0,3,0.0
"Meaty Ground Dinner with Chunky Beef, Bacon and Cheese",29,14,15,48.275862068965516
Salted Sweet Cream Butter Quarters,580,319,261,55.00000000000001
Diet Caffeine Free No Calorie Orange Soda,230,144,86,62.60869565217392
Reserve Pinot Noir,49,36,13,73.46938775510205
Horsetail Grass 440 mg Capsules,4,0,4,0.0
AdvantEdge Carb Control Creamy Vanilla Shake,76,45,31,59.210526315789465
Kiss My Oats Granola,113,73,40,64.60176991150442
Black Truffle Salt,38,3,35,7.894736842105263
Base Cookie Dough Protein Bar,771,522,249,67.70428015564202
Lil Snapper Kid Size Granny Smith Apples,81,44,37,54.32098765432099
Fabric Refresher & Odor Eliminator Tide Original,22,6,16,27.27272727272727
Habanero Almond Spread,6,1,5,16.666666666666664
Hot Salsa Brava Sauce,56,15,41,26.785714285714285
"Plus Downy Clean Breeze Scent Liquid Laundry Detergent, 46 oz, 24 loads Laundry",141,84,57,59.57446808510638
"Heavy Duty 12\"" Aluminium Foil",374,48,326,12.834224598930483
All Good Goop Healing Balm,4,0,4,0.0
Pinto Beans with Jalapenos,9,2,7,22.22222222222222
Dark Mocha Almond Chewy Granola Bars,876,491,385,56.050228310502284
Blasts! Reese's Peanut Butter Cups Frozen Dairy Dessert,201,61,140,30.34825870646766
Chocolate Snack Grahams,26,15,11,57.692307692307686
Organic Honey & Corn Snack Crackers,21,15,6,71.42857142857143
Sugar-Free Spearmint Gum,65,29,36,44.61538461538462
Aromatherapy Lavender 100% Pure Essential Oil,6,2,4,33.33333333333333
ProClean Power Liquid Original Scent Detergent,8,1,7,12.5
Chana Masala,66,21,45,31.818181818181817
"Kettle Cooked Potato Chips, Sea Salt",116,69,47,59.48275862068966
Moisturizing Cream,370,126,244,34.054054054054056
Prime Filets Meaty Favorites Variety Pack Cat Food,123,82,41,66.66666666666666
Mashed Potatoes,1856,874,982,47.09051724137931
Peppered Beef Jerky,665,404,261,60.75187969924812
Freshstack Garlic Butter,12,2,10,16.666666666666664
All Good Coconut Oil Skin Food Coconut,21,6,15,28.57142857142857
Organic Gluten Free Teriyaki Sauce,35,3,32,8.571428571428571
No Bake Oreo Dessert,13,3,10,23.076923076923077
Chainbreaker White IPA,43,12,31,27.906976744186046
Virgin Coconut Oil Unrefined,31,12,19,38.70967741935484
Honey Crisp,40,19,21,47.5
4 Kids Cold n' Cough Syrup,114,25,89,21.929824561403507
Citrus Mango Pineapple Flavor 100% Juice,24,7,17,29.166666666666668
Cream Style Sweet Corn,116,24,92,20.689655172413794
Low Fat Original Ricotta Cheese,112,22,90,19.642857142857142
Smoked Turkey Necks,22,9,13,40.909090909090914
0 Calorie Fuji Apple Pear Water Beverage,185,141,44,76.21621621621621
Peanut Butter Crunch Cereal,560,258,302,46.07142857142857
Chicken Wingettes & Drummettes Family Pack,10,5,5,50.0
Cayenne Cleanse Kombucha,904,596,308,65.929203539823
Organic Petite Diced Tomatoes,374,130,244,34.75935828877005
Premium Strawberry,7,2,5,28.57142857142857
Chinese Style Chicken Soup Bowl,78,19,59,24.358974358974358
Dipping Spices for Olive Oil,4,0,4,0.0
Roasted Tomato Rice Seasoning Sauce With Garlic + Red Chile,18,6,12,33.33333333333333
Rewetting Drops For Contacts,16,0,16,0.0
"Cheese, Aged Dutch, Vincent",40,28,12,70.0
Phytolacca Decandra 30 C - 80 CT,6,2,4,33.33333333333333
Cinnamon Raisin Toaster Bagels,167,94,73,56.287425149700596
Wicked Thai-Style Chicken with Rice & Vegetables Soup,25,13,12,52.0
Original Lemonade,1457,851,606,58.40768702814001
Flatbread Tuscan Herb Wheat Thins,14,5,9,35.714285714285715
Organic Peach Rings,293,156,137,53.242320819112635
Guava Nectar,627,355,272,56.61881977671451
Organic Carrot Cake Sprouted Cookies,216,68,148,31.48148148148148
All-Purpose Cleaner Lime & Sea Salt,137,36,101,26.277372262773724
Spicy Falafel,1,0,1,0.0
G Series Perform Orange Sports Drink,556,313,243,56.29496402877698
"Delights Turkey Sausage, Egg Whites & Cheese Croissant",1357,780,577,57.47973470891673
Borage Therapy Unscented Hand Cream,45,13,32,28.888888888888886
Cranberry Plus 100% Juice,9,2,7,22.22222222222222
Meat Thermometer,31,1,30,3.225806451612903
Peanut Butter Chocolate Chip Fruit & Nut Bars,456,164,292,35.96491228070175
Mexican Roasted Pasilla Chile Cooking Sauce,14,4,10,28.57142857142857
Chopped spinach in a Parmesan & Romano cheese sauce Creamed Spinach,75,38,37,50.66666666666667
Very Emollient Body Lotion - Unscented Original,237,66,171,27.848101265822784
3 Minute Miracle Moist Deep Conditioning Treatment,94,40,54,42.5531914893617
Beef Tamales,41,10,31,24.390243902439025
"Lime Juice, 100% Organic",44,15,29,34.090909090909086
Electrolyte Hydrator Berry,5,0,5,0.0
Four Cheese,129,62,67,48.06201550387597
Extra Stout Beer,172,79,93,45.93023255813954
Original Cream Cheesecake,238,71,167,29.831932773109244
Habanero & Green Chile Chicken Meatballls,33,9,24,27.27272727272727
Party Favorites Candy,101,34,67,33.663366336633665
Mini Kitchen Brush,33,4,29,12.121212121212121
Peachy Pistachio Greek Yogurt,647,413,234,63.83307573415765
Ice Cube Sugar Free Arctic grape Gum,57,27,30,47.368421052631575
Kisses Special Dark Chocolate Candy,14,5,9,35.714285714285715
Unscented 2-Ply Double Roll Bathroom Tissue,557,228,329,40.93357271095152
Sausage Lotzza Motzza Pizza,16,10,6,62.5
Water,13494,9759,3735,72.32103156958648
Madagascar Pure Vanilla,10,0,10,0.0
Original Moisturiser,16,2,14,12.5
Smokehouse Almonds Value Pack,612,316,296,51.633986928104584
Original Artichoke Burgers,91,43,48,47.25274725274725
Soft French-Style Herb-Garlic Nut Cheese,712,358,354,50.28089887640449
Sparkling Tangerine Probiotic Drink,1440,1025,415,71.18055555555556
Grass Fed Ground Beef Patties,3,0,3,0.0
Harissa Sauce,14,3,11,21.428571428571427
Spot's Stew Succulent Salmon Recipe Dog Food,54,35,19,64.81481481481481
Classic Recipe Chicken & Stars Condensed Soup,669,318,351,47.53363228699551
"Yogurt, Nonfat, Organic, Plain",480,323,157,67.29166666666667
Just Hummus,194,132,62,68.04123711340206
Passover Egg Matzo Cracker,6,0,6,0.0
Apple Juice Fruit,177,122,55,68.92655367231639
Lil Love Ice Cream Cake,45,11,34,24.444444444444443
Blueberry Blast Fruit and Chia Seed Bar,1,0,1,0.0
Tasteful Sides Macaroni & Cheese,137,68,69,49.63503649635037
Balsamic Vinaigrette Salad Dressing Sweet & Complex,67,15,52,22.388059701492537
Gentle Gum Care Mint Floss,45,26,19,57.77777777777777
"Macaroons, Chocolate Chip",38,11,27,28.947368421052634
Brown Large Eggs Grade A,356,232,124,65.1685393258427
"Sushi Chef Sampler Tra, Ready To Eat",13,7,6,53.84615384615385
Gluten Free Inca Red,1417,482,935,34.015525758645026
Boneless Beef Stew,141,62,79,43.97163120567376
Babaganus,85,56,29,65.88235294117646
"Tofu, Firm",80,10,70,12.5
Cookies 'n Cream with Oreo Cookie Pieces Lowfat Yogurt,655,510,145,77.86259541984732
Medium House Blend Ground Coffee,675,427,248,63.25925925925926
Flip™ Low-Fat Key Lime Crumble Greek Yogurt,3074,1971,1103,64.11841249186728
Baby Zucchini Squash,8,0,8,0.0
Antioxidant Kit Salad,17,1,16,5.88235294117647
Spicy Tomato & Parmesan Cream Pasta Sauce,6,0,6,0.0
Vanilla Plant Based Nondairy Beverage,583,421,162,72.21269296740995
Philadelphia Cream Cheese Strawberry,172,51,121,29.651162790697676
Birthday Candle Numeral 6,6,0,6,0.0
"Pinot Grigio, California, 2011",39,20,19,51.28205128205128
All-Vegetable Shortening Baking Sticks,365,83,282,22.73972602739726
Toasted Caramel Coconut Chips,707,317,390,44.837340876944836
"Yum-A-Roo's Organic Toddler Snacks Pea, Banana, & Pineapple",6,0,6,0.0
Tall Compostable Kitchen Bags,1511,742,769,49.106551952349434
Decaffeinated Honey Lemon Green Tea,4,0,4,0.0
2% Milk Colby Jack Fancy Shredded Cheese,33,10,23,30.303030303030305
Medium Flour Tortillas,311,161,150,51.76848874598071
Hemp Pro 50 Plant Based Protein Supplement,44,14,30,31.818181818181817
All Natural Gardenia Hand And Body Lotion,13,2,11,15.384615384615385
Original Brown N' Serve Sausage Links,14,6,8,42.857142857142854
Boomchickapop Sea Salt Popcorn,9938,6268,3670,63.071040450794925
Pink Birthday Candles,6,0,6,0.0
Stella Pink Semi-Sweet,57,13,44,22.807017543859647
Unbleached Basket Style Coffee Filters,5,2,3,40.0
Old Fashioned Organic Smooth Peanut Butter,112,46,66,41.07142857142857
Guava Guayasa Zero,427,316,111,74.00468384074942
High Protein Milk Chocolate Nutrition Shake,43,24,19,55.81395348837209
Reduced Fat Crumbled Blue Cheese,74,29,45,39.189189189189186
Fiber Harmony Certified Organic  Whole Husk Psyllium,109,36,73,33.02752293577982
Seasonal Espresso,497,367,130,73.8430583501006
Homestyle Southwest Style White Chicken Chili,12,0,12,0.0
Infant Formula With Iron,43,30,13,69.76744186046511
Aged Artisanal Treenut Cracked Pepper Cheese,267,135,132,50.56179775280899
Bread & Butter Chips Pickles,13,7,6,53.84615384615385
Lowfat Maple Yogurt Organic,1394,953,441,68.36441893830703
Venus & Olay Original Razor Blade Refills,75,44,31,58.666666666666664
24 Hour Volume Conditioner,13,1,12,7.6923076923076925
Happy Baby Apricot & Sweet Potato Baby Food,495,215,280,43.43434343434344
Aspartame Free Mojito Lime Mint Sugar Free,15,10,5,66.66666666666666
Destinations Paris Romantic Rose Clear Gel Women's Anti-Perspirant & Deodorant,8,1,7,12.5
Vegan Chao Creamy Original Cheese Slices,3981,2795,1186,70.20849032906304
"Tuna Fillets, with Capers and Garlic in Olive Oil",13,5,8,38.46153846153847
Organic  Creamy Peanut Butter Hint of Sea Salt,535,271,264,50.654205607476634
Super Simple Sprouted Flax Snax,36,13,23,36.11111111111111
French Snacking Brie,212,110,102,51.886792452830186
Streakless Glass Cleaner,14,3,11,21.428571428571427
Muenster Cheese Slices,118,50,68,42.3728813559322
Grapefruit Sparkling Beverage,23,7,16,30.434782608695656
"Almond Drink, Unsweetened, Original",14,3,11,21.428571428571427
"Orzo, No. 65",503,125,378,24.85089463220676
Sliced Apples & Caramel with Peanuts,20,13,7,65.0
Fresh Cut Golden Sweet Whole Kernel Corn,6002,2745,3257,45.734755081639456
Raspberry Gelatin Dessert,112,18,94,16.071428571428573
30 Gallon Large Trash Bags,445,109,336,24.49438202247191
Apple Cinnamon Rice Cakes,426,208,218,48.82629107981221
Ultra ComfortCare Mega Roll Toilet Paper,49,11,38,22.448979591836736
Miller's Blend Extra Virgin Olive Oil,57,13,44,22.807017543859647
Flour corn tortillas filled with chicken and vegetables over a bed of rice topped with a Real cheese sauce Chicken Enchiladas,136,70,66,51.470588235294116
Big Sur Breakfast Burrito,814,461,353,56.63390663390664
Organic Steel Cut Oats,1628,795,833,48.83292383292383
All Natural Hoisin Sauce,97,9,88,9.278350515463918
Creamer,522,303,219,58.04597701149425
Mold and Mildew Blaster Bleach & Shine,151,27,124,17.880794701986755
"Cheese Alternative Shreds, Mozzarella",526,245,281,46.57794676806083
Black Tie Frosted Cupcake,33,16,17,48.484848484848484
Issimo Latte Macchiato Iced Coffee Drink with Milk,62,30,32,48.38709677419355
Extra Dark Chocolate Bar,28,12,16,42.857142857142854
French Vanilla,26,11,15,42.30769230769231
Enriched Fine Yellow Corn Meal,37,4,33,10.81081081081081
Clover Premium Honey,876,389,487,44.40639269406393
Borscht,4,0,4,0.0
Stage 2 Apple & Pumpkin Baby Food,3,0,3,0.0
Jumbo Cheese Puffs,27,3,24,11.11111111111111
Spaghettios With Franks,60,40,20,66.66666666666666
No. 485 Gin,209,146,63,69.85645933014354
Vegetable Pancakes,8,3,5,37.5
Fudge Stripes Original Cookies,781,384,397,49.167733674775924
Eggo Strawberry Waffles,683,468,215,68.5212298682284
Powdered Chicken Flavored Bouillon,20,3,17,15.0
Kombucha A Bubbly Probiotic Tea California Grape,26,3,23,11.538461538461538
Organic Ginger Syrup,25,8,17,32.0
Spicy Marinara,49,19,30,38.775510204081634
Mild Chili Seasoning Mix 30% Less Sodium,109,30,79,27.522935779816514
Platinum Yeast,44,33,11,75.0
Organic Bunny Pasta & Chicken Broth Soup,191,31,160,16.230366492146597
Pumpkin & Apple Flavor Dog Cookies,17,8,9,47.05882352941176
Naturally Smoked Trout Fillet,385,168,217,43.63636363636363
Tangy Tart Candy,33,15,18,45.45454545454545
Blueberry Lowfat Yogurt,560,343,217,61.25000000000001
Disney Princess Assorted Sizes Adhesive Bandages,67,17,50,25.37313432835821
Gluten Free Rice Pasta Spaghetti Style,85,27,58,31.76470588235294
Yellow Corn Tortillas,1469,735,734,50.03403675970047
Fruit Naturals Mandarin Oranges In Extra Light Syrup,10,0,10,0.0
White Meat Chicken Primavera Cat Food,70,41,29,58.57142857142858
Organic Strawberry Hibiscus Kombucha,302,198,104,65.56291390728477
Seedless Small Watermelon,13996,7137,6859,50.99314089739926
Organic Professor Fizz Zero Calorie Soda,152,92,60,60.526315789473685
Simply Well Rice Pudding,135,80,55,59.25925925925925
Brown Rice,414,175,239,42.270531400966185
Ultra Sheer Daily Defense SPF 18 Facial Lotion,40,9,31,22.5
2% Milkfat Greek Yogurt with Mango On The Bottom,101,83,18,82.17821782178217
Complete 7 Symptom Relief Enhanced Formula Eye Drops,25,3,22,12.0
Chilled Gazpacho De Sol Vegetable Soup,36,16,20,44.44444444444444
German Chocolate Cake Slice,81,43,38,53.086419753086425
"Xtra Protection Always Xtra Protection Daily Liners, Extra Long 34 Count Feminine Care",11,5,6,45.45454545454545
Organic Plain French Style Yogurt,1273,946,327,74.31264728986646
Lunchables Turkey & Cheddar Sub Sandwich With Smoothie Lunch Combinations,50,26,24,52.0
Caramel Corn Popcorn,53,19,34,35.84905660377358
Mandarin Orange Chicken,346,206,140,59.53757225433526
Blemish Control Apricot Scrub,210,51,159,24.285714285714285
Shredded Mexican Cheddar Jack Cheese,12,2,10,16.666666666666664
Rice Blend Royal Blend,46,10,36,21.73913043478261
Variety Pack Splash Water Beverage,42,10,32,23.809523809523807
Melatonin 3mg,14,1,13,7.142857142857142
Fine And Silky Fillo Dough,6,0,6,0.0
Tomato Cocktail From Concentrate,122,57,65,46.72131147540984
Organic Apple Rings,245,134,111,54.69387755102041
Organic Pomegranate Kernels,972,309,663,31.790123456790127
Ignatia Amara 6C Homeopathic Pellets,14,3,11,21.428571428571427
Lemon Thyme Dish Liquid,43,10,33,23.25581395348837
Homestyle Popcorn,685,354,331,51.67883211678832
Authentic Mexican Crumbling Cheese,8,0,8,0.0
Heavenly  Crisp Peanut Butter Candy Bars,126,93,33,73.80952380952381
Organic White Peach White Tea,19,9,10,47.368421052631575
Organic Gold Potato,3,0,3,0.0
Belgian Golden Ale,73,39,34,53.42465753424658
Original All-Purpose Tomato & Basil Marinara,30,7,23,23.333333333333332
Organic Butter With Sea Salt Crock Refill,6,2,4,33.33333333333333
Poppables Sea Salt Potato Snacks,2,0,2,0.0
Irish Spring Icy Blast Antiperspirant Deodorant,8,1,7,12.5
Real Guacamole,3527,1869,1658,52.991210660618094
Fig Jam,13,6,7,46.15384615384615
Nonfat Yogurt,104,49,55,47.11538461538461
Classic Jumbo Corndogs,15,3,12,20.0
Burrata Mozzarella Cheese,312,189,123,60.57692307692307
Strawberry Vanilla Marshmallows,5,0,5,0.0
Cold Brew Coffee with Milk,110,58,52,52.72727272727272
Healthy Grains Fiber Cinnamon Oat Clusters,4568,2558,2010,55.998248686514884
No-Touch Antibacterial Soothing Cucumber Splash Scent Hand Soap Refill,35,16,19,45.714285714285715
Extra Small Size Artichoke Hearts,44,10,34,22.727272727272727
Sea Fresh Toothpaste Deep Sea Spearmint,102,20,82,19.607843137254903
Air Chilled Chicken Drumsticks,468,247,221,52.77777777777778
Chocolate Covered Halvah,7,4,3,57.14285714285714
Kombucha Organic & Raw Tantric Tumeric,147,74,73,50.34013605442177
Birthday Cake Chocolate Sandwich Cookies,324,102,222,31.48148148148148
Cheese Delicato Tortelloni,313,150,163,47.92332268370607
Tulsi Breakfast Tea,13,5,8,38.46153846153847
White Peach,8856,4660,4196,52.619692863595304
Organic Chocolate Hazelnut Fig Granola,29,12,17,41.37931034482759
Sgt. Pepper Goat Milk Cheese,389,138,251,35.47557840616967
Men+Care Sensitive Shield Antiperspirant Deodorant,8,0,8,0.0
Dairy Free Almond Milk Minis Vanilla Non-Dairy Frozen Dessert,39,8,31,20.51282051282051
Gemelli,72,41,31,56.94444444444444
Quince Preserve,7,1,6,14.285714285714285
Heirloom Tomato,5158,2428,2730,47.07250872431175
Chipotle Lime Mayo,243,88,155,36.21399176954733
Flip Chipotle Pineapple Low-Fat Greek Yogurt,13,8,5,61.53846153846154
Minced Turkey Feast in Sauce Cat Food,23,9,14,39.130434782608695
Fast Act Anti Diarrheal,117,69,48,58.97435897435898
Raisin Mochi,48,31,17,64.58333333333334
Organic Plain Yogurt,2546,1701,845,66.81068342498037
Mint Dark Chocolate Candy,57,21,36,36.84210526315789
All Natural Udon Stir-Fry Noodles,34,6,28,17.647058823529413
Acne Prone® Skin Formula Facial Bar,7,1,6,14.285714285714285
Regular Strength 500 Peppermint Chewable Tablets Antacid Calcium Carbonate,27,5,22,18.51851851851852
Roasted Vegetables With Angel Hair Pasta,9,2,7,22.22222222222222
Organic Coconut Milk,27255,14486,12769,53.14988075582462
Braised Beef and Vegetables,8,2,6,25.0
Rice & Banana Apple Baby Cereal,11,6,5,54.54545454545454
100% Agave,32,18,14,56.25
Taste Of Asia Spicy Miso Chicken,8,1,7,12.5
White Cheddar Cheese Flavored Popcorn,166,59,107,35.54216867469879
Quick Cooking Rolled Oats,25,6,19,24.0
Madras Curry Spicy Indian Simmer Sauce,702,279,423,39.743589743589745
Slant-Tip Tweezers,35,6,29,17.142857142857142
Frozen Garlic Toast,35,11,24,31.428571428571427
Root 66 Max Volume Shampoo,54,23,31,42.592592592592595
High Pulp Orange Juice,2003,1231,772,61.457813280079876
Clean Mint Zero Mouthwash,104,37,67,35.57692307692308
Pulsatilla 30 C Homeopathic Pellets,29,3,26,10.344827586206897
Smokies Smoked Sausage,12,5,7,41.66666666666667
Organic Spiced Chai Sprouted Cookies,25,8,17,32.0
Raw Jumbo Cashews,98,43,55,43.87755102040816
"Condensed Soup, Bean with Bacon",207,110,97,53.14009661835749
Bone Up Superior Calcium Capsules,11,5,6,45.45454545454545
"Seasoning Blends, Vegetable Magic",4,0,4,0.0
Grated Cheese Parmesan,269,66,203,24.53531598513011
Creamy Peanut Butter Spread,36,20,16,55.55555555555556
Smooth Seven Nut & Seed Butter,236,122,114,51.69491525423729
Non Clumping 24/7 Performance Cat Litter,116,79,37,68.10344827586206
Organic Dill Weed,420,33,387,7.857142857142857
French Style Green Beans with Roasted Garlic,13,5,8,38.46153846153847
Beef Consommé Condensed Soup,241,95,146,39.41908713692946
Super Soft Flour Tortillas Fajita Size 20 ct,1994,959,1035,48.09428284854564
Peppercorn Steak Sauce,34,6,28,17.647058823529413
Flavorsplash Raspberry Water Beverage,15,6,9,40.0
Chipotle Paste With Adobo,19,1,18,5.263157894736842
Anti-Humidity Aerosol Hairspray All Hair Types Volumizing,8,2,6,25.0
Original Life Cereal,2930,1758,1172,60.0
Fine Artisan 70% Bittersweet Cacao Dark Chocolate,40,6,34,15.0
Unbleached White All Purpose Organic Flour,201,60,141,29.850746268656714
Chianti Red Wine Vinegar,35,3,32,8.571428571428571
Extra Firm Sprouted Soybean Tofu,389,263,126,67.60925449871465
Maya Kaimal Goan Coconut,144,41,103,28.47222222222222
Strawberry Banana Smoothie Tasty American Favorites,4,0,4,0.0
Egg Salad Sandwich,23,9,14,39.130434782608695
Artisan Thin Pizza Crust Rosemary & Olive Oil Flatbread,19,7,12,36.84210526315789
Best Friends Chocolate Pumpkin Toddler Cookies,2,0,2,0.0
Portabello Mushroom,29,4,25,13.793103448275861
Blanched Slivered Almonds,10,0,10,0.0
Orange Flavored Juice Drink,75,44,31,58.666666666666664
White Cauliflower,721,266,455,36.89320388349515
Butterhead Lettuce,5943,4063,1880,68.36614504459028
Hazelnut Bromstad Design Liquid Coffee Creamer,3779,2622,1157,69.38343477110347
Home Style Chicken Gravy,191,46,145,24.083769633507853
White Peach Sangria Sorbetto,35,7,28,20.0
Wheat Dinner Roll,19,9,10,47.368421052631575
Perfect Portions Beef Pate Entree,28,15,13,53.57142857142857
"Tomatoes, Sun Dried, Julienne, with Italian Herbs",4,0,4,0.0
Bread Rye Marble,19,8,11,42.10526315789473
Smart Ones Anytime Selections Mini Cheeseburger,122,74,48,60.65573770491803
Puppy Pads,27,11,16,40.74074074074074
Organic Green Grapes,1259,694,565,55.123113582208106
Cherry Blossom & Rose Petals Ultra-Luxurious Conditioner,6,0,6,0.0
"Bruschetta, Artichoke",100,41,59,41.0
Cold Brew Coffee,8971,6310,2661,70.33775498829561
"Iced Tea, Lemon",2,0,2,0.0
Organic Sunchoke,329,114,215,34.650455927051674
Zap Ems Fettuccine Alfredo,76,38,38,50.0
Reduced Sodium Sunflower Seeds,50,33,17,66.0
"Macadamias, Sea Salt & Cracked Pepper",98,57,41,58.16326530612245
Jasmine Rice & Spring Onion Rice Toast,12,4,8,33.33333333333333
Coconut Moisturizer,5,0,5,0.0
Probiotic Pineapple Yogurt Drink,47,33,14,70.2127659574468
Delifresh Combos The Honey Smoked Turkey Breast Honey Ham,324,184,140,56.79012345679012
Organic Zesty Greens,16,2,14,12.5
Fresh & Clean Feminine Wipes,50,31,19,62.0
"Greek Seasoning, All Purpose",50,10,40,20.0
Maple Bacon Blueberry Meat Bar,23,9,14,39.130434782608695
Spring Onion Instant Rice Noodle Soup,121,36,85,29.75206611570248
Organic Peaches,105,23,82,21.904761904761905
Gentle Clean Foaming Face Cleanser,15,1,14,6.666666666666667
Orange And Other Natural Flavors Vitamin C 500 Mg Chewable Tablets,10,1,9,10.0
Automatic Dishwasher Powder Citrus,70,33,37,47.14285714285714
Refried Beans With Spicy Chipotle,6,1,5,16.666666666666664
Kimchi Flavor Noodle Soup,37,21,16,56.75675675675676
Disposable Medium Swimpants,19,2,17,10.526315789473683
Pepperidge Farm® Goldfish Xtra Cheddar Baked Snack Crackers,719,390,329,54.24200278164116
Saffron Threads,268,28,240,10.44776119402985
PlugIns Scented Oil Refill Clean Linen,93,34,59,36.55913978494624
Organic Beef Stock,263,71,192,26.996197718631176
Kettle Cooked Potato Chips Garlic Dill Pickle,47,23,24,48.93617021276596
Oreo  Ice Cream Sandwiches,1912,928,984,48.53556485355649
Dill & Garlic Sauerkraut Salad,349,165,184,47.277936962750715
Organic Kosher Fat Free Chicken Broth,318,172,146,54.088050314465406
Chickpea Garlic & Herb,80,23,57,28.749999999999996
Twist of Citrus Vodka,6,0,6,0.0
"Newman-O's, Chocolate Creme filled Chocolate Cookies",28,11,17,39.285714285714285
Sharp Spreadable Cheddar,180,98,82,54.44444444444444
Tea Tree Cleansing Essential Oil,12,0,12,0.0
Organic Homestyle Waffles,8653,5533,3120,63.94314110713047
"6\"" Vegan Chocolate Cake",4,0,4,0.0
Singles Supreme French Bread Pizzas,113,75,38,66.3716814159292
Ultra Infusions Citrus Spice Liquid Fabric Softener,26,13,13,50.0
Spinach Artichoke Noodles,132,76,56,57.57575757575758
Super Tea Sweet Thorn,320,178,142,55.625
Deodorant Regular Gentle Glide,20,4,16,20.0
Creamy Caesar Dressing,387,123,264,31.782945736434108
Lemon Creme Cookies,37,13,24,35.13513513513514
Spinach Pizza Snacks,1826,1182,644,64.73165388828039
Caster Sugar,259,56,203,21.62162162162162
Diced with Basil Garlic & Oregano Tomatoes,166,67,99,40.36144578313253
Blueberry Pie,85,24,61,28.235294117647058
Steamfresh Garlic Parm Peas,31,27,4,87.09677419354838
Organic Multi Grain Squares Cereal,3776,2304,1472,61.016949152542374
Organic Black Peppercorn,100,13,87,13.0
Olive Oil Squeeze Mayonnaise Dressing,169,46,123,27.218934911242602
Fat Free Toasted Sesame Soy & Ginger Vinaigrette & Marinade Dressing,19,6,13,31.57894736842105
Ginger & Orange Dark Chocolate Bar,68,32,36,47.05882352941176
Home Scented Tall Kitchen Lemon Elastic Fit Drawstring 13 Gallon,10,2,8,20.0
#2 Coffee Filters,777,257,520,33.07593307593308
Peanut Butter Panic Ice Cream,11,6,5,54.54545454545454
Creamy Balsamic Yogurt Dressing,30,10,20,33.33333333333333
Dinnerware Variety Pack,28,9,19,32.142857142857146
Instant Nonfat Dry Milk,47,17,30,36.17021276595745
Strong Dark Chocolate,16,5,11,31.25
"Herbal Tea, Organic, Turmeric Ginger, Caffeine-Free, Bags",547,246,301,44.97257769652651
"Grape Wine, Coteaux Varois en Provence, 2013",26,13,13,50.0
Cheddar French Fried Onions,24,4,20,16.666666666666664
Chocolate Powder,359,168,191,46.796657381615596
Lemon Lime Thirst Quencher,2773,1472,1301,53.08330328164443
All-Natural Scottish-Style Porridge Oats High Fiber Cereal,5,0,5,0.0
Neck Wrist and Shoulder Heat Wrap,94,31,63,32.97872340425532
Restaurante Style Original Premium Tortilla Chips,10,1,9,10.0
Chicken Seitan,105,37,68,35.23809523809524
Raw & Sprouted Spicy Chipotle Nut Blend,5,0,5,0.0
Spiced Matjes Herring,6,1,5,16.666666666666664
Cellar 1879 Red Blend,2,0,2,0.0
Ninja Turtle Shapes Macaroni & Cheese Dinner,24,13,11,54.166666666666664
The Original Vodka Sauce,25,20,5,80.0
Fig Newtons Packs,105,70,35,66.66666666666666
With Stainlifters Fresh & Sensitive 31 Loads Laundry Detergent,13,4,9,30.76923076923077
Orange  Sauce,3,0,3,0.0
Medium Texas Salsa,243,126,117,51.85185185185185
Infant's Pain & Fever Grape Flavor Oral Suspension,59,10,49,16.94915254237288
Green Lima Beans,114,40,74,35.08771929824561
Nasal Spray,6,2,4,33.33333333333333
Root + Hair Deep Repair Conditioning Hair Mask,16,1,15,6.25
Graham Style Pie Crust,84,5,79,5.952380952380952
Pierogi Potato & Cheese,469,213,256,45.41577825159915
81 Proof Kentucky Straight Bourbon Whiskey,20,8,12,40.0
Original Soy Milk,4459,3283,1176,73.62637362637363
Madagascar Vanilla Almond Nuts & Spices Bars,168,95,73,56.547619047619044
Anticavity Fluoride and Antigingivitis Fresh + Whitening Gel Toothpaste,400,105,295,26.25
Unwrapped Candy Bar Bites,123,57,66,46.34146341463415
English Breakfast,279,98,181,35.12544802867383
Wide Lo Mein Noodles,60,10,50,16.666666666666664
Rip-L Potato Chips Twin Pack,109,81,28,74.31192660550458
Strawberry Lemon Electrlyte Tab,499,231,268,46.292585170340686
Honey Calendula Moisturizer,8,2,6,25.0
Vanilla Mini Swirls Cones,159,95,64,59.74842767295597
Butter Buns Hotdog,608,250,358,41.118421052631575
Indian Wells Cabernet Sauvignon Wine,5,1,4,20.0
White Bordeaux,13,6,7,46.15384615384615
Zero Calorie Grape Soda,1625,1145,480,70.46153846153847
Organic Yellow Peach,14,2,12,14.285714285714285
Small Curd 4% Milk Fat Cottage Cheese,15,6,9,40.0
Hickory Smoked Beef Jerky,24,10,14,41.66666666666667
Organic Raspberry Fruit Spread,770,299,471,38.83116883116883
Organic Avocado Oil,62,11,51,17.741935483870968
Organic Vitality Vegetable and Fruit Juice,80,41,39,51.24999999999999
Pita Chips Simply Naked,11178,5249,5929,46.95831096797281
Original Long Grain Rice,1050,542,508,51.61904761904762
Greek & Chia Blueberry Nonfat Yogurt,212,103,109,48.58490566037736
Fresh Ground Coarse Cut Horseradish,47,15,32,31.914893617021278
Lemon Hand & Body Lotion,24,6,18,25.0
Waxed Dental Floss,10,3,7,30.0
Eggo Blueberry Waffles,2228,1369,859,61.44524236983842
Authentic Pub Cheese Sharp Cheddar Spreadable,67,37,30,55.223880597014926
Morning Rounds Muesli Fruit & Grain Buns,1919,1409,510,73.42365815528922
Banana Nut Muffin Mix,24,15,9,62.5
Organic 85% Dark Chocolate for Baking,48,7,41,14.583333333333334
Severe Mult-Symptom Cough Cold + Flu,38,7,31,18.421052631578945
Burgers Spicy Black Bean Veggie Burgers,513,272,241,53.021442495126706
Mini Babybel Light Semisoft Edam Cheeses,6638,4591,2047,69.1623983127448
Snack N Go Applesauce Pouches,193,100,93,51.813471502590666
Froot Loops Cereal,627,232,395,37.00159489633174
55% Vegetable Oil Spread,29,12,17,41.37931034482759
Even Advanced Sea Mineral Cleansing Gel,40,7,33,17.5
Gluten Free Rice Crust Spinach Pizza,645,317,328,49.14728682170543
Maple Bacon Potato Chips,497,228,269,45.87525150905433
Double Rolls Bath Tissue,1683,879,804,52.22816399286988
Reduced Sodium Chicken Bouillon Cubes,3,0,3,0.0
Almond Dairy-Free Vanilla Yogurt Alternative,7,3,4,42.857142857142854
Splash Raspberry Lemonade,16,8,8,50.0
Nasal Cleansing Salt,64,9,55,14.0625
Brown Butter Almond Brittle Ice Cream,453,225,228,49.668874172185426
Vegan Low Fat Spicy Southwestern Ranch Salad Dressing,49,9,40,18.367346938775512
Almond Cereal,33,14,19,42.42424242424242
Edamame,1823,1334,489,73.17608337904554
Roxalia Sore Throat Homeopathic Medicine,49,4,45,8.16326530612245
Polska Kielbasa Sausage,977,472,505,48.31115660184238
Red Maraschino Cherries,5,0,5,0.0
Unscented Colloidal Oatmeal Bath and Body Wash,4,0,4,0.0
Shreds Original Shredded Cheese,21,7,14,33.33333333333333
Super Mario Assorted Fruit Flavored Snacks,72,39,33,54.166666666666664
Cranberry Beans,25,1,24,4.0
Porterhouse Steak Flavor In Meaty Juices Wet Dog Food,216,143,73,66.20370370370371
Freshly Shaved Parmesan Cheese,1330,635,695,47.744360902255636
Calabrese Bite Size Spicy Salamini,19,4,15,21.052631578947366
Zesty Garlic Chips,15,1,14,6.666666666666667
Organic Super Kale,28,12,16,42.857142857142854
Big Wave Golden Ale,171,108,63,63.1578947368421
Carrot & Cheddar Superfood Munchies,12,3,9,25.0
Whole Garlic and Sweet Basil Marinara,52,24,28,46.15384615384615
Spicy Sichuan Chili Green Peas,26,9,17,34.61538461538461
Light Cranberry Juice,773,490,283,63.38939197930142
Upper Crust Strawberry Rhubarb Pie,13,5,8,38.46153846153847
Milk Chocolate Candies Fun Size Packs,9,3,6,33.33333333333333
Salted Caramel & Chocolate Non Dairy Frozen Dessert,1061,483,578,45.523091423185676
"Hot Cocoa Mix, Rich Chocolate Flavor, No Sugar Added",2,0,2,0.0
Sambucus FluCare Multi-Symptom Flu Relief Elderberry Syrup,6,0,6,0.0
"Pinot Noir, Central Coast, 2006",15,2,13,13.333333333333334
Strawberry Yogurt Protein Drink with a Crunchy Shot,379,278,101,73.35092348284961
Black Peppercorn Grinder,384,49,335,12.760416666666666
Medium Picante Salsa,366,146,220,39.89071038251366
Organic Whole Milk Strawberry Kefir,972,664,308,68.3127572016461
Cookies Gingersnap,13,6,7,46.15384615384615
Caffeine Free Ginger Blossom Soda,10,1,9,10.0
Organic Old Fashioned White Bread,130,50,80,38.46153846153847
Vanilla Air Freshener,25,4,21,16.0
Organic Peru Decaf Coffee,271,150,121,55.35055350553506
"Grapefruit, Bag",1031,441,590,42.77400581959263
Wild Blend Rice,1857,599,1258,32.256327409800754
"Daffodils, 10\""",105,31,74,29.523809523809526
Super Nutrition Vanilla Shake,1,0,1,0.0
Melatonin 2.5 Mg Orange Flavored Sublingual Tablets,53,14,39,26.41509433962264
Boneless Skinless Chicken Breasts,50281,33286,16995,66.19995624589805
All Purpose Salt Free Blend Seasoning,4,0,4,0.0
"Graham Cracker 9\"" Pie Crust",22,7,15,31.818181818181817
Original Pancake & Waffle Mix,905,350,555,38.67403314917127
Dales Pale Ale,48,22,26,45.83333333333333
Freeze-Dried Red Onion,16,8,8,50.0
Activia Lowfat Peach Yogurt,933,595,338,63.77277599142551
Original Mixed Up Salt,52,4,48,7.6923076923076925
White Truffle Oil,290,41,249,14.13793103448276
100% Mixed Berry Juice Boxes,44,13,31,29.545454545454547
Turkey tenderloin with diced red skin & sweet potatoes and green beans Rotisserie Seasoned Turkey,66,36,30,54.54545454545454
Velvety Vanilla Bean Grand Ice Cream,365,122,243,33.42465753424658
Real Milk Chocolate Dipping Chocolate,35,5,30,14.285714285714285
Italian Salad Dressing & Recipe Mix,548,176,372,32.11678832116788
Stonyfield YoToddler Whole Milk Strawberry Beet Berry Yogurt Pouch,305,213,92,69.83606557377048
American Heritage Beverage,11,4,7,36.36363636363637
Paleo Granola Cinnamon Crunch,240,137,103,57.08333333333333
Idaho Potato Flakes,39,6,33,15.384615384615385
2X Concentrated Clean Burst Liquid Laundry Detergent,144,53,91,36.80555555555556
Intense Dark Cherry Tango Chocolate,9,0,9,0.0
Gluten Free Flax Bread,215,152,63,70.69767441860465
Butterscotch Ice Cream Topping,2,0,2,0.0
Vanilla Caramel Creme Coffee Creamer,15,3,12,20.0
Daily Replenishing Lotion,21,6,15,28.57142857142857
Whole Grains Hearty Wheatberry,29,18,11,62.06896551724138
Extra Heavy Overnight With Flexi-Wings Maxi Pads,207,48,159,23.18840579710145
"Mustard, Whole Grain, Stone Ground",76,13,63,17.105263157894736
"\""Mies Vanilla Rohe\"" Ice Cream Bars",69,28,41,40.57971014492754
Crumbled Garlic & Herb Feta Cheese,153,61,92,39.869281045751634
Parmesan Shredded Cheese,4053,1768,2285,43.62200838884777
Orange Mango Juice,406,164,242,40.39408866995074
Cool Comfort Antiperspirant,55,7,48,12.727272727272727
54.6 yard Heavy Duty Packaging Tape,10,1,9,10.0
Fresh Frozen Mango Chunks,88,48,40,54.54545454545454
Premium Lubricant Condoms Enz,7,2,5,28.57142857142857
"Vegetable, Kale & Quinoa Soup Mix",12,0,12,0.0
Natural Orange Flavor Sparkling Mineral Water,658,478,180,72.64437689969606
Organic Chocolate Brownie Bar,171,119,52,69.5906432748538
Marshmallow Pumpkins,15,2,13,13.333333333333334
Wrigley's Juicy Fruit Fruity Chews Gum,21,12,9,57.14285714285714
Pure Cane Confectioners 10-X Powdered Sugar,1205,220,985,18.25726141078838
Organic Baby Spinach Salad,17672,12651,5021,71.58782254413761
Prairie,24,11,13,45.83333333333333
Kettle Cooked Aged White Cheddar & Sour Cream Potato Chips,25,16,9,64.0
60 Minute IPA,139,65,74,46.76258992805755
Mediterranean Fig Votive Candles,26,10,16,38.46153846153847
EnviroKidz Gluten Free & Wheat Free Gorilla Munch Corn Puff Cereal,2875,1665,1210,57.913043478260875
Semi Soft Part-Skim Slices,185,85,100,45.94594594594595
Peru Sweet Onions,433,148,285,34.18013856812933
Kettle Cooked Kosher Dill Potato Chips,25,15,10,60.0
Gluten Free Garden Vegetable Quinoa,13,4,9,30.76923076923077
Sea Salt & Black Pepper Freeze Dried Edamame Snack,112,66,46,58.92857142857143
Low Glycemic Strawberry Fruit Spread With Agave Syrup,12,3,9,25.0
Organic 2nd Foods Apple Blackberry Baby Food,41,18,23,43.90243902439025
Tortilla Strips Tri Color,39,22,17,56.41025641025641
Amazing Mango Fruit Smoothie,150,81,69,54.0
Organic Vanilla Bean Ice Cream Sandwich,183,76,107,41.53005464480874
Pecan Halves,1054,370,684,35.10436432637571
Peppermint In Dark Chocolate Bar 55% Cocoa,1191,726,465,60.957178841309826
Cream Top Smooth & Creamy Maple Yogurt,5020,3587,1433,71.45418326693228
Home Delights Canine Cuisine Turkey Green Beans & Potatoes Dinner Wet Dog Food,20,15,5,75.0
Hot Golden Curry Sauce Mix,49,11,38,22.448979591836736
Original Potato Chips,3900,2069,1831,53.05128205128206
Guava Paste,8,2,6,25.0
Make Up Remover Cleansing Towelettes,9,5,4,55.55555555555556
Fruit Thin Drizzled Banana Cookies,3,0,3,0.0
Dark Chocolate Salty Caramel Ice Cream,57,23,34,40.35087719298245
Mustard Squeeze Bottle,9,2,7,22.22222222222222
Slow Churned Light Peppermint Ice Cream Limited Edition,41,4,37,9.75609756097561
Unsweetened & Salt Free Creamy Cashew Butter,41,8,33,19.51219512195122
Corn Souffle,10,2,8,20.0
Chocolate Mint Flavored Water,11,3,8,27.27272727272727
Wonderful Pomegranate Cherry 100% Juice,208,87,121,41.82692307692308
Toasted Sesame Seed,100,7,93,7.000000000000001
Cabernet Sauvignon Paso Robles 2005,7,1,6,14.285714285714285
Santa Fe Fiesta Salad,2373,1710,663,72.06068268015171
Mini Cupcakes,6,1,5,16.666666666666664
Original Multigrain Cereal,75,54,21,72.0
Swordfish,9,1,8,11.11111111111111
Raw & Sprouted Thai Lemon Curry Nut Blends,12,7,5,58.333333333333336
Cheese Natural Sliced Pepper Jack,405,205,200,50.617283950617285
Unscented Deodorant Stick,30,2,28,6.666666666666667
Dead Sea Mineral Bath Salt,28,11,17,39.285714285714285
Assortment Bittersweet Chocolate Box,11,7,4,63.63636363636363
Sugar Free Orange Gelatin,269,165,104,61.33828996282528
Classic Colors Broad Line Markers,34,0,34,0.0
Pepperidge Farm Colors Cheddar Baked Snack Crackers,648,371,277,57.25308641975309
All Day Allergy Tablets,19,7,12,36.84210526315789
Small/Medium Dog Treats,133,62,71,46.616541353383454
Pure Seedless Pacific Mountain Strawberry Preserves,15,7,8,46.666666666666664
Organic Gluten Free Pancake & Baking Mix,667,196,471,29.38530734632684
Turkish Coffee Fine Ice Cream,291,144,147,49.48453608247423
Natural Food for Dogs,11,2,9,18.181818181818183
Expert Tweezer Assorted Colors,3,0,3,0.0
Lil Bits Banana Strawberry Oatmeal,23,10,13,43.47826086956522
Chicken & Apple Smoked Chicken Sausage,4572,2514,2058,54.98687664041994
Blueberry Lemonade,1182,705,477,59.64467005076142
Gluten Free Peanut Butter Cookie,210,67,143,31.9047619047619
Gourmet Cupcakes Triple Chocolate Filled With Rich Chocolate Fudge,65,19,46,29.230769230769234
Low Dose 81mg Enteric Coated Aspirin Tablets Pain Reliever,34,3,31,8.823529411764707
Sweetened With Cane Sugar & Stevia Reduced Calorie Cola,40,12,28,30.0
Oil Free Deep Clean Gentle Scrub,37,14,23,37.83783783783784
Cristal Champagne,4,1,3,25.0
Intense Hydration Cream Cleasner,6,1,5,16.666666666666664
Medium Shin Bone,56,19,37,33.92857142857143
Mixed Berry Drink,84,39,45,46.42857142857143
5-Star Barbecue Sauce,4,0,4,0.0
Doctor Formulated Probiotics Once Daily Women's 50 Billion Guaranteed Vegetarian Capsules,152,52,100,34.21052631578947
Chocolate Banana Bite,149,75,74,50.33557046979866
Organic White Cheddar Macaroni & Cheese,309,149,160,48.22006472491909
Mint Flakes,3,0,3,0.0
ZZZQuil Vanilla Cherry Nighttime Liquid Sleep Aid,31,22,9,70.96774193548387
Mini Farfalle Pasta,753,324,429,43.02788844621514
Chocolate Royale Shake Mix,26,4,22,15.384615384615385
"4\"" Apple Pie",6,1,5,16.666666666666664
Low Fat Italiano Dressing,44,13,31,29.545454545454547
Deli Select Ultra Thin Smoked Ham Lunch Meat,466,297,169,63.73390557939914
Soba Tsuyu Dipping Sauce,20,5,15,25.0
Rosemary & Olive Oil Sweet Potato Crackers,7,2,5,28.57142857142857
Shade Grown Ground Coffee,24,13,11,54.166666666666664
Dairy Free Vegetable Pot Pie,1105,664,441,60.09049773755656
Crystallized Ginger & Lemon English Tea Scones,20,7,13,35.0
Chocolate Chip Peanut Protein Bar,45,21,24,46.666666666666664
Organic Dried Papaya,175,61,114,34.85714285714286
"Fruit Chews, Original",73,21,52,28.767123287671232
Organic Southwestern-Style Black Bean Soup,48,32,16,66.66666666666666
Whipped Shea Butter With Olive Leaf,14,5,9,35.714285714285715
Irish Breakfast Tea Bags,94,20,74,21.27659574468085
Fruit Chews Superfruit Flavors,39,14,25,35.8974358974359
Herb Crusted Cod,6,0,6,0.0
Ultra Strength Antacid Liquid Cherry,7,2,5,28.57142857142857
Caramel Nut Brownie,918,584,334,63.61655773420479
Expert Eyes Moisturizing Eye Makeup Remover,10,0,10,0.0
Organic Chewy Honey Roasted Nut Granola Bars,435,217,218,49.88505747126437
D3 5000 IU,16,5,11,31.25
Granulated No Calorie Sweetener,76,41,35,53.94736842105263
Chili De Arbol,94,3,91,3.1914893617021276
Organic Hemp Oil,17,3,14,17.647058823529413
Almond Cheddar Style Cheese Alternative Block,341,183,158,53.665689149560116
French Bread Pizza Cheese,413,245,168,59.32203389830508
Mozzarella Traditional Cut Shredded Cheese,1029,430,599,41.78814382896016
Anchovy Paste,368,48,320,13.043478260869565
Dairy Free Mozarella Style Shreds,5274,3286,1988,62.30565036025787
Spreadable Lite Butter Flavored with Olive Oil,38,14,24,36.84210526315789
Organic Sea Salt Flax Crackers,164,89,75,54.268292682926834
Premium Select Tiny Shrimp,49,24,25,48.97959183673469
Organic Apples & Apricots,580,291,289,50.172413793103445
Family Care Smooth & Dry Insect Repellant,15,1,14,6.666666666666667
Wholesome Nut NUT-rition Mix,383,262,121,68.40731070496084
Pasta Fideo 7 Oz.,9,4,5,44.44444444444444
"Deli Fresh Honey Ham, 97% Fat Free, Gluten Free",3329,1820,1509,54.67107239411234
Pub Burger,32,13,19,40.625
Blood Orange Chili Organic Drink,31,6,25,19.35483870967742
Gluten Free Grilled Chicken Breast Strips,40,17,23,42.5
Yellow Youth Toothbrush,5,1,4,20.0
Spicy Nori Snack,20,10,10,50.0
Marinated Mushrooms,28,22,6,78.57142857142857
Tuna Salad,6044,4652,1392,76.96889477167439
Honey Maid Grahamfuls S'mores,44,22,22,50.0
Sterile Saline Nasal Mist for Dry or Stuffy Nose,51,7,44,13.725490196078432
Spicy Legendary Bar-B-Q Sauce,171,33,138,19.298245614035086
Dulce De Leche Sauce,6,1,5,16.666666666666664
Mixed Berry Greek Yogurt,254,167,87,65.74803149606299
All Natural Poppy Seed Dressing,29,7,22,24.137931034482758
April Fresh™ Fabric Softener Dryer sheets 105 count  Fabric Enhancers,83,15,68,18.072289156626507
Original Fruit Chews,1171,635,536,54.22715627668659
Old Rasputin Stout Beer,146,80,66,54.794520547945204
Gia Mild Giardiniera,6,0,6,0.0
Original Cheese Dip,14,5,9,35.714285714285715
Chocolate Spreads,10,2,8,20.0
Pimento Stuffed Manzanilla Olives,262,134,128,51.14503816793893
Homegrown Gluten Free Rice Pasta & Cheddar Microwavable Macaroni,185,93,92,50.27027027027027
Sesame Chicken Flavor Asian Soup,408,163,245,39.950980392156865
Golden Milk Supplement,51,8,43,15.686274509803921
Fk Oven Roasted Chicken,10,5,5,50.0
Balsamic Fig & Mascarpone Ice Cream,43,15,28,34.883720930232556
French Lavendar Leave In Conditioner,21,3,18,14.285714285714285
Mango Strawberry Moscato,4,0,4,0.0
Green Chili with Pinto Beans Quinoa Burgers,55,16,39,29.09090909090909
Non-Drowsy Indoor & Outdoor Allergy Tablets,19,7,12,36.84210526315789
Trading Company Chile Con Queso Medium,50,7,43,14.000000000000002
Beef Polish Sausage,181,71,110,39.226519337016576
Eye Revive Contour Gel Sensitive,6,0,6,0.0
Pineapple Tidbits,66,23,43,34.84848484848485
Turkey Brine Seasoning,6,1,5,16.666666666666664
Sensitive Skin Shave Cream,60,12,48,20.0
Gluten Free Corn Dogs,68,29,39,42.64705882352941
Cocktail Sausages,4,0,4,0.0
Sugar Free Seedless Blackberry Jam,67,14,53,20.8955223880597
Carrot Juice,406,236,170,58.128078817733986
Corn & Butternut Squash Stage 2,204,89,115,43.627450980392155
Cookie & Cream with Protein,13,8,5,61.53846153846154
Organic Vanilla Arrowroot Cookies for Toddlers,132,78,54,59.09090909090909
Baby Bella Mushrooms,755,347,408,45.96026490066225
Organic Yellow Corn Sea Salt Tortilla Chips,327,199,128,60.85626911314985
360 Dusters Kit,22,3,19,13.636363636363635
La Grand Dame Brut Champagne,5,3,2,60.0
Instant Pore Eraser Primer,5,1,4,20.0
Aged White Cheddar Popcorn,2523,1360,1163,53.904082441537845
Broccoli Squash Carrots Onion Red Pepper Steamables,19,2,17,10.526315789473683
Tuna Fillets Ventresca In Olive Oil,243,139,104,57.20164609053497
Blast of Vitamin C Very Berry,131,43,88,32.82442748091603
Sensor 3 Disposable Razors,58,18,40,31.03448275862069
Soy Crisps Lightly Salted,66,59,7,89.39393939393939
Krave Cereal Chocolate,764,563,201,73.69109947643979
Organic Gluten Free Corn Flakes,109,67,42,61.46788990825688
"Organic Gala Apples, Bag",3306,1642,1664,49.66727162734422
Velveeta Shells & Cheese,30,6,24,20.0
Organic Gluten Free Hi-Protein Pancake & Baking Mix,187,121,66,64.70588235294117
Organic Natural Cane Sugar Jug,16,3,13,18.75
"Waffles, Ancient Grains",394,219,175,55.58375634517766
Spearmint Water,50,29,21,57.99999999999999
Kids Oatmeal & Chocolate Chunk Snack Bar,18,7,11,38.88888888888889
Holiday Semi-Sweet with Red & Green Colored Morsels Chocolate Morsels,12,1,11,8.333333333333332
Frozen Organic Mango Chunks,1867,1002,865,53.668987680771295
Just Java Coconut Minis Frozen Dessert,246,147,99,59.756097560975604
Bavarian Emmentaler,29,12,17,41.37931034482759
Far Reaching Body Brush,7,0,7,0.0
Chilli Powder,11,0,11,0.0
Bbq Pork Ribs,8,3,5,37.5
Air Wick Vanilla Snow & Soft CashmereScented Oil Refills,23,10,13,43.47826086956522
Classic Roast Ground Coffee,169,123,46,72.7810650887574
Liquid Muscle Multi-Purpose Household Cleaner Meadows & Rain with Febreze freshness 16oz. Surface Care,8,0,8,0.0
Vegetarian Vegetable Extra Large Cubes Bouillon,401,150,251,37.406483790523694
55% Cocoa Dark Chocolate,53,19,34,35.84905660377358
Beef Dinner Franks,576,243,333,42.1875
Raw Nutra Kraut,10,6,4,60.0
Pure Performance Restorative Shampoo Chamomile & Honey,1,0,1,0.0
Oven Ready Lasagna,1315,280,1035,21.292775665399237
Italian Style Meatballs & Mozzarella Seasoned Crust,520,296,224,56.92307692307692
Dogtown Pale Ale,76,29,47,38.15789473684211
Unscented Broad Spectrum SPF 15 Sunscreen Lip Balm Stick,6,0,6,0.0
Soft Licorice Bar,312,223,89,71.47435897435898
Bifun Rice Pasta,7,0,7,0.0
Tartar Protection Whitening Toothpaste Cool Mint Paste,416,91,325,21.875
Thick-Sliced Chicken Dinner in Gravy/Thick-Sliced Beef Dinner in Gravy/Tenderloin Tips Flavor in Gravy Variety Pack Dog Food,17,13,4,76.47058823529412
Moisturizing Yuzu Shower Gel,56,18,38,32.142857142857146
4 In One Disinfecting Spray Citrus Scent,2,0,2,0.0
Organic Mango Chunks,7477,4374,3103,58.49939815433998
Steel Cut Cranberry Vanilla Almond Flavor Instant Oatmeal,48,17,31,35.41666666666667
Creamy Gorg Blue-Veined Cheese Soft,3,0,3,0.0
Mixed Berries Whole Milk Icelandic Style Skyr Yogurt,7223,5299,1924,73.36286861414925
Spreadable Light Butter & Canola Oil Blend,57,25,32,43.859649122807014
Classic Macaroni & Mild Cheddar Cheese,1773,892,881,50.31020868584321
Tuscan Bean & Rice Soup,319,110,209,34.48275862068966
1% Milk,299,184,115,61.53846153846154
Herbal Laxative Caffeine Free Herbal Tea,36,15,21,41.66666666666667
Organic Pump Soap 4-In-1 Sugar Peppermint,9,0,9,0.0
100% White Grape Juice,745,404,341,54.22818791946309
Slow Churned Light Classic Vanilla Ice Cream,425,175,250,41.17647058823529
Potato Pancake Latkes Mix,27,8,19,29.629629629629626
Deloba Fine European Biscuits,7,3,4,42.857142857142854
Lite Reduced Fat Swiss Cheese,264,127,137,48.10606060606061
Organic Lavender Hand Sanitizer,170,40,130,23.52941176470588
Safe Travels First Aid Kit,39,1,38,2.564102564102564
Hot Giardiniera,154,64,90,41.55844155844156
Pub Cheese Cheddar & Horseradish,16,7,9,43.75
Organic Seitan,30,5,25,16.666666666666664
Heart Healthy Mix,618,363,255,58.7378640776699
Brushless Dog Toothpaste,222,142,80,63.96396396396396
Organic and Alive Sesame Tahini,66,22,44,33.33333333333333
Light & Fit Blueberry Yogurt,20,13,7,65.0
Granulated Sugar,1261,488,773,38.6994448850119
Pistachios In Shell,7,0,7,0.0
Grands! Southern Style Biscuits,16,3,13,18.75
Bolthouse SB Parfait,102,55,47,53.92156862745098
Goldsih Barbecue Puffs,5,1,4,20.0
Lil Dreamers Vanilla Ice Cream Sandwiches,429,219,210,51.048951048951054
Sensitive Daily Moisture Lotion,63,24,39,38.095238095238095
"Lotion, Dry Skin, Original Unscented",37,18,19,48.64864864864865
Valentines Milk White Squares,6,0,6,0.0
Regenerist Olay Regenerist Micro-Sculpting Cream Face Moisturizer 1.7 oz. Female Skin Care,12,3,9,25.0
Pepperoni And Cheese Snack Tray,56,17,39,30.357142857142854
Organic Mayonaise,115,24,91,20.869565217391305
Mango Twist Flavored Fruit Juice Cocktail Blend,35,19,16,54.285714285714285
Electrolyte Enhanced Water,20735,15964,4771,76.99059561128526
Old Fashioned Sauerkraut,30,5,25,16.666666666666664
UltraGel Personal Lubricant,45,37,8,82.22222222222221
Newman O's Creme Filled Mint Chocolate Cookies,1354,850,504,62.77695716395865
Chunky Tomato Soup,19,7,12,36.84210526315789
Spring Roll Skins,147,28,119,19.047619047619047
Lint Roller - 56 Sheets,231,56,175,24.242424242424242
Light Sour Cream,5528,2663,2865,48.17293777134587
Green Olive Tapenade,37,6,31,16.216216216216218
Nog Coconut Milk Beverage,271,94,177,34.686346863468636
Silky Touch Shavers for Women Sensitive Skin Berry Scent,7,0,7,0.0
Milano Dulce De Leche Cookies,46,14,32,30.434782608695656
Organic Honey Nut O's Cereal,5216,2652,2564,50.84355828220859
Red Velvet Cupcakes,114,40,74,35.08771929824561
"Set Me Up Beautiful Bold Hold Hairspray, Max",9,1,8,11.11111111111111
Immune Support Supplement with Vitamin C Effervescent Citrus Flavor,70,23,47,32.857142857142854
Paleo Snickerdoodle,27,10,17,37.03703703703704
Blue Corn & Red Lentil Protein MultiGrain & Seed Chips,97,52,45,53.608247422680414
Gelato Indulgences Tiramisu,152,52,100,34.21052631578947
Cookies 'n Cream Low Fat Ice Cream Sandwiches,823,412,411,50.06075334143378
"Brownie Bites, Petite",193,91,102,47.15025906735752
Gluten Free Original Instant Oatmeal,57,19,38,33.33333333333333
The Ultimate Beefless Slider,433,227,206,52.42494226327945
Scrubbing Bubbles Lemon Power All Purpose Disinfectant Cleaner,134,23,111,17.16417910447761
Southwest Veggie Burger,51,27,24,52.94117647058824
Fresh California Blackberries,9,2,7,22.22222222222222
Petroleum Jelly Alternative,93,23,70,24.731182795698924
Fava Bean,23,0,23,0.0
Orange Juice To-Go,273,179,94,65.56776556776556
Multi-Purpose Gluten Free Flour,653,197,456,30.16845329249617
Just Goddess Spread,20,4,16,20.0
Lavender Liquid Hand Soap,155,46,109,29.677419354838708
Loin Filet Applewood Bacon,30,3,27,10.0
Chicken & Noodles Compleats,36,30,6,83.33333333333334
"Cheese, Pepper Jack",118,87,31,73.72881355932203
Organic Agave Five Calorie Sweetener,103,28,75,27.184466019417474
Chicken Taquitos,4124,2142,1982,51.93986420950534
Shining Curl Oil,4,1,3,25.0
Clean Linen Automatic Spray Starter,24,2,22,8.333333333333332
All Natural Lithuanian Rye Bread,21,5,16,23.809523809523807
California Pinot Grigio,33,19,14,57.57575757575758
Pickled Red Cabbage,20,6,14,30.0
Light Brain Toniq,54,40,14,74.07407407407408
Pork Shoulder Roast,100,25,75,25.0
Limes,140627,95768,44859,68.10072034531063
Almond Gold Bar,10,1,9,10.0
Awesome Strength Paper Towel,131,61,70,46.56488549618321
Frappuccino S'mores Chilled Coffee Drink,6,0,6,0.0
Egg With Sausage And Cheese Burrito,13,6,7,46.15384615384615
Dinty Moore Beef Stew,49,26,23,53.06122448979592
Quick Oats Hot Cereal,9,2,7,22.22222222222222
Cotija,823,221,602,26.852976913730252
Broccoli Raab Bunch,524,272,252,51.908396946564885
"Gourmet  Fruit Burst Jelly Beans,",16,10,6,62.5
Original Spray Starch,140,58,82,41.42857142857143
Organic French Beans,124,50,74,40.32258064516129
Skinny Cow Vanilla Low Fat Ice Cream Sandwiches,1254,750,504,59.80861244019139
Organic Half & Half Iced Tea and Lemonade,18,9,9,50.0
Cranberry Almond Plus Fruit & Nut Bars,741,428,313,57.75978407557355
Sparkling Lime Water,197,136,61,69.03553299492386
Artificially Flavored Candies Mini Bars,7,1,6,14.285714285714285
Jumbo Storage Bags,103,41,62,39.80582524271845
Old Vine Zinfandel,484,229,255,47.31404958677686
"PODS HE Turbo Laundry Detergent Pacs, Spring Meadow Scent, 42 count Laundry",29,3,26,10.344827586206897
"Pinot Grigio, California",27,15,12,55.55555555555556
Sprouted Watermelon Seeds,56,10,46,17.857142857142858
Raspberry Iced Tea Drink Mix Packets,174,102,72,58.620689655172406
Original Big Biscuit Cereal,107,59,48,55.140186915887845
Organic Einkorn Ginger Spice Cookies,30,8,22,26.666666666666668
Grand Reserve Belgium Ale,52,25,27,48.07692307692308
DeMet's Turtles Caramel Nut Clusters Minis Original,17,2,15,11.76470588235294
"Chewing Gum, Sugarfree, Spearmint",18,6,12,33.33333333333333
Tampons Super,8,2,6,25.0
Storm Sports Drink,22,10,12,45.45454545454545
Mineral Oil,3,1,2,33.33333333333333
Maki Rolls,5,0,5,0.0
Lightly Salted Crispy Onions,67,17,50,25.37313432835821
Organic Black Lentils,2887,1135,1752,39.314166955316935
Graduates Banana Puffs,173,71,102,41.040462427745666
"Probiotic & Prebiotic Supplement, Flavorless",9,0,9,0.0
The Cutrer Chardonnay,15,9,6,60.0
Mini Double Caramel Ice Cream Bars,651,303,348,46.54377880184332
Original Shorty Smoked Sausages,65,32,33,49.23076923076923
Classic Pancakes,582,310,272,53.264604810996566
Lemon Ice Cupcakes,15,3,12,20.0
Mini Pancakes,977,643,334,65.81371545547596
Original Blend Medium Roast Ground Coffee,366,219,147,59.83606557377049
Atlantic Salmon Fillets,1175,465,710,39.57446808510638
Potato & Leek Soup,20,9,11,45.0
"Corn Snack, Hot Chili Pepper & Lime, Takis",328,179,149,54.57317073170732
Vegan Spring Onion Noodle Soup,168,97,71,57.738095238095234
Nuts & Seeds Grade A Raw Organic Pumpkin Seeds,50,8,42,16.0
Gentle Care Bath Tissue Rolls,184,84,100,45.65217391304348
Coconut Cake,18,13,5,72.22222222222221
Sound Sleep Vegetarian Liquid Phyto-Caps,4,0,4,0.0
Sliced Olives,24,5,19,20.833333333333336
Milano Candy Cane Cookies,14,3,11,21.428571428571427
Double Cheeseburger Macaroni Hamburger Helper,26,1,25,3.8461538461538463
Pig Ears Dog Treats,3,1,2,33.33333333333333
Soft & Smooth Whole Grain White Mini Buns,25,7,18,28.000000000000004
Reduced Fat Mild Cheddar Shredded Cheese,202,93,109,46.03960396039604
Madagascar Bourbon pure Vanilla Powder,71,5,66,7.042253521126761
Super Glue Gel,13,0,13,0.0
Gluten Free Almond Snap Cookies,1,0,1,0.0
Caesar Caesar Dressing & Dip,17,4,13,23.52941176470588
Lemon Cashew Protein Bar,135,93,42,68.88888888888889
Soy Garden Natural Buttery Spread,8,4,4,50.0
Premium Natural Mixers Club Soda,170,68,102,40.0
Organic Chocolate Frosting,303,20,283,6.6006600660066
Dutch Apple Pie,168,51,117,30.357142857142854
Crunch Lemon Shortbread Flavor 0% Fat with Toppings Greek Yogurt,8,4,4,50.0
Biscuits,9,1,8,11.11111111111111
Pepper Beef,51,28,23,54.90196078431373
Organic Mashups Mixed Berry,1577,1113,464,70.57704502219404
Makeup Removing Wipes,88,39,49,44.31818181818182
Pure Cane Light Brown Sugar,748,167,581,22.32620320855615
Enriched Extra Long Grain Rice,46,9,37,19.565217391304348
"Organic Snack Mix Bunnies Snack Mix, Organic",3702,1909,1793,51.5667206915181
White Corn,18906,11025,7881,58.31482069184386
Sensitive Infant Formula for Fussiness and Gas,231,152,79,65.80086580086581
Taco Night Blend,10,0,10,0.0
Tahoe White Chocolate Macadamia Cookies,581,326,255,56.11015490533563
"Tortillas, White Corn, Grande",184,82,102,44.565217391304344
Coconut Cranberry Almond Cereal,50,16,34,32.0
Organic Long-Grain Rice,23,8,15,34.78260869565217
Castor Oil Cold Pressed & Cold Processed,9,0,9,0.0
NOTICEables Meadows & Rain Dual Scented Oil Refill,71,25,46,35.2112676056338
Fruit & Vegetable Wash,572,174,398,30.419580419580424
Organic Tart Cherry Juice,379,216,163,56.99208443271768
Organic Darjeeling Tea Bags,352,142,210,40.340909090909086
Royal Jelly,7,1,6,14.285714285714285
Sugar Free Lime Low Calorie Gelatin Dessert,51,26,25,50.98039215686274
Full Sheet Paper Towel Roll,11,2,9,18.181818181818183
Thin Crust Margherita Pizza with Fresh Mozzarella & Basil,4276,2360,1916,55.19176800748363
Hot Special Recipe Salsa,21,7,14,33.33333333333333
Spaghetti Protein Plus Pasta,753,330,423,43.82470119521912
Fresh Whole Milk Ricotta,886,377,509,42.55079006772009
Ground Sumac,35,9,26,25.71428571428571
Variety Pack Captain's Wafers Sandwich Crackers,4,0,4,0.0
Cheese Balls,74,50,24,67.56756756756756
Roma Style Tomato Paste,42,10,32,23.809523809523807
Orange Carrot Turmeric Mango Super Juice,15,4,11,26.666666666666668
Aged Red Wine Vinegar,1591,237,1354,14.896291640477688
Soft Pretzel Bites,204,120,84,58.82352941176471
Cold Pressed Watermelon Juice,1113,770,343,69.18238993710692
Mint Chocolate Honey Pattie,30,21,9,70.0
"Sprinkles, Jumbo Confetti",7,1,6,14.285714285714285
Caesar Salad Kit,2021,1141,880,56.45719940623454
Pad Thai Noodles,188,51,137,27.127659574468083
"Buttermilk, Cultured Low Fat",1187,509,678,42.881213142375735
Organic White Corn & Wheat Tortillas,4263,2620,1643,61.45906638517475
Rioja,148,53,95,35.810810810810814
Organic Lemonade,8869,5771,3098,65.06934265418874
Pineapple Juice,881,339,542,38.47900113507378
"Cereal, Puffed Rice",409,207,202,50.61124694376527
Wheat Snacker Crackers,17,4,13,23.52941176470588
Greek Yogurt Caesar Kit,557,305,252,54.7576301615799
Organic Soups Low Fat Cream Of Tomato,372,176,196,47.31182795698925
Original Strawberry & Strawberry Banana Yogurt,105,51,54,48.57142857142857
Grass Fed Ground Beef,4721,2976,1745,63.03749205676763
Fizzy Probiotics Raspberry,50,12,38,24.0
Saccharomyces Boulardii + MOS Probiotic Supplement,33,7,26,21.21212121212121
Organic Cotton Swabs,37,8,29,21.62162162162162
Beef Stew Meat Value Pack,64,10,54,15.625
Cinnamon Raisin Brioche,255,165,90,64.70588235294117
Minty Sweet Twist With Xylitol Sugarfree Gum,48,36,12,75.0
Turmeric Supreme Allergy Relief,8,1,7,12.5
Cheese Pupusas,9,3,6,33.33333333333333
Original Pesto,11,2,9,18.181818181818183
Chocolate Whey Protein Powder,12,2,10,16.666666666666664
Skillet Sauce Sweet & Sour Chicken,7,0,7,0.0
Brut Rose,33,14,19,42.42424242424242
Granola Bites Blueberry Almond,44,23,21,52.27272727272727
Pure Zero Silver Ice Energy Drink,131,85,46,64.8854961832061
White Potatoes,115,41,74,35.65217391304348
Light Original Ranch Family Size Salad Dressing,19,11,8,57.89473684210527
Chicken & Salmon Recipe Cat Food,12,2,10,16.666666666666664
Chicken Gumbo Condensed Soup,80,38,42,47.5
Reduced Fat Shredded Mozzarella Cheese,349,207,142,59.31232091690545
Organic Mixed Berry Sipper Juice,442,293,149,66.289592760181
Small/Medium Maximum Absorbency Women Underwear,15,7,8,46.666666666666664
Organic Skim Milk,4889,3836,1053,78.46185313970136
Vegan Vegetable Bouillon with Sea Salt,601,207,394,34.44259567387687
Mixed Fruit Fruit Snacks,9955,6876,3079,69.07081868407835
Salty Caramel Ice Cream,483,266,217,55.072463768115945
Oatmeal Snackimals Cookies,433,195,238,45.03464203233256
Gluten Free Mini Pretzels,3208,2061,1147,64.24563591022444
Chicken Caesar Salad,613,307,306,50.08156606851549
Goat Cheese Original Log,113,60,53,53.09734513274337
Crispy Fruit Freeze Dried Apple,153,92,61,60.130718954248366
Doctor Formulated Probiotic Mood 50 Billion,84,27,57,32.142857142857146
H20 Cocolate Flavored Coconut Water,36,21,15,58.333333333333336
French Toast Baked Graham Snacks,14,3,11,21.428571428571427
Milk of Magnesia Fresh Mint Liquid Laxative,22,15,7,68.18181818181817
Veggie Harvest Farmhouse Ranch Veggie & Whole Grain Snacks,73,18,55,24.65753424657534
Light Orange Creme Fat Free Yogurt,291,147,144,50.51546391752577
Fast-Max Severe Congestion & Cough Relief Liquid,12,1,11,8.333333333333332
Lavender Lullaby Soap,204,53,151,25.98039215686275
Coconut & Papaya with Vanilla Bean Extract Body Wash,69,24,45,34.78260869565217
"Kefir Cultured Milk Smoothie, Whole Milk, Sublime Slime Lime",2047,1506,541,73.57107962872497
Red Label Scotch,18,11,7,61.111111111111114
Artisanal Spinach Fettuccine Pasta,95,49,46,51.578947368421055
Alcohol-Free Witch Hazel Rose Petal Toner,551,113,438,20.508166969147005
Vanilla,64,33,31,51.5625
Organic Roma Tomato,29296,18790,10506,64.1384489350082
With Caffeine Peach Mango on the go Drink Mix,92,49,43,53.2608695652174
Pickled Crinkle Cut Pickles Beets,11,4,7,36.36363636363637
FreshBurst Antiseptic Mouthwash,825,280,545,33.939393939393945
Vitamin D Added Evaporated Milk,1721,559,1162,32.48111563044741
Organic Icelandic Strawberry Yogurt,178,95,83,53.37078651685393
Hazelnut & Currant Dark Chocolate Bar,300,154,146,51.33333333333333
Shrimp Spring Roll,842,562,280,66.7458432304038
Creamy Chocolate Vanilla Pudding,39,18,21,46.15384615384615
Sour Brite Eggs,4,0,4,0.0
Citrus Orange Florida Bag,30,12,18,40.0
Freeze Away 1 Treatment Wart Remover,7,3,4,42.857142857142854
#4 Natural Brown Coffee Filters,241,89,152,36.92946058091287
Decaf Vanilla Hazelnut Ground Coffee,18,6,12,33.33333333333333
Beef Cotto Salami,35,21,14,60.0
Large Brown Eggs,11655,7269,4386,62.36808236808237
Blow Pop Artificially Flavored,23,8,15,34.78260869565217
Protein Energy Bar Original Peanut Butter Fudge,195,129,66,66.15384615384615
Metal Free Black,11,6,5,54.54545454545454
Stainlifter 33 Loads Liquid Laundry Detergent,169,90,79,53.25443786982249
"Multi-Purpose 8\"" Scissors",29,0,29,0.0
Shirataki Zero Calorie Noodle Substitute,372,208,164,55.91397849462365
Homestyle Concentrated Beef Stock,57,3,54,5.263157894736842
Proactive Health Lively Senior Cat Food,15,6,9,40.0
Plus Pain Relief Maximum Strength First aid Antibiotic Cream,15,1,14,6.666666666666667
Kettle Cooked Sea Salt & Vinegar,77,39,38,50.649350649350644
Vermont White Cheddar,761,367,394,48.22601839684626
Bold Party Blend Snack Mix,511,227,284,44.422700587084144
Brightly Lint-Free Paper Towel,326,131,195,40.1840490797546
Moderate Absorbency Long Length Incontinence Pads,25,14,11,56.00000000000001
Chocolate Ice Cream Sandwiches,27,14,13,51.85185185185185
Apricot Pineapple Preserves,39,13,26,33.33333333333333
Acti-Fresh Body Shape Pantiliners Long Unscented - 92 CT,15,4,11,26.666666666666668
Grapeseed Spray Oil,221,75,146,33.93665158371041
Organic Classic Cottage Cheese,116,53,63,45.689655172413794
Frozen Frosted Berry Scented Bubble Bath,18,4,14,22.22222222222222
XL Pick-A-Size Paper Towel Rolls,1214,536,678,44.15156507413509
Spot's Pate Cat Grain Free Ground Whitefish,5,1,4,20.0
Unsalted Beef Flavor Cooking Stock,138,36,102,26.08695652173913
"Melatonin, 2.5 mg Liquid",4,1,3,25.0
Vanish Continuous Clean Drop-Ins Blue Discs Toilet Cleaner,90,33,57,36.666666666666664
Rice Thins Brown Rice Snack Crackers,1999,1234,765,61.73086543271636
Organic Gojiberry Granola,4,0,4,0.0
Fresh Lean Ground Turkey,787,418,369,53.1130876747141
Steam'ables Cut Green Beans,22,10,12,45.45454545454545
Turkey Breast Cutlet,6,2,4,33.33333333333333
Petroleum Jelly Cream Deep Moisture Vitamin E,11,3,8,27.27272727272727
100% Real Tea Leaves Decaffeinated Tea Bags,103,33,70,32.038834951456316
Grape Flavor Pediatric Electrolyte With Zinc,4,2,2,50.0
Yogurt Mango Chipotle Dressing,13,0,13,0.0
Organic Very Raw Honey,829,259,570,31.242460796139927
Organic Raspberry Nib Crunch Dark Chocolate,16,2,14,12.5
Organic Sea Salt Seaweed Chips,20,5,15,25.0
Maple Pecan Granola,242,140,102,57.85123966942148
Kitchen Bug Killer 2 Botanical,13,1,12,7.6923076923076925
"Pinot Grigio, California, 2006",28,18,10,64.28571428571429
Sliced Sharp Cheddar Cheese,435,234,201,53.79310344827586
Complete B-Complex Food Based Formula Tablets,9,0,9,0.0
Fruit & Nut Delight Bar,971,601,370,61.89495365602472
Salisbury Steak Frozen Dinner,189,95,94,50.264550264550266
Green Grapes,731,366,365,50.06839945280438
Pork Loin Original,36,14,22,38.88888888888889
Organic Frosted Maple Brown Sugar Toaster Pastries,1456,903,553,62.019230769230774
Sour Cream & Onion Potato Crisps,62,26,36,41.935483870967744
Light Cranberry and Concord Grape Juice Drink,74,39,35,52.702702702702695
Honey/Lemon Cough Drops,105,20,85,19.047619047619047
Neem Oil,4,0,4,0.0
Krunch Ice Cream Bars,247,120,127,48.582995951417004
Premium Chicken Breast In Water With Rib Meat,20,6,14,30.0
Original Recipe Fish Breading Batter Mix,4,0,4,0.0
Natural Berry Melon Flavor,13,5,8,38.46153846153847
Organic Protein Shake,23,13,10,56.52173913043478
Lf Cottage Cheese 16 Oz,3,0,3,0.0
Medium Thick & Chunky Salsa,93,31,62,33.33333333333333
Sesame Street Mini Cheese Ravioli,596,332,264,55.70469798657718
Natural Brown Paper #2 Size Cone Coffee Filters,500,171,329,34.2
Asiago Cheese Ciabatta Croutons,60,34,26,56.666666666666664
Fresh Tropical Mist Laundry Detergent,8,4,4,50.0
Organic Dried Mangos,47,14,33,29.78723404255319
Petite Diced Tomatoes No Salt Added,10,5,5,50.0
Organic PMS Cinnamon Herbal Tea,22,3,19,13.636363636363635
1893 Ginger,14,3,11,21.428571428571427
Blues Real Vegetable Chips,69,31,38,44.927536231884055
Dairy Free Gluten Free Cheeze Lover's Pizza,2199,1299,900,59.07230559345157
Organic SprouTofu Royal Thai Baked Tofu,921,525,396,57.00325732899023
Mint 70% Dark Chocolate Bar,451,211,240,46.78492239467849
E Vitamin 400 IU Liquid Softgels,7,1,6,14.285714285714285
Italian Pizza Crust Original 12oz,624,301,323,48.23717948717949
"Gelato Dessert, Roman Kiwi",10,2,8,20.0
Dairy Pure Half & Half,117,69,48,58.97435897435898
"All Purpose Cleaner, Lemon Breeze Scent",890,217,673,24.382022471910112
1st Foods Applesauce Baby Food,143,52,91,36.36363636363637
Green Peppercorns,11,2,9,18.181818181818183
Greek Nonfat Yogurt Plain,117,88,29,75.21367521367522
Cook Top Scrubbing Pads,3,0,3,0.0
Premium Green Tea Decaf Tea Bags,49,17,32,34.69387755102041
Moisturizing Non-Drying Facial Wash,42,8,34,19.047619047619047
Swaddlers Size 1 Jumbo Pack Diapers,108,44,64,40.74074074074074
Intense Sinus Relief Nasal,21,9,12,42.857142857142854
Ultra Soft Cloths Make-Up Remover Cleansing Towelettes,15,3,12,20.0
High Endurance Fresh Twin Pack Deodorant,51,8,43,15.686274509803921
Spinach Wraps,44,30,14,68.18181818181817
Organic Caraway Seed,119,3,116,2.5210084033613445
1/3 Less Fat Chive & Onion Cream Cheese,319,158,161,49.52978056426332
Cleansing Cream,46,22,24,47.82608695652174
"Cake Mix, Carrot",37,3,34,8.108108108108109
Sensitive Facial Cleansing Towelettes,738,324,414,43.90243902439025
The Original Caesar Dressing,589,197,392,33.446519524618
Cello Tomatoes,637,379,258,59.49764521193093
Frozen Apple Juice,6,1,5,16.666666666666664
"9\"" Brown Rice Pizza Crust",38,13,25,34.21052631578947
Purple Top Turnip,865,273,592,31.5606936416185
Potato Crusted Cod Fillets,30,9,21,30.0
Real Vegetable Chips BBQ Sweets,173,103,70,59.53757225433526
Ponzu,206,54,152,26.21359223300971
Witch Hazel Soothing Multi Use Cleansing Clothes,21,3,18,14.285714285714285
Chunky Peanut Butter Chocolate Super Food Bar,35,20,15,57.14285714285714
Organic Shiitaki Mushrooms,1288,559,729,43.400621118012424
Pesto Swirls,79,22,57,27.848101265822784
Organic Strawberry Grassfed Whole Milk Yogurt,712,335,377,47.05056179775281
Deep Dish Pie Shells - 2 CT,254,60,194,23.62204724409449
Bistro Favorites Black Forest Ham,92,39,53,42.391304347826086
Full Size Milk Chocolate Bar With Almonds,101,54,47,53.46534653465347
Premium Smoked Oysters,10,5,5,50.0
Classic Vegetables Chopped Broccoli,354,124,230,35.02824858757062
European Style Salted Butter Sticks,32,4,28,12.5
Buttermilk,384,129,255,33.59375
Spring Vegetable Rice Noodle Soup Bowl,42,16,26,38.095238095238095
Romaine Lettuce,10281,4974,5307,48.380507732710825
Sweet & Sour Chicken Chicken Helper,4,0,4,0.0
Lavender Long Lasting Deodorant,490,75,415,15.306122448979592
Red Grape Juice Cocktail,60,15,45,25.0
Freeze-Dried Basil,47,3,44,6.382978723404255
Stevia,8,0,8,0.0
Classic Vegetables Whole  Kernel Corn,478,188,290,39.33054393305439
Creamy & Raw Almond Butter,541,216,325,39.92606284658041
Snack Size Vanilla Yogurt Raisins,1906,1180,726,61.90975865687304
Zesty Sriracha Carrot Hummus,122,79,43,64.75409836065575
Dove Dark Chocolate Candy,8,3,5,37.5
Dandruff Shampoo Plus Conditioner T/Gel® Daily Control,32,12,20,37.5
Hot Taco Seasoning Mix,549,255,294,46.44808743169399
Eggo Nutri-Grain Low Fat Waffles,683,406,277,59.443631039531475
Sour Cream & Chive Mashed Potatoes,26,5,21,19.230769230769234
Sausage Cuts Real Beef Treats,80,42,38,52.5
Frozen Chopped Parsley,130,21,109,16.153846153846153
Advanced Dry Unscented Antiperspirant & Deodorant,24,11,13,45.83333333333333
Baby Eczema Relief Body Creme,21,3,18,14.285714285714285
The Original Tomato Cocktail Juice,14,2,12,14.285714285714285
Taster's Choice Decaf House Blend,45,16,29,35.55555555555556
Chocolate Coconut Protein Bar,246,133,113,54.0650406504065
Clinical Advanced Solid Ultimate Fresh Anti-Perspirant and Deodorant & Body Spray,51,23,28,45.09803921568628
Cheese Shredded Sharp Cheddar Reduced Fat 2%,562,270,292,48.04270462633452
Organic Grass-Fed Classic Mild Cheddar Macaroni & Cheese,1660,927,733,55.8433734939759
Prenatal Gummy Vitamins,104,29,75,27.884615384615387
Skin Therapy Lotion Healing Fragrance Free for Sensitive Skin,7,2,5,28.57142857142857
Organic Chewy Soft Caramel with Pecans Chocolate Covered Candy Bar,131,93,38,70.99236641221374
Sweet Pea and Violet Body Wash,118,50,68,42.3728813559322
Yellow Squash,57,14,43,24.561403508771928
Gluten Free Thick Rolled Oats,16,6,10,37.5
Extra Sharp White Cheddar Cheese,321,167,154,52.024922118380054
Double Black Nitro Cold Brew Coffee,55,40,15,72.72727272727273
Bath Tissue,597,348,249,58.291457286432156
Tongue Cleaner,27,4,23,14.814814814814813
Sliced Beef Feast in Gravy Cat Food,35,17,18,48.57142857142857
Smoked Norwegian Salmon,30,5,25,16.666666666666664
Lactose-Free Calcium Enriched 1% Low Fat Milk,56,28,28,50.0
Salted Caramel Brownie Nutrition,18,11,7,61.111111111111114
with Sweet Cinnamon Bunches Cereal,17,3,14,17.647058823529413
Contessa,8,4,4,50.0
Sugar Free Caramel Coffee Hard Candies,16,11,5,68.75
Rainbow Nonpareils Sprinkles,91,6,85,6.593406593406594
Organic All Vegetable Shortening,955,120,835,12.56544502617801
Organic Fruit & Vegetable Juice,8,2,6,25.0
Garden Ranch Broccoli Bites,43,25,18,58.139534883720934
Original Powder Dish Detergent Booster Refill Pack,7,2,5,28.57142857142857
"Farfalle, No. 86",40,7,33,17.5
Slow Cookers Beef Stroganoff Seasoning Mix,6,0,6,0.0
Darks Midnight Breeze Scent Liquid Laundry Detergent,98,33,65,33.6734693877551
Froot Loops Cereal Single Serve,138,91,47,65.94202898550725
Organic Sour Cherry Fruit Spread,63,17,46,26.984126984126984
Beef Flavor Family Size Rice Blend,9,3,6,33.33333333333333
Seasoned With Barbecue Sauce Pork Sandwich Makers,4,0,4,0.0
"Bars, Blueberry",3,0,3,0.0
Cafe Steamers Asian Beef Teriyaki,144,69,75,47.91666666666667
Butter Bread,1467,938,529,63.94001363326517
Rigatoni With Chicken & Pesto,181,106,75,58.5635359116022
Raspberry Sorbet With Dark Chocolate Bars,38,24,14,63.1578947368421
Wasp & Hornet Killer 33 Insecticide,9,3,6,33.33333333333333
Organic Southwest Powermeal Bowl,114,51,63,44.73684210526316
Macaroni & Soy Cheeze Pasta,608,365,243,60.0328947368421
"Dishwasher Detergent, Fresh Scent",512,173,339,33.7890625
Natural Balance Overnight Maxi Pads,24,10,14,41.66666666666667
Gone Nuts! Cilantro Lime Mojo Pistachios & Pepitas,29,9,20,31.03448275862069
Travel Pack Sensitive Skin Wipes,64,31,33,48.4375
Dry Pear Hard Cider,36,17,19,47.22222222222222
Lemon Mint Sugar Free,117,36,81,30.76923076923077
Super Glue 2 Pack,4,0,4,0.0
London Dry Gin,451,196,255,43.45898004434589
Even Advanced Sea Algae Enzume Scrub,49,17,32,34.69387755102041
Polenta Enriched Corn Meal,152,24,128,15.789473684210526
Braeburn Apples,391,183,208,46.80306905370844
Blender Bottle Assorted Colors,9,0,9,0.0
In Tomato Sauce Spaghetti & Meatballs,526,302,224,57.414448669201526
Pizzeria! Thin Margherita Pizza,98,30,68,30.612244897959183
Grated Parmesan And Romano Blend,81,17,64,20.98765432098765
Tamales Sweet Corn,51,14,37,27.450980392156865
Cooked Classic Italian Sausage,366,156,210,42.62295081967213
Yellow Corn Tortilla Chips,1323,702,621,53.06122448979592
Bleached and Enriched Cake Flour,94,15,79,15.957446808510639
Downy April Fresh Fabric Refresher,24,2,22,8.333333333333332
Organico Bello Spicy Marinara Pasta Sauce,197,81,116,41.11675126903553
Revitalizing Face Mask,8,0,8,0.0
Valfrais Garlic & Herb Cheese Spread,21,8,13,38.095238095238095
Roasted Red Pepper Italian Dressing,14,2,12,14.285714285714285
Oven Bags,162,23,139,14.19753086419753
SensorExcel Blade Refills,15,6,9,40.0
Mix Lemon Bar,10,1,9,10.0
Quart Sized  Easy Open Freezer Bags,1217,311,906,25.554642563681185
Ultra This Colby Jack,998,530,468,53.106212424849694
Macaroni & Cheese Tasty American Favorites,61,21,40,34.42622950819672
Indoor Delights Cat Food,275,152,123,55.27272727272727
Pop Tarts Frosted Watermelon Toaster Pastries,7,1,6,14.285714285714285
Orajel Bubble Guppies Fluoride Toothpaste,25,4,21,16.0
Wasabi Seaweed Chips,113,55,58,48.67256637168141
Lightly Salted Potato Crisps,124,72,52,58.06451612903226
Vanilla Chai Shortbread Cookies,23,7,16,30.434782608695656
Organic Dark Chocolate Spread,41,18,23,43.90243902439025
Full Protection + Whitening Toothpaste for Sensitive Teeth,122,36,86,29.508196721311474
"Wintermint Ascent, Sugar Free Gum",9,3,6,33.33333333333333
Brushing Chews Fresh Breath Daily Dental Treats,11,3,8,27.27272727272727
Jasmine Green,408,258,150,63.23529411764706
"Peanut Butter, Unsalted, Crunchy",79,51,28,64.55696202531645
Chef's Tomato,6,0,6,0.0
Digestives Milk Chocolate,128,72,56,56.25
Lemon Flower Sparkling Soda,14,4,10,28.57142857142857
Organic Blackberries,61746,40295,21451,65.25928805104783
Age Defying Anti-Wrinkle Night Cream,4,0,4,0.0
Simply White Natural Clean Mint Fluoride Toothpaste,1724,570,1154,33.06264501160093
Basil Dryer Sheets,147,29,118,19.727891156462583
Little Snugglers Diapers Jumbo Pack Size Newborn,32,8,24,25.0
Premium Solid White Albacore in Vegetable Oil Tuna,80,42,38,52.5
Pure Renewal Conditioner,26,8,18,30.76923076923077
Sun Spray Lotion Spf 30,16,2,14,12.5
Extra Strong Large Trash 30 Gallon Drawstring Bags,170,80,90,47.05882352941176
Mixed Berry Fruit Snacks,19,9,10,47.368421052631575
Organic Chinese Mung Bean Sprouts,21,6,15,28.57142857142857
Rev #2 Ham & Cheese,18,9,9,50.0
French Lavender Clarifying Shampoo,93,48,45,51.61290322580645
with Bleach Disinfectant Cleanser Scratch Free Lavender Fresh,30,5,25,16.666666666666664
HomeStyle Mushroom Gravy,23,6,17,26.08695652173913
"Granola, Immortal, Chocolate Almond",64,46,18,71.875
Peach Pear Flavored Sparkling Water,21233,14407,6826,67.8519286017049
Extra Grainy Flax & Sesame Seed Bread,11,3,8,27.27272727272727
Bowl Brush & Plunger Set,9,2,7,22.22222222222222
Java Loca Moca Coffee + Energy Drink,24,14,10,58.333333333333336
Graduates For Toddlers Apple Cinnamon Cereal Bars,63,31,32,49.2063492063492
"Gravy, Country-Style Sausage",11,3,8,27.27272727272727
PLOCHMANS Squeeze Mustard,34,11,23,32.35294117647059
Max White With Polishing Star Soft Toothbrush,1,0,1,0.0
Whole Mixed Berries,98,28,70,28.57142857142857
Cherry Pie Fruit & Nut Bar,5541,3151,2390,56.866991517776576
Organic Buckwheat Crispbread,26,9,17,34.61538461538461
Greek 100 Yogurt Mango,17,3,14,17.647058823529413
Dark Chocolate Sea Salt Granola Bites,3,0,3,0.0
The Ultimate Beefless Ground Gluten Free,495,234,261,47.27272727272727
"Cookies, Chocolate Chip Walnut",3698,2227,1471,60.2217414818821
Medium Tomatillo Salsa,312,161,151,51.60256410256411
Moderate Absorbency Bladder Leakage Protection,31,12,19,38.70967741935484
Sour Cream & Onion Flavor Protein Chips,16,4,12,25.0
Organic Thai Sweet Potato Soup,492,114,378,23.170731707317074
Organic Black Chia Seeds,255,76,179,29.80392156862745
12 Hour Allergy Relief Non-Drowsy Fexofenadine HCl 60 mg/Antihistamine,11,3,8,27.27272727272727
Santa Maria Seasoning,105,28,77,26.666666666666668
Almond + Sea Salt,35,9,26,25.71428571428571
Eggo Thick & Fluffy Cinnamon Brown Sugar Waffles,208,113,95,54.32692307692307
Toasty Onion Seaweed Snacks,173,126,47,72.83236994219652
Strawberry Greek Style Cultured Almond Milk,32,14,18,43.75
Wintergreen Mints,446,243,203,54.48430493273543
White Chocolate Macadamia Nutrition Bars,31,16,15,51.61290322580645
Ataulfo Mango,5569,2219,3350,39.84557371161788
Gluten Free Hot Buffalo Wing Pretzel Sticks,125,61,64,48.8
Antihistamine Eye Drops,28,11,17,39.285714285714285
Lowfat 1% Milkfat Lactose Free Milk,366,205,161,56.01092896174863
Dairy Free Cheddar Style Shells & Cheese,55,33,22,60.0
Meat Creations Sweet Italian Sausage & Cheese Pasta Sauce,8,2,6,25.0
Sweet Dreams Organic Milk Chocolate Whole Grain Rice Cakes,97,59,38,60.824742268041234
Natural Roast Beef,6,0,6,0.0
Vanilla Rice Protein,19,10,9,52.63157894736842
Super Moist Golden Vanilla Cake Mix,24,2,22,8.333333333333332
Tuna Fillets with Garlic in Olive Oil,40,16,24,40.0
Tahini Sesame Paste,96,12,84,12.5
California Champagne Extra Dry,324,152,172,46.913580246913575
Dark Cocoa Sorbetto,291,113,178,38.83161512027492
Mini Spicy Homestyle Guacamole,63,31,32,49.2063492063492
Fast-Max Severe Cold,4,1,3,25.0
"Fruit Spread, Organic, Raspberry",285,142,143,49.824561403508774
Tandoor Baked Naan,1376,621,755,45.13081395348838
Pure Peppermint Herbal Tea,678,267,411,39.38053097345133
Peach Iced Tea Mix Packets,62,46,16,74.19354838709677
Cannellini White Kidney Beans No Salt Added,4943,1809,3134,36.59720817317418
Vanilla Cupcake Grahams Snacks,153,63,90,41.17647058823529
Mighty Dry Hard Cider,125,69,56,55.2
Kielbasa,76,31,45,40.78947368421053
Wildly Natural Cream Lavender Scent,5,0,5,0.0
Doubleshot Energy Mexican Mocha Coffee Drink,13,4,9,30.76923076923077
Mountain Stream Liquid Laundry Detergent,4,0,4,0.0
Organic Ground Fenugreek,77,4,73,5.194805194805195
Whole Grain Stone Ground Millet Flour,42,4,38,9.523809523809524
7oz GOOD & PLENTY LICORICE,13,6,7,46.15384615384615
Grilled Steak with Beans Chili,6,1,5,16.666666666666664
Organic Unrefined-Unfiltered Extra Virgin Olive Oil,1206,634,572,52.57048092868989
Freeze Dried Yogurt Starter,22,2,20,9.090909090909092
Brown Gravy,8,1,7,12.5
Sambucus Bio-Certified Elderberry Natural Syrup Sugar-Free,15,8,7,53.333333333333336
Cafe Latte Pure Lightly Sweetened Iced Coffee With Almond Milk,2990,1845,1145,61.7056856187291
Organic Soy Milk Original,140,81,59,57.85714285714286
#2 Mechanical Pencils,8,0,8,0.0
3rd Foods Chicken in Broth & Noodle Dinner with Lil' Bits,51,21,30,41.17647058823529
Beef Pastrami,47,21,26,44.680851063829785
Organic Lemon Cake Mix,17,1,16,5.88235294117647
Lime Diet Coke,946,598,348,63.213530655391125
Heart Healthy Chicken Gumbo Soup,53,15,38,28.30188679245283
Original Clean-Up Cleaner with Bleach Original,128,37,91,28.90625
Corn tortillas filled with chicken & vegetables over a bed of rice topped with a real cheese sauce Chicken Enchiladas with Cheese Sauce & Rice,116,33,83,28.448275862068968
Powder Fresh Scent Deodorant Antiperspirant Aerosol,47,11,36,23.404255319148938
Fume Blanc Wine,17,10,7,58.82352941176471
Garlic Marinara Pasta Sauce,756,340,416,44.97354497354497
Green Decorating Gel,9,0,9,0.0
Organic Spicy Kung Pao Noodles,78,21,57,26.923076923076923
Sourdough Hard Pretzels Fat Free,1842,1229,613,66.72095548317046
Borage Therapy Advanced Formula Fragrance Free Lotion,13,2,11,15.384615384615385
Pesto Cheese Tortellini,217,114,103,52.53456221198156
Maca Berry Probiotic Super Tea,898,490,408,54.56570155902004
Permanent Hair Color Brown-Black 2N,50,18,32,36.0
Cheese Creations Six Cheese Pasta Sauce,36,25,11,69.44444444444444
"Mouth Rinse, Antigingivitis, Daily, Peppermint Sage",18,2,16,11.11111111111111
Ultra Downy Infusions Amber Blossom Liquid Fabric Conditioner,9,2,7,22.22222222222222
Chicken Pad Thai With Rice Noodles,2427,1444,983,59.497321796456525
Regular Length Thin Shape Maximum Absorbency Pads,5,2,3,40.0
Rustic Italian Sausage Onion Ultra Thin Crust Pizza,5,0,5,0.0
Four Cheese Rising Crust Pizza,3182,1773,1409,55.71967316153362
"Sport Laundry Liquid, Lavender & Eucalyptus Extracts",72,24,48,33.33333333333333
Lightly Salted Cashews Halves & Pieces,458,247,211,53.930131004366814
Ocean Whitefish & Tuna in Sauce Prime Filets Wet Cat Food,165,118,47,71.51515151515152
"Juice Concentrate, Cranberry",20,3,17,15.0
Chicken Salad,2039,1405,634,68.90632663070132
Coffee Peter Cook-Ies Ice Cream Bars,64,27,37,42.1875
"Asian Noodle, Stir Fry",119,47,72,39.49579831932773
Ginger Yuzu Scented Dish Soap,2153,1011,1142,46.95773339526242
Reduced Sodium Vegetarian Baked Beans,38,10,28,26.31578947368421
Fajita Seasoning Blend,11,1,10,9.090909090909092
Ultimate Care Bleach,116,59,57,50.86206896551724
2Chic Shampoo Brazilian Keratin & Argan Oil,125,37,88,29.599999999999998
Strawberry Swirl Ice Cream,6,1,5,16.666666666666664
Comice Pear,4056,2072,1984,51.08481262327417
Brownies,6,3,3,50.0
Bleach Stain Remover for Whites,12,1,11,8.333333333333332
Bio-Active Silver Hydrosol 10 ppm Dietary Supplement,63,13,50,20.634920634920633
Nutrition Protein Mix Blueberry Nut,205,109,96,53.170731707317074
Compostable Tall Trash Bags 13 gallon,892,356,536,39.91031390134529
Zesty Horseradish,8,0,8,0.0
Shrimp & Angel Hair Pasta,230,140,90,60.86956521739131
Peach Guava Coconut Water,3,0,3,0.0
B-Complex 100 Vegetarian Capsules,15,3,12,20.0
Keratin Infusion Smoothing Shampoo,31,8,23,25.806451612903224
Complete Prenatal System,2,0,2,0.0
Vanilla Almond Crisp Protein Bar,320,207,113,64.6875
Red Wax Gouda,706,232,474,32.86118980169972
Indian Corn,24,7,17,29.166666666666668
Original Cold Brew  Coffee With Milk,1781,1068,713,59.96631106120157
Dark Chocolate Squares With 88% Cocoa,291,202,89,69.41580756013745
Sparklers Tangerine Mango,35,30,5,85.71428571428571
Salted Almond Chocolate Mexicano Classic Disc,80,39,41,48.75
Beefaroni Big Size Bowl,15,6,9,40.0
Original Round Sweet Bread,170,56,114,32.94117647058823
Big Kick Wasabi,7,3,4,42.857142857142854
Green Salsa Jalapeno,9,1,8,11.11111111111111
Organic Lacinato Kale,232,147,85,63.36206896551724
Itchy Dry Scalp Shampoo,17,6,11,35.294117647058826
Medicated Scalp Treatment,31,3,28,9.67741935483871
Power & Free Cool Spring Breeze Scent Bathroom Cleaner,150,43,107,28.666666666666668
Organic Red Thai Hom Mali Jasmine Rice,36,9,27,25.0
Organic Tomato Basil Sauce,4973,1956,3017,39.332394932636234
Condensed Classic Recipe Double Noodle Family Size,22,17,5,77.27272727272727
Chocolate Energy Bars And Gels,148,67,81,45.27027027027027
Single Malt Scotch Whiskey,355,190,165,53.52112676056338
To Go Sopressata & Picante Provolone Slices,21,9,12,42.857142857142854
Light CocoWhip! Coconut Whipped Topping,1536,779,757,50.716145833333336
Roasted Chicken Feast Cat Food,43,26,17,60.46511627906976
Maple Mustard Sauce,39,18,21,46.15384615384615
Solid Light Tuna In Olive Oil,592,358,234,60.47297297297297
Lite Italian House Dressing,38,15,23,39.473684210526315
Organic Sweet Bread & Butter Pickles,48,21,27,43.75
"Skin Gel, Ultimate Skin Treatment, Whole Leaf Aloe Vera",12,0,12,0.0
99% Fat Free Vegetarian Chili With Beans,224,102,122,45.535714285714285
Seasoning,720,41,679,5.694444444444445
Extra Hold Aerosol Hair Spray,347,98,249,28.24207492795389
Complete Prenatal System Multivitamin,5,0,5,0.0
No Calorie Sweetener Packets,2735,1187,1548,43.400365630712976
Organic Thompson Raisins,2206,1218,988,55.21305530371714
Organic Unrefined Coconut Oil,1450,350,1100,24.137931034482758
Pacific Rush Thick & Rich Shaving Cream,6,1,5,16.666666666666664
Light Coffee with Milk Medium Roast Iced Coffee,160,105,55,65.625
Raisin Bran Crunch Apple & Strawberry Cereal,4,0,4,0.0
Lite Cranberry Juice Cocktail,16,10,6,62.5
Sunflower Dish Soap,6,0,6,0.0
Organic Dried Raw Mango Slices,5,0,5,0.0
Chef Blends Taco Shredded Cheese,65,28,37,43.07692307692308
Espresso Italian Roast Coffee,88,45,43,51.13636363636363
Organic Superfruit Blend Antioxidant Smoothie Mix,10,3,7,30.0
Ibuprofen Tablets NSAID,147,28,119,19.047619047619047
Superfood Pesto Sauce,278,113,165,40.647482014388494
Frosted Cinnamon Roll Toaster Pastries,77,42,35,54.54545454545454
Cream Havarti with Dill,8,1,7,12.5
Coconut & Almond Milk Blend,101,45,56,44.554455445544555
Raw And Unfiltered Unprocessed Raw Honey,28,5,23,17.857142857142858
"Freezer Slider Bags, Quart",163,49,114,30.061349693251532
Jalapeno Cheddar Wraps,54,13,41,24.074074074074073
White Grape 100% Juice,5,1,4,20.0
"Candy Bar, Mini, Coconut",71,40,31,56.33802816901409
Organics Chocolate Frosted Organic Brownie Mix,34,6,28,17.647058823529413
Organic AppleApple,16129,11593,4536,71.8767437534875
Fanta Strawberry Soda,74,30,44,40.54054054054054
Vegetable Classics Macaroni & Bean Soup,58,39,19,67.24137931034483
Gluten Free Peach Apricot Bars,13,9,4,69.23076923076923
Kids Shampoo & Body Wash Goin' Coconuts,7,1,6,14.285714285714285
Snack Mix Original Recipe,552,287,265,51.992753623188406
Power & Free with Hydrogen Peroxide Toilet Bowl Cleaner,16,0,16,0.0
Drinkable Yogurt Starwberry,10,6,4,60.0
Light Lemon Cream Pie Yogurt,254,112,142,44.09448818897638
Sweeper Dry Pad Refills Unscented,113,12,101,10.619469026548673
Organic Baby Kale Mix,10725,5978,4747,55.738927738927735
"Friends Bunny Grahams Honey, Chocolate and Chocolate Chip Whole Grain",113,32,81,28.31858407079646
To Go Dippers Creamy Peanut Butter with Pretzeles Single,59,36,23,61.016949152542374
Organic Original Apple Sauce Cups,23,9,14,39.130434782608695
Flexible Clear First Aid Tape,13,3,10,23.076923076923077
Spicy Wakame Ginger Kimchi,362,122,240,33.70165745856354
Oat Revolution Classic Steel Cut Oats with Flax,204,127,77,62.254901960784316
Fat Tire Amber Ale - 12 CT,50,11,39,22.0
Black House Coffee Roasty Stout Beer,14,10,4,71.42857142857143
Lice Killing Shampoo,3,0,3,0.0
Organic Date Pecan & Coconut Granola Bar,584,413,171,70.71917808219177
Gorgonzola,27,12,15,44.44444444444444
Cool Dairy Drink Peach,28,20,8,71.42857142857143
Vitamin Code Raw Calcium Supplement,12,5,7,41.66666666666667
Genuine Extra Virgin Olive Oil,15,5,10,33.33333333333333
Whole Green Beans with Sun-Dried Tomatoes in Garlic Olive Oil Sauce,6,0,6,0.0
Quinoa with Mushrooms,14,4,10,28.57142857142857
White Coated Paper Plates 9 In,32,13,19,40.625
Organic Mixed Exotic Mushrooms,37,11,26,29.72972972972973
Persimmons,11,1,10,9.090909090909092
Habanero Jack Cheese,20,8,12,40.0
Grill Mates Montreal Chicken Seasoning,13,6,7,46.15384615384615
Indoor Saucy Seafood Bake in Sauce Cat Food,15,9,6,60.0
Espresso Coconut Water,81,53,28,65.4320987654321
Migraine Pain Reliever Caplets,100,24,76,24.0
Sun-Dried Tomato Garlic,5,1,4,20.0
Coconut Crème Coffee-Mate Coffee Creamer,330,221,109,66.96969696969697
Greek 100 Calories Blackberry Pie Yogurt,16,1,15,6.25
Unsweetened 100% Cacao Cocoa Powder,142,21,121,14.788732394366196
Whey Protein Isolate Vanilla Flavor,12,6,6,50.0
Hummus Spicy Three Pepper,50,14,36,28.000000000000004
Frosted Chocolate Fudge Pop-Tarts,290,164,126,56.55172413793104
The Lola Granola Bar,13,1,12,7.6923076923076925
Red Wagon Organic Ground Coffee,52,36,16,69.23076923076923
No More Tears Baby Shampoo,235,61,174,25.957446808510635
Cat Chow Naturals Indoor with Real Chicken & Turkey,65,28,37,43.07692307692308
Kelloggs Special K Protein Cinnamon Brown Sugar Crunch,294,145,149,49.31972789115646
"Pet Food Supplement for Dogs and Cats, Organic Pumpkin",96,44,52,45.83333333333333
Cold Remedy Honey Lemon Lozenges,58,4,54,6.896551724137931
Brussels Cookies,648,315,333,48.61111111111111
Sparkling Beverage Orange Dry,14,10,4,71.42857142857143
Rejuvenate Vegetable and Fruit Juice,5,1,4,20.0
Boneless Beef Sirloin Steak,3067,1478,1589,48.190414085425495
"Ultracube Stock Cubes, Chicken Style, Salt Reduced",17,1,16,5.88235294117647
Neon Birthday Candles,12,0,12,0.0
Relaxed Mind Tea Bags,150,46,104,30.666666666666664
Strawberry Cheescake Frozen Yogurt,10,3,7,30.0
Organic Lavender Mint Moisturizing Cream Body Wash,7,0,7,0.0
Swiss Cheese Block,1597,768,829,48.09016906700062
Age Defying Daily Facial Moisturizer,5,1,4,20.0
"Cheese, Creamy Goat, Olive & Herb",20,2,18,10.0
Chew-Lotta Long Lasting Chewbone Dog Snacks,30,21,9,70.0
Tropical Green Fruit & Vegetable Juice,44,17,27,38.63636363636363
Complete Wheat 100% Whole Wheat Bread,29,15,14,51.724137931034484
Organic Decaffeinated Single Serve Instant Coffee,38,9,29,23.684210526315788
Skinless & Boneless Sardines,45,23,22,51.11111111111111
Organic Ezekiel 4:9 Sesame Bread,5379,3356,2023,62.39077895519613
Spirited Prints Paper Towels with Thirst Pockets - 8 CT,305,117,188,38.36065573770492
"Crackers, Toasted Sesame",4,1,3,25.0
"Cat Food, Indoor Health, Adult",64,26,38,40.625
AA Alkaline Batteries,200,34,166,17.0
Whole Kernel Sweet Corn,1293,576,717,44.5475638051044
Frozen Orange Juice,158,90,68,56.9620253164557
Original Frosted Mini Wheats Little Bites,884,505,379,57.126696832579185
Quenched Sea Mineral Moisture Conditioner,28,6,22,21.428571428571427
"Peruvian Seasoned Chicken Stew, Organic, Med",34,14,20,41.17647058823529
Unoaked Chardonnay,36,20,16,55.55555555555556
Clear Enzyme Lavender Deodorant Stick,13,1,12,7.6923076923076925
Chana Dal Split Desi Chickpeas,8,2,6,25.0
Chocolate Frozen Dessert,84,26,58,30.952380952380953
New England Clam Chowder,308,156,152,50.649350649350644
Organic Kids Disney Frozen Pasta Soup,23,12,11,52.17391304347826
Original Wheat Crackers,377,185,192,49.07161803713528
Kettle Cooked Olive Oil Potato Chips,318,227,91,71.38364779874213
All Natural Crunchy O's Cereal,4,0,4,0.0
Balanced Nutrition Creamy Milk Chocolate Meal Replacement Shake,104,59,45,56.730769230769226
Cherry Tomato Medley,479,176,303,36.74321503131524
Vegetable Oil Non Stick Cooking Spray,32,7,25,21.875
G Series Lime Cucumber Sports Drink,217,124,93,57.14285714285714
Goldfish Space Adventures Baked Snack Crackers,5,0,5,0.0
Vanilla Oatmeal Baby Lotion,3,0,3,0.0
Breaded Chicken Breast Patties,201,123,78,61.19402985074627
Russet Potatoes,5853,2466,3387,42.13223987698616
Bac'n Pieces,162,52,110,32.098765432098766
Rustic Potato Buns,4,0,4,0.0
Luau BBQ Potato Chips,603,349,254,57.87728026533997
Chicken Flavor Noodle Soup Mix,6,1,5,16.666666666666664
Dark Chocolate Berry Bar,30,17,13,56.666666666666664
"Burger, Sprouted Quinoa Chia, with Sweet Potato",28,6,22,21.428571428571427
Vegetable Broth,1021,311,710,30.460333006856022
Lighten Up! All Natural Light Lime Vinaigrette Dressing,31,3,28,9.67741935483871
Better Stevia Liquid Sweetener English Toffee,10,5,5,50.0
Everything Hummus,12,2,10,16.666666666666664
Odor Shield Scented Scoopable Cat Litter,68,35,33,51.470588235294116
Organic Chocolate Milk,784,548,236,69.89795918367348
Hot Pepper Sesame Oil,51,13,38,25.49019607843137
Natural Epsom Salt Lavender,16,7,9,43.75
"Salsa, Medium",512,269,243,52.5390625
100% Pure Peanut Oil,261,74,187,28.35249042145594
Grow Well DHA Baby Food,620,364,256,58.70967741935483
USDA AA Extra Large Eggs,2231,1449,782,64.94845360824742
Ricotta Salata Cheese,512,178,334,34.765625
Simple 5 Syrup,44,5,39,11.363636363636363
Organic Green Thai Curry,85,12,73,14.117647058823529
Fruit Squish'ems Apple Strawberry,258,134,124,51.93798449612403
Abrasive Cleanser With Bleach,633,187,446,29.541864139020536
Veggies First Pumpkin Banana Puree,10,2,8,20.0
Wild Caught Boiled Baby Clams,183,45,138,24.59016393442623
Sweet N' Spicey Honey Mustard,35,4,31,11.428571428571429
100% Raw Coconut Water With Fair Trade Coffee,467,304,163,65.0963597430407
100% Juice No Sugar Added Apple,463,257,206,55.507559395248386
Kale Krunch The Original Quite Cheezy,2143,1350,793,62.99580027998134
40% Less Fat Salt & Fresh Ground Pepper Potato Chips,6,0,6,0.0
Cat Litter Scented Super Clump,8,3,5,37.5
Bean & Cheese Burrito,6045,3999,2046,66.15384615384615
Organic Lowfat Yogurt Banana Vanilla,4429,3205,1224,72.36396477760216
Coke de Mexico Glass,344,202,142,58.720930232558146
Beef & Bean Green Chili Burritos,266,142,124,53.383458646616546
Mini Crunch Donuts,11,2,9,18.181818181818183
"Fabric Softener Sheets, Blue Eucalyptus & Lavender scent",311,69,242,22.186495176848876
Organic Envy Apple,16,5,11,31.25
"Fruit Spread, Organic, Fig",140,14,126,10.0
"Freshly Grated Cheese, Parmesan",930,375,555,40.32258064516129
Organic Mid Season Heirloom Apple Sauce,151,90,61,59.60264900662252
French Vanilla Light Roast K-Cup Packs Arabica Coffee,382,213,169,55.75916230366492
Organic Pink Lady (Cripps) Apple,296,130,166,43.91891891891892
Lemon Scent Ant & Roach Killer Insecticide,48,4,44,8.333333333333332
White & Dark Chunk Chicken,99,53,46,53.535353535353536
Two-Bite Brownies,111,64,47,57.65765765765766
Roasted Tomato Chipotle Corn Salsa Medium Hot Salsa,61,22,39,36.0655737704918
Pita Original,9,2,7,22.22222222222222
No Drip Sinus Pump Mist,41,7,34,17.073170731707318
Turbinado Cane Sugar,723,389,334,53.80359612724758
Almond Cake & Pastry Filling,4,0,4,0.0
Medium Diced Tomatoes with Green Chilis,26,7,19,26.923076923076923
No Sugar Added Cranberry 100% Juice,111,53,58,47.74774774774775
Simply Fruit Red Raspberry Spreadable Fruit,2,0,2,0.0
Organic Kale,673,248,425,36.84992570579495
Savoiardi Ladyfingers,64,10,54,15.625
Penne Rigate Pasta,856,387,469,45.21028037383177
Organic Large Green Asparagus,19286,10596,8690,54.941408275432956
Chaumes Cheese,28,3,25,10.714285714285714
Whitening Toothpaste with Tea Tree Oil,21,6,15,28.57142857142857
Flaked Tuna Supreme Cat Food,11,6,5,54.54545454545454
2-Ply Mega Toilet Paper Rolls,26,16,10,61.53846153846154
Ichimi Togarashi Chili Pepper,19,3,16,15.789473684210526
Blue Fusion Fruit & Veggie Smoothie,27,5,22,18.51851851851852
Seasoned Tomato Sauce,3,0,3,0.0
Swagger 2 in 1 Shampoo & Conditioner,15,5,10,33.33333333333333
Tempt Unsweetened Original Hemp Milk,2950,2225,725,75.42372881355932
Rose & Apricot Antioxidant Day Creme,4,0,4,0.0
Acai + 10 Superblend 100% Fruit Juice + Boosts,34,9,25,26.47058823529412
Living Organic Butter Green Lettuce,29,7,22,24.137931034482758
Original Rice Crackers,3,1,2,33.33333333333333
Fresh Triple Action Relief Powder Spray,19,5,14,26.31578947368421
Alla Vodka Sauce,237,84,153,35.44303797468354
EF Butternut Squash Risotto,86,23,63,26.744186046511626
Raw Pure Goat Milk,62,43,19,69.35483870967742
Organic Koji Dairy-Free Fermented Wild Blueberry Drink Yogurt Drink,2,0,2,0.0
Organic Vanilla Unsweetened Almond Non-Dairy Beverage,430,254,176,59.06976744186046
Schweiks Blend Whole Bean Coffee,74,36,38,48.64864864864865
"Low Fat Burrito Beans, Rice & Cheese Style",5,1,4,20.0
Calcium Magnesium Zinc Mineral Supplement Caplets,16,2,14,12.5
Real Ice Cream Pistachio,4,1,3,25.0
Oil of Oregano Dietary Supplement,73,12,61,16.43835616438356
Fruit Horns,27,10,17,37.03703703703704
Chocolate Covered Ring Jells,22,15,7,68.18181818181817
"Omegalicious, Omega-3 Gummies, Sour Raspberry Flavor, Gummies",6,0,6,0.0
Maple Glazed Pecan & Sea Salt Bars,305,166,139,54.42622950819672
Hemorrhoidal Cooling Gel,27,2,25,7.4074074074074066
Ultra Max Powder Fresh Solid Antiperspirant Deodorant,17,5,12,29.411764705882355
Ultimate Stir Fry Mixed Vegetables,188,63,125,33.51063829787234
Butter Pecan Frozen Dairy Dessert,210,68,142,32.38095238095238
Mushroom Sauce Mix,27,11,16,40.74074074074074
Gluten Free Seeded Sourdough Bread,142,81,61,57.04225352112676
Gluten-Free Cornbread Mix,11,2,9,18.181818181818183
Perfect Pinch Cajun Seasoning,189,10,179,5.291005291005291
Grape Power Juice,31,15,16,48.38709677419355
Oat Bran Bread,117,72,45,61.53846153846154
Original  Velveeta,29,12,17,41.37931034482759
1/4 Pound Burgers,15,9,6,60.0
Bean & Rice Chips Nacho,1990,1455,535,73.11557788944724
Straight Rye Whiskey,14,9,5,64.28571428571429
Strawberry Shot Bloks Energy Chews,125,64,61,51.2
Green Relish,64,16,48,25.0
3 Jumbo Romaine Hearts,1324,687,637,51.88821752265861
Dill Babies,12,6,6,50.0
Organic Vanilla Cupcake Sandwich Cookies,54,18,36,33.33333333333333
Chop House T Bone Steak Flavor Dog Food,26,19,7,73.07692307692307
Extra Light Tasting Olive Oil Spray,44,22,22,50.0
Candy bar,77,45,32,58.44155844155844
Thick & Hearty Roasted Garlic Pasta Sauce,7,0,7,0.0
Cheddar Broccoli Rice Mix,2,0,2,0.0
Double Strong Bath Tissue  Rolls,168,101,67,60.11904761904761
"Disinfecting Wipes, Lemon & Lime Blossom Scent",127,35,92,27.559055118110237
Ant Baits,95,8,87,8.421052631578947
Calrose White Medium Grain Rice,18,5,13,27.77777777777778
ProActive Health Adult Original with Chicken Dry Cat Food,71,42,29,59.154929577464785
"8\"" Gluten Free Soft Taco Tortillas",19,3,16,15.789473684210526
Kellogg's Poptarts Frosted Cookies & Creme Toaster Pastries,9,2,7,22.22222222222222
Grassfed Whole Milk Vanilla Yogurt,484,237,247,48.96694214876033
Organic Seasoned Rice Vinegar Dressing,428,117,311,27.33644859813084
Lil' Meals Rice & Sweet Potatoes with Carrots & Chicken,44,26,18,59.09090909090909
Black Raspberry Drink,71,31,40,43.66197183098591
Cherry Menthol Cough Suppressant Drops,27,4,23,14.814814814814813
Daily Protection SPF 30 Face Lotion,13,1,12,7.6923076923076925
Lip Rescue with Shea Butter,23,1,22,4.3478260869565215
Fruit & Cream Variety Pack Instant Oatmeal,127,61,66,48.031496062992126
Extra Moisturizing Furniture Spray,103,20,83,19.41747572815534
Sensitive Skin Extra Gentle Singles,15,3,12,20.0
"Paper Towels, White, 2 Big Roll = 33% More Sheets Towels/Napkins",221,128,93,57.9185520361991
Chicken & Sausage Gumbo Soup,231,109,122,47.18614718614719
Organic Baby Spring Mix,4471,2233,2238,49.94408409751733
Optique 1 Homeopathic Remedy Eye Irritation Relief,11,0,11,0.0
Black Bean Soup,100,46,54,46.0
Skinny Margarita,12,9,3,75.0
Butter Spread With Olive Oil & Sea Salt Half Sticks,81,39,42,48.148148148148145
Hand Sanitizer Organic Lavender,14,9,5,64.28571428571429
Small Sicilian Flatbread,53,23,30,43.39622641509434
Thins Light & Tasty Snack Crackers Lightly Salted,557,325,232,58.34829443447038
Mandarins Bag,5445,3518,1927,64.60973370064279
Sprouted Pizza Cracker,7,1,6,14.285714285714285
Veggie Rotini Pasta,678,405,273,59.73451327433629
"Pizza, Classic Cheese",282,193,89,68.43971631205675
Bottled Water,315,197,118,62.53968253968254
Organic Raw Pecan Halves,33,20,13,60.60606060606061
Flatbread Pizza All Natural Tomato Sauce Pizza With 3 Cheeses,4,2,2,50.0
Original Spoon Size Shredded Wheat Cereal,340,180,160,52.94117647058824
Vanilla Hempmilk,306,195,111,63.725490196078425
Strawberry Cream Covered Biscuit Sticks,66,47,19,71.21212121212122
Organic Fermented Rice Probiotic,379,270,109,71.2401055408971
Superfruit Mix Jelly Beans,11,9,2,81.81818181818183
Loaded Buffalo Style Chicken Potato Skins,7,3,4,42.857142857142854
Microwave Ready Original Bacon,723,484,239,66.94329183955739
Daily Energy Packet,8,3,5,37.5
Aluminum Foil Roll,112,17,95,15.178571428571427
Virginia Brand Ham,172,60,112,34.883720930232556
Kellogg's Pop-Tarts Frosted S'mores Pastries,418,192,226,45.933014354066984
Double Shot Espresso And Cream,589,426,163,72.32597623089984
"Iced Tea, Peach",12,8,4,66.66666666666666
Spaghetti Sauce,220,94,126,42.72727272727273
Mushroom Stems & Pieces,113,72,41,63.716814159292035
Top Tater Taco Fiesta Dip,21,8,13,38.095238095238095
Ultra Thin Condoms,44,7,37,15.909090909090908
Maple Almond Butter,2898,1628,1270,56.17667356797792
All Natural Sour Cream,788,353,435,44.79695431472081
Echinacea Supreme Extract,38,7,31,18.421052631578945
Bloody Mary Cocktail Mix,4,0,4,0.0
Radient Raspberry Superfood Cereal,29,11,18,37.93103448275862
Lamb & Vegetables Choice Cuts in Gravy Wet Dog Food,9,3,6,33.33333333333333
Sensitive Wet Cleansing Cloths,44,13,31,29.545454545454547
High Protein Dutch Chocolate Frozen Yogurt,89,47,42,52.80898876404494
Carrot 100% Juice,189,104,85,55.026455026455025
"Napkins, Dinner, Ultra White",43,26,17,60.46511627906976
Adult Liquid Cough Suppressant Medicine Grape Flavor,19,3,16,15.789473684210526
Mushroom Ramen,1097,453,644,41.29443938012762
Beef Mini Bagel Dogs,77,38,39,49.35064935064935
Gluten Free Sandwich Rounds,147,94,53,63.94557823129252
Tomato & Fresh Basil Sauce,6,0,6,0.0
Coconut & Hibiscus Curl & Shine Conditioner,10,1,9,10.0
Kisses Cookies 'n' Crème Candies,61,30,31,49.18032786885246
Sweet Potato Apple Stage 2 Baby Food,1420,787,633,55.42253521126761
Traditional Crust Pepperoni Pizza,430,161,269,37.44186046511628
Complete Multi-Benefit™ Herbal Mint Toothpaste,3,0,3,0.0
85% Lean Natural Ground Beef,51,28,23,54.90196078431373
All Natural Chicken Drumsticks,809,397,412,49.07292954264524
96% Fat Free Multi Grain Whole Wheat Tortillas,91,21,70,23.076923076923077
Be Well Eucalyptus and Arnica Bath Salts,66,19,47,28.78787878787879
Orange Navel Heirloom.,51,8,43,15.686274509803921
Basil Scent Laundry Detergent,157,47,110,29.936305732484076
Organic Green Dragon Tea,296,156,140,52.702702702702695
Fruity Dyno Bites Cereal,58,32,26,55.172413793103445
Zero,125,77,48,61.6
Cheddar Flavored Wavy Potato Chips,60,25,35,41.66666666666667
Turkey Cranberry Bar,8,1,7,12.5
Dark Chcolate Caramel Sea Salt Gelato,33,13,20,39.39393939393939
"Hand & Body Lotion, Aloe, Unscented",29,1,28,3.4482758620689653
Guava Guayaba Nectar,480,340,140,70.83333333333334
Avocado Oil Spread,165,77,88,46.666666666666664
Chili Lime Peanuts,10,7,3,70.0
Strawberry Twists,220,99,121,45.0
Ricecheeze Snack Sticks Mozzarella style,63,45,18,71.42857142857143
Dark Amber Maple Syrup,38,15,23,39.473684210526315
Organic Coconut Aloe Water,16,4,12,25.0
100% Colombian Coffee,23,11,12,47.82608695652174
Mango Pineapple Salsa,36,10,26,27.77777777777778
Half & Half,69217,52728,16489,76.17781758816476
Zero Drops Fruit Punch,3,0,3,0.0
Clear Strips,3,0,3,0.0
Swiss White Chocolate,47,17,30,36.17021276595745
Lemon Seltzer,815,625,190,76.68711656441718
Evening Primrose Body Wash,4,0,4,0.0
Diet Lemonade Soda,150,105,45,70.0
Thai Coconut Soup,1564,591,973,37.787723785166236
Swedish Style Vanilla Snaps,9,4,5,44.44444444444444
Reduced Salt Large Pitted California Ripe Olives,8,0,8,0.0
Boneless & Skinless Chicken Breasts,384,182,202,47.39583333333333
Maxi Hair Tablets,8,3,5,37.5
"Baby Food, Organic, Peach, Banana & Raspberry with Quinoa, 2 (6 Months & Up)",301,165,136,54.81727574750831
"Peanuts, Caramel and Chewy Nougat Chocolate Candy Bar",25,8,17,32.0
Lactose Free Strawberry Low Fat Yogurt,74,40,34,54.054054054054056
Gluten Free Mini Carrot Cupcakes 12 ct,28,13,15,46.42857142857143
BelVita Blueberry Breakfast Biscuit Packs,1464,919,545,62.77322404371585
Women's Energy Multivitamin Tablets,22,3,19,13.636363636363635
Fresh Cauliflower,71584,45969,25615,64.21686410371032
Gluten Free Quinoa Rotelle Pasta,1720,793,927,46.1046511627907
Headbands,8,1,7,12.5
Kids Bubble Fruit Flavor Cavity Protection Toothpaste,16,3,13,18.75
Natural Sweet BBQ Sauce,20,5,15,25.0
Tranquil Sleep,3,0,3,0.0
Prepared Meals Variety Pack,23,11,12,47.82608695652174
Chocolate Chocolate Chip Muffin Mix,6,2,4,33.33333333333333
Pepper Gournay Cheese,49,21,28,42.857142857142854
Wild Berry Low Fat Clusters & Flakes,263,179,84,68.06083650190115
Cipollini Onion,7,1,6,14.285714285714285
All-Natural Autumn Apple  Fruit Strip,386,209,177,54.145077720207254
Original Deodorant Soap,282,91,191,32.269503546099294
Refresh Herbal Tea,2227,959,1268,43.062415806017064
Food Colors,39,3,36,7.6923076923076925
Organic Ceremonial Matcha Green Tea,32,3,29,9.375
Japanese Style Extra Crispy Tempura Batter Mix,47,12,35,25.53191489361702
Sausage Maple Pork Patties,5,1,4,20.0
Part Skim Mozzarella Cheese,1365,631,734,46.227106227106226
Organic Savory Herb Gravy Mix,14,1,13,7.142857142857142
The Original Whole Bean Coffee,72,48,24,66.66666666666666
Fruit Punch Juice Boxes,244,126,118,51.63934426229508
Gluten Free All Purpose Baking Flour,173,23,150,13.294797687861271
Hawaiian Bread,5,3,2,60.0
Margaritas Strawberry Lime,33,5,28,15.151515151515152
Carousel Mix Sweet Toppings,32,4,28,12.5
Organic Low Fat Peach Kefir,7,1,6,14.285714285714285
"Plant Protein, Unflavored",23,0,23,0.0
Beefy Grande Stuffed Nachos,18,2,16,11.11111111111111
Soft‑Ripened Brie Cheese,486,168,318,34.5679012345679
Tropical Punch Heartburn + Gas Relief Chews Chewable Tablets,9,1,8,11.11111111111111
Iced Tea with Peach Liquid Water Enhancer,5,0,5,0.0
Whole Mixed Peppercorns,8,0,8,0.0
Premium Organic Gardener's Blend,52,14,38,26.923076923076923
Vermont White Cheddar Macaroni & Cheese Dinner,73,31,42,42.465753424657535
Original Shampoo,22,6,16,27.27272727272727
Green Tea Decaf Lotus Blossom Green Tea Bags,81,24,57,29.629629629629626
Clean Day Bluebell Concentrate Multi-Surface Cleaner,25,1,24,4.0
Unsweetened Organic Coconut Milk Light,2298,995,1303,43.29852045256745
Spicy Three Pepper Hummus,331,180,151,54.38066465256798
Organic Chocolate Rooibos Caffeine Free Tea,82,41,41,50.0
"Stage 2 Blueberry, Pear, and Purple Carrot Baby Food",194,125,69,64.43298969072166
Fire Roasted Whole Green Mild Green Chiles,71,22,49,30.985915492957744
White Corn Tortilla Chips,1554,916,638,58.94465894465895
Cold Brew Unsweetened Black Iced Coffee,177,123,54,69.49152542372882
Vitamin D3 5000 IU Softgels,5,0,5,0.0
Solid Albacore Tuna in Water,61,19,42,31.147540983606557
Exfoliating Hydro Gloves 1 pair,19,2,17,10.526315789473683
"Jelly Beans, Sours",9,0,9,0.0
Smart Ones Home Style Beef Pot Roast,21,3,18,14.285714285714285
Ultimates Chocolate Pecan Deluxe Cookie Dough,44,21,23,47.72727272727273
Organic Red Leaf Lettuce,19,5,14,26.31578947368421
Organic Black Beans,38001,22352,15649,58.81950474987501
Paper Towel with Dawn Water Activated Detergent,26,17,9,65.38461538461539
Organic Super Cotton Tampons,47,3,44,6.382978723404255
Dairy Free Cultured Almond Milk Blueberry Yogurt,19,5,14,26.31578947368421
Coated Ibuprofen 200 mg Caplets,23,6,17,26.08695652173913
Plus Pain Relief Maximum Strength Antibiotic Ointment,38,3,35,7.894736842105263
Chocolate Chip Muffin Waffler,79,44,35,55.69620253164557
Spicy Nacho Tortilla Chips,558,312,246,55.91397849462365
PM Soft Grip Cap Caplets Pain Reliever/Nighttime Sleep-Aid,12,4,8,33.33333333333333
Mixed Berry Yogurt Bites,3,0,3,0.0
Chicken Grillers Natural Smoke Flavor Dog Treats,4,1,3,25.0
Popping & Topping Buttery Flavored Oil,67,9,58,13.432835820895523
Lighters,33,3,30,9.090909090909092
Lavender Flowers Soap for Hand & Body,12,3,9,25.0
Hemp Almond Pure Castile Soap,105,31,74,29.523809523809526
Bread Crumbs,2030,455,1575,22.413793103448278
"Coconut Water, Real, with Pulp",1174,883,291,75.21294718909711
Maximum Double Medicated Toothache Relief,29,2,27,6.896551724137931
Dry Arbol Peppers,44,4,40,9.090909090909092
Mild Curry Simmer Sauce,15,4,11,26.666666666666668
Organic Nori Rice Cakes No Salt,5,1,4,20.0
"Shampoo, Body Wash, Bubble Bath Coconut+Lemon",619,189,430,30.533117932148627
Classic White Premium Baking Chips,544,169,375,31.066176470588236
Rising Crust Pepperoni Pizza,3648,1921,1727,52.65899122807017
Caffeine Alertness Aid Tablets 200 mg,32,19,13,59.375
Coffee Liquer,11,1,10,9.090909090909092
"Organic Plain Natural Lowfat Yogurt, 1.5% Milkfat",155,106,49,68.38709677419355
Extra Sour Rye New York Style Bread,21,2,19,9.523809523809524
Chicken Enchilada Suiza,22,10,12,45.45454545454545
Heavy Duty Gas Range Degreaser,11,0,11,0.0
Vegetable Spring Rolls,154,61,93,39.61038961038961
Four Cheese Tortellini,13,2,11,15.384615384615385
Antibiotic & Pain Relieving Cream for Children,26,1,25,3.8461538461538463
Turkey Smoked Sausage,798,355,443,44.48621553884712
All Natural Flat Leaf Parsley,30,3,27,10.0
Delightful Multi-Grain Bread,402,251,151,62.43781094527363
San Francisco Style Bbq Sauce,17,3,14,17.647058823529413
No Drip Nasal Spray,24,14,10,58.333333333333336
"Shampoo, Pure Natural, Long & Strong Jojoba",11,1,10,9.090909090909092
Delicious Blush,7,4,3,57.14285714285714
Pure & Natural Light Sour Cream,4096,2082,2014,50.830078125
Butter Crisps Wafer Cookies,251,138,113,54.980079681274894
Conditioner Clarifying Lemon,16,0,16,0.0
Wild Blackberry Gelato,169,31,138,18.34319526627219
Original Mexican Style Pizza,23,13,10,56.52173913043478
"Egg Noodle, Medium",54,12,42,22.22222222222222
School Safe Chocolate Chip Cookie Bars,127,79,48,62.20472440944882
Red Hot Beef Burrito,211,131,80,62.08530805687204
Organic Vanilla Frosting,408,51,357,12.5
3 Ply Ultra Soft Facial Tissue,33,10,23,30.303030303030305
"Light Bulbs, Soft White, 40W",4,0,4,0.0
Buddy Biscuit Original Soft & Chewy Peanut Butter Dog Treats,54,22,32,40.74074074074074
"Hydrating Night Creme, with Hyaluronic Acid, Dry/Normal",15,1,14,6.666666666666667
"Original Supreme Sausage, Pepperoni, Peppers, Black Olives, Onions",264,128,136,48.484848484848484
Sparkling Catawba Grape Juice,14,5,9,35.714285714285715
Mahi Mahi Fillet,15,3,12,20.0
White Balsamic Vinaigrette,34,3,31,8.823529411764707
Premium White Chocolate Baking Chocolate Bar,28,1,27,3.571428571428571
Steamfresh Barbeque Sweet Corn,20,10,10,50.0
Real Ice Cream Mint Chip,8,2,6,25.0
Macaroni Salad,703,288,415,40.96728307254623
Just 6 Lamb Meal & Brown Rice Recipe Dog Food,21,11,10,52.38095238095239
Complete Children's Sour Gummies Multivitamin Supplement,18,9,9,50.0
Chicken Tortilla With Red Quinoa Soup,38,2,36,5.263157894736842
Alive! Women's 50+ Gummy Vitamins - 75 CT,26,8,18,30.76923076923077
Sangiovese,12,8,4,66.66666666666666
Rice Flour,8,4,4,50.0
"Liquid Vitamin D-3, 400 IU",3,0,3,0.0
Organic Ginger Cookie Caramel Coconut Bliss Non-dairy Frozen Dessert,174,63,111,36.206896551724135
"Stage 2 Eat Your Colors Orange Organic Peach, Pumpkin, Carrot & Cinnamon Baby Food",41,8,33,19.51219512195122
Signature Lemon Supreme Cake Mix,86,24,62,27.906976744186046
Pumpkin Seed Cheddar Crispbreads,310,170,140,54.83870967741935
Plus Febreze Sport Active Fresh High Efficiency Liquid Laundry Detergent,41,17,24,41.46341463414634
Hoisin Sauce,613,96,517,15.660685154975528
Wild Cherry Flavor Vitamin D3 2000 IU Mini Tabs,4,2,2,50.0
"Sugar, Organic",620,222,398,35.80645161290323
Broccoflower,6,1,5,16.666666666666664
Lean Gourmet Teriyaki Chicken,52,21,31,40.38461538461539
Gluten Free Teriyaki Sauce,31,14,17,45.16129032258064
Organic Flame Raisins,646,419,227,64.86068111455108
Jubilee Rice,36,25,11,69.44444444444444
Butter Top Wheat Bread,600,467,133,77.83333333333333
Light Boston Cream Pie Yogurt,484,248,236,51.2396694214876
Bits Cheese Cracker Sandwiches,701,364,337,51.925820256776035
Classic Lavender & Chamomile Liquid Hand Soap,1307,511,796,39.09716908951798
Cultured Pasture Butter,4105,2418,1687,58.90377588306943
Cheese Party Pizza,411,244,167,59.36739659367397
Premium Pure Cane Granulated Sugar,7640,2642,4998,34.58115183246073
Hannah Max Crunchy Chocolate Chip,310,158,152,50.967741935483865
Red Velvet Filled Soft Cookies,15,3,12,20.0
Big Chewy Chocolate Chip Granola,1269,790,479,62.25374310480694
Original Soy Creamer,4569,3566,1003,78.04771284745021
G-Series Rain Berry Thirst Quencher Sports Drink,142,70,72,49.29577464788733
100% Unbleached Recycled Bath Tissue,206,123,83,59.70873786407766
Organic LactoRelief Iron Fortified Toddler Formula,443,316,127,71.33182844243792
Mocha Chip Nutrition Bar,15,2,13,13.333333333333334
Nacho Cheese & Beef Extra Crunchy Mini Chimichangas,13,7,6,53.84615384615385
"Soup, Creamy, Split Pea, Flavored with Real Bacon",54,20,34,37.03703703703704
Organic Spelt Angel Hair,95,48,47,50.526315789473685
Antibacterial Overnight Whitening Triple Mint Freshness Tablets,6,0,6,0.0
Active Effervescent Electrolyte Supplement Sugar Free Fruit Punch Fruit,17,10,7,58.82352941176471
Nighttime Cough & Bronchial Syrup for Restful Sleep,26,3,23,11.538461538461538
Baby Shampoo With Lavender,89,26,63,29.213483146067414
Allergy + Congestion 12 Hour Relief Extended Release Tablets,14,3,11,21.428571428571427
Cafe Latte Vanilla,107,77,30,71.96261682242991
Women Over 40 One Daily,31,8,23,25.806451612903224
"Infant Formula, with Iron, Organic Soy-Based Powder, for Baby's First 12 Months",57,26,31,45.614035087719294
Cajun Gumbo Base,2,0,2,0.0
Good Start Gentle Powder Infant Formula,12,1,11,8.333333333333332
Prohibition Ale,37,7,30,18.91891891891892
Organic 7 Grain Pancake & Waffle Mix,75,26,49,34.66666666666667
Organic Grassmilk Yogurt Wild Blueberry,263,72,191,27.376425855513308
April Fresh Fabric Softener Dryer Sheets,85,24,61,28.235294117647058
Sweet Almond Oil,141,36,105,25.53191489361702
Swiss Style Lowfat '1% Chocolate Milk,3,0,3,0.0
Baby Bee Shampoo and Wash,223,50,173,22.421524663677133
"Protein Bar, Real Dark Chocolate, with Caramel",37,13,24,35.13513513513514
Mueslix Cereal,9,3,6,33.33333333333333
Organic Just Pomegranate Product,67,43,24,64.17910447761194
Pineapple Strawberry Sparkling Water,2472,1534,938,62.055016181229774
Premium Albacore in Water Tuna,145,74,71,51.03448275862069
Organic Stage 1 First Sweet Potatoes,1333,594,739,44.56114028507127
Ziti Bolognese Pasta Bowl,453,252,201,55.62913907284768
Cool Fresa (Strawberry) Probiotics Cultured Dairy Beverage,101,71,30,70.29702970297029
Unsalted Organic Free Range Chicken Broth,21,4,17,19.047619047619047
Jimmy Dean Fully Cooked Turkey Sausage Crumbles,143,68,75,47.55244755244755
100 Calorie Right Bites Crackers,16,9,7,56.25
Total Zero,277,188,89,67.87003610108303
Organic Fruit and Nut Granola Cereal,812,445,367,54.80295566502463
Lip Balm - Pomegranate,26,2,24,7.6923076923076925
Organic Mustard Greens,756,305,451,40.34391534391534
Pasta Sides Alfredo Broccoli,64,17,47,26.5625
Chocolate Chip Cookie Dough,4149,2014,2135,48.54181730537479
Elbow Macaroni & Cheese Side Dished,325,206,119,63.38461538461539
Purrfect Delicacies Wet Cat Food Flaked Oceanfish & Tuna Recipe,8,2,6,25.0
Everyday Shea Moisturizing Conditioner,32,3,29,9.375
Sea Salt Macadamias,1246,808,438,64.84751203852326
Organic French Agen Plums,146,73,73,50.0
Wrigley's Orbit Wintermint Sugar Free Gum- 3 PK,1224,747,477,61.029411764705884
Organic Limon Kombucha,28,12,16,42.857142857142854
Target Mins Calcium Magnesium Potassium,7,2,5,28.57142857142857
Low Fat Plain Goat Milk Yogurt,217,163,54,75.11520737327189
Birani Whole Brown Rice,14,0,14,0.0
Organic SprouTofu Firm Water Packed Tofu,881,526,355,59.70488081725313
Aged Havarti,19,12,7,63.1578947368421
Deep Sleep Herbal Medicine Softgels,4,1,3,25.0
Iced Tea Tea Bags,27,6,21,22.22222222222222
Original Sunflower Seeds,19,5,14,26.31578947368421
Organic 5 Grain Elbows & White Cheddar Macaroni and Cheese,631,341,290,54.04120443740095
Ultra Thin Crust Ultimate 5 Cheese,47,23,24,48.93617021276596
Echinacea Goldenseal RapidRelief Liquid Filled Capsules,9,0,9,0.0
Cage Free Grade A Large Brown Eggs,6351,4398,1953,69.24893717524799
Sunflower Nuts Roasted/No Salt,87,19,68,21.839080459770116
Original Baked Shrimp Chips,51,28,23,54.90196078431373
Ultra-Thin Plain Rice Cake Squares,26,13,13,50.0
Mozzarella Shredded Cheese,113,55,58,48.67256637168141
Peas 2nd Baby Food,22,7,15,31.818181818181817
Light Mozarella String Cheese,1577,999,578,63.348129359543435
Fiery Chipotle Gourmaise,15,6,9,40.0
The Original Biscuits,412,281,131,68.20388349514563
"Trop50 No Pulp Orange Juice w/ Calcium + Vitamin D, 50% Less Sugar & Calories",3219,1922,1297,59.70798384591488
Petite Party Tray,20,6,14,30.0
Organic Classic Green Tea,5,2,3,40.0
Velvety Vanilla Buttercream Frosting,40,2,38,5.0
Black Tea Bags,17,5,12,29.411764705882355
Organic Dark Chocolate Protein Elixir,127,85,42,66.92913385826772
Straightening Mist All Hair Types Sleek & Shine Flat Iron Perfector,5,0,5,0.0
Pure & Natural Sour Cream,10483,4619,5864,44.06181436611657
Roasted Red Pepper Dressing,58,18,40,31.03448275862069
Alpine Spring Water,10603,8098,2505,76.37461095916251
Organic Sprouted Spelt Flour,176,63,113,35.79545454545455
Habanero Peppers,11,4,7,36.36363636363637
Organic Quinoa Cacao Sprouted Oat Granola,283,157,126,55.47703180212014
Tea Tree Oil,4,0,4,0.0
Rich & Creamy Hershey's Dutch Cocoa Chocolate Frosting,327,59,268,18.04281345565749
White Rosemary Scent Natural Surface Cleaner,307,77,230,25.0814332247557
Turkey Polska Kielbasa,61,33,28,54.09836065573771
"Sweet Potato, Quinoa, & Kale Ravioli",124,66,58,53.2258064516129
Light Chocolate Soymilk,56,38,18,67.85714285714286
Earl Grey Black Tea,682,317,365,46.48093841642228
Organic Rainbow Carrots,14687,7381,7306,50.25532784094777
Mach3 Cartridges,30,8,22,26.666666666666668
Sweet Mango Chutney,7,0,7,0.0
Italian Herb Seasoning Grinder,80,5,75,6.25
Popcorn Salt,19,1,18,5.263157894736842
Watermelon Vodka,8,3,5,37.5
Chinese Five Spice Blend,22,0,22,0.0
"Pizza Crust Mix, Gluten Free",13,4,9,30.76923076923077
Uncured Genoa Salami,41473,27372,14101,65.99956598268754
Cold Relief Multi-Symptom Children's Pellets,41,6,35,14.634146341463413
2nd Foods Peas,107,54,53,50.467289719626166
Small Picture Hanging Strips,15,1,14,6.666666666666667
"Beef pot roast with roasted potatoes, carrots, sweet onions, green beans, and a rich gravy Beef Pot Roast",48,30,18,62.5
Red Zone Swagger Body Wash,97,38,59,39.175257731958766
"Rice, Medium Grain",2,0,2,0.0
Bowfin Caviar,21,6,15,28.57142857142857
Classic Worcestershire Sauce,52,9,43,17.307692307692307
Hazelnuts,275,101,174,36.72727272727273
Authentic Asia Shrimp Wonton Soup With Noodles,84,68,16,80.95238095238095
All Natural Seasoned Waffle Cut Fries,2863,1261,1602,44.04470834788683
French Onion Dip,3344,1570,1774,46.94976076555024
Pomegranate Pizzazz Herbal Tea Bags Caffeine Free All Natural,4,0,4,0.0
Extra Strength Caplets,67,10,57,14.925373134328357
Pocket Comb,15,0,15,0.0
Boneless Skinless Chicken Breast Fillets,6572,4115,2457,62.614120511259884
Cello Carrots,485,193,292,39.79381443298969
Frozen Organic Dark Sweet Cherries,583,294,289,50.42881646655232
Green Curry Paste,2041,416,1625,20.382165605095544
Scrub Sponges,166,40,126,24.096385542168676
Organic Ground Ceylon Cinnamon,191,41,150,21.465968586387437
100% Apple Juice Original,93,65,28,69.89247311827957
Monoarabica Whole Bean Coffee,13,4,9,30.76923076923077
Nonpareils 6 Cell Sprinkles,15,2,13,13.333333333333334
Firewood,62,35,27,56.451612903225815
Bandito Mild Salsa,473,167,306,35.30655391120507
Margarita Salt,129,10,119,7.751937984496124
Organic Ground Turmeric Root,73,14,59,19.17808219178082
Meat Loaf Meal,24,10,14,41.66666666666667
"Elegant Fluted 7.5\"" Party Plastic Plates",300,120,180,40.0
Natural Herb Cough Suppressant Throat Drops,3,0,3,0.0
Buttery Caramel Light Roast Ground Coffee,3,1,2,33.33333333333333
Shredded Turkey Fare Cat Food,100,74,26,74.0
Size 6 Baby Dry Diapers,197,128,69,64.9746192893401
Kosher Ground Beef,39,17,22,43.58974358974359
Shiitake Mushroom Rice Scooter,137,91,46,66.42335766423358
70% Dark Organic Stone Ground Chocolate,27,19,8,70.37037037037037
Organic Tzatziki Seasoning,10,1,9,10.0
Select Tender Chicken with Crisp Carrots & Leafy Spinach Cat Food,75,60,15,80.0
All Purpose Spray Cleaner With Bleach,7,1,6,14.285714285714285
Family Size Orange Chicken,6,0,6,0.0
Classic Grated Parmesan Cheese,19,2,17,10.526315789473683
Banana Greek Nonfat Yogurt,52,40,12,76.92307692307693
Lunchable Extra Cheesy Pizza,1001,679,322,67.83216783216784
Pull‑Ups Girls Learning Designs Training Pants 4T-5T,16,6,10,37.5
Organic Ginger with Chamomile Tea,188,52,136,27.659574468085108
Cardamom Ice Cream Sandwich,9,1,8,11.11111111111111
Strawberry Organic Kefir,3700,2554,1146,69.02702702702703
ProMist Spray Microfiber Mop,7,1,6,14.285714285714285
Steamfresh Chef's Favorites Lightly Sauced Broccoli With Cheese Sauce,9,0,9,0.0
Original Low Fat Orange Cream Yogurt,1008,648,360,64.28571428571429
Organic Cashew Butter,56,17,39,30.357142857142854
Mild Giardiniera,7,1,6,14.285714285714285
Genuine Chocolate Flavor Syrup,2148,674,1474,31.378026070763497
Whole Kernel Fire-Roasted Corn Blend,32,5,27,15.625
Organic Whole Cloves,295,23,272,7.796610169491526
Dark Chocolate Bar Original,699,414,285,59.227467811158796
Healthy Kids Organic Vanilla Nutritional Shake,382,286,96,74.86910994764398
Classic White Cake Mix,77,26,51,33.76623376623377
Frito Party Mix Multi Pack,21,7,14,33.33333333333333
Mexican Mix Granola,288,187,101,64.93055555555556
Variety To Go Containers & Lids,23,2,21,8.695652173913043
Chunky Salsa Medium,976,373,603,38.2172131147541
Sunscreen,12,0,12,0.0
Blue Writing Gel,6,0,6,0.0
"Merlot, California, 2004",32,11,21,34.375
Lime in the Coconut Coconut Crisps,48,12,36,25.0
Whole Potatoes,5,2,3,40.0
100% Mighty Mango Juice Smoothie,2659,1480,1179,55.66002256487401
Organic Emmer Farro,19,1,18,5.263157894736842
Great Northern Beans,748,214,534,28.609625668449194
Car Gain Island Fresh Scent Air Freshener Vent Clip,9,1,8,11.11111111111111
Chocolate Lava Cake,8,2,6,25.0
Storage Bags,913,203,710,22.234392113910186
Daily Deep Conditioner Triple Moisture®,123,50,73,40.65040650406504
Natural Mint Flavor Chlorofresh,46,14,32,30.434782608695656
Crispy Asparagus Pickled Hot and Spicy,18,5,13,27.77777777777778
Organic Brownie Bar Cookie Mix,28,5,23,17.857142857142858
Real Aged Cheddar Macaroni & Cheese,3262,1889,1373,57.90925812385039
Gluten Free Wraps Original,68,36,32,52.94117647058824
Brown Rice Bread Crumbs,21,3,18,14.285714285714285
Friskies Party Mix Crunch California Dreamin' Cat Treats,5,0,5,0.0
Natural Sleep Aid,13,1,12,7.6923076923076925
Dairy Pure Fresh Heavy Whipping Cream,754,353,401,46.816976127320956
4 Cheese Mexican Fine Cut Shredded Cheese,2289,1048,1241,45.78418523372652
Basket Style Coffee Filters 3 Inch Base,17,5,12,29.411764705882355
Very Emollient After Sun 85% Aloe Vera Lotion,23,1,22,4.3478260869565215
Lemon Fresh Disinfecting Wipes,128,26,102,20.3125
Artisan French Rolls,1310,531,779,40.534351145038165
Bandaid First Aid Gauze Pads,14,4,10,28.57142857142857
Whole Wheat Pita Bread Loaves,480,281,199,58.54166666666667
S&D Step 5 Big Pack,4,0,4,0.0
Brown Rice Spaghetti Pasta,1034,546,488,52.804642166344294
"Rice, Brown & Wild With Traditional Herbs & Seasonings & Natural Flavors",5,1,4,20.0
Popcorn Extra Butter Microwave,103,49,54,47.57281553398058
Honey Smacks Sweetened Puffed Wheat Cereal,402,214,188,53.233830845771145
Swedish Style Meatballs,31,11,20,35.483870967741936
Oil-Free Eye Makeup Remover Cleansing,220,59,161,26.81818181818182
Mini Cabrie Soft Ripened Goat Cheese,78,46,32,58.97435897435898
Turkey Brining Bag,22,1,21,4.545454545454546
Xylitol Peppermint Gum,33,20,13,60.60606060606061
Organic Green Crackers,7,3,4,42.857142857142854
Coconut Oil Pure Extra Virgin Energy Source,3,0,3,0.0
Steamfresh Chef's Favorites Lightly Sauced Creamed Spinach,100,36,64,36.0
Organic Fusilli,10,3,7,30.0
Mushroom,78,25,53,32.05128205128205
Almond Meal/Flour,4651,1369,3282,29.434530208557298
Organic Seasoned Premium Croutons,24,4,20,16.666666666666664
Vegetable Classics Hearty Penne in Chicken Broth Soup,20,7,13,35.0
Organic Mini Sandwich Crackers Cheddar Cheese,4659,3250,1409,69.75745868212063
Organic Stone Ground Whole Wheat Flour,17,4,13,23.52941176470588
Organic Sparkling Apple-Pomegranate  Juice,232,53,179,22.844827586206897
100 Grand Fun Size Bars,14,4,10,28.57142857142857
Panko Japanese Style Bread Crumbs,268,85,183,31.716417910447763
Giant Blackberries,12,3,9,25.0
Day Break Peanut Butter Fudge Crisp Morning Snack/Light Breakfast Bars,71,31,40,43.66197183098591
Pocky Chocolate Cream covered Biscuit Sticks,158,86,72,54.43037974683544
Wheat Thins Hint of Salt,230,123,107,53.47826086956522
Normal to Dry Skin Fragrance Free Daily Moisture Fragrance Free,120,29,91,24.166666666666668
Direct Trade House Blend Medium Roast Ground Coffee,1853,1156,697,62.38532110091744
Organic Specialty Mushroom Trio,111,34,77,30.630630630630627
Wild Mushroom Ravioli,134,53,81,39.55223880597015
"Asparagus, Green, Pickled",14,1,13,7.142857142857142
Apple Walnut Oatmeal,23,8,15,34.78260869565217
Multi Purpose Scrub Sponges,15,2,13,13.333333333333334
Organic Kale Chips,1152,788,364,68.40277777777779
Parmesan Garlic Pita Chips,2387,951,1436,39.84080435693339
Sausage Breakfast Bowl,219,127,92,57.99086757990868
Biotin 5 mg Capsules,13,1,12,7.6923076923076925
Organic Unsalted Sweet Cream Butter,214,73,141,34.112149532710276
Nonpareil Capers,606,143,463,23.597359735973598
Via Italian Roast Instant Coffee,537,346,191,64.43202979515829
Boudin Sliced Sourdough Round,547,371,176,67.82449725776965
"Infinity Pads with Flexi-Wings, Regular Flow",148,37,111,25.0
Nonfat Plain Yogurt,169,78,91,46.15384615384615
Actvated Charcoal 260 Mg,3,0,3,0.0
Pomegranate Lemonade Tea,32,17,15,53.125
Turkey Sausage,151,59,92,39.0728476821192
Borlotti Beans,19,7,12,36.84210526315789
Peanut Cacao Protein Blast Energy Ball,26,16,10,61.53846153846154
Slow Churned Rich & Creamy No Sugar Added Neapolitan Ice Cream,100,67,33,67.0
"Men Dry Protection Extreme Blast Antiperspirant & Deodorant 2.7 oz, Twin",140,43,97,30.714285714285715
Berry Boost 100% Fruit Juice Smoothie + Boosts,5,0,5,0.0
"Fruit & Veggie Snacks, Probiotic, Pomegranate Blueberry & Acai",12,1,11,8.333333333333332
Arrabbiata Pasta Sauce,83,26,57,31.32530120481928
"Sauerkraut, Raw",9,5,4,55.55555555555556
Gluten Free Whole Grain Southwest Breaded Chicken Tenders,9,3,6,33.33333333333333
Homestyle Mayonnaise,9,4,5,44.44444444444444
Daily Moisturizing Lotion Sheer Hydration,6,1,5,16.666666666666664
Hawaiian Breeze Scented Candle,67,29,38,43.28358208955223
Steamy Vegetables Super Sweet Corn Steamables,160,63,97,39.375
Ear Wax Relief Drops,8,0,8,0.0
Mesquite Seasoning,18,0,18,0.0
Sugar Free Hibiscus Energy Drink,12,8,4,66.66666666666666
Kids Choice Bread Whole Grain White,153,109,44,71.24183006535948
Shells & Cheese Aged White Cheddar,10,5,5,50.0
Abundant Apricot Fruit Strip,330,177,153,53.63636363636364
Organic Einkorn Crispy Cocoa Cookies,169,105,64,62.1301775147929
Pure Natural Invigorating Rosewater Hand Soap,15,2,13,13.333333333333334
Original Strawberry Gelatin,194,85,109,43.81443298969072
Children's Vegetarian Probiotic Capsules,27,10,17,37.03703703703704
Intensive Care Advanced Healing Lotion,30,6,24,20.0
Drops Lemonade Water Enhancer,9,3,6,33.33333333333333
Organic Seasoned Yukon Select Potatoes Hashed Browns,5413,3048,2365,56.308886015148715
"Sausage, Egg, & Cheese Biscuit",1177,685,492,58.198810535259135
"Milk, Organic, Fat Free",2615,2160,455,82.60038240917783
'Swingtop' Premium Lager,1,0,1,0.0
Balsamic Vinaigrette Light Dressing,12,2,10,16.666666666666664
Maple Glazed Honey Ham,1228,927,301,75.48859934853421
"Mixer, Margarita",23,3,20,13.043478260869565
PlugIns Scented Oil Refill Cashmere Woods,13,1,12,7.6923076923076925
Churro Ice Cream,24,5,19,20.833333333333336
Spanish Stuffed Queen Olives with Minced Pimientos,9,3,6,33.33333333333333
Bresaola,12,6,6,50.0
Clearly Sheer Beach/Pool Lotion Spray SPF 50+,8,0,8,0.0
Organic Lacinato (Dinosaur) Kale,43067,29936,13131,69.51029790791094
Gluten Free Uncured Bacon Mac and Cheese,839,470,369,56.01907032181168
"Pasta Sauce, Organic, Cherry Tomato with Basil",8,3,5,37.5
Diced Mangos in Light Syrup,68,30,38,44.11764705882353
100% Pure Versatile Skin Care Castor Oil,20,2,18,10.0
Classic Parmesan Cheese,57,18,39,31.57894736842105
Bath Tissue 4 Pk,91,59,32,64.83516483516483
Nacho Cheese Taco Shells,109,36,73,33.02752293577982
XO Extra Smooth Brandy,21,2,19,9.523809523809524
Compostable 12 oz Insulated Hot Cups & Lids,233,111,122,47.63948497854077
Dairy Free Unsweetened Vanilla Coconut Milk,3663,2414,1249,65.9022659022659
Veggie Spaghetti Pasta,50,28,22,56.00000000000001
Alphabet Egg Noodles,16,6,10,37.5
Sublingual Vitamin B12 1000 Mcg,27,5,22,18.51851851851852
Sunchips Sweet And Spicy Bbq 10.5oz,12,4,8,33.33333333333333
No Sugar Added Fudge Tracks Slow Churned Light Ice Cream,49,24,25,48.97959183673469
Hamburger Helper Cheesy Ranch Burger,9,2,7,22.22222222222222
Frankincense & Myrrh Goat's Milk Soap,9,0,9,0.0
Steam Fresh Chef's Favorites Lightly Seasoned Asian Medley,23,6,17,26.08695652173913
Gouda Cheese,166,84,82,50.602409638554214
Plain Greek Nonfat Yogurt,747,414,333,55.42168674698795
Whole Wheat Fajita,120,43,77,35.833333333333336
Pinot Grigio Delle Venezie,40,23,17,57.49999999999999
Lemon Verbena Hand Soap,4951,1505,3446,30.397899414259744
Italian Bean Soup,8,3,5,37.5
Adult Glycerin Suppositories Constipation Relief,92,48,44,52.17391304347826
Chocolate Iced Doughnuts with Kreme Filling,44,19,25,43.18181818181818
Original Semisoft Cheese,10990,7027,3963,63.93994540491356
Mini Powdered Sugar Donuts,22,8,14,36.36363636363637
Vegan Alfredo Sauce Artichoke,43,7,36,16.27906976744186
100% Juice Smoothie Orange Carrot Flavor,359,183,176,50.974930362116986
Baby Bee Diaper Cream & Baby Powder,15,0,15,0.0
Organic Blueberry Cream On Top Whole Milk Yogurt,755,538,217,71.25827814569536
Gluten Free Blueberry Muffins,3323,2102,1221,63.25609389106229
Organic Dried Granny Apple Chips,1829,841,988,45.981410606889014
Eco Foil Poultry Pans,20,2,18,10.0
Macaroons,22,7,15,31.818181818181817
Polar Ice Sugar-Fee Gum,107,44,63,41.1214953271028
Lentil Crackers And Humus Classic,5,0,5,0.0
Artisan Tres Leche Brigadeiro Ice Cream,5,1,4,20.0
Gluten Free Sweet White Sorghum Flour,109,17,92,15.59633027522936
Marionberry Pie Ice Cream,50,20,30,40.0
Dark Color Robust Taste,33,8,25,24.242424242424242
"Imitation Crab, Leg Style",103,48,55,46.601941747572816
White Corn Tortillas Super Size,201,83,118,41.29353233830846
Gentle Iron 25 mg,8,1,7,12.5
Liquid Coconut Premium Oil,273,89,184,32.6007326007326
Citrus Punch,40,24,16,60.0
Peanut Buttah Cookie Core™ Ice Cream,261,63,198,24.137931034482758
Beef Flavor Ramen Noodle Soup,929,394,535,42.41119483315393
Dairy Free Soymilk Neapolitan Non-Dairy Frozen Dessert,106,34,72,32.075471698113205
Natural Casing Polska Kielbasa,17,3,14,17.647058823529413
Sweet Potato Littles,2000,1058,942,52.900000000000006
Sliced Colby Jack Cheese,27,10,17,37.03703703703704
Sour Jelly Beans,193,123,70,63.730569948186535
Classic 100% Whole Wheat  Bread,431,257,174,59.62877030162414
Mix Ups Surfers' Delight (PS #5160628) Cat Care & Treats,82,51,31,62.19512195121951
Sweet Potato Skinny Stick Snacks,117,64,53,54.700854700854705
Caramel with Almond Milk Iced Coffee,19,10,9,52.63157894736842
Single Barrel Bourbon Whiskey,4,0,4,0.0
Reduced Fat 2% Milk 4 Cheese Italian Cheese Shredded,109,44,65,40.36697247706422
Dark Chocolate Minis,286,168,118,58.74125874125874
Dessert Shop Pumpkin Cheesecake Soft Dessert Cookies,5,0,5,0.0
Organic Crunchy Street Taco Slaw Blend,228,85,143,37.280701754385966
Couscous Tri-Color,26,11,15,42.30769230769231
"Lip Balm, Sport, SPF 30",26,1,25,3.8461538461538463
"Liquid Stevia, Peppermint",9,2,7,22.22222222222222
Steamfresh Southwest Corn,16,5,11,31.25
Ham and Cheese,39,10,29,25.64102564102564
Dry Roasted Honey Roasted Peanuts,35,14,21,40.0
Fit Lemon Lime Liquid Water Enhancer,37,19,18,51.35135135135135
Smart Puffs Baked Cheese Puffs Real Cheddar,689,460,229,66.76342525399129
Le Petite Fromage Garden Salsa Spreadable Cheese,7,3,4,42.857142857142854
ProHealth HD Toothpaste,5,0,5,0.0
Sunscreen SPF 100+ Posted 5/21/2013 Ultra Sheer Body Mist Sunblock,38,5,33,13.157894736842104
Classic Original Hommus,2615,1565,1050,59.847036328871894
Leave-In Conditioner,16,7,9,43.75
Coconut Water Pineapple,80,31,49,38.75
Tandoori Naan,205,96,109,46.82926829268293
Milk Chocolate Peanuts,44,10,34,22.727272727272727
Lightly Salted Edamame,49,14,35,28.57142857142857
Designer Plates,21,11,10,52.38095238095239
Albacore Tuna in Water Lunch To-Go Mix Your Own Kit,12,5,7,41.66666666666667
Potato Chips Red Hot Flavored Family Size,6,2,4,33.33333333333333
Oven Baked Original Potato Chips,26,14,12,53.84615384615385
Original Sea Salt Vegetable Spread,12,7,5,58.333333333333336
Sliced Peaches in 100% Juice,21,4,17,19.047619047619047
Organic Free Range Large Brown Grade A Eggs,1390,969,421,69.71223021582735
Natural Sweetened Wheat-Fuls Cereal,11,3,8,27.27272727272727
Living Drip Catch Cuff Large Gloves,108,33,75,30.555555555555557
Deluxe Kumquat Fruit Spread,3,0,3,0.0
90 Calorie Lemon Bars,89,38,51,42.69662921348314
45% Cacao Barcelona Bar,62,38,24,61.29032258064516
Raspberry Blush White Balsamic Vinegar,14,1,13,7.142857142857142
Ancho Chicken Rub,7,1,6,14.285714285714285
Ultra Strong Tall Kitchen Vanilla & Lavender,69,6,63,8.695652173913043
Organic No Salt Added Tomato Soup,52,8,44,15.384615384615385
Classic Potato Bread,111,76,35,68.46846846846847
Cilantro Lime Salsa,2,1,1,50.0
Microwave Butter Popcorn,442,246,196,55.65610859728507
Dulce De Leche Ice Cream,186,84,102,45.16129032258064
Vanilla dipped in chocolate  Bars,226,119,107,52.654867256637175
Veggie Harvest Homestyle Tomato Herb and Cheese Veggie & Whole Grain Snacks,79,20,59,25.31645569620253
Icy Mint Oral Rinse,10,2,8,20.0
Organic Lady Alice Apples,1437,565,872,39.31802366040362
Ripened Raspberry Fruit Leather,830,481,349,57.95180722891566
Dairy Free Almond Milk Mocha Almond Fudge Frozen Dessert,353,164,189,46.45892351274787
White Chocolate,21,6,15,28.57142857142857
Trusted Care 2-Ply Tissues,1654,925,729,55.92503022974608
Regular Unscented Maxi,8,1,7,12.5
Cheddar & Bacon Potato Skins,86,42,44,48.837209302325576
Ocean Breeze Body Wash,16,2,14,12.5
Pomegranate Energy Shot,6,3,3,50.0
Strawberry & Banana & Mango,3,1,2,33.33333333333333
Popcorn Sea Salt,65,20,45,30.76923076923077
Seasoned Cooked & Sliced Beef Brisket with Jack Daniel's Glaze,74,23,51,31.08108108108108
Chipotle Garlic Salsa With Charred Tomato,63,19,44,30.158730158730158
Original Almond Butter,150,105,45,70.0
Cream Top with Chocolate on the Bottom Yogurt,1937,1430,507,73.8255033557047
Assorted Memory Weave Flexible Fabric Adhesive Bandages,139,20,119,14.388489208633093
Fat-Free Greek Yogurt with Strawberry and Granola,2,0,2,0.0
Chicken-Free Strips Seasoned,680,316,364,46.470588235294116
Veggie Burgers,142,92,50,64.7887323943662
Cilantro Pesto,412,107,305,25.970873786407765
Birthday Candles Neon Crazy Curl,38,1,37,2.631578947368421
Organic Edensoy Extra Vanilla Soy Milk,198,147,51,74.24242424242425
Organic Rosemary Olive Oil Stoneground Wheat Crackers,311,153,158,49.19614147909968
Volcanic Rock Exfoliant,4,0,4,0.0
Pre-Sliced Black Forest Ham,217,110,107,50.69124423963134
Organic Colby Cheese,94,52,42,55.319148936170215
Tuscan Balsamic & Extra Virgin Artisan Vinaigrette Robust & Creamy,110,56,54,50.90909090909091
Handmade Vodka,1129,675,454,59.78742249778565
Argan Oil of Morocco Renewing Penetrating Oil Hair Oil,31,7,24,22.58064516129032
Organic Spearmint,38,7,31,18.421052631578945
"Juice, Vegetable & Fruit, Fuel",667,396,271,59.37031484257871
Reduced Sugar Mixed Fruit Fruit Snacks,62,43,19,69.35483870967742
Nutty Dark Chocolate,134,72,62,53.73134328358209
Farms Thin Sliced Smoked Ham,120,68,52,56.666666666666664
"Simmer Sauce, Tikka Masala, Medium Spicy",19,6,13,31.57894736842105
Classic Corn Chowder Soup,32,7,25,21.875
Mini Crab Cakes,9,1,8,11.11111111111111
Large Grade AA Cage Free Eggs,3684,2469,1215,67.01954397394137
GOLEAN Crunch! Cereal,5158,2923,2235,56.669251647925556
Ginger-O's Creme Filled Ginger Cookies,514,252,262,49.0272373540856
Whole Chia Seed,553,89,464,16.09403254972875
Grout Cleaner With Brush,4,0,4,0.0
"Kombucha, Ginger",46,27,19,58.69565217391305
Green Tea Ice Cream,453,204,249,45.033112582781456
Rome Apple,69,19,50,27.536231884057973
Act II Popcorn,34,15,19,44.11764705882353
"Granola, Original, Almond Pecan",346,258,88,74.56647398843931
Pink Sparkle Gel,4,0,4,0.0
"Laundry Detergent For Sensitive Skin, Free Of Perfumes And Dyes, 2x Concentrated",149,76,73,51.006711409395976
Wave Zig Zag Toothbrush,4,0,4,0.0
Organic Green Tea Noodles,63,30,33,47.61904761904761
Pinto Beans,2415,948,1467,39.254658385093165
Thick & Chunky Mild Salsa,134,81,53,60.447761194029844
Savory Shreds with Ocean Whitefish & Tuna in Sauce Cat Food,143,99,44,69.23076923076923
Lime Juice From Concentrate,14,1,13,7.142857142857142
Drug Free Sleep Aid Tablets,52,29,23,55.769230769230774
Lower Sugar Instant Oatmeal  Variety,1953,956,997,48.95033282130056
Peanut Butter Chips,7,3,4,42.857142857142854
Black Beans No Salt Added,5740,3150,2590,54.87804878048781
Peanut Butter Chocolate Chip Vegan Cookie Dough,339,138,201,40.707964601769916
Sprouted Nuts Unsalted Almonds,70,36,34,51.42857142857142
Jalapeno Nacho Slices Mild,166,36,130,21.686746987951807
Croissant Crust Philly Steak & Cheese,94,26,68,27.659574468085108
Original Pops,84,22,62,26.190476190476193
Dark Chocolate Peanut Buter Cups,18,7,11,38.88888888888889
Apple Cinnamon GoGo Squeez,8839,6462,2377,73.10781762642833
100% Pure Organic Pumpkin,17,3,14,17.647058823529413
Yakisoba Chicken Flavor Noodles,143,70,73,48.95104895104895
"Tuna, Herring & Sweet Potato Recipe in Gravy Natural Cat Food",51,28,23,54.90196078431373
Constant Comment Black Tea Bags,268,93,175,34.701492537313435
Natural Chicken & Sage Breakfast Sausage,14577,9825,4752,67.40069973245524
Multi Surface Vinegar Cleaner,906,333,573,36.75496688741722
100% Natural America's Favorite Tea,453,130,323,28.697571743929362
Garlic Bread Pepperoni Pizza,98,26,72,26.53061224489796
Everyone Relax Essential Oils Blend,20,5,15,25.0
Chicken & Monterey Jack Cheese Chimichanga,46,14,32,30.434782608695656
Beef Jerky Garlic Chili Pepper,618,375,243,60.679611650485434
Alder Smoked Wild Salmon Chowder,75,29,46,38.666666666666664
Organic Quick Oven Toasted Oats,54,30,24,55.55555555555556
Safety Razor Blades,4,1,3,25.0
Icelandic Style Skyr Non-Fat Strained Plain Yogurt,3067,2033,1034,66.28627323117053
White Rice,907,302,605,33.29658213891952
DEL MONTE    CITRUS SALAD,4,1,3,25.0
Powerball Automatic Dishwasher Detergent,44,14,30,31.818181818181817
Fruit Naturals Cherry Mixed Fruit in 100% Juice,32,14,18,43.75
Fat Free Small Curd Cottage Cheese,285,158,127,55.43859649122807
Somewhat Spicy Pumpkin Seeds,125,60,65,48.0
Calming Lavender Body Wash & Shampoo Lavender Vanilla,3,0,3,0.0
White Arborio Rice,108,21,87,19.444444444444446
Gummy Bears,1394,715,679,51.29124820659972
Farmstand Flaxbread Egg and Vegetarian Bacon Breakfast Sandwich,845,503,342,59.52662721893491
Traditional Creamy Tomato with Penne,40,11,29,27.500000000000004
Lil' Griddles Cinnamon French Toast Sticks,16,4,12,25.0
Maraschino Syrup,4,0,4,0.0
Organic Dried Shitake,174,20,154,11.494252873563218
Krave S'mores Cereal,62,36,26,58.06451612903226
Shredded Marble Jack Cheese,21,5,16,23.809523809523807
Multi-Grain Blend W/Spinach Tomato & Onions Pasta & Vegetables,74,27,47,36.486486486486484
Slow Churned the Original Rocky Road,15,9,6,60.0
100% Organic All-Natural Dried Jackfruit,63,15,48,23.809523809523807
Everyday Coconut Strawberry Shampoo & Body Wash for Babies & Up,21,1,20,4.761904761904762
Lemon Seltzer Water,437,351,86,80.32036613272311
Calcium Plus Milk Chocolate Dietary Supplement,14,4,10,28.57142857142857
Instant Rolled Oats Whole Grain,11,7,4,63.63636363636363
Cold-Pressed Organic Orange,2371,1391,980,58.66722901729228
Almond Breeze Original Almond Milk,10950,7891,3059,72.06392694063926
Kids! Probiotic Packets Single Serve,71,8,63,11.267605633802818
Healthy Skin & Hair Plus Nails Softgels,10,4,6,40.0
Fragrance Free Crystal Body Deodorant Roll On Stick,41,5,36,12.195121951219512
Blackberry Ginger Ale,8,4,4,50.0
Organic Coconut Palm Sugar,835,241,594,28.862275449101798
Blueberry Protein Bar Box,10,4,6,40.0
Brown Rice Black-Eyed Peas and Veggies Bowl,2272,1341,931,59.022887323943664
UTI Test Strip,8,1,7,12.5
Caramel Sea Salt Squares,44,20,24,45.45454545454545
Chocolate Love Bar,101,93,8,92.07920792079209
Organic Extra Firm Cubed Tofu,1446,827,619,57.192254495159055
Premium Deli Honey Ham,43,18,25,41.86046511627907
Moisture Wrap Daily Repair Body Lotion,9,4,5,44.44444444444444
Organic Whipping Cream,10687,7021,3666,65.69664077851596
Radiant Super Unscented Tampons,43,17,26,39.53488372093023
The Original Coney Island Natural Casing Beef Frankfurters,132,53,79,40.15151515151515
Regular Roll White,186,109,77,58.602150537634415
Stay Clean Scrub Sponges - 3 CT,271,59,212,21.771217712177123
Organic Sweet 100 Cherry Tomatoes,79,23,56,29.11392405063291
Sour Batard,2629,1713,916,65.15785469760365
Mango Soft Serve Fruit Pops,463,235,228,50.75593952483801
Simply Vanilla Ice Cream Sandwiches,19,5,14,26.31578947368421
Clean Care,55,9,46,16.363636363636363
Safflower Oil,119,60,59,50.42016806722689
"Garlicky White Rice Seasoning Sauce with Caramelized Onion, Mild",8,0,8,0.0
Colombian Peaks Whole Bean Coffee,58,26,32,44.827586206896555
Beef Salami,554,338,216,61.01083032490975
Organic Whole Wheat Pastry Flour,9,0,9,0.0
Cheese & Broccoli Ravioli For Kids,608,341,267,56.085526315789465
Black Cherry Liquid Water Enhancer,276,158,118,57.2463768115942
Oats & Chocolate Chewy Bars,2177,1255,922,57.648139641708774
Organic Lavender,57,9,48,15.789473684210526
California Onion Powder,45,3,42,6.666666666666667
Chopped Chicken Livers,4,0,4,0.0
Raspberry Whole Milk Yogurt,7,1,6,14.285714285714285
Milk Chocolate Candies Theater,39,11,28,28.205128205128204
Plain Organic Grassmilk Yogurt Cup,318,102,216,32.075471698113205
Organic Chocolate Cupcake,26,10,16,38.46153846153847
Beef and Broccoli,108,59,49,54.629629629629626
Reese's Miniatures Peanut Butter Cups,437,212,225,48.51258581235698
Eggplant,138,39,99,28.26086956521739
Tropical Green Tea Bags,876,442,434,50.456621004566216
Active Greens Food Bar,4,1,3,25.0
"Milano Melts Cookies, Dark Classic Crème",9,4,5,44.44444444444444
40% Less Sugar Fruit Punch Juice Blend,54,35,19,64.81481481481481
To Go Snack Containers & Lids,43,8,35,18.6046511627907
Basmati White Rice,16,1,15,6.25
Lemon Echinacea Organic Throat Coat Tea,1105,264,841,23.891402714932127
Large Green Gloves,4,0,4,0.0
Rocky Road Frozen Dairy Dessert,175,57,118,32.57142857142858
Tea Tree Oil Dental Tape,158,65,93,41.139240506329116
Sesame Millet Bread,65,48,17,73.84615384615385
Strawberry Fruit Spread,1381,429,952,31.064446053584362
Lemonade With Tea,15,6,9,40.0
Whole Wheat Graham Flour,5,0,5,0.0
Double Dark Chocolate Mate,9,1,8,11.11111111111111
Complete Deep Clean Soft Toothbrush,27,7,20,25.925925925925924
L-Theanine  Vegetarian Capsules,16,5,11,31.25
Organic Masala Chai,25,11,14,44.0
Small Curd Lowfat 2% Milkfat Cottage Cheese,2397,1729,668,72.13183145598666
Organic Green Peppers,17,7,10,41.17647058823529
Light Olive Oil,13,3,10,23.076923076923077
Elegant Medleys Primavera Collection with Garden Greens Wet Cat Food,84,51,33,60.71428571428571
Garden Vegetable Ready Rice,406,200,206,49.26108374384236
Rising Crust Pizza Four Cheese Family Size,3,0,3,0.0
Real Mayonnaise,10630,4283,6347,40.29162746942615
Simply Cocoa Milk Chocolate,69,12,57,17.391304347826086
Sage & Aloe Throat Shield Lozenges,8,2,6,25.0
Multi-Purpose Cleaner with Bleach Power White & Shine,54,14,40,25.925925925925924
100% Pomegranate with Cranberry Juice,41,12,29,29.268292682926827
Philadelphia Cream Cheese Spread,5115,2528,2587,49.42326490713588
Fruit Flax & Nuts Oatmeal,33,18,15,54.54545454545454
Apricot Energy Bar,13,6,7,46.15384615384615
Spicy Kung Pao Noodle Bowl,61,25,36,40.98360655737705
Medium Pineapple Salsa,10,4,6,40.0
Manzanilla Olives,22,6,16,27.27272727272727
Homestyle Beef Skillet,5,1,4,20.0
Black Truffle Wild Mushroom Mozzarella Pizza,11,3,8,27.27272727272727
"Plastic Tumbler Glasses, Clear",27,4,23,14.814814814814813
Gluten Free Cranberry Almond Snack Bars,5,1,4,20.0
Classic Chicken Noodle Soup,1294,487,807,37.635239567233384
"Adult Grain-Free Chicken Thigh, Carrots & Sweet Potatoes Dog Food",4,0,4,0.0
Wild Cherry Throat Drops,6,0,6,0.0
Vodka Citron,24,5,19,20.833333333333336
Baked Cheddar Brown Rice Snaps,116,72,44,62.06896551724138
Baby Kosher Dill Pickles,108,63,45,58.333333333333336
Fresh Medium Salsa,1291,797,494,61.735089078233926
Liquid Eggs Whites,19,5,14,26.31578947368421
Restaurant Quality & Oven Ready Crab Cakes,13,7,6,53.84615384615385
Medium  Salsa con Queso Medium,11,6,5,54.54545454545454
Snow Pea Crisps,13,3,10,23.076923076923077
Masala Chai,12,3,9,25.0
Butter Flavor All-Vegetable Shortening,17,2,15,11.76470588235294
Naturally Smoked Oysters with Red Chili Peppers Mildly Spiced,151,89,62,58.94039735099338
Elegant Medley's Wild Salmon Tuscany,13,6,7,46.15384615384615
Coastal California Wildflower Honey,134,49,85,36.56716417910448
Green Pickled Jalapeno Peppers,81,18,63,22.22222222222222
Ricotta & Lobster Ravioli Classic Meal for 2,64,28,36,43.75
Creamy Deluxe Gluten Free Rice Pasta & Extra Cheesy Cheddar Sauce,1033,522,511,50.5324298160697
Baby Lima Beans,182,60,122,32.967032967032964
Chocolate Chip French Twists,11,5,6,45.45454545454545
Chicken Breast Patties,77,44,33,57.14285714285714
Large Diet Peach,16,5,11,31.25
Hot 'N Spicy Barbecue Sauce,10,2,8,20.0
"Hand Sanitizer, Organic Lemon",15,1,14,6.666666666666667
Pure Organic  Wildflower Honey,115,27,88,23.47826086956522
Wild Purple Smash Sugar Free Drink Mix Packets,15,4,11,26.666666666666668
Original Sea Salt & Black Pepper Bagel Crisps,30,6,24,20.0
49 Flavors Jelly Belly Jelly Beans,1597,1024,573,64.1202254226675
Icelandic White Ale 6 Pack,115,62,53,53.91304347826087
White Whole Mushrooms,1465,776,689,52.969283276450504
Active Blueberry Pomegranate Clear Nutritional Protein Drink,18,6,12,33.33333333333333
Riserva Pasta Sauce Marinara,136,62,74,45.588235294117645
Tasty Chicken Flavor Dental Cat Treats,14,6,8,42.857142857142854
Organic Whole Milk,137905,114510,23395,83.03542293607919
Calimyrna Figs,4,1,3,25.0
Fair Trade Dark Chocolate Cookies,899,463,436,51.50166852057843
Organic Dried & Unsulfured Orchard Select Apples,405,229,176,56.54320987654321
Uber Sweet And Salty Fruit And Nut Bar Coconut Macroon Bar,8,2,6,25.0
Fresh Lemon Odor Shield 13 Gallon Tall Kitchen Drawstring Bags,1093,370,723,33.85178408051235
Organic Lemon Fruit Spread,12,1,11,8.333333333333332
Diet Soda Cans,68,40,28,58.82352941176471
Bamboo Skewers 12 Inch,40,3,37,7.5
Organic Sweet & Spicy Caffeine Free Herbal Tea Bags,68,21,47,30.88235294117647
Caramel Chocolate Peanut Nougat Bars,46,17,29,36.95652173913043
Stone Fruit 100% Fruit Juice Smoothie + Boosts,5,1,4,20.0
Dos Equis Amber Lager,71,40,31,56.33802816901409
Korean Gochujang Sauce,54,3,51,5.555555555555555
ChlorOxygen Chlorophyll Concentrate,27,2,25,7.4074074074074066
Shrimpy Shrimp Flavor Treats for Cats,12,8,4,66.66666666666666
The Amazing Prune Light Prune Juice Cocktail,25,15,10,60.0
Ant and Roach Killer Lavender Scent,46,6,40,13.043478260869565
Cooking Fuel,6,0,6,0.0
Butter Croissant,739,457,282,61.8403247631935
Original Tomato Juice,382,169,213,44.24083769633508
Gluten Free Pumpkin Fig Ancient Grain Granola + Puffs Cereal,64,26,38,40.625
Rapid Relief Anti-Itch Cream,14,3,11,21.428571428571427
Toilet Paper Rolls,261,152,109,58.23754789272031
Light Mayonnaise Dressing,14,3,11,21.428571428571427
Premium Sweet Basil & Garlic Marinara Sauce,5,0,5,0.0
Vegetable Party Tray,117,38,79,32.47863247863248
Zero Calorie Iced Green Tea Raspberry,442,273,169,61.76470588235294
Gourmet Spicy Barbecue Sauce,12,1,11,8.333333333333332
Apple Sauce Pouches,496,329,167,66.33064516129032
Sunflower Cinnamon Protein Bar,65,29,36,44.61538461538462
Classic Spinach Ravioli,107,78,29,72.89719626168224
Roasted Organic Red Potatoes,199,84,115,42.211055276381906
Crackers Wheat Sundried Tomato Basil Crispy,18,11,7,61.111111111111114
Stripes & Blues Sea Salt Vegetable Chips,85,37,48,43.529411764705884
Yellow Pop Corn,126,44,82,34.92063492063492
"Olives, Organic, Kalamata, Pitted",4000,1715,2285,42.875
Strawberry Pudding,5,0,5,0.0
Organic Savory,16,0,16,0.0
Milano Grab Bag,9,4,5,44.44444444444444
Malbec,2451,1313,1138,53.56997144022848
Pop-Tarts Frosted Blueberry Toaster Pastries,242,141,101,58.26446280991735
Orange Mango Organic Thirst Quencher,69,30,39,43.47826086956522
Free and Clear Natural Liquid Laundry Detergent,981,524,457,53.41488277268094
Marinade-in-a-Bag Smoky Mesquite Liquid Marinade,11,1,10,9.090909090909092
Castelvetrano Olives,353,135,218,38.243626062322946
Movie Theater Butter,170,49,121,28.823529411764703
Classic Tomato Soup,133,71,62,53.383458646616546
Italian Salad Dressing,95,35,60,36.84210526315789
"Stage 2 Apple, Squash & Zucchini",6,2,4,33.33333333333333
Morel Mushrooms,28,4,24,14.285714285714285
Coconut and Orchid Body Lotion,16,3,13,18.75
Margherita Naan Frozen Pizza,167,77,90,46.10778443113773
Original Saltine Crackers,102,43,59,42.15686274509804
"Hand Wash, Pink Grapefruit",18,4,14,22.22222222222222
Vegan Apple Maple Breakfast Sausage,2437,1467,970,60.19696347968814
Tropical Lemon Scented Natural Air Freshener,82,42,40,51.21951219512195
Aloe Chunk Juice with Vitamin C,52,28,24,53.84615384615385
CleanCare 1-Ply Double Rolls Toilet Paper,2486,1117,1369,44.931617055510856
White Meat Chicken Egg Rolls,152,59,93,38.81578947368421
Strawberry Yogurt Nutrition Bar,24,14,10,58.333333333333336
Imperial Champagne,6,1,5,16.666666666666664
Grillers California Turk'y Veggie Burgers,33,13,20,39.39393939393939
"Organic Kelp, with Cayenne, Granules",5,0,5,0.0
"Organic Twist Apple, Kale & Blueberry Blended Fruit & Veggie Snack Pouch",51,28,23,54.90196078431373
Chicken Burrito Bowl,313,184,129,58.78594249201278
"Cookies, Love, Double Chocolate",2,1,1,50.0
"California Blend Broccoli, Cauliflower & Carrots",9,4,5,44.44444444444444
Yokids Squeeze Strawberry Yogurt,341,217,124,63.63636363636363
Dusters 360 Extendable Handle Starter Kit,33,3,30,9.090909090909092
High Efficiency Washing Machine Cleaner,45,8,37,17.77777777777778
"Melatonin, 3 mg, Tablets",132,23,109,17.424242424242426
Multi-Surface Floor Cleaner Citrus Essence,23,2,21,8.695652173913043
Blueberry Acidophilus,35,26,9,74.28571428571429
Cherry Blossom Liquid Hand Soap,6,1,5,16.666666666666664
Champagne Dressing,222,80,142,36.03603603603604
Cranberry Raspberry Juice Cocktail,290,178,112,61.37931034482759
Sun-Dried Tomato Spread,4,1,3,25.0
Disney Mickey Shaped Veggie Chips,12,5,7,41.66666666666667
Snack & Go Original Applesauce Cups,203,122,81,60.09852216748769
Organic Red Bartlett Pear,4638,2117,2521,45.64467442863303
13 Bean Soup Mix,69,13,56,18.84057971014493
2X More Absorbent Paper Towels,4,0,4,0.0
Cotton Balls,148,24,124,16.216216216216218
Wonder Mop Refill,40,10,30,25.0
Real Pure Acai,307,141,166,45.928338762214985
"Flour, All Purpose, Enriched, Bleached",181,34,147,18.784530386740332
Dirt Lift Action Natural Elements Linen & Lilies Laundry Detergent,77,28,49,36.36363636363637
Extra Virgin Imported Robust Olive Oil,613,176,437,28.711256117455136
Basmati White India Organic Rice,4,0,4,0.0
High Potency D3-1000IU Softgels,9,0,9,0.0
The Original Margarita Mix,136,36,100,26.47058823529412
Chopped Broccoli,211,81,130,38.388625592417064
Quinoa Mac And Mild Cheddar Cheese,290,111,179,38.275862068965516
Mediterranean Style Kefir Cheese Labne,497,284,213,57.14285714285714
Cocktail Sauce for Seafood,9,1,8,11.11111111111111
All-In-1,823,226,597,27.460510328068043
Baby Powder Spray,8,1,7,12.5
Yakisoba Teriyaki Chicken Flavor Noodles,5,1,4,20.0
Organic Garlic Lovers Hummus,49,24,25,48.97959183673469
"Mozzarella String Cheese Sticks, Light Low-Moisture Part Skim",661,411,250,62.178517397882
Ac Maximum Strength 20 mg Acid Reducer Tablets,9,0,9,0.0
RepleniSH Contact Lens Rewetting Drops,7,0,7,0.0
Nutty Chocolate Bar,9,1,8,11.11111111111111
Avocado Oil Canyon Cut Kettle Cooked Potato Chips Sea Salt,1196,816,380,68.22742474916387
Pineapple Mango Coconut Water,4,0,4,0.0
Cream On Top Vanilla Organic Yogurt,868,600,268,69.12442396313364
Shampoo Anti-Residue,71,25,46,35.2112676056338
Lemongrass Basil Simmer Sauce,426,145,281,34.037558685446015
Ultra Plush Toilet Paper,227,92,135,40.52863436123348
Automatic Air Freshener Spray Refill - Lavender & Peach Blossom,6,1,5,16.666666666666664
Deli Snackers Turkey Breast/Ham/Mild Cheddar Cheese Portable Protein Pack,37,20,17,54.054054054054056
Gerber 1F Rice Cereal Base Cereal WIC,77,19,58,24.675324675324674
Chicken Drumsticks,2055,981,1074,47.737226277372265
Premium Indian Tonic Water,1690,849,841,50.23668639053255
Organic Eggs,490,363,127,74.08163265306122
Mentho Lyptus Cough Suppressant Oral Anesthetic Menthol Drops,159,49,110,30.81761006289308
Sea Fresh All Natural Mouthwash - Strengthening Sea Spearmint,79,28,51,35.44303797468354
Classic Smoked Ham Steaks,475,269,206,56.631578947368425
"HE Liquid Laundry Detergent, Original scent",603,222,381,36.81592039800995
MCT Oil From Coconut,36,8,28,22.22222222222222
Organic Raspberries,137057,105409,31648,76.90887732841081
Egg Pasta Fettuccine,97,29,68,29.896907216494846
Turkey Meatball Bites,439,166,273,37.81321184510251
Queso Cotija Shaker 7 Oz,6,0,6,0.0
Cooked Jumbo Shrimp,31,8,23,25.806451612903224
Whole Grain Nutty Almond Bread,14,2,12,14.285714285714285
Zesty Garlic Shrimp Taco Seasoning Mix,5,0,5,0.0
Almond Non-Dairy Yogurt Made From Real Almonds Plain Low Fat,464,249,215,53.66379310344828
Salisbury Hamburger Helper,38,18,20,47.368421052631575
Ghost Pepper Salsa,50,32,18,64.0
All Natural Roasted Creamy Cashew Butter,13,4,9,30.76923076923077
Fresh Goat Cheese Log Herb Chèvre,411,152,259,36.982968369829685
Hot Buffalo Wing Sauce,574,156,418,27.177700348432055
Diet Mountain Dew Soda,572,407,165,71.15384615384616
Sea Salt Hummus Chips,146,77,69,52.73972602739726
Granola Bars,108,47,61,43.51851851851852
Condensed Soup Vegetable with Beef Stock,50,26,24,52.0
Algae Omega 715 mg Omega-3,7,0,7,0.0
Sleeve of Tuscan Melons,448,242,206,54.01785714285714
Smartwater Electrolyte Enhanced Water,5084,3638,1446,71.55782848151063
Sport Performance Sunscreen Lotion SPF 30,9,0,9,0.0
Oatmeal Raisin Nut Baked Granola Cereal Bars,18,8,10,44.44444444444444
Popped Sour Cream & Onion Rice Crisps,44,16,28,36.36363636363637
Tropical + Carrot 100% Fruit & Vegetable Juice,32,16,16,50.0
Chicken Burrito,76,37,39,48.68421052631579
Champagne Brut,34,6,28,17.647058823529413
Unbleached Recycled Paper Towel Rolls,765,380,385,49.673202614379086
Cultured Coconut Milk Passionate Mango,36,11,25,30.555555555555557
Parmesan Cheese Wedge,119,37,82,31.092436974789916
"Broth Concentrate, Chicken, Reduced Sodium",9,2,7,22.22222222222222
Ultra-Pasteurized Half & Half,100,62,38,62.0
PlantForce Liquid Iron,21,6,15,28.57142857142857
Sport Maximum Protection Deodorant Stick,27,2,25,7.4074074074074066
Organic Brussel Sprouts,2905,949,1956,32.667814113597245
Recover Vanilla Protein Shake,46,24,22,52.17391304347826
Honey + Flax Almond Butter,50,15,35,30.0
Spot's Stew Grain Free Wholesome Chicken Recipe Cat Food,119,71,48,59.66386554621849
Passion Fruit Sorbet,34,21,13,61.76470588235294
Limonata Sparkling Beverage,329,133,196,40.42553191489361
Vitamin D3 Cholecalciferol 2200 IU,9,2,7,22.22222222222222
Cool Berry Pectin Throat Drops,103,30,73,29.126213592233007
Nutter Butter Cookie Bites Snak-Sak,171,69,102,40.35087719298245
Greek Salad,1086,702,384,64.64088397790056
"Cheese, Organic, Pepper Jack",62,37,25,59.67741935483871
Peanut Butter 'n Chocolate Ice Cream,6,3,3,50.0
Tuscan 3 Bean With Kale And Millet Soup,15,0,15,0.0
Clover Honey Bear,336,97,239,28.869047619047617
Zero Calories Apple Sparkling Beverage,9,0,9,0.0
All Purpose Soy Sauce,275,73,202,26.545454545454543
Frontier Buttermilk and Honey Flapjack and Waffle Mix,220,88,132,40.0
White Meat Fun Nuggets,955,492,463,51.518324607329845
"Couscous, Organic, Whole Wheat",79,13,66,16.455696202531644
Meaty Bits Gourmet Grill Cat Food,8,2,6,25.0
Slow Churned No Sugar Added Vanilla Bean,14,4,10,28.57142857142857
Gluten Free Broccoli & Cheese Baked Nuggets,683,325,358,47.58418740849194
Organic 100% Whole Wheat Loaf,2137,1264,873,59.14833879270005
Extra Dry Vermouth,122,25,97,20.491803278688526
100% Natural Tomato Ketchup,129,40,89,31.007751937984494
Thirst Quencher Berry,116,49,67,42.241379310344826
Small Gala Apple,23,11,12,47.82608695652174
Cream Scrub Dishsoap,73,14,59,19.17808219178082
Moringa Crunchy Almond Bar,2,0,2,0.0
Farmhouse Pancake & Waffle Mix,43,17,26,39.53488372093023
Coconut Curry,5,1,4,20.0
All Black Single Original Coffee,18,3,15,16.666666666666664
"8.5\"" Microwavable Cut Resistant Plates",1196,625,571,52.257525083612045
Platinum Fresh Scent Action Pacs Dishwasher Detergent,8,0,8,0.0
2-in-1 Shampoo & Conditioner,9,0,9,0.0
Imitation Vanilla Flavor,16,1,15,6.25
Lavender Natural Volumizing Shampoo,17,4,13,23.52941176470588
Mango Tequila Jalapeno Grilling & Dipping Sauce,9,0,9,0.0
Broccoli Cauliflower Pasta,36,6,30,16.666666666666664
Soft Baked Double Chocolate Brownie Cookies,882,498,384,56.4625850340136
Flour Tortillas For Soft Tacos & Fajitas,161,45,116,27.95031055900621
Decaf Lively Colombian Coffee K Cup,18,5,13,27.77777777777778
Hershey's Chocolate Singles Creamer,12,4,8,33.33333333333333
Pro-V Color Revival With Crystal Shine Complex Radiant Conditioner,5,0,5,0.0
Leek & Onion Mediterranean Crackers,21,8,13,38.095238095238095
"Water, Natural Spring",221,146,75,66.06334841628959
Freezer Safe Regular Mouth Quilted Crystal Jelly Jars 8 Oz,33,2,31,6.0606060606060606
Ham Steak,72,37,35,51.388888888888886
"Sunflower Butter, Chocolate",8,0,8,0.0
White Huge Paper Towel Rolls,107,72,35,67.28971962616822
Repair & Protect Pantene Pro-V Repair and Protect Conditioner 28 fl oz with Pump - Repair Conditioner  Female Hair Care,5,0,5,0.0
Donut Peach,987,481,506,48.733535967578526
Double Chocolate Cake,659,282,377,42.792109256449166
Aged Goat Cheese Bijou,332,216,116,65.06024096385542
Squared Plastic Bowl 20 Ounce,30,10,20,33.33333333333333
Roasted Red Pepper Hummus With Chips,863,588,275,68.13441483198146
Organic Microwave Light Butter Flavor Popcorn,10,3,7,30.0
"Cake Pans, Square, 8 Inch",176,51,125,28.97727272727273
Simply Refreshed Collection Hawaiian Sunset Gel Air Freshener,8,1,7,12.5
Gluten Free Sliced Mountain White Bread,4651,3389,1262,72.86605031176092
Chocolate Frosted Donuts,76,24,52,31.57894736842105
100% Prune Juice,265,141,124,53.20754716981132
Fettuccine Alfredo with Chicken & Broccoli,162,82,80,50.617283950617285
Organic Sea Salted Raw Sauerkraut,25,7,18,28.000000000000004
Korean Gochujang Hot & Sweet Sauce,6,0,6,0.0
Pocket Thins Multi Grain Flatbreads 8 ct,215,109,106,50.697674418604656
Extra Crispy Restaurant Seasoned Style French Fried Potatoes,66,31,35,46.96969696969697
Double Espresso Cold Brew Coffee,820,553,267,67.4390243902439
Organic Honey Lavender Granola,79,45,34,56.9620253164557
Buttery Golden Selects Flavored Mashed Potatoes,56,15,41,26.785714285714285
Flour Burrito Tortilla,6,2,4,33.33333333333333
Gourmet Bloody Mary Mix,5,0,5,0.0
Olive Hummus,2119,1288,831,60.78338839075036
Dark Chocolate Malt Balls,26,18,8,69.23076923076923
Cherry Vanilla Ice Cream,202,89,113,44.05940594059406
Smarties,40,16,24,40.0
Fresh Crumbled Italian Blue Gorgonzola Cheese,78,19,59,24.358974358974358
Fettucini Alfredo Savory Italian Recipes,297,133,164,44.78114478114478
All Natural Lentil Soup,38,11,27,28.947368421052634
Platinum ActionPacs Dishwasher Detergent,30,1,29,3.3333333333333335
Orecchiette Dry Pasta,1868,718,1150,38.436830835117775
Sugar Free Italian Sweet Creme Coffee Creamer,952,661,291,69.4327731092437
Whole Wheat with White Cheddar Filling Cracker Sandwiches,16,4,12,25.0
Sugar Free Monkfruit Sweetened Almond Dark Chocolate Bar,16,4,12,25.0
Healthy Multi Grain Bread,1474,879,595,59.6336499321574
Cote D Azur French Milled Oval Bar Soap,12,3,9,25.0
Jalapeno Jack Potato Chips,130,42,88,32.30769230769231
Pineapple Orange Strawberry 100% Juice,34,18,16,52.94117647058824
Instant Espresso Sticks,15,3,12,20.0
24 Hr Nasal Allergy Spray,67,23,44,34.32835820895522
Rolled Hot Cereal 5 Grain,24,5,19,20.833333333333336
After Sun Aloe Gel,33,1,32,3.0303030303030303
Mango Habanero Medium Hot Salsa,32,12,20,37.5
Activia Vanilla Low Fat Yogurt,1606,1101,505,68.55541718555416
Pork Potsticker,45,15,30,33.33333333333333
Sonic Blood Orange Passion Flavored Dietary Supplement,38,28,10,73.68421052631578
"Energy Drink, Sports, Sugar Free, Natural Mango Flavor",13,8,5,61.53846153846154
"Adhesive Bandages, Finding Dory, Assorted Sizes",27,5,22,18.51851851851852
Snack Bar Chocolate Pretzel,42,3,39,7.142857142857142
Lemon Candy,29,5,24,17.24137931034483
Organic Sunflower Seed Rye Bread,77,28,49,36.36363636363637
"Liquid Hand Soap, Refill, Lemon Verbena Scent",949,255,694,26.870389884088514
Light Peach Mango Vegetable & Fruit Juice,52,27,25,51.92307692307693
Organic Peppercorn Green,20,0,20,0.0
No Sugar Added Red Grapefruit in Water,116,54,62,46.55172413793103
Artisan Roasted Chicken Broth,126,59,67,46.82539682539682
Pure & 100% Natural Vegetable Oil,37,14,23,37.83783783783784
Organic Tri-Colored Peppers,379,150,229,39.577836411609496
Line Express™ Eyeliner - Ebony Black,5,0,5,0.0
Bath & Shower Gloves,78,16,62,20.51282051282051
"Plus Febreze Sport Active Fresh Scent Liquid Laundry Detergent, 92 oz, 48 loads Laundry",133,61,72,45.86466165413533
General Mills Basic 4 Cereal,388,247,141,63.65979381443299
Slippery Elm Lozenges,21,2,19,9.523809523809524
Hickory &  Brown Sugar Barbecue Sauce,22,6,16,27.27272727272727
Classic Mac,100,46,54,46.0
Low Sodium Family Pack Ruffled Potato Chips,11,3,8,27.27272727272727
Mini Oatmeal Raisin Cookies,11,6,5,54.54545454545454
Whole Cumin Seed,52,0,52,0.0
Skinny Gut Ultimate Chocolate Shake Single,34,5,29,14.705882352941178
Lemon Real Italian Ice,255,135,120,52.94117647058824
Wipe Fresh Pet Wipes,15,3,12,20.0
Fruit Shapes Assorted Fruit,12,5,7,41.66666666666667
Fruit Bowl Gourmet,5,0,5,0.0
Peter Rabbit Organics Kale Broccoli and Mango Purée,1146,738,408,64.3979057591623
Organic Cut Green Beans,7144,3640,3504,50.9518477043673
Waiter's Corkscrew,6,0,6,0.0
White Meat Chicken Cutlets Natural Dog Snacks,22,10,12,45.45454545454545
Fresh Outlast Soothing Orchid & Black Currant Body Wash 23.6oz  Personal Cleansing,11,3,8,27.27272727272727
Flat Fillet Anchovies in Olive Oil with Salt Added,615,233,382,37.886178861788615
French Roast Dark Coffee,32,24,8,75.0
Yam Good Paleo Muffins,139,79,60,56.83453237410072
Vitamin D3 Yummi Bears,86,47,39,54.65116279069767
Organic Olive Oil California,26,17,9,65.38461538461539
Heart to Heart Organic Oat Flakes & Blueberry Clusters Cereal,3179,2040,1139,64.1711229946524
In Tomato & Cheese Sauce Pasta,9,5,4,55.55555555555556
Grain Free Turkey Canned Cat Food,504,327,177,64.88095238095238
Deli-Sliced Roasted Bell Pepper Strips,55,9,46,16.363636363636363
Hemp Protein Pro 70 Original Plant-Based Protein Supplement,43,18,25,41.86046511627907
Chicken & Vegetable Dumplings Potstickers,743,351,392,47.24091520861373
Bordeaux Fig & Vetiver Soy Wax Candle,56,14,42,25.0
Clif Bar Nut Butter Filed Chocolate Peanut Butter 4 Ct 7.04 Oz,48,29,19,60.416666666666664
Gluten Free Pantry Fluffy Pancake Mix,45,5,40,11.11111111111111
Scent Boosters Concentrated Scent Pacs Blue Iris Bliss,7,2,5,28.57142857142857
Waterfall Mist Shampoo,37,8,29,21.62162162162162
Free & Clear Dishwasher Packs,19,7,12,36.84210526315789
Tabouli,20,11,9,55.00000000000001
Pumpkin & Sage Ravioli,149,52,97,34.899328859060404
Flings Original Laundry Detergent Pacs,151,47,104,31.125827814569533
Farmer Cheese No Salt Added,339,257,82,75.81120943952803
100% Natural Seltzer Calorie-Free Raspberry Lime,317,228,89,71.92429022082018
Blackberry Cabernet Sorbetto,152,55,97,36.18421052631579
Ultra Moisture Shea Butter Body Wash,8,0,8,0.0
Horns A Plenty Pastries,99,37,62,37.37373737373738
"3.5\"" Aluminum Pan",14,1,13,7.142857142857142
Organic Coconut Lime Kombucha,61,24,37,39.34426229508197
Pumpkin Yogurt,271,139,132,51.291512915129154
Premium Lager Beer,1211,647,564,53.426919900908345
Total 0% Nonfat Plain Greek Yogurt,14549,8142,6407,55.96260911402846
American Blend Salad,2016,1180,836,58.53174603174603
Farmer Cheese,377,174,203,46.15384615384615
Mild Sausage Patties,35,24,11,68.57142857142857
Reduced Salt Pimento Stuffed Manzanilla Olives,14,0,14,0.0
Complete Crest Complete Whitening + Deep Clean Effervescent Mint Toothpaste 5.8oz Dentifrice,40,5,35,12.5
"White Bean Crunch, Mac N' Cheese",5,2,3,40.0
Zyflamend Whole Body Liquid Vcaps,9,0,9,0.0
Not Your Father's Root Beer,23,1,22,4.3478260869565215
Large Jonagold Apple,146,21,125,14.383561643835616
Isopropyl Alcohol 91% Solution,2,0,2,0.0
Organic Baked Aged White Cheddar Potato Chips,3,0,3,0.0
"Spread, Premium, Organic, Morello Cherry",37,13,24,35.13513513513514
Vegetable Pad Thai With Rice Noodles,241,106,135,43.983402489626556
Original Unflavored Gelatine,46,8,38,17.391304347826086
Organic Cilantro Bunch,1637,850,787,51.924251679902255
Original No. 7 Recipe Barbecue Sauce,90,26,64,28.888888888888886
Original Maximum Strength Nasal Spray,14,1,13,7.142857142857142
Light Original Soymilk,566,346,220,61.130742049469966
Philadelphia Honey Nut Cream Cheese,491,248,243,50.509164969450104
Halloween Mixed Fruit Snack,25,7,18,28.000000000000004
Fruit & Nut Apple Pie Crunch Chia Plus Granola Bars,141,79,62,56.02836879432624
Daily Facial Cleanser Brightening,9,1,8,11.11111111111111
Flora Baby Powder,80,25,55,31.25
Triple Action Cool Mint Gel Toothpaste,118,37,81,31.35593220338983
Gluten Free Potato Cracker Thins,4,1,3,25.0
Chinese Style Hot Mustard,8,0,8,0.0
"Franks, Beef, Deli Style, Bun Size",8,1,7,12.5
Adobo Mexican Condiment,4,0,4,0.0
"Vanilla, Tangerine & Shortbread Ice Cream",49,18,31,36.734693877551024
Dark Chocolate Walnuts,18,9,9,50.0
Tender Ruby Reds,10,6,4,60.0
Luden's Throat Drops Wild Cherry,127,35,92,27.559055118110237
C Vitamin 500mg Caplets,14,2,12,14.285714285714285
2% Reduced Fat Sharp Cheddar Cheese,21,14,7,66.66666666666666
Niblets Corn & Butter Sauce Steamers,272,151,121,55.51470588235294
"Jellybeans, Sour",14,1,13,7.142857142857142
Banana Chocolate Chip Soft n' Chewy Bars,28,16,12,57.14285714285714
Scented Oil Life Scents Wild Lavender,22,8,14,36.36363636363637
Organic Creamy Dill Dip Mix,62,16,46,25.806451612903224
Russian Rye Bread,255,159,96,62.35294117647059
Hickory Smoked Turkey,12,3,9,25.0
Rainbow Candy,235,105,130,44.680851063829785
"Clementines, Bag",39825,24016,15809,60.3038292529818
Fruit Enzyme Cleanser,25,6,19,24.0
Premium Pepper Jack Cheese Cracker Cut Slices,37,13,24,35.13513513513514
"Healthy Grains with Chia Seeds, Raspberry Clusters",462,239,223,51.73160173160173
"Puree, Ratatouille, 2 (6 Months+)",18,7,11,38.88888888888889
Organic Fuji Apple,89632,63811,25821,71.19220813995003
Golden Toasted Bread Crumbs,11,1,10,9.090909090909092
Chocolate Candies Peanut Butter,3,0,3,0.0
Organic Stevia Sweetener,671,290,381,43.219076005961256
Roasted Garlic Parmesan Pasta Sauce,27,13,14,48.148148148148145
"On the Go Turkey & Cheddar, Whole Wheat Crackers and Fruit Twist Meal",67,32,35,47.76119402985074
Breezers Creamy Strawberry Pectin Throat Drops,11,2,9,18.181818181818183
Maryland Style Crab Cakes,134,80,54,59.70149253731343
Harvest Juice Apple Carrot Blend,6,2,4,33.33333333333333
"Fresh Mozzarella, Ciliegine, Cherry Sized",47,12,35,25.53191489361702
"Energy Drink, Organic, Pomegranate Acai",394,261,133,66.24365482233503
Nutter Butter Peanut Butter Bites Sandwich Cookies,556,231,325,41.54676258992806
Cotton Ultra Thin Panty Liners,131,61,70,46.56488549618321
Crispy Cocoa Rice,162,116,46,71.60493827160494
Coleslaw Dressing,259,77,182,29.72972972972973
Ginger Peach Decaf Longevity Tea Bags,51,9,42,17.647058823529413
Sea Salt & Olive Oil Rustic Crunch Crackers,146,94,52,64.38356164383562
Sliced Blueberry Bagels,1268,892,376,70.34700315457413
Balsamic Vinegar of Modena Aged,59,7,52,11.864406779661017
Originals With Real Chicken Dog Food,11,6,5,54.54545454545454
"Coffee Drink, Cappuccino",27,10,17,37.03703703703704
Mini Food Storage Container,19,3,16,15.789473684210526
Power Grains Waffles 6 ct,4036,2856,1180,70.7631318136769
Zero calorie Sport Drink,142,85,57,59.859154929577464
Mesquite Smoked Turkey Breast,1050,504,546,48.0
Sweet Cream Style Corn,9,3,6,33.33333333333333
"Jerky, Turkey",135,47,88,34.81481481481482
Canine Cuisine Savory Delights Rotisserie Chicken/Filet Mignon Variety Pack Wet Dog Food,5,0,5,0.0
Ripe Sliced Olives,292,146,146,50.0
Original 100% Grape Juice,116,66,50,56.896551724137936
Duck Fat,364,103,261,28.296703296703296
Cheesy Cheddar Rotini Pasta Sides,32,12,20,37.5
Orange Pineapple Blast Soda,34,21,13,61.76470588235294
Elderberry Passion Sparkling Probiotic Beverage,50,33,17,66.0
Original Belgian Wheat Beer,376,194,182,51.59574468085106
Bratwurst,79,31,48,39.24050632911392
Sweet Potato Gnocchi,408,197,211,48.28431372549019
Traditional Sweet Basil Pasta Sauce,487,201,286,41.27310061601643
Drinkable Blueberry Non-Fat Yogurt,608,287,321,47.20394736842105
Lemon Verbena Scent Daily  Bar Soap,31,4,27,12.903225806451612
Bathroom Cleaner Island Breeze Scent,368,123,245,33.42391304347826
Fragrance Free Wet Dryer Sheets,23,13,10,56.52173913043478
Sweet Vermouth,79,27,52,34.177215189873415
Thai Lager Beer,7,1,6,14.285714285714285
Baby Spinach & Arugula,893,419,474,46.920492721164614
Lite Raspberry Vinaigrette,199,24,175,12.060301507537687
Barbecue Jackfruit,308,88,220,28.57142857142857
Purely Simple Chocolate Buttercream Frosting Mix,7,0,7,0.0
"Extra Virgin Olive Oil, Robust",350,168,182,48.0
Chicken Chorizo Sausage,7,1,6,14.285714285714285
Red Thai Curry Simmer Sauce,9,0,9,0.0
Cheesy Rice & Broccoli Steamers,311,114,197,36.655948553054664
Organic Low Fat Honey Yogurt,82,54,28,65.85365853658537
"Coriander, Ground",90,4,86,4.444444444444445
Dry Scalp Care with Almond Oil Dandruff Conditioner,38,6,32,15.789473684210526
Fresh From The Oven Whole Grain Seeded Hot Dog Buns,4,0,4,0.0
Organic Sprouted Almonds,5,1,4,20.0
Sport Multipack Unscented,121,54,67,44.62809917355372
Ibuprofen Softgels,67,17,50,25.37313432835821
Mexican Seasoning,45,1,44,2.2222222222222223
Spicy Kimchi Noodle Bowl Soup,194,100,94,51.546391752577314
Heavenly Villagio Marzano Tomatoes,7,2,5,28.57142857142857
Party Size! Cantina Traditional Tortilla Chips,82,39,43,47.5609756097561
Free & Clear Dishwasher Detergent Packs,54,16,38,29.629629629629626
Sport Electrolyte Hydrator Berry Powder Dietary Supplement,8,2,6,25.0
Chickpea & Tomato with Beef Stage 3 Baby Food,119,48,71,40.33613445378151
Layered Salted Caramel & Dark Chocolate Chewy Bars,26,8,18,30.76923076923077
Rosemary and Citrus Candle,6,0,6,0.0
"Instant Noodle Soup, Tom Yum",107,62,45,57.943925233644855
Cipolline Onions,21,1,20,4.761904761904762
Hibiscus Apricot Probiotic Tea Tonic,39,30,9,76.92307692307693
Nutrish Soup Bones Real Beef & Barley Flavor Chew Bones For Dogs,61,43,18,70.49180327868852
Creamy Supreme Frosting Classic White,34,10,24,29.411764705882355
Organic Black Truffles Dark Chocolate,678,449,229,66.22418879056046
Organic Penne Rigate,7545,3977,3568,52.71040424121936
Optic White Icy Fresh Mint Mouthwash,30,4,26,13.333333333333334
Bone In Chicken Breast,98,35,63,35.714285714285715
Variety Pack Ice Cream Bars,604,313,291,51.82119205298014
Kale Pesto with White Cheddar Pasta Sauce,6,0,6,0.0
Sleek Regular Unscented Tampons,12,0,12,0.0
Unprocessed Miller's Wheat Bran,130,20,110,15.384615384615385
Organic Apricot,716,254,462,35.47486033519553
Kid Z Bar Organic S'mores Energy Bars,989,583,406,58.948432760364
Old English Sharp Cheddar Cheese Spread,48,18,30,37.5
Israeli Couscous with Mushrooms,9,2,7,22.22222222222222
Organic Shredded Carrots,20211,12500,7711,61.84750878234625
Kale Flavored Corn Tortilla Chips,233,78,155,33.47639484978541
Thai Red Curry With Rice & Vegetables,3,1,2,33.33333333333333
Unsweetened Vanilla Quinoa Non Dairy Beverage,8,0,8,0.0
Country Ham Biscuit Slices,4,0,4,0.0
Candles Birthday White,39,1,38,2.564102564102564
Egg & Bacon Breakfast Burrito,59,25,34,42.3728813559322
Lemon Lime Sparkling Water,350,213,137,60.857142857142854
Sweet Hawiian Buns,7,0,7,0.0
Sliced Hot Nacho Jalapenos,3,0,3,0.0
Mexican Style Four Cheese Shredded Cheese,3293,1609,1684,48.86122077133313
Pure Magnesium Flakes,11,3,8,27.27272727272727
Tricolor Fusilli Egg Spinach Beet Pasta,53,21,32,39.62264150943396
Totally Twisted Curl Boosting Mousse,32,4,28,12.5
Sala Picante (Hot Sauce),305,74,231,24.262295081967213
Vegetable Enchilada,139,62,77,44.60431654676259
Cream Stout,9,4,5,44.44444444444444
Red Enchilada Sauce,110,56,54,50.90909090909091
Soft Taco Whole Wheat Tortillas,212,118,94,55.660377358490564
Loaded Cheddar Potato Bake Cups,2,1,1,50.0
Gourmet Pizza Three Cheese Gluten Free,2181,1602,579,73.4525447042641
Free & Clear Laundry Detergent,12,5,7,41.66666666666667
"Fruit Snack, 100% Pure, Organic, Peach and Apple",364,216,148,59.34065934065934
White Tea Cucumber White Tea Bags,88,28,60,31.818181818181817
Oatmeal Cookies,86,33,53,38.372093023255815
Mini Double Chocolate Cupcakes 12 ct,10,1,9,10.0
Country Sausage Flavor Gravy Mix,12,4,8,33.33333333333333
Butternut Squash Oatmeal with Maple Organic Baby Food,114,47,67,41.228070175438596
2 in 1 Dark Temptation Shampoo + Conditioner,8,3,5,37.5
Geneva Cookies,78,27,51,34.61538461538461
Late Harvest Berry Seltzer,55,27,28,49.09090909090909
Fresh Mint Original Fluoride Toothpaste,37,15,22,40.54054054054054
Sharp Cheddar-Jack Cheese Slices,293,173,120,59.044368600682596
Dill Pickle Potato Chips,469,186,283,39.6588486140725
Home Style Blue Cheese Dressing,84,18,66,21.428571428571427
Triple Clean Pinto Beans,22,3,19,13.636363636363635
Street Wrap Chicken Tikka Masala,306,180,126,58.82352941176471
Organic Gotta Have Vanilla Nonfat Frozen Yogurt,1138,514,624,45.16695957820738
"Chili Sauce, Sweet & Spicy",4,0,4,0.0
Olde Venice Italian Dressing,150,70,80,46.666666666666664
Cream Caramel Sauce,105,19,86,18.095238095238095
Organic Ground Korintje Cinnamon,1006,223,783,22.166998011928428
Chicken Stew Natural Food for Dogs,353,230,123,65.15580736543909
Tall Kitchen Drawstring Scent Free 13 Gallon Garbage Bags,31,6,25,19.35483870967742
Mini White Cupcake Liners,22,0,22,0.0
Multivitamin Kids Complete + Fiber Gummies,63,23,40,36.507936507936506
Rehab Energy Iced Tea Orangeade,65,54,11,83.07692307692308
Organic Concorde Pear,8,1,7,12.5
Swaddlers Diapers Giant Pack - Size 3,105,41,64,39.04761904761905
Vegetable Beef Soup,41,24,17,58.536585365853654
Magic Tape Clear,133,20,113,15.037593984962406
Instant Ginger Honey Crystals,85,31,54,36.470588235294116
Be Well Rooibos Red Probiotic Tea Bags,4,0,4,0.0
Pineapple Strawberry Naturally Essenced Sparkling Water,1070,638,432,59.62616822429907
Traditional Style Udon,47,20,27,42.5531914893617
French Vanilla Super Moist Cake Mix,119,17,102,14.285714285714285
Mochiko Sweet Rice Flour,51,12,39,23.52941176470588
Barbecue Egg White Chips,36,25,11,69.44444444444444
Cordon Negro Extra Dry Sparkling Wine,18,9,9,50.0
Organic Kidney Beans Low Sodium,697,239,458,34.28981348637016
Vanilla Chamomile Flavor Super Shot Probiotic Drink,308,184,124,59.74025974025974
"Olive Oil, Extra Virgin, California",536,253,283,47.201492537313435
Rapid Clear Stubborn Acne Cleanser,9,2,7,22.22222222222222
Lavender Shea Hand Soap,11,7,4,63.63636363636363
Salted Peanut In Milk Chocolate Bar,789,498,291,63.11787072243346
Chocolate Marble Ice Cream,8,4,4,50.0
White Antibacterial Deodorant Soap Bars,72,25,47,34.72222222222222
Natural Deli Slices Imported Light Swiss Cheese,145,90,55,62.06896551724138
Edamame Hummus,274,150,124,54.74452554744526
Chocolate Chip Vegan Cookie Dough,1113,604,509,54.26774483378257
Light Grey,228,34,194,14.912280701754385
Cheeze Louise! Vegan Broccoli Poppers,262,123,139,46.94656488549619
Ethiopia Organic Coffee,109,73,36,66.97247706422019
"Napkins, Beverage, Classic Red, 2-Ply",14,3,11,21.428571428571427
Garlic & Herb Meatless Chik'n Cutlets,27,9,18,33.33333333333333
Honey BBQ Glazed Chicken Wings,140,53,87,37.857142857142854
Sesame Kamut Flat Breads,11,4,7,36.36363636363637
Wild West Dill Pickle Chips,197,76,121,38.578680203045685
Pure Rewards Grain Free Chicken & Lamb Jerky Bits Dog Treats,85,41,44,48.23529411764706
Energizing Bodcious Berry Protein Smoothie,79,14,65,17.72151898734177
Lite Italian Dry Salame,251,140,111,55.77689243027888
Original Thin Bacon Cheeseburger Pizza,107,46,61,42.99065420560748
Graham Crackers,1548,833,715,53.81136950904393
Kid's One Fruit Punch Multistars,88,25,63,28.40909090909091
Original Rotisserie Chicken,7335,5115,2220,69.73415132924336
Red Potato,25,4,21,16.0
Natural Cedar Scent Toilet Cleaner,72,9,63,12.5
Baking Cups Foil,148,22,126,14.864864864864865
Medium Black Bean & Corn Salsa,275,68,207,24.727272727272727
Stage 2 Sweet Potato Corn & Apple Baby Food,2808,1612,1196,57.407407407407405
Protein Chewy Bars Salted Caramel Nut,616,317,299,51.461038961038966
Organic Grass-Fed Real Aged Cheddar & Macaroni Shells,1357,675,682,49.74207811348563
Himalayan Raw Acacia Honey,139,44,95,31.654676258992804
Organic Minced Garlic,103,13,90,12.62135922330097
Neufchâtel Cream Cheese Spread,101,38,63,37.62376237623762
Sweet Peas,1446,700,746,48.40940525587828
Apollo Daily Fragrance,68,30,38,44.11764705882353
"Pearl Plastic Triple Pack Includes Light, Regular, and Super  Unscented Tampons",215,58,157,26.976744186046513
Peanut Sesame Noodle Bowl,120,37,83,30.833333333333336
Chewy Birthday Frosting Filled Cookies,8,0,8,0.0
Butternut Squash Lasagna,32,8,24,25.0
Chicken Meat with Currant & Sesame BBQ Seasoning,416,258,158,62.019230769230774
Cherry Pie Filling & Topping,38,10,28,26.31578947368421
Natural Grain-Free Dental Chews Large Clean Apple Crisp,31,13,18,41.935483870967744
Organic Summer Pear Caffeine Free Soda,9,1,8,11.11111111111111
Classic Roast Instant Coffee,58,20,38,34.48275862068966
Grain Free White Meat Chicken & Egg Recipe Dog Food,31,17,14,54.83870967741935
Decaf Chai Spice Tea Bags,14,5,9,35.714285714285715
Blueberry Cobbler,109,67,42,61.46788990825688
Master Brew Kombucha Ginger,1030,581,449,56.407766990291265
Pineapple Coconut Sorbet Pops,308,109,199,35.38961038961039
Oat Fit Cinnamon Roll Instant Oatmeal,44,16,28,36.36363636363637
Organic Cabernet Sauvignon Wine Vinegar,24,2,22,8.333333333333332
Lean Gourmet Buffalo Style Chicken Snackers,23,4,19,17.391304347826086
Japanese Spicy Mayo,13,3,10,23.076923076923077
Noodles 100% Buckwheat Organic,80,26,54,32.5
Chicken Boullion,4,0,4,0.0
"Chicken, Broccoli & Cheese Casserole",11,3,8,27.27272727272727
Honey Cornbread & Muffin Mix,515,140,375,27.184466019417474
Organic Blueberry Coconut Energy+ Bar,62,25,37,40.32258064516129
Latte Wafers,4,1,3,25.0
Chili Beans Hot Chili Sauce,82,30,52,36.58536585365854
California Extra Virgin Olive Oil,274,155,119,56.56934306569343
Veggie Penne Pasta,462,221,241,47.83549783549784
Bunny-Luv Organic Carrots,3515,1951,1564,55.50497866287339
Calorie Free Bacon Ranch Dressing,8,1,7,12.5
Rosemary & Thyme Focaccia,110,29,81,26.36363636363636
Cherry Flavored Mixed Fruit Cups,19,13,6,68.42105263157895
2Chic Blackberry & Coconut Milk Ultra Repair Hair Shampoo Travel Size,6,0,6,0.0
Burger Chips,16,3,13,18.75
Mint Chocolate Chip 4 Oz Ice Cream Bars,316,150,166,47.46835443037975
Organic Cultured Low Fat 1% Cottage Cheese,2153,1455,698,67.58012076172783
Mild Green Chile Queso,153,83,70,54.248366013071895
Gourmet Fiesta Flatbread Pizza Pizza Wrap,8,0,8,0.0
Gold BellaVitano Cheese,40,19,21,47.5
Tex Mex Jackfruit,118,36,82,30.508474576271187
Pitted Castelvetrano Green Olives,317,124,193,39.11671924290221
Organic Blood Orange Juice,13,1,12,7.6923076923076925
Vitamin D Whole Milk,8996,6405,2591,71.19831036016006
FamilyCare Clean Feel Insect Repellent,2,0,2,0.0
Aussome Volume Aussie Aussome Volume Conditioner 13.5 Fl Oz - Volumizing Conditioner Female Hair Care,12,1,11,8.333333333333332
WetJet Febreze Lavender Vanilla & Comfort Scent Liquid Cleaner Refill,126,32,94,25.396825396825395
Light Sodium Mexican Casserole Bowl,879,382,497,43.45847554038681
Baby Back Pork Ribs,1427,674,753,47.23195515066573
Diced Pears No Sugar Added,308,121,187,39.285714285714285
Tailgaters Gourmet Hamburger Buns,74,32,42,43.24324324324324
Organic Flax Meal & Chia Seeds,81,23,58,28.39506172839506
Deviled Egg Tray,552,347,205,62.86231884057971
Organic 85% Ground Beef,1177,612,565,51.99660152931182
Pork Jerky Grilled Sweet Teriyaki,370,203,167,54.864864864864856
Grape Fruit Ice Bars,844,530,314,62.796208530805686
Sinus Relief Premixed Packets,7,1,6,14.285714285714285
Chick'n Nuggets,1443,908,535,62.92446292446292
Coronita Beer Extra,194,82,112,42.2680412371134
"Almond Butter, Raw, Organic",400,167,233,41.75
Strawberry Whole Milk Yogurt,14,5,9,35.714285714285715
Baby Move Prune Concentrate with Prebiotics,13,1,12,7.6923076923076925
Fancy Feast Ocean Fish & Salmon Dry Cat Food,49,28,21,57.14285714285714
Premium Coffee,7,2,5,28.57142857142857
Dry Roasted Unsalted Peanuts,636,320,316,50.314465408805034
"French Roast, Dark Roast K-Cups",1364,900,464,65.98240469208211
Colagate Total Whitening Toothpaste,1202,301,901,25.041597337770384
GoodNites® Disposable Bed Mats,142,104,38,73.23943661971832
"Shower Gel, Anti-Stress, Woodland Pine & Ginseng",5,0,5,0.0
Premium Old World Style Black Forest Ham,151,79,72,52.317880794701985
Sweetened Corn & Oat Cereal,975,430,545,44.1025641025641
Flax Seed Oat Bread,47,26,21,55.319148936170215
"Complete Health, Salmon, Salmon Meal and Deboned Turkey Cat Food",110,50,60,45.45454545454545
Lentil Curry,25,5,20,20.0
Black Bean Tamale Verde,2170,1165,1005,53.686635944700456
Golden Grahams Cereal,1043,501,542,48.034515819750716
Original Whiskey,10,5,5,50.0
Light Fruit Punch,4,0,4,0.0
Yellow Rice & Chicken with Vegetables in Sauce with Green Beans & Carrots,38,21,17,55.26315789473685
Ultra Downy® Clean Breeze™ Liquid Fabric Conditioner 34 Fl oz. 40 loads Fabric Enhancers,9,0,9,0.0
"Whipped Light Cream, Original",1151,459,692,39.87836663770634
Icelandic Style Skyr Blueberry Non-fat Yogurt,19257,14300,4957,74.25871111803501
Cookie Dipped Drumsticks,413,225,188,54.47941888619855
Beef Chile Colorado,76,36,40,47.368421052631575
Veggie Canadian Bacon,98,53,45,54.08163265306123
Grands Southern Style Biscuit,73,33,40,45.20547945205479
Napa Reserve Chardonnay Wine,19,7,12,36.84210526315789
SPF 30 Unscented Sunstick,7,0,7,0.0
Classic Tender Beef & Chicken Feast Cat Food,322,203,119,63.04347826086957
Wavy Original Potato Chips,1479,717,762,48.478701825557806
Organic Green Peppercorn,4,0,4,0.0
Crispy Corncakes,13,7,6,53.84615384615385
Organic Small Curd Cottage Cheese,11570,8223,3347,71.07173725151253
Local So Cal Raw & Unfiltered 100% Pure Honey,3,0,3,0.0
Organic Beef Chuck Roast,4,0,4,0.0
Bedbug & Flea Killer,10,0,10,0.0
Caesar Croutons,147,61,86,41.49659863945578
Oikos Fat Free Strawberry Greek Yogurt,579,364,215,62.86701208981002
MACH3 Turbo Men's Razor Blades,22,2,20,9.090909090909092
Skinless Boneless Smoked Sardine Fillets,125,59,66,47.199999999999996
Kimchi Thai,6,2,4,33.33333333333333
"Cabernet Sauvignon, North Coast, 2012",13,5,8,38.46153846153847
Master Blend Coffee,1,0,1,0.0
Unsalted Chicken Broth,61,26,35,42.62295081967213
Orange Beet Freshly Handcrafted Juice,19,9,10,47.368421052631575
School Safe Chocolate Cupcakes,140,42,98,30.0
Family Favorites Parmesan and Romano Pasta Sauce,83,35,48,42.168674698795186
Butter Candies,55,31,24,56.36363636363636
V-Fusion Concord Grape Raspberry Vegetable & Fruit 100% Juice,111,78,33,70.27027027027027
Adult's Probiotic Capsules,352,110,242,31.25
Organic Premium Whole Flaxseed,355,108,247,30.422535211267604
Cheddar Sliced Mild,26,11,15,42.30769230769231
American Pasteurized Cheese Slices,54,31,23,57.407407407407405
Pull 'n Play Cat Treat Play Pack,6,1,5,16.666666666666664
Light & Fit Greek Yogurt Toasted Coconut,340,212,128,62.35294117647059
"Granny Smith, Tart Green Apple",8,2,6,25.0
Pure Grade B Maple Syrup,30,5,25,16.666666666666664
Unscented Super Hold Professional Hairspray,10,1,9,10.0
Personal Confidence Pantyliners Unscented Long,6,1,5,16.666666666666664
Magnesium Citrate,74,37,37,50.0
Escapes Variety Pack,1,0,1,0.0
Crisp Wafers in Milk Chocolate,56,27,29,48.214285714285715
Fine Ground,78,23,55,29.48717948717949
Organic Green Tea Lemongrass,64,14,50,21.875
"Sundae Syrup Chocolate Flavored, No Mess Cap",64,11,53,17.1875
Cabernet,85,48,37,56.470588235294116
Thick Sliced Battered Onion Rings,42,8,34,19.047619047619047
Whipping Cream Ultra Pasteurized,692,269,423,38.872832369942195
Decors Cinnamon Imperials,11,0,11,0.0
Liquid Hand Soap With Aloe Vera,11,1,10,9.090909090909092
Family Size Jumbo Coconut Shrimp,76,39,37,51.31578947368421
Bagel Thins Everything,1798,968,830,53.83759733036707
with Xylitol Cinnamon 18 Sticks Sugar Free Gum,194,136,58,70.10309278350515
Culinary Collection Herb Roasted Chicken,385,228,157,59.22077922077922
Organic Rice Ramen,422,115,307,27.251184834123222
Woman's PowderGel Odor Protection Shower Fresh Anti-Perspirant & Deodorant,48,23,25,47.91666666666667
DairyPure Fat Free Milk,103,80,23,77.66990291262135
Chocolate Chip Cooke Dough Gelato,810,218,592,26.913580246913583
Coconut Flour,434,48,386,11.059907834101383
Organic 2 6 months + Apply Baby Food,246,147,99,59.756097560975604
Damage & Color Repair Shampoo,6,0,6,0.0
Organic Baby Powder with probiotics talc-free,22,1,21,4.545454545454546
Organic Bread & Butter Pickles,8,2,6,25.0
White Horseradish,1242,188,1054,15.136876006441224
Oregon Porcini Mushrooms,226,30,196,13.274336283185843
Graduates Lil' Entrees Pasta Stars In Meat Sauce With Green Beans,123,61,62,49.59349593495935
Moisturizing Skin Cream,30,12,18,40.0
Crinkle Cut French Fried Potatoes,39,10,29,25.64102564102564
Apple Cranberry 100% Juice,8,2,6,25.0
Pesto & Mozzarella Ravioli,28,14,14,50.0
Training Pants Disney Learning Designs 3T-4T,38,14,24,36.84210526315789
Cucumber & Garlic  Tzatziki,7112,4139,2973,58.19741282339707
Sharp Cheddar Natural Cheese,24,14,10,58.333333333333336
Hand-Formed Vegan Burger Patties,768,445,323,57.942708333333336
Disney Cars Soft Toothbrush Pro Health Stages 5-7 Yrs,10,1,9,10.0
Complete Pancake & Waffle Mix,11,7,4,63.63636363636363
Anti-Wrinkle Vitamin A Glycolic Normal/Oily Scrub,16,2,14,12.5
Fresh Apricot Long Lasting Deodorant,75,10,65,13.333333333333334
Restorative Shampoo,9,1,8,11.11111111111111
Organic Creamy Red Bliss Potato & Roasted Garlic Soup Light In Sodium,39,13,26,33.33333333333333
Mozzarella Organic Finely Shredded Low Moisture Part Skim,171,68,103,39.76608187134503
Smoked Rainbow Trout,217,135,82,62.21198156682027
Hello Kitty Fruit Flavored Snacks,84,35,49,41.66666666666667
Certified Organic Brown Gravy Seasoning Mix,353,63,290,17.847025495750707
Minis Original Fruit Chews Unwrapped,164,80,84,48.78048780487805
Fruit and Nut Bar Peanut Butter Cookie,27,9,18,33.33333333333333
Apple Cinnamon With Flax Instant Oatmeal,400,216,184,54.0
Organic Carrot Leafy Greens,35,28,7,80.0
Calcium Magnesium Citrate Plus Vitamin D3 Liquid,36,19,17,52.77777777777778
Whole Strawberries,8822,5020,3802,56.90319655406937
Master's Best Winter Wheat Premium Bread,101,67,34,66.33663366336634
Coconut,369,95,274,25.745257452574528
Peppercorn Ranch Greek Yogurt Dressing,32,7,25,21.875
Adult Liquid Cough Suppressant Medicine Orange Flavor,14,1,13,7.142857142857142
Organic Irish Breakfast Black Tea,27,7,20,25.925925925925924
Hershey's Chocolate/Strawberry,4,1,3,25.0
Natural Choice Smoked Deli Ham,659,335,324,50.834597875569045
Breaded Organic Chicken Nuggets,8,2,6,25.0
Latex Free  Disposable Vinly Gloves,8,0,8,0.0
Melatonin 1 mg Tablets,13,2,11,15.384615384615385
UltraClear Invisible Solid Pure Clean Anti-Perspirant & Deodorant,123,24,99,19.51219512195122
Country Rich Syrup,16,0,16,0.0
Oatmeal Traditional,274,187,87,68.24817518248175
Maximum Strength Pain Relief Hemorrhoidal Cream,91,12,79,13.186813186813188
Spinach Dal Indian Cuisine,429,151,278,35.1981351981352
Café Steamers 100% Natural Tortellini Primavera Parmesan,33,13,20,39.39393939393939
Sundried Tomato Organic,813,361,452,44.40344403444034
Pretzel Rods,3435,2010,1425,58.515283842794766
Premium Ice Cubes,2771,1904,867,68.71165644171779
Summer Pack Variety Bottles,285,130,155,45.614035087719294
Fresh Parsnips,434,126,308,29.03225806451613
Oil-Free Moisture - Sensitive Skin,57,7,50,12.280701754385964
Vanilla Bean Chia Pod,2202,1385,817,62.89736603088102
No Pulp Orange Juice,1905,1091,814,57.270341207349084
Brown Ale,477,279,198,58.490566037735846
Egg Fettuccine No.103,79,28,51,35.44303797468354
All Natural Sesame Baked Pita Chips,21,9,12,42.857142857142854
Salad Cut Hearts Of Palm,107,56,51,52.336448598130836
Good & Plenty Licorice Candy,358,235,123,65.64245810055866
Down East Olive Oil Crackers,23,7,16,30.434782608695656
"Dandelion Root, 525 mg, Capsules",22,3,19,13.636363636363635
Repair & Protect Pantene Pro-V Repair and Protect 2in1 Shampoo and Conditioner 12.6 fl oz  Female Hair Care,32,5,27,15.625
Queso Blanco Cheese Sauce,6,1,5,16.666666666666664
Newborn Milk-Based with Iron Through 3 Months Infant Formula Powder,25,13,12,52.0
Light Margarita,25,8,17,32.0
Organic Garlic Granulates,25,1,24,4.0
Chicken Breast Cutlets,2775,1901,874,68.50450450450451
Watermelon Twist Sugar-Free Gum,19,6,13,31.57894736842105
Liquid Dandelion Herbal Supplement,12,8,4,66.66666666666666
Reduced Fat 2% Chocolate Milk,3243,2563,680,79.031760715387
Organic Plain Cream on Top Yogurt,348,221,127,63.50574712643679
"Senna Leaves 450mg, Herbal Laxative",29,6,23,20.689655172413794
Memphis Barbecue Sauce,20,2,18,10.0
Organic Stoneground Wheat Crackers,5880,3869,2011,65.79931972789116
Slightly Sweet Chai Tea Latte Concentrate,148,57,91,38.513513513513516
Flavor Variety Instant Oatmeal,1740,708,1032,40.689655172413794
Flaky Supreme Cinnamon Rolls With Icing,186,52,134,27.956989247311824
Collard Greens,10455,6044,4411,57.809660449545675
Organic Just Strawberries And Banana,41,17,24,41.46341463414634
Lightly Salted Chickpea Chips,63,35,28,55.55555555555556
Garden Veggie Burger,219,58,161,26.48401826484018
24 Hour Non-Drowsy Allergy Relief Liqui-Gels,72,31,41,43.05555555555556
Vanilla Wafers,249,127,122,51.00401606425703
Just Balsamic Salad Dressing,10,0,10,0.0
"Kefir Cultured Milk Smoothie, Lowfat, Chocolate Truffle",3,1,2,33.33333333333333
Whole Grain Rotini,462,164,298,35.4978354978355
L'Orange Sparkling Natural Mineral Water,284,148,136,52.112676056338024
Asti Spumante,62,18,44,29.03225806451613
Prosecco Di Valdobbiadene Sparkling Wine,17,1,16,5.88235294117647
Organic Grapefruit Ginger Sparkling Yerba Mate,1749,1389,360,79.41680960548885
Dry Split Green Peas,72,27,45,37.5
Baba Ghanouj,25,7,18,28.000000000000004
Top Seed Bread,32,23,9,71.875
Size L/XL Boys Jumbo Pack Bedtime Underwear,81,46,35,56.79012345679012
Clear Plastic Party Cups,68,45,23,66.17647058823529
Cold Brew Coffee Vietnamese Coffee,22,8,14,36.36363636363637
King's Prize Ethiopia,9,3,6,33.33333333333333
Oatmeal Raisin Flax Soft-Baked Cookies,148,67,81,45.27027027027027
Honey Salted Peanut Bar,616,404,212,65.5844155844156
"Burgers, Veggie, Black Bean South West",89,27,62,30.337078651685395
Gluten Free Pantry Pancake Instant Baking Mix,4,0,4,0.0
Ultra Pasteurized Grade A Heavy Whipping Cream,218,80,138,36.69724770642202
Foam Bowls,318,186,132,58.490566037735846
Veganic Sprouted Red Fife Raisin Bran,89,37,52,41.57303370786517
Peter Rabbit Organics Pumpkin Carrot & Apple Snack,612,377,235,61.60130718954249
Sesame Tarragon Crackers,23,9,14,39.130434782608695
Mild Sauce,162,47,115,29.01234567901235
Lemon Pepper Salt-Free Seasoning Blend,123,23,100,18.69918699186992
Premium Sweet Petites Carrots,2104,1228,876,58.36501901140685
Not Beef Bouillon Cubes,115,33,82,28.695652173913043
Hard Salami,2518,1607,911,63.820492454328836
0% Greek Yogurt Black Cherry on the Bottom,1150,741,409,64.43478260869566
Organic Sea Salt Popcorn,32,14,18,43.75
Aqua Refreshing Bars Soap,13,2,11,15.384615384615385
Toilet Cleaner Tablets - 3 CT,47,19,28,40.42553191489361
Exotic Papaya & Hibiscus Flower Scented Oil Refills,3,0,3,0.0
Vinta 8 Grains and Seeds Crackers,7,1,6,14.285714285714285
Diet Slim DailyWellness Tea,7,2,5,28.57142857142857
Spinach Dijon Salad Cafe Bowl,161,102,59,63.35403726708074
Organic Shoyu Soy Sauce,276,52,224,18.84057971014493
Automatic Freshener Refill Clean Linen,5,0,5,0.0
Pressed Bright Greens,46,14,32,30.434782608695656
Dobie Cleaning Pad,292,148,144,50.68493150684932
Nacho Cheese Tortilla Chips,3268,1752,1516,53.61077111383109
Lidocaine Patch Max Strength Odor Free,12,3,9,25.0
Medium Mango Habanero Salsa,31,18,13,58.06451612903226
Lattin's Country Cider,7,2,5,28.57142857142857
Corn Flake Crumbs,3,0,3,0.0
Whole Peeled Tomatoes with Basil,14,5,9,35.714285714285715
Bai Bubbles Bolivia Black Cherry,221,148,73,66.9683257918552
Mycommunity Comprehensive Immune Support,14,2,12,14.285714285714285
Crystallized Ginger Chunks,38,10,28,26.31578947368421
Raw Sauerkraut,1680,867,813,51.60714285714286
Organic Roasted Creamy Almond Butter,143,59,84,41.25874125874126
Soft Picks Advanced On The Go Case,11,2,9,18.181818181818183
Horseradish Mustard,86,11,75,12.790697674418606
Silhouette for Women S/M Briefs,10,3,7,30.0
Lavender Scented Concentrated Bleach,4,0,4,0.0
Strawberry 2% Milkfat Cottage Cheese,4,0,4,0.0
Spicy Chili with Beans,3,0,3,0.0
Organic Biologique Kokuho Rose Medium Grain Heirloom White Rice,11,4,7,36.36363636363637
Chocolate Brownie Ice Cream Cake,8,0,8,0.0
Organic Vitality Snack Wild Raspberry,293,169,124,57.67918088737202
Easter Lily Plant,3,0,3,0.0
Chunky SoyNut Butter,4,2,2,50.0
Simply One PreNatal Triple Pwer Tablets,3,0,3,0.0
"Lentil Chips, Himalayan Pink Salt",889,639,250,71.8785151856018
Chunky Healthy Request Beef with Country Vegetables Soup,16,5,11,31.25
Original Formula Facial Bar,12,3,9,25.0
"Toothpaste & Mouthwash, Fluoride, 2 in 1, Whitening, Icy Blast, Liquid Gel",9,2,7,22.22222222222222
Classic Gel Food Colors Tubes,83,4,79,4.819277108433735
Dog Pads,137,68,69,49.63503649635037
Pure Unfiltered Honey,415,152,263,36.626506024096386
Black Curved Bobby Pins,5,0,5,0.0
Salmon Burgers,19,6,13,31.57894736842105
Highlighting Shampoo,6,2,4,33.33333333333333
Pear Halves,51,25,26,49.01960784313725
Organic Midnight Velvet Bar,14,5,9,35.714285714285715
Chocolate Peanut Butter Cup Gelato,4324,2143,2181,49.56059204440333
Batch's Caramel Toffee Bar,32,11,21,34.375
C & F Seasonal Support,16,7,9,43.75
"Ready Snax Fruit, Cheese & Flatbread Snack Pack",61,31,30,50.81967213114754
Premium Pomegranate Spread,4,1,3,25.0
Power & Free Toilet Bowl Cleaner with Hydrogen Peroxide,318,90,228,28.30188679245283
Cashew Halves & Pieces,322,126,196,39.130434782608695
Seaweed Salad with Sesame Soy Dressing,19,1,18,5.263157894736842
Skor Crisp Butter Toffee Milk Chocolate Bar,55,29,26,52.72727272727272
Original Light Ranch Salad Dressing,242,103,139,42.561983471074385
Singles Deep Dish Pepperoni Pizzas,431,243,188,56.380510440835266
"Bread Crumbs, Panko, Whole Wheat",48,15,33,31.25
Small Red Beans,78,16,62,20.51282051282051
Toothpaste with Fluoride Anti-Cavity & Whitening Powerful Peppermint Gel,106,29,77,27.358490566037734
Original Bread Crumbs,185,59,126,31.891891891891895
Ultra,94,39,55,41.48936170212766
Asian Noodle Salad,1047,500,547,47.75549188156638
Organic 7 Grain with Flax Bread,1284,862,422,67.13395638629284
Jojoba + Sacred Lotus Revitalizing Conditioner,7,1,6,14.285714285714285
Diced Papaya,8,1,7,12.5
Slim Pack Tissues,6,0,6,0.0
Broccoli Wokly,483,297,186,61.49068322981367
Onion Vidalia,143,64,79,44.75524475524475
100% Pure Tea Tree Oil,5,0,5,0.0
100% Greek Classic Extra Virgin Olive Oil,35,7,28,20.0
Caffeine Free Strawberry Soda,19,13,6,68.42105263157895
Picante Hot Green Chile Enchilada Sauce,10,0,10,0.0
Lemon Eucalyptus,17,4,13,23.52941176470588
Black Refried Beans,191,100,91,52.35602094240838
Tamale Pepper Cheese 3 Pk,9,0,9,0.0
Maximum Vibrance Packet,10,6,4,60.0
Seasoned Italian Style Bread Crumbs,169,32,137,18.93491124260355
Remoisturize Conditioner with Pro-Vitamin B5 & Aloe,5,0,5,0.0
Chocolate Milk Frozen Pops,2056,1406,650,68.3852140077821
Sriracha Cashews,17,8,9,47.05882352941176
Sport Deluxe Adjustable Black Ankle Stabilizer,3,0,3,0.0
Essentials Unscented Deodorant,3,0,3,0.0
Barista Series Original Soy Non-Dairy Beverage,26,13,13,50.0
Couscous Original,413,106,307,25.66585956416465
Classico Pure Olive Oil,143,78,65,54.54545454545454
Eucalyptus Oil,19,6,13,31.57894736842105
Organic Green Tea Hibiscus,18,2,16,11.11111111111111
"Almond, Bunny Mix Chocolate Candies",5,1,4,20.0
Organic Diced Mangoes,430,221,209,51.3953488372093
"Large Waterproof Pad 2 7/8 X 4\""",17,0,17,0.0
Hydro Body Sponge With Hand Strap,104,14,90,13.461538461538462
Organic Falafel,20,8,12,40.0
Organic Vegan Wild Mushroom Gravy,101,12,89,11.881188118811881
Girl Scouts Thin Mints Coffee Creamer,451,260,191,57.64966740576497
Kid Pro Bubble Gum Toothpaste,53,6,47,11.320754716981133
Super Berry Fusion,162,98,64,60.49382716049383
Chicken Nuggets,2408,1128,1280,46.84385382059801
Iced Tea with Raspberry,46,31,15,67.3913043478261
Ultiamte 10 BB Creme Conditioner,15,11,4,73.33333333333333
Bread Crumbs Plain,14,3,11,21.428571428571427
Disposable Diapers Size 3,12,2,10,16.666666666666664
Unbeatable Blues,301,172,129,57.14285714285714
Tortilla Soup Base Organic Soup Starters,6,1,5,16.666666666666664
Digestive European Biscuits,127,74,53,58.26771653543307
Organic Ground Cloves,454,11,443,2.4229074889867843
Classic Melba Rounds,30,13,17,43.333333333333336
Essential First Aid Items,16,3,13,18.75
Purely Vanilla Soymilk Non-Dairy Frozen Dessert,2,0,2,0.0
Oven Roasted Turkey,11684,8734,2950,74.75179732968161
On The Go Ice Raspberry,18,5,13,27.77777777777778
Fig Preserve,6,0,6,0.0
Nuggets Assortment,688,407,281,59.15697674418605
Clasico Instant Coffee,614,229,385,37.29641693811075
Extra Sharp Cheddar Cheese Chunk,8,2,6,25.0
Tuscan Herb Butter,19,15,4,78.94736842105263
Traditional Caramel Filled Amsterdam Waffle,243,171,72,70.37037037037037
International Café Hazelnut,23,14,9,60.86956521739131
Milk Chocolate Nuggets,435,298,137,68.50574712643677
Uncured Bacon & Eggs Scramble Bowl Frozen Meal,91,42,49,46.15384615384615
Deviled Eggs,973,583,390,59.91778006166495
Original Cat Chow Naturals Plus Vitamins & Minerals Cat Food,348,169,179,48.56321839080459
Mandarin Soda,31,21,10,67.74193548387096
Mountain Chai Black & Spices Concentrate,37,23,14,62.16216216216216
Soup Secrets Chicken Noodle Soup Mix,122,22,100,18.0327868852459
Organic Truffle Fries,246,79,167,32.113821138211385
Window Cleaner with Vinegar,288,76,212,26.38888888888889
"Salsa, Fire Roasted, Chipotle, Medium",11,1,10,9.090909090909092
Organic Gluten-Free Quinoa Spaghetti,719,405,314,56.32823365785814
Peach & Willow Bark Exfoliating Wipes,178,69,109,38.764044943820224
Fruit and Veggie Bars Blueberry Medley,87,24,63,27.586206896551722
Organic Crunchy Peanut Butter,648,378,270,58.333333333333336
Cracker Crunchers Chicken with Nestle Crunch Bar LunchMakers,12,4,8,33.33333333333333
Organic Apple Chicken Sausage,3224,1537,1687,47.673697270471465
100% Florida Grapefruit Juice,137,81,56,59.12408759124088
Baked Chewy Bars Caramel Apple,144,86,58,59.72222222222222
Lip Shimmer - Peony,15,0,15,0.0
"Goji Berries, Certified Organic",126,50,76,39.682539682539684
Pork Chops,30,5,25,16.666666666666664
Apple Cinnamon Mini Pies,13,1,12,7.6923076923076925
Minis Chewy Caramel Milk Chocolate,36,7,29,19.444444444444446
Soft Peach S-M Underwear for Women Maximum Absorbency,50,27,23,54.0
Apple Turnovers,95,62,33,65.26315789473685
Cool Mint Pocketmist,13,6,7,46.15384615384615
Vanilla Creme Sandwich Cookies,52,22,30,42.30769230769231
DeBoles Organic Angel Hair Pasta,379,181,198,47.75725593667546
Zesty Lemon Hommus,918,581,337,63.289760348583876
Real Medleys Cherry Pistachio Multigrain Fruit & Nut Bars,13,6,7,46.15384615384615
CleanCare Toilet Paper,74,19,55,25.675675675675674
Organic Tahini,6344,1702,4642,26.828499369482977
White Hominy,88,17,71,19.318181818181817
Go Gurt Watermelon Meltdown Strawberry Banana Burst Variety Pack Portable Low Fat Yogurt,22,8,14,36.36363636363637
Vermont Cheddar Mac & Cheese,4,0,4,0.0
La Lechera Sweetened Condensed Milk,84,33,51,39.285714285714285
Bolani Spinach Filled Flatbread,1087,685,402,63.01747930082797
"Soap, Pure-Castile, 18-in-1 Hemp, Tea Tree",9,0,9,0.0
Southwest Style Hash Browns,96,32,64,33.33333333333333
Featherweight Baking Powder,63,10,53,15.873015873015872
Great Lash Big Washable Mascara - Blackest Black,30,9,21,30.0
Magnesium Citrate Tablets,21,6,15,28.57142857142857
Rich & Creamy Grand Real Strawberry Ice Cream,106,35,71,33.0188679245283
Gluten-Free Edamame,367,194,173,52.86103542234333
Frozen Greek Yogurt Bars Blueberry,394,191,203,48.47715736040609
Shredded Chicken,174,102,72,58.620689655172406
Louisiana's Pure Hot Sauce,810,256,554,31.604938271604937
Organic Mixed Berry Snack Bar,53,31,22,58.490566037735846
Organic Fresh Flax Oil,8,2,6,25.0
Cruncha ma me  Freeze-Dried Edamame Veggie Snack Jalapeno,87,46,41,52.87356321839081
Munchable Falafel With Lemon Hummus,133,69,64,51.8796992481203
100% Pure Corn Starch,1165,87,1078,7.467811158798283
"Natural Calm, Sweet Lemon Flavor",8,2,6,25.0
Organic Raw Coconut,6,0,6,0.0
Organic Soba Asian Pasta,140,44,96,31.428571428571427
Gluten Free Pantry Sugar Cookie Mix,2,1,1,50.0
Tokyo Buckwheat Soba,12,5,7,41.66666666666667
Deep Lung Tincture,17,9,8,52.94117647058824
Organic  Baby Unscented Hand & Body Shikakai Soap,24,8,16,33.33333333333333
Gourmet Chocolate Chunk Cookies,29,21,8,72.41379310344827
Sesame Hamburger Buns,296,126,170,42.567567567567565
Savory Shreds with Whitefish & Sardines in Sauce Cat Food,41,20,21,48.78048780487805
"Cooking Sauce, Indian, Butter Chicken, Mild",89,47,42,52.80898876404494
Dry Cleaner's Secret Fresh Scent At-Home Dry Cleaner,54,35,19,64.81481481481481
Hot Oatmeal Multigrain Raisin,1,0,1,0.0
Marion Blackberries,72,32,40,44.44444444444444
"Master Brew Kombucha, Grapefruit",575,368,207,64.0
Prime Filets with Beef in Gravy Cat Food,38,17,21,44.73684210526316
"Cake Pan & Lid, Half Sheet",6,1,5,16.666666666666664
Original Chicken Breast Nuggets,503,329,174,65.4075546719682
Onion Rings,1746,740,1006,42.38258877434135
"Toothbrush, Ultra Soft",72,23,49,31.944444444444443
Parchment Baking Paper,1515,287,1228,18.943894389438945
Classic Decaf Medium Decaffeinated Ground Coffee,70,41,29,58.57142857142858
Traditional Hot English Mustard,208,59,149,28.365384615384613
Kellogg's Pop-Tarts Frosted Strawberry Pastries,1398,662,736,47.35336194563662
"Instant Mousse Mix, Dark Chocolate Truffle",9,4,5,44.44444444444444
Colombian Supreme Medium Roast Ground Coffee,40,25,15,62.5
Gluten-Free Non-Dairy All-Purpose Flour,73,15,58,20.54794520547945
"Large 10.5\"" Plates",165,58,107,35.15151515151515
Stix Crispy Seaweed Strips Original,525,292,233,55.61904761904762
Wisconsin Mozzarella String Cheese,161,95,66,59.006211180124225
Grapefruit Juice,4981,2988,1993,59.987954226059024
Casual Foam Cups,19,6,13,31.57894736842105
Organic  Oatmeal & Chicken Jerky Chip Cookies,10,5,5,50.0
Ziti Rigati,30,8,22,26.666666666666668
Natural Active Life Deodorant,79,12,67,15.18987341772152
"Veggie Juice Apple, Kiwi, Zucchini & Green Bean",117,53,64,45.2991452991453
Bunched Cilantro,45530,25877,19653,56.83505381067428
Easy-Ups Diapers for Girls Jumbo Pack - Size 3T/4T,11,1,10,9.090909090909092
Organic Black Tea,38,9,29,23.684210526315788
Restaurant Style Medium Salsa Salsa,41,23,18,56.09756097560976
Black Peppercorn Mousse,15,5,10,33.33333333333333
All Natural Whole Cardamom Pods,32,1,31,3.125
Snickerdoodle Low Fat Ice Cream Sandwiches,194,99,95,51.03092783505154
No Salt Added Black Beans,27924,16205,11719,58.03251683139952
Healthy Request Chicken with Mini Round Noodles Soup,10,4,6,40.0
Cage Free  100% Liquid Egg Whites,5860,3636,2224,62.04778156996586
Double Spice Chai Black Tea,5,1,4,20.0
Mini Vegetable Spring Rolls,132,71,61,53.78787878787878
Ultra Lubricant Eye Drops High Performance,18,5,13,27.77777777777778
Organic 100% Juice Black Cherry,21,9,12,42.857142857142854
Refresh Ginger Ale Soda,50,33,17,66.0
3 Blades Shaver,4,0,4,0.0
Milano Salted Caramel Chocolate Cookies,33,17,16,51.515151515151516
Sesame Seaweed Rice Chips,538,364,174,67.65799256505576
Organic Roasted Almond Butter,3,0,3,0.0
Gluten Free Maple Brown Sugar Oatmeal,15,8,7,53.333333333333336
Chicken Fried Rice,2121,1139,982,53.701084394153696
Kisses Baking Chips,16,1,15,6.25
Gluten Free Chocolate Sea Salt Cookie Dough,13,1,12,7.6923076923076925
Cinnamon Raisin Gluten Free Bread,66,33,33,50.0
Melograno e Arancia Sparkling Pomegranate & Orange Beverage,87,28,59,32.18390804597701
"Sanrio Hello Kitty Power Toothbrush, Soft",30,4,26,13.333333333333334
Mushroom Bites With Roasted Garlic & Olive Oil,164,34,130,20.73170731707317
Dill Pickle,12,6,6,50.0
Original Spiced Rum,100,26,74,26.0
Keurig Breakfast Blend Decaf Light Roast Coffee K Cups,254,105,149,41.338582677165356
Lemon Flavor Iced Tea,142,104,38,73.23943661971832
Stage 1 Just Bartlett Pears Baby Food,10,3,7,30.0
Carrot Ginger Soup,274,83,191,30.29197080291971
Magnesium Citrate 200mg Supplement,27,4,23,14.814814814814813
Garlic Mini Loaf,79,35,44,44.303797468354425
Andre Prost Unsweetened Coconut Milk,106,41,65,38.67924528301887
Green Apple Ale,11,8,3,72.72727272727273
Amy Indian Mattar Paneer Light In Sodium,922,505,417,54.77223427331887
Culinary Parchment Cooking Bags,31,2,29,6.451612903225806
Banana Cream Traditional Oikos Greek Yogurt,465,325,140,69.89247311827957
Brightening Pumpkin Honey Glycolic Mask,20,3,17,15.0
Organic Yellow Corn Taco Shells 12 Count,637,295,342,46.31083202511774
Home Squeezed Style Calcium & Vitamin D 100% Orange Juice,133,67,66,50.37593984962406
Gluten Free Yellow Cake Mix,217,49,168,22.58064516129032
Organic Orange,51,28,23,54.90196078431373
Easy Flaps Tall Kitchen Bags 13 gal,29,2,27,6.896551724137931
"Turkey Breast, Honey Roasted, Lower Sodium",137,74,63,54.01459854014598
Strawberry Vanilla Splendor Granola,196,132,64,67.3469387755102
Ranch Country Dressing,17,2,15,11.76470588235294
Vitamin D3 400 Iu Sunny Gummies,16,2,14,12.5
Muscat Grape Jelly,298,101,197,33.89261744966443
Hot Chocolate Mix,12,0,12,0.0
Comfort Bakes Cheesy Chicken Lasagna,11,5,6,45.45454545454545
72ct Chlorine Free Wipes Refill,50,20,30,40.0
Ground Thyme,116,7,109,6.0344827586206895
"Marinara, Delicate, Italian Plum Tomato",25,8,17,32.0
Funfetti Aqua Blue Vanilla Frosting,80,6,74,7.5
Organic Canned Red Kidney Beans,105,40,65,38.095238095238095
Black Label Center Cut Bacon,319,128,191,40.12539184952978
Sea Salt Veggie Straws,118,64,54,54.23728813559322
Ginger Turmeric Spice Almondmilk,258,68,190,26.356589147286826
Gourmet Selections K Cups Caramel Drizzle Coffee,44,15,29,34.090909090909086
Peanut Butter Fudge Ripple Ice Cream,87,31,56,35.63218390804598
"Organics Love My Veggies Apples, Carrots, Beets & Strawberries",14,2,12,14.285714285714285
Kale Blazer Juice,833,347,486,41.65666266506602
Tidy Cats Non-Clumping Litter Instant Action for Multiple Cats,74,44,30,59.45945945945946
Coconut Aloe Vera Drink,17,6,11,35.294117647058826
Anytime Favorites Hickory Smoked Boneless Ham Steak,195,96,99,49.23076923076923
Dark Mocha Almond Granola,42,20,22,47.61904761904761
Buttermilk Complete Pancake & Waffle Mix,1822,590,1232,32.38199780461032
"Cheese, Fancy Shredded, Mexican Mix",350,192,158,54.85714285714286
100% Lime Juice,2131,629,1502,29.516658845612387
Carmelized Onion Hummus,490,347,143,70.81632653061224
Penne Lisce,777,375,402,48.26254826254826
Hot House Seedless Cucumbers,461,218,243,47.288503253796094
Collards,78,43,35,55.12820512820513
Marcona Almonds,3139,1488,1651,47.40363172985027
Seasoned Roasted Garlic Rice Vinegar,13,3,10,23.076923076923077
Vegan Peanut Butter Chocolate Chip Cookies,1183,675,508,57.05832628909552
Original,413,212,201,51.3317191283293
Chocolate Coconut Crisps,245,85,160,34.69387755102041
Chocolate Lover's Variety Pack Donuts Classic,103,44,59,42.71844660194174
Organic Salted Crackers,74,44,30,59.45945945945946
Taster's Choice Decaf House Blend Instant Coffee,17,1,16,5.88235294117647
S.O.S Tuffy Mesh Scour Pad,29,1,28,3.4482758620689653
Loose Mushrooms,23,14,9,60.86956521739131
Uncured Black Forest Ham,8370,5533,2837,66.10513739545998
Original Low Fat Granola Cereal,11,3,8,27.27272727272727
White Chocolate Macadamia Nutrition Bar,823,514,309,62.454434993924664
Honey Bunches of Oats Honey Roasted Cereal,3470,2042,1428,58.847262247838614
Slow Roasted Beef,117,59,58,50.427350427350426
Extra Virgin Olive Oil Cooking Spray,20,5,15,25.0
Frozen Broccoli Florets,15458,9440,6018,61.06870229007634
Chipotle,21,2,19,9.523809523809524
Organic Carroty Chop! Apple Sauce + Fruit & Veggie,40,17,23,42.5
Simply Fruit Apricot Preserves,180,72,108,40.0
Refreshing White,73,51,22,69.86301369863014
Cuties Dairy Free Mint Chocolate Chip Frozen Dessert Sandwiches,559,295,264,52.772808586762075
Roasted Almond Crunch Crunchy Granola Bars,25,12,13,48.0
Stone Ground White Rice Flour,386,73,313,18.911917098445596
Pure Coconut Water with Pineapple,151,75,76,49.668874172185426
Chile Pods New Mexico,29,2,27,6.896551724137931
"Beets, Dulse & Kale Pickles",36,14,22,38.88888888888889
Honey Lemon with Echinacea Cough Suppressant Throat Drops,189,34,155,17.989417989417987
Yogurt Tubes Blueberry,2626,1646,980,62.68088347296268
Italian Olive Antipasto,19,10,9,52.63157894736842
Organic Sprouted Wheat & Oats Bread,24,6,18,25.0
Switzerland Swiss Cheese,45,17,28,37.77777777777778
Spry Fresh Fruit Chewing Gum,14,12,2,85.71428571428571
Original Crunchy Cookie Chips,49,20,29,40.816326530612244
Vitamin C,83,20,63,24.096385542168676
Smoked Turkey,147,85,62,57.82312925170068
Classic Rotisserie Chicken,125,64,61,51.2
Steam In The Bag Organic Carrots,62,24,38,38.70967741935484
Party Cutlery Full Size Assorted,118,43,75,36.440677966101696
Newman Own Newman-O's Creme Filled Mint Chocolate Cookies,58,21,37,36.206896551724135
Raspberry Coffee Cake,87,41,46,47.12643678160919
Organic Lentils,151,32,119,21.192052980132452
1000 Roses Color + Correct Sheer Nude SPF 30 for Sensitive Skin,12,3,9,25.0
Hazed & Confused™ Core Ice Cream,100,19,81,19.0
Tuscan Inspired Uncured Two Meat Pizza,40,9,31,22.5
Naked Sponges - 2 CT,960,284,676,29.583333333333332
Original Disney Princess Spaghetti Os Cool Shapes Pasta in Tomato & Cheese Sauce,2,0,2,0.0
Multi-Symptom Relief,61,22,39,36.0655737704918
Blanc De Noir Champagne,136,61,75,44.85294117647059
Cinnamon PaleoKrunch Granola,214,92,122,42.99065420560748
Applewood Smoked Center Cut Uncured Bacon,791,364,427,46.017699115044245
Fruit Bars Tangerine With Strawberry Blueberry Pineapple,33,10,23,30.303030303030305
Green Tea with Pomegranate,95,39,56,41.05263157894737
94% Fat Free Butter Microwave Popcorn,78,40,38,51.28205128205128
Dijon Mustard With Horseradish,14,4,10,28.57142857142857
Smoked Turkey Drumstick,4,0,4,0.0
Habanero Pepper,166,43,123,25.903614457831324
Organic Apple Juice 100%,13,8,5,61.53846153846154
Ultra Thin Cheese Pizza,568,312,256,54.929577464788736
Classic Roast Coffee K-Cups,256,136,120,53.125
Smokehouse Maple Seasoning,12,3,9,25.0
Anchovies Flat Fillets In Olive Oil,104,22,82,21.153846153846153
Just Dried Bananas,50,22,28,44.0
Super Sensitive No Fragrance Hair Conditioner,39,7,32,17.94871794871795
Raspberry Twist Vodka,36,18,18,50.0
Veri Veri Teriyaki Marinade & Sauce Less Sodium,728,218,510,29.945054945054945
Baby's Jarro-Dophilus +FOS Powder Probiotic Supplement,50,9,41,18.0
Michigan Organic Kale,67449,46841,20608,69.44654479680943
Mild Italian Chicken Sausage,5813,2693,3120,46.32719766041631
Vanilla Bottles,385,278,107,72.20779220779221
Premium Wild-Caught Pink Salmon Lemon Pepper,9,3,6,33.33333333333333
Prickly Pear Water,170,47,123,27.647058823529413
Curly Parsley Bunch,2880,1297,1583,45.03472222222222
Refined Avocado Oil,43,7,36,16.27906976744186
Horchata con Ron Caribbean Rum with Real Dairy Cream,11,4,7,36.36363636363637
Iceberg Lettuce,12698,6935,5763,54.61489998424949
Plum,49,17,32,34.69387755102041
Pichuberries,8,2,6,25.0
For Baby Organic Baby Food Stage 2 Turkey With Turkey Gravy,10,4,6,40.0
Infant Formula,193,115,78,59.58549222797927
Mahi Mahi,27,4,23,14.814814814814813
Flank Steak,2209,979,1230,44.31869624264373
Enchilada Sauce Spices & Seasonings,28,10,18,35.714285714285715
Blueberry Pancakes & Sausage On A Stick,31,15,16,48.38709677419355
Deep Roaster Pan,10,0,10,0.0
Macaroni & Cheese Sauce with Broccoli Steamers,41,28,13,68.29268292682927
Classic Decaf Instant Coffee,102,43,59,42.15686274509804
Easy Exopress Cheesy Garlic Lasagna with Meat Sauce,65,33,32,50.76923076923077
Everyday Thin & Crispy Turkey Bacon,230,140,90,60.86956521739131
Crystallized Ginger Slices,386,205,181,53.10880829015544
Lobster Tail,34,10,24,29.411764705882355
Organic Salted Pistachio,451,274,177,60.75388026607539
Original Cat Litter,185,146,39,78.91891891891892
Rubbed Sage,122,2,120,1.639344262295082
Go Walnuts! Organic Walnuts,127,40,87,31.496062992125985
Gluten Free Cracked Pepper And Salt Crackers,587,392,195,66.78023850085178
Whole Kernel Popcorn,24,3,21,12.5
Honey Bunches of Oats Roasted Oats,1018,514,504,50.491159135559926
Sport Sunscreen Lotion SPF 50,8,1,7,12.5
Crunchy Taco Dinner Kit,32,11,21,34.375
Cinnamon Raisin Bagel Crisps,18,10,8,55.55555555555556
Better Cheddars Baked Snack Crackers,125,53,72,42.4
Whiskey,763,445,318,58.322411533420706
Great Dogs Original Chicken Hot Dogs Bun Size,34,18,16,52.94117647058824
Oven Roasted Turkey Breast Slices,26,13,13,50.0
Fruit and Nut Protein Clusters,71,27,44,38.028169014084504
Organic Baked Aloha Tofu,22,11,11,50.0
Ginger Bok Choy Vegetable Salad Kit,220,134,86,60.909090909090914
Coffee House Skinny Caramel Macchiato Creamer,36,12,24,33.33333333333333
Baby Bella Mushroom Whole,984,628,356,63.82113821138211
Cooked Beer Bratwurst,117,42,75,35.8974358974359
Volumizing Mousse,3,0,3,0.0
Talapia,58,11,47,18.96551724137931
Spinach & Feta Chicken Sausage,64,25,39,39.0625
"Oatmeal, 5 Berry",21,7,14,33.33333333333333
Tamari Brown Sesame Rice Crackers,57,19,38,33.33333333333333
Select-a-Size Rolls Paper Towels Tissue,913,541,372,59.2552026286966
Strawberry Watermelon Liquid Water Enhancer,211,113,98,53.55450236966824
Sea Salt Crisps,262,178,84,67.93893129770993
Jumbos Flaky Buttermilk Biscuits,4,0,4,0.0
Everyday Insulated Cups,9,0,9,0.0
Mocha Latte Ice Cream Bars,5,0,5,0.0
"Psyllium Whole Husks, Colon Cleanser",48,13,35,27.083333333333332
Strawberry Yogurt,73,45,28,61.64383561643836
Duck Breast Fillets,8,1,7,12.5
Organic Roasted Red Potatoes,10,0,10,0.0
Organic Beans Pinto,201,69,132,34.32835820895522
Organic Hibiscus Berry Sparkling Probiotic Drink,1129,799,330,70.77059344552701
Grapefruit Cane Soda,52,24,28,46.15384615384615
Power Essence Kale & Shredded Brussels Sprouts,138,63,75,45.65217391304348
"Light Bulb, A21, 3 Way",13,4,9,30.76923076923077
"Natural Cleaner & Degreaser, Valencia Orange, with Real Essential Oils",12,4,8,33.33333333333333
Decorating Icing,7,0,7,0.0
Mild Fruit Toddler Training Toothpaste,295,75,220,25.423728813559322
Indian Hemp & Haitian Vetiver with Neem Oil Body Lotion,10,2,8,20.0
Cold Season Caffeine Free Tea Bags,99,22,77,22.22222222222222
Creamy Chicken Soup,10,3,7,30.0
Mint Jelly,123,21,102,17.073170731707318
Acme Smoked Nova Salmon Brooklyn Classic,16,9,7,56.25
Cage Free Brown Eggs Large Grade A,59,29,30,49.152542372881356
Sugar Free Lime Gelatin Dessert,37,12,25,32.432432432432435
Raspberry Apple Juice,95,51,44,53.68421052631579
Tangy Buffalo Wing Flavored Potato Crisps,37,18,19,48.64864864864865
Stuffed Peppers,519,272,247,52.408477842003855
Dark Italian Roast Coffee,116,60,56,51.724137931034484
Spinach Naan,26,8,18,30.76923076923077
Black Cherry Water,165,80,85,48.484848484848484
Mixed Fruit Heartburn Relief Gummies,11,3,8,27.27272727272727
Beyond Chicken Grilled Strips,1033,601,432,58.18005808325266
Dandelion Tea Bags,46,15,31,32.608695652173914
Gluten Free Peanut Butter Sandwich Cookies,6,0,6,0.0
Parmesan Gnocchi,57,16,41,28.07017543859649
Simply Smart Lemon & Herb Chicken Strips,21,5,16,23.809523809523807
Gourmet Pizza Nut-Free Pesto Gluten Free,875,604,271,69.02857142857142
Cat Food,30,18,12,60.0
Family Marinara Premium Organic Pasta Sauce,97,35,62,36.08247422680412
Orange Gelatin Dessert,50,6,44,12.0
Organic Extra Virgin Pure Coconut Oil,249,62,187,24.899598393574294
Gallon Storage Bags,230,62,168,26.956521739130434
Organic Milk Chocolate Peanut Butter Cups,5038,3167,1871,62.862246923382294
99% Fat Free Natural Goodness Chicken Broth,1233,462,771,37.469586374695865
Seasoning Curry Powder,1681,152,1529,9.042236763831053
Giant Hot Dog Buns,157,42,115,26.751592356687897
Special K Cookies & Crème Pastry Crisps,73,34,39,46.57534246575342
Waffle Fries French Fried Potatoes,316,99,217,31.329113924050635
Rose Balancing Face Care Kit,8,1,7,12.5
Honey Mustard Nut-Thins Cracker,169,107,62,63.31360946745562
Green Fusion Fruit & Veggie Smoothie Blend,181,55,126,30.386740331491712
Pea Protein Natural Unflavored,12,6,6,50.0
Chicken Patty,17,9,8,52.94117647058824
Red Hot Buffalo Wings Sauce,949,209,740,22.0231822971549
Marinated & Quartered Artichoke Hearts,60,29,31,48.333333333333336
Cultured Lowfat Buttermilk,46,7,39,15.217391304347828
Lean & Fit Chicken Apple Sausage Egg White & Cheddar on Multi Grain Flatbread Breakfast Sandwich,948,501,447,52.84810126582279
Organic Hearty Morning Fiber Cereal,530,276,254,52.075471698113205
Coronita Extra Beer Bottles,49,11,38,22.448979591836736
Flip Coffee Break Bliss Greek Yogurt,686,408,278,59.475218658892125
Original Cream Cheese,3805,2386,1419,62.70696452036793
"Milk Thistle 150 Mg, v-caps",23,6,17,26.08695652173913
Snack Size Divine Triple Chocolate Ice Cream Bars,41,28,13,68.29268292682927
Chicken & Salmon Dinner in Gravy Savory Shreds Cat Food,123,81,42,65.85365853658537
100% Pure Blush Grape Juice,11,6,5,54.54545454545454
Twist Ties Compactor Trash Bags 20 Gal,5,0,5,0.0
Balanced Breaks Pepper Jack Natural Cheese Honey Roasted Peanuts & Raisins Snacks,69,25,44,36.231884057971016
Gluten-Free Sriracha Veggie Chips,12,5,7,41.66666666666667
Zero Go-Go Mixed Berry Vitamin Water,2108,1471,637,69.78178368121442
1000 Sheets Unscented Bathroom Tissue,509,363,146,71.31630648330058
Garlicky Carnitas Slow Cook Sauce,178,45,133,25.280898876404496
Value Distiller White Vinegar,28,10,18,35.714285714285715
Lightly Dried Basil,156,35,121,22.435897435897438
"Stainless Steel Water Bottle With Sport Cap, Aqua Color",9,0,9,0.0
H2O Closer Personal Lubricant,12,5,7,41.66666666666667
"Napkins, 1-Ply",89,32,57,35.95505617977528
Strawberry Shampoo,3,0,3,0.0
Organic Spicy Chili,1382,709,673,51.30246020260492
Green Pitted Olives with Herbs,18,8,10,44.44444444444444
2% Milk Fat Creamy Small Curd Peach Cottage Cheese,6,2,4,33.33333333333333
Gourmet 2000 mg Soft Chew Super Fruit Punch Collagen,105,54,51,51.42857142857142
Spinach Souffle,1033,590,443,57.11519845111326
Organic Gluten Free Sea Salt by the Seashore Multigrain Tortilla Chips,1970,1210,760,61.42131979695431
French Vanilla Soy Creamer,3650,3008,642,82.41095890410959
"No Salt Added Diced Tomatoes With Oregano, Garlic & Basil",7,2,5,28.57142857142857
Organic Coconut Chocolate Chip Protein Bar,5,0,5,0.0
Blue Corn Taco Shells,169,73,96,43.19526627218935
Kona Brewing Pipeline Porter,42,17,25,40.476190476190474
"Bananas Natural Baby Food, Stage 1",9,2,7,22.22222222222222
Bite Size Cheddar Cheese Crackers,543,307,236,56.537753222836095
Bac-Out Stain & Odor Remover,268,58,210,21.641791044776117
Organic Strawberry Chia Lowfat 2% Cottage Cheese,1168,814,354,69.6917808219178
Dairy Free Unsweetened Coconut Milk,8076,4239,3837,52.4888558692422
Turbinado Style Vanilla Sugar,6,0,6,0.0
Flackers Rosemary Flax Seed Crackers,240,91,149,37.916666666666664
Raw Manuka Honey Hi Active 15 Plus,181,63,118,34.806629834254146
Color Revitalize Protection for Color Treated Hair Conditioner,12,2,10,16.666666666666664
Wild Herring in Real Sour Cream,4,0,4,0.0
Natural Care Baby Wipes Fragrance Free,547,258,289,47.16636197440585
Mini Pizza Bagels Combination,26,6,20,23.076923076923077
Marzipan Almond Candy Dough,50,5,45,10.0
No Salt Added Fresh Cut Sweet Peas,248,146,102,58.87096774193549
All-Vegetable Shortening,99,37,62,37.37373737373738
Roasted Chicken & Garlic Rice Pilaf Mix,276,108,168,39.130434782608695
Red Creamer Potato,996,366,630,36.74698795180723
Coke Life,117,64,53,54.700854700854705
Pomegranate and Lemon Verbena Body Wash,315,106,209,33.65079365079365
Natural Chicken & Apple Breakfast Sausage Patty,1923,781,1142,40.613624544981796
L'Oréal® Paris Advanced Haircare Total Repair 5 Restoring Shampoo,63,21,42,33.33333333333333
Children's Cold & Cough Liquid Grape Medicine,21,4,17,19.047619047619047
Green Tea Blueberry Pomegranate,744,521,223,70.02688172043011
Pomegranate Sangria Seltzer,7,3,4,42.857142857142854
Ground California Chili Peppers,8,0,8,0.0
Perfect Peppermint Sugarfree Gum,6,3,3,50.0
Pure Lemon Extract,104,7,97,6.730769230769231
Comfort Sheer 40 ct Assorted Posted 5/7/2014 Value,72,8,64,11.11111111111111
"Natural Creamy Peanut Butter And Flaxseed, Single Serve Packs",30,13,17,43.333333333333336
Fingers Dark Chocolate Cookies,14,9,5,64.28571428571429
Classic Pizza Crust,1041,376,665,36.119116234390006
Trading Company Pinto Bean Dip Medium Hot,10,1,9,10.0
Simply Pure Caramel,20,5,15,25.0
Organic Stage 2 Sweet Potato Garbanzo Barley,732,438,294,59.83606557377049
Sweet Red Wine,13,2,11,15.384615384615385
Panko Breadcrumbs Original,925,304,621,32.86486486486486
Children's Cough Syrup + Mucus With Dark Honey Dietary Supplement Natural Grape Flavor,45,3,42,6.666666666666667
Sea Salt & Maple Butter,65,39,26,60.0
Intensive Care Cocoa Radiant Lotion,87,22,65,25.287356321839084
Cheddar Cheese Natural Sharp,42,29,13,69.04761904761905
Cf Chry Almnd Grnola 11,224,47,177,20.982142857142858
Hydro Silk Women's Razor Plus 2 Refill Blades,14,1,13,7.142857142857142
Original Antiseptic Adult Mouthwash,107,46,61,42.99065420560748
Fat Free Unsalted Mini Pretzels,260,123,137,47.30769230769231
Deep Dish Sausage Pizza Singles,36,27,9,75.0
Beef Chuck Short Ribs,14,7,7,50.0
Sea Salt & Cracked Pepper Potato Chips,47,15,32,31.914893617021278
Just Caesar Croutons,71,29,42,40.845070422535215
Cool Mint 4 in 1 Moisture Shave,22,0,22,0.0
Keurig Vanilla Biscotti Coffee K Cups,90,50,40,55.55555555555556
Plenti Greek Strawberry Low Fat Yogurt,5,2,3,40.0
Classic Cheese Gluten Free Crackers,13,5,8,38.46153846153847
Fish Stick Meal,16,7,9,43.75
Extra Large Eggs,884,493,391,55.769230769230774
Deep Clean Original Detergent,7,2,5,28.57142857142857
100 Calorie Ritz Snnack Mix Packs,124,58,66,46.774193548387096
"Decaf Tea, Vanilla Chai",18,12,6,66.66666666666666
Tuscan Kale & Quinoa Salad,2527,1798,729,71.15156311832213
Longwear Eye Makeup Remover,19,3,16,15.789473684210526
Vanilla Pot De Creme,396,223,173,56.313131313131315
Hydrating Cleanser with Hyaluronic Acid,9,1,8,11.11111111111111
Vanilla with Oreo/M&Ms Variety Pack Lowfat Yogurt,243,180,63,74.07407407407408
Jalapeno Mustard,21,6,15,28.57142857142857
Extended Chest Congestion 600 mg Release Bi-Layer,16,8,8,50.0
Sore Throat & Cough Vapor Cherry Losenges,7,2,5,28.57142857142857
Kilo Daily Fragrance,9,3,6,33.33333333333333
Seeded Jewish Rye Bread,196,130,66,66.3265306122449
Sandalwood Soap,5,2,3,40.0
Green + White Tea,287,194,93,67.59581881533101
Lean Beef Salami,89,57,32,64.04494382022472
Snak-Saks Crackers,902,429,473,47.5609756097561
Go Take A Hike! Energy Snack,38,15,23,39.473684210526315
Wild Sardines in Extra Virgin Olive Oil,1952,1069,883,54.76434426229508
Toasted Buttercrisp Crackers,118,39,79,33.05084745762712
Double Chocolate Fudge Biscotti,4,1,3,25.0
Black Cherry Citrus Soda,316,195,121,61.70886075949367
Recycled Adult Ultra Soft Toothbrush,473,192,281,40.59196617336152
Red Berry Sprouts & Beet Chews,8,4,4,50.0
Pretzels Sesame Baked Not Fried,16,13,3,81.25
Organic Pitted Dried Plums,10,2,8,20.0
Terry Scouring Cloth,16,4,12,25.0
Slivered Almonds,1060,307,753,28.962264150943394
Mint (Spearmint),218,83,135,38.07339449541284
Opcon-A Eye Drops,39,13,26,33.33333333333333
Lawn & Garden Refuse Bags,7,0,7,0.0
Breath Tonic,12,5,7,41.66666666666667
Biotin B Complex Thickening Shampoo,49,3,46,6.122448979591836
Texas Toast,65,32,33,49.23076923076923
Herb & Garlic with Lemon Juice Marinade,175,47,128,26.857142857142858
Organic Einkorn Whole Wheat Pasta Fusilli,81,51,30,62.96296296296296
"Conditioner, Daily Nourishing",173,49,124,28.32369942196532
Blueberry Blended Cultured Soymilk,97,63,34,64.94845360824742
Sweet Chocolate Mummy Sugar Cookies,9,0,9,0.0
Organic Tomato Sauce with Olives & Capers,2,0,2,0.0
Coconut Water Kefir,440,301,139,68.4090909090909
Original Recipe Coating Mix,8,2,6,25.0
Homestyle Salisbury Steak,5,1,4,20.0
Blue Plus Bleach Automatic Bowl Cleaner,33,11,22,33.33333333333333
Veggie Deli Ham,217,138,79,63.594470046082954
Naturals Just Sweet Potatoes Stage 1,18,7,11,38.88888888888889
Golden Pineapple,5188,3353,1835,64.62991518889746
Taco Shells & Flour Tortillas,79,17,62,21.518987341772153
Extra Creamy Whipped Cream,240,85,155,35.41666666666667
Organic Whole Cumin Seed,152,17,135,11.18421052631579
Ultra Gentle Daily Cleanser,40,10,30,25.0
Original Traditional Dijon Mustard,547,134,413,24.49725776965265
Smoked Scottish Salmon,552,306,246,55.434782608695656
Ultra Double 3 Ply,68,31,37,45.588235294117645
Spicy Veggie Wraps,67,41,26,61.19402985074627
Garlic Bologna,3,1,2,33.33333333333333
Organic Broccoli Garlic Poppers,13,5,8,38.46153846153847
Dijonnaise,94,30,64,31.914893617021278
Apple Cider Vinegar 500mg,16,1,15,6.25
Whiskey & Pecans Ice Cream,54,15,39,27.77777777777778
Original Gain Trash,47,10,37,21.27659574468085
Spicy Fiesta Sprouted Flax Snax,77,28,49,36.36363636363637
Ultra Thin Crust Sausage & Uncured Pepperoni Pizza,142,56,86,39.436619718309856
Pork Loin Tenderloin,234,113,121,48.29059829059829
"Pizza, Super",15,10,5,66.66666666666666
Whole Grain Original Flavor Macaroni & Cheese Dinner,106,56,50,52.83018867924528
in 100% Juice Mixed Fruit,78,30,48,38.46153846153847
Croissants,1214,799,415,65.8154859967051
Wild Greens & Quinoa Vegetable Salad Kit,31,9,22,29.03225806451613
Eggplant Cutlets,26,3,23,11.538461538461538
Lake Shore Blend Medium Roast Coffee,8,5,3,62.5
Gluten Free Brownie Mix,59,11,48,18.64406779661017
Blueberry Crisp Energy Bars,49,22,27,44.89795918367347
Zesty Garlic Bread,53,21,32,39.62264150943396
Smoked Beef Rope Sausage,418,213,205,50.95693779904307
Fresh Scent Dishwasher Detergent,786,257,529,32.69720101781171
Organic French Roast Gound Coffee,6,2,4,33.33333333333333
Natural Peach Jel Dessert,69,15,54,21.73913043478261
Berry Workout Water,142,87,55,61.267605633802816
Organic Udon Japanese Wheat Noodles,1325,519,806,39.16981132075472
Gluten Free Hickory Smoked Tofu,70,42,28,60.0
Spaghettio's In Tomato Sauce with Sliced Franks Pasta,63,42,21,66.66666666666666
Baby Bananas,448,138,310,30.80357142857143
Disney Finding Dory,11,3,8,27.27272727272727
Pepper Jack Cheese Singles,39,18,21,46.15384615384615
Red Rhapsody  Fruit Smoothie Blend,506,337,169,66.600790513834
Naturally Clean Soft  Toothbrush,306,104,202,33.98692810457516
Texmati Brown Rice,102,22,80,21.568627450980394
Traditional Lavash Flatbread,1279,777,502,60.750586395621575
Salted Caramel Mocha Creamer,53,33,20,62.264150943396224
Mini Oreo Go Pak,59,27,32,45.76271186440678
100% Juice Fruit Punch Pouch,291,140,151,48.10996563573883
Dunkin' Turbo Ground Coffee,46,33,13,71.73913043478261
Beet Apple Carrot Lemon Ginger Organic Cold Pressed Juice Beverage,4190,2797,1393,66.75417661097852
Kisses Milk Chocolate Birthday with Light Blue Foils Peg Bag,8,1,7,12.5
Steamfresh Protein Blends Southwest Style Frozen Meal,143,71,72,49.65034965034965
Light Fresh Scent Wrinkle Releaser Plus,40,17,23,42.5
Mung Bean Sprouts,1028,318,710,30.93385214007782
"Cheese, Whole Milk Cheese, Cremoso",14,5,9,35.714285714285715
Cranberry Splash Soda,16,4,12,25.0
Raw Basil Pesto,550,281,269,51.090909090909086
Hazelnut 75% Organic Medium Roast Caffeine-Free Herbal Coffee,40,15,25,37.5
No Salt Potato Chips,22,11,11,50.0
Breakfast On The Go! Berry Nut Blend Nut & Granola Mix,3,1,2,33.33333333333333
Natural Atrisan Granola Original,90,72,18,80.0
Cookies with Belgian Milk Chocolate,9,1,8,11.11111111111111
Raw Gulf Shrimp,7,0,7,0.0
Pink Lemonade Drink Mix,436,186,250,42.6605504587156
"Organic Bernie's Farm Fruit Snacks strawberry, raspberry, & orange",1096,568,528,51.82481751824818
Vegetarian DHA Softgels,11,1,10,9.090909090909092
Organic Vegetarian & Delicious Four Cheese Tortelloni,305,94,211,30.81967213114754
Cashmere Woods Wax Melts Air Freshener,17,4,13,23.52941176470588
Waffle Cone Frozen Dairy Dessert with Hershey's Semi Sweet Chocolate Chips,93,30,63,32.25806451612903
Chicken Egg Roll,2,0,2,0.0
Organic Mushroom Base,58,3,55,5.172413793103448
Whole Milk Pear Spinach & Mango Yogurt Pouch,32,14,18,43.75
Sprunch Hairspray,4,0,4,0.0
Italian Style Wrap,7,1,6,14.285714285714285
Organic Lowfat Sour Cream,495,204,291,41.21212121212121
Stars Enriched Macaroni Product,7,0,7,0.0
"Activia Light Greek Cherry Nonfat Yogurt, Fruit on the Bottom",16,8,8,50.0
Deluxe Thick Apricot Fruit Spread,543,206,337,37.93738489871086
Dutch Country Smooth Texture 100% Whole Wheat Bread,559,325,234,58.139534883720934
Mini Go-Paks! Nilla Wafers,5,1,4,20.0
Ultra Moisture Beauty Bars,72,30,42,41.66666666666667
Graduates Lil' Crunchies Mild Cheddar Corn Snacks,456,253,203,55.48245614035088
Pink Pearl Medium Rubber Eraser,13,2,11,15.384615384615385
Original Magic! Gourmet Natural Seasoning,22,10,12,45.45454545454545
Original Vanilla Frosting,36,4,32,11.11111111111111
Raw Whole Cashews,20,6,14,30.0
Baby Arugula,10893,6578,4315,60.387404755347475
Parmesan Crusted Cod,11,3,8,27.27272727272727
Spaghetti with Meat Sauce Pasta Meal,1578,969,609,61.40684410646388
Caramel & Peanut Candy Bar,255,158,97,61.96078431372549
Organic California White Basmati Rice,3240,1596,1644,49.25925925925926
Mint Medley Herbal Tea,624,239,385,38.30128205128205
Non-Alcohoic Beer,76,47,29,61.8421052631579
Corned Beef Brisket,69,24,45,34.78260869565217
Signature Pepperoni Crispy Thin Crust Pizza,1435,806,629,56.16724738675958
For Women Skintimate Raspberry Rain Disposable Razors,42,13,29,30.952380952380953
Shave Cream for Sensitive Skin,8,2,6,25.0
Open Mic Series Tropic Wonder Earl Grey & Orange Peel Brew,14,3,11,21.428571428571427
Organic Banana Baby Breakfast (from 6 Months),105,70,35,66.66666666666666
Wet Skin Moisturizer With Argan Oil,6,0,6,0.0
Toffee Crunch Milk Chocolate Bar,12,4,8,33.33333333333333
Berries & Cherries Muesli,6,0,6,0.0
Organic Vegan Worcestershire Sauce,55,9,46,16.363636363636363
Oreo Triple Double Chocolate Sandwich Cookies,41,11,30,26.82926829268293
Strawberry Cake Mix,67,11,56,16.417910447761194
Gluten Free Original English Muffins,1295,862,433,66.56370656370656
Tomato Basil Garlic Italian Sauce,947,387,560,40.86589229144668
Organic Sweet Mini Peppers,2660,1408,1252,52.932330827067666
Surface Wipes Fresh Scent,107,27,80,25.233644859813083
Gluten Free Chia Chia Bread,70,37,33,52.85714285714286
"Candy Bar, Milk Chocolate, Coconut",12,7,5,58.333333333333336
Combination Padlock,6,0,6,0.0
Organic Quinoa Brown Red Rice With Flaxseed,214,95,119,44.39252336448598
Leek,3416,1202,2214,35.187353629976585
All In One Vanilla Chai Nutritional Shake Drink Mix,14,5,9,35.714285714285715
All Natural Smoothies Razzmatazz,234,102,132,43.58974358974359
"Granola Bars, Gojiberry Triple Yum-Yum",151,62,89,41.05960264900662
Whole Grain Wide Noodle,6,1,5,16.666666666666664
Light Butter Syrup,2,0,2,0.0
Spring Waterfall Scent Automatic Toilet Bowl Cleaner,126,14,112,11.11111111111111
Gluten Free Vegetable Pot Pie,201,95,106,47.2636815920398
Perfect Pinch Mexican Seasoning,18,3,15,16.666666666666664
Honey Maple Syrup,3,0,3,0.0
Milk Chocolate Covered Frozen Banana,1300,675,625,51.92307692307693
Choose-A-Sheet Regular Roll Paper Towels,2676,1457,1219,54.44693572496263
Mild Italian Sausage,1694,816,878,48.17001180637544
Irish Cream Liqueur,10,4,6,40.0
Bourbon Caramel Sauce,24,3,21,12.5
Famous Daves Sweet & Zesty BBQ Sauce,12,5,7,41.66666666666667
Moisture Rich Luxurious Moisture Conditioner,115,19,96,16.52173913043478
Expert Shapers For Hard Nails,6,0,6,0.0
Active Naturals Body Wash Calming Lavender Chamomile & Ylang Ylang,207,69,138,33.33333333333333
Cafe Latte Mocha Coconut Water,53,25,28,47.16981132075472
Sweet Onion & Herb Seasoning,7,4,3,57.14285714285714
Granola Cups Peanut Butter Chocolate,3,0,3,0.0
Gold & White Corn,89,36,53,40.44943820224719
Homestyle Classics Crispy Iced Oatmeal Cookies,24,10,14,41.66666666666667
Organic Almond Energy Bar,8,4,4,50.0
"Penne Rigate, No. 45",35,10,25,28.57142857142857
Organic Celery Seeds,145,8,137,5.517241379310345
Crystallized Lime,15,4,11,26.666666666666668
Simply Smart Olive Oil & Rosemary Chicken Strips,88,61,27,69.31818181818183
Cinnamon Cereal,3109,1543,1566,49.63010614345449
"Sweet Natural Cheddar Cheese, Milk Chocolate Chunks, Raspberry Flavored Dried Cranberries & Graham Crackers Snacks",5,1,4,20.0
Weissbier Naturtrub Hefe-Weissbier Beer,21,16,5,76.19047619047619
Berry Flavor Mega Probiotic,130,51,79,39.23076923076923
"Yogurt, Coconut Non-Dairy, Low Fat, Vanilla",29,23,6,79.3103448275862
Raspberry Lime Sparkling Mountain Spring Water,221,142,79,64.25339366515837
Diet Ginger Beer,112,62,50,55.35714285714286
Organic White Cheddar Popcorn,7517,4951,2566,65.86404150591991
Original (101442) Summer Sausage,23,5,18,21.73913043478261
Prilosec Heart Burn Relief 20 Mg Tablets,65,23,42,35.38461538461539
Nonfat Probiotic Drinks,2594,2068,526,79.72243639167309
Gluten Free Artisan Chia Seeds Nut-Thins,434,225,209,51.843317972350235
"Oikos Yogurt Drink, Vanilla",6,0,6,0.0
Vanilla Lowfat Protein Plus Milk,13,6,7,46.15384615384615
Solid Air Freshener Lavender Escape,60,21,39,35.0
Organics Vitamin C Pops,58,23,35,39.6551724137931
Strawberry Cream Cheese Fruit Dip,7,1,6,14.285714285714285
Party Cutlery Full Size Forks,316,128,188,40.50632911392405
Extra Fresh Deodorant,20,2,18,10.0
Pure Vegetable Oil,1906,436,1470,22.875131164742918
Isopropyl Rubbing Alcohol,11,0,11,0.0
"Sliced Stewed Tomatoes with Onion, Celery & Bell Pepper",5,0,5,0.0
RIP-L Family Pack Potato Chips,47,28,19,59.57446808510638
Magic Eraser,6,0,6,0.0
Yo Toddler Organic Strawberry Banana Whole Milk Yogurt,2588,1606,982,62.05564142194745
Mandarin Orange Crispy Chick'n,2367,1431,936,60.45627376425855
Dark Chocolate Crunch Protein Bar,41,10,31,24.390243902439025
Gluten Free Hollandaise Sauce Mix,23,5,18,21.73913043478261
Organic 2nd Foods Apples & Summer Peaches  Baby Food,35,7,28,20.0
Natural String Cheese,1265,716,549,56.600790513833985
Marinated Artichoke Hearts,424,146,278,34.43396226415094
Lemongrass Oil,32,3,29,9.375
Gum Drops,52,19,33,36.53846153846153
Grill Mates Worcestershire Pub Burger Seasoning,8,0,8,0.0
Chickpeas! Penne Pasta,793,403,390,50.81967213114754
Organic Seedless Watermelon,3637,1624,2013,44.65218586747319
"Penne, Organic, Black Bean",96,21,75,21.875
Wasabi Ginger Kettle Chips,26,7,19,26.923076923076923
Gluten Free Pure Butter Shortbread,72,22,50,30.555555555555557
Sweet Chili Flavored Tortilla Chips,11,3,8,27.27272727272727
Gummi Worms,145,71,74,48.96551724137931
Sharp Extra Light Cheddar Cheese,58,8,50,13.793103448275861
European Style Salted Butter,2049,1235,814,60.27330405075647
Cherry Turnovers,283,188,95,66.43109540636041
Root Vegetable Cakes,28,4,24,14.285714285714285
Mean Beans Spicy Green Bean Pickles,141,81,60,57.446808510638306
Milk Chocolate Kisses With Almonds,380,187,193,49.21052631578947
Organic Sambazon Acai Juice,106,60,46,56.60377358490566
Fresh Brush Heavy Duty Refills Toilet Bowl,31,7,24,22.58064516129032
Half & Half Lemonade Iced Tea Drink Mix,28,8,20,28.57142857142857
Organic Red Anjou Pear,212,76,136,35.84905660377358
Gold Bunny Dark Chocolate,3,0,3,0.0
Lemon Extra Virgin Olive Oil,43,16,27,37.2093023255814
Oh My Yog! Organic Maple,174,61,113,35.05747126436782
Dark Chocolate Hazelnut Truffle Pig Bar,10,6,4,60.0
Fluoride-Free Antiplaque & Whitening Peppermint Toothpaste,3443,1196,2247,34.73714783618937
Immune+ Citrus Drink Mix Dietary Supplement,268,55,213,20.522388059701495
Angus Beef Smoked Sausage,3,0,3,0.0
Argan Oil of Morocco Renewing Conditioner,23,3,20,13.043478260869565
Marshmallow Toppings,20,1,19,5.0
Riesling Wine,32,10,22,31.25
Bbq Recipe Chicken Crispy Flatbread Pizza,63,29,34,46.03174603174603
Orange Grape Tomato,7,2,5,28.57142857142857
smart Blend Chicken & Rice Formula Dry Dog Food,109,63,46,57.798165137614674
Spearmint Aeroblast Breath Spray,4,0,4,0.0
Organic Caramel Crunch Sea Salt Milk Chocolate Bar,88,60,28,68.18181818181817
Crunch Berries Cereal,1553,776,777,49.96780424983902
Bartlett Pear Hibiscus Sorbetto,4,0,4,0.0
Air Effects Value Pack Hawaiian Aloha,6,1,5,16.666666666666664
Original Crackers,1415,810,605,57.243816254416956
Deli Shaved Oven Roasted Turkey,69,22,47,31.88405797101449
Spicy Korean BBQ Marinade,31,6,25,19.35483870967742
Grahams Crackers Original,40,9,31,22.5
Original Party Mix Catt Treats,130,73,57,56.15384615384615
Vintners Reserve Sauvignon Blanc,531,307,224,57.81544256120527
Reduced Fat Monterey Jack Cheese,67,17,50,25.37313432835821
"Wild Non-Pareil Capers, Sunkissed in the Mediterranean",3771,1168,2603,30.973216653407583
Organic Dill Seed,26,1,25,3.8461538461538463
"Soymilk Drink, Low Fat, Plain",20,11,9,55.00000000000001
Hand Soap Lavender,746,262,484,35.120643431635386
"Action Pacs, Citrus Scent with Dawn",215,51,164,23.72093023255814
AA Rechargeable Nickel Metal Hydride Batteries,12,0,12,0.0
Ground Kona Coffee,13,5,8,38.46153846153847
Unsalted Sweet Butter Quarters,130,35,95,26.923076923076923
"Milk, Organic, Vitamin D",20198,17256,2942,85.43420140607981
No Salt Added Solid Light Tuna In Water,76,41,35,53.94736842105263
Caramel & Cheddar Popcorn Mix,494,280,214,56.68016194331984
Oatmeal Animal Cookies,385,168,217,43.63636363636363
Graceland Roasted Coffee,14,3,11,21.428571428571427
Ensure Original Vanilla Nutrition Shake,80,48,32,60.0
Salamini Napoli,300,176,124,58.666666666666664
Breakfast Blend Organic Tea,509,299,210,58.7426326129666
100% Pure Petroleum Jelly,58,15,43,25.862068965517242
Mild General Tso Stir-Fry Sauce,30,15,15,50.0
Mixed Melon Chunks,143,86,57,60.13986013986013
Flavor Enhancer,22,1,21,4.545454545454546
"Curl Shape Defining Spray Gel, Strong Hold #2",9,2,7,22.22222222222222
Hemp Seeds,1151,483,668,41.9635099913119
Organic & Cold-Pressed Vegetable & Fruit Juice Harmony,147,69,78,46.93877551020408
Ponzu Sauce,107,13,94,12.149532710280374
Cookie Dough Chip Fit Frozen Desserts,422,227,195,53.79146919431279
Organic Rustic French Bread,18,8,10,44.44444444444444
Pure Lavender Very Emollient SPF 45 Natural Protection Sunblock,16,6,10,37.5
Pure-Castile All-One Hemp Tea Tree Soap,248,128,120,51.61290322580645
Original Coffee,221,147,74,66.51583710407239
Assorted Water Wow! Coloring Book,5,1,4,20.0
"Healthy Trinity, 3 in 1, Probiotic Capsules",36,22,14,61.111111111111114
Cinnamon Swirl French Toast,162,98,64,60.49382716049383
Combination Pizza Rolls,989,440,549,44.48938321536906
Sparkling Fruitwater Watermelon Punch,30,16,14,53.333333333333336
EF Whtie Arborio White Rice,1210,383,827,31.65289256198347
Bowls,1088,577,511,53.033088235294116
Salad Bar,29,18,11,62.06896551724138
Bud Light Glass Bottles Beer,21,5,16,23.809523809523807
Raw Organic Coconut Karma Truffles,65,24,41,36.92307692307693
Fudge Graham Nutrition Bar,159,125,34,78.61635220125787
Gobble Gobble Turkey Pouch Stage 3,1003,606,397,60.418743768693915
Organic Whole Grain Buckwheat Groats,174,40,134,22.988505747126435
Gingerbread Box,5,0,5,0.0
Melogold Grapefruit,105,32,73,30.476190476190478
Aged Cheddar & Black Pepper Lattice Cut Kettle Cooked Potato Chips,49,18,31,36.734693877551024
Almonds & Sea Salt Organic Extra-Dark Chocolate Bar 72% Cocoa,294,179,115,60.8843537414966
Complete Original Pancake Mix,12,1,11,8.333333333333332
Corn and Rice Spaghetti,43,12,31,27.906976744186046
Roma Tomato,40212,25642,14570,63.76703471600518
"Drink, Concentrated, The Original",21,16,5,76.19047619047619
"Matzo Ball Mix, Gluten Free",10,1,9,10.0
Salted Caramel,28,6,22,21.428571428571427
Original Coco Bar Soap,143,83,60,58.04195804195804
Glazed Mini Donettes 6 Pk,4,0,4,0.0
Party Mix Crunch Morning Munch Cat Treats,31,17,14,54.83870967741935
Aurora Mini Pepper Bites,55,33,22,60.0
Grill Mates Sweet & Smoky Rub with Cinnamon & Chipotle,12,1,11,8.333333333333332
Paper Cake & Pie Pans,16,1,15,6.25
Pure Sport 2 in 1 Shampoo & Conditioner,6,0,6,0.0
Organic Just Raspberries,44,20,24,45.45454545454545
"Ghee, Original",432,97,335,22.453703703703702
Hard-Boiled Eggs,750,564,186,75.2
Honey Dijon Rice Chips MWO Rice Chips,86,51,35,59.30232558139535
Any'tizers  Popcorn Chicken,290,176,114,60.689655172413794
Coke,2456,1666,790,67.83387622149837
Decoy By Duckhorn Merlot,5,1,4,20.0
Date Sugar,20,3,17,15.0
Pita Bread,1907,1170,737,61.35291033036182
Pomegranate Passion Organic Energy Chews,46,26,20,56.52173913043478
White Chip Macadamia Nut Cookie Dough,129,46,83,35.65891472868217
80  Vodka Holiday Edition,1411,1102,309,78.10063784549965
Prenatal Daily Duo: Multivitamin + Ultra-Pure Fish Oil 1 Month Supply,33,10,23,30.303030303030305
Classic 1837 Steak Sauce,27,0,27,0.0
Swagger Body Wash,62,19,43,30.64516129032258
Tapatio Limon,6,1,5,16.666666666666664
All Purpose Salt Free Magic! Gourmet Natural Seasoning,38,7,31,18.421052631578945
Dry Lentils,67,21,46,31.343283582089555
Ham and Cheese Scramble Tasty American Favorites,249,179,70,71.8875502008032
Natural Ginger Ale,74,21,53,28.37837837837838
Beef Chili With Beans,81,38,43,46.913580246913575
"Toothpaste, Sensitive, Orange Mint Gel",20,6,14,30.0
Slider Gallon Freezer Bag,677,220,457,32.49630723781389
Colorful Coarse Ground Blend Seasoned Pepper,47,12,35,25.53191489361702
Organic 18-in-1 Hemp Lavender Pure Castile Liquid Soap,2,0,2,0.0
Real Fruit Juice Snacks,239,153,86,64.01673640167364
Brown Rice Pasta Elbow,10,2,8,20.0
Toasted Coconut Almonds,86,32,54,37.2093023255814
Kalamata Pitted,347,116,231,33.429394812680115
Spots Stew Chicken Dry Dog Food,372,207,165,55.64516129032258
Honey & Almonds Instant Oatmeal,40,12,28,30.0
Lemon-Lime Soda,1710,641,1069,37.485380116959064
100% Oil-Free Eye Makeup Remover,13,0,13,0.0
Dark Chocolate Sea Salt 5 Packets,9,3,6,33.33333333333333
Cashew Sesame Pimento Spread,46,20,26,43.47826086956522
Regular Flavor Potato Chips,5,1,4,20.0
Tuscan Blood Orange Body Butter,7,1,6,14.285714285714285
Chicken With Spinach Fettuccine,29,7,22,24.137931034482758
Organic The Original Sweet Tea,30,13,17,43.333333333333336
Quinoa Burgers - 4 CT,208,96,112,46.15384615384615
Tissue Upright X,12,2,10,16.666666666666664
Gentle Exfoliating Body Wash Twin Pack,7,0,7,0.0
Chop Chipotle Chedder Kit,40,9,31,22.5
"Farmstyle Greek Strained Yogurt Oregon Blueberry, 2% Milkfat",105,67,38,63.8095238095238
Sleepy Hollow Pinot Noir,3,2,1,66.66666666666666
Fruitocracy Cherry / Apple,16,5,11,31.25
Cream Top Peach on the Bottom Yogurt,1749,1178,571,67.35277301315037
Cherry Coke Soda,921,525,396,57.00325732899023
Kula Watermelon,168,102,66,60.71428571428571
The Original Donut Shop Coffee Coconut Mocha Keurig K,75,39,36,52.0
Starter Kit,132,9,123,6.8181818181818175
Gallon Freezer Zipper Bags,34,14,20,41.17647058823529
Acai Powder,5,0,5,0.0
Creamy Carob Mousse Cheesecake,19,9,10,47.368421052631575
Ultimate Omega,71,28,43,39.436619718309856
Super Soft Taco Flour Tortillas,7063,3563,3500,50.44598612487612
Dry Dog Food,44,24,20,54.54545454545454
Beet Performer Beet Juice With B12,12,6,6,50.0
Blue Cheeze Dressing Dairy Free,44,7,37,15.909090909090908
"Apples, Pumpkin & Carrots Organic Baby Food",1629,914,715,56.10804174340086
Sriracha Arare Rice Cracker,207,124,83,59.90338164251207
Premier White Chips Baking Pieces,5,2,3,40.0
Sleek & Shine Fortifying Shampoo,14,1,13,7.142857142857142
Blueberry Swirl Greek Frozen Yogurt,15,10,5,66.66666666666666
Ultra Hydrating Coconut Lime Bodywash,47,9,38,19.148936170212767
Icing Orange,2,0,2,0.0
Vanilla Drumstick Ice Cream Cone,298,130,168,43.624161073825505
Toasted Rice Green Tea Bags,742,405,337,54.58221024258761
Java Chip Ice Cream,13,4,9,30.76923076923077
Dark Bittersweet Chocolate Baking Bar,102,51,51,50.0
Lavender Hair Coloring Permanent Hair Color,6,0,6,0.0
Fruit On The Bottom Strawberry Yogurt,53,20,33,37.735849056603776
Black Rubber Band Elastics,6,0,6,0.0
Alta Dena 1% Milk,34,22,12,64.70588235294117
Chocolate Earl Grey Indulgent Tea,18,7,11,38.88888888888889
Xtreme Defense 5 Arctic Refresh Gel Anti-Perspirant & Deodorant,19,3,16,15.789473684210526
Tempt Unsweetened Vanilla Hemp Milk,1903,1369,534,71.93904361534419
Real Exotic Potato Vegetable Chips,75,25,50,33.33333333333333
Men+Care Extra Fresh Dry Spray Antiperspirant,23,8,15,34.78260869565217
Prepared Cheese Product Slices,554,265,289,47.833935018050546
Classic Paté Classic Seafood Entree,59,32,27,54.23728813559322
Lemonade Sweetened With Agave,89,51,38,57.30337078651685
Sweat Peas No Salt Added,12,6,6,50.0
Apollo Anti-Perspirant & Deodorant Stick,75,18,57,24.0
Green Chile & Cheese Pupusas,406,192,214,47.29064039408867
Gold Medal Pate,3,1,2,33.33333333333333
Original Cinnamon Bread,241,161,80,66.80497925311202
Spiffy Sculpting Pomade,7,0,7,0.0
Fresh Garlic,307,136,171,44.299674267100976
Fresh Scent Disinfectant Wipes,9,2,7,22.22222222222222
Frozen Complete Multivitamin Gummies,3,0,3,0.0
Vanilla Chocolate Chip Ice Cream,1028,561,467,54.57198443579766
Tomato Chicken Bouillon Cubes,19,3,16,15.789473684210526
Forzen Sofrito,10,3,7,30.0
Peas And Carrots,322,94,228,29.19254658385093
Lite Firm Silken Tofu,62,12,50,19.35483870967742
YoKids Strawberry Banana/Strawberry Yogurt,6739,4565,2174,67.74002077459564
Organic Authentic Drinking Chocolate,5,0,5,0.0
Regular Liquid Nail Polish Remover,32,6,26,18.75
Jalapeno Popcorn,50,18,32,36.0
"Paper Snack & Sandwich Bags, 100% Unbleached",1197,427,770,35.67251461988304
Total Greek Strained Yogurt with Blueberry,922,653,269,70.82429501084599
Spinach Feta Cheese Pie,470,347,123,73.82978723404256
Original Healing Rich Lotion,71,22,49,30.985915492957744
Ear Candy (Cow Ears) Dog Chews,50,26,24,52.0
Pink Virgin Lemonade,2031,1379,652,67.89758739537174
Regular All Purpose Cleaner,119,50,69,42.016806722689076
"flings! Laundry Detergent Pacs, Original, 57 Count Laundry",9,0,9,0.0
Supreme Matcha Green,4,0,4,0.0
"Fair Trade Peru Whole Coffee Beans, Dark Roast",61,23,38,37.704918032786885
Condensed Cream of Chicken with Herbs,69,16,53,23.18840579710145
Bai Bubbles Jamaica Blood Orange,147,92,55,62.585034013605444
Cordon Negro Brut,192,95,97,49.47916666666667
Skinny Cow Dreamy Clusters Candy Pouches Milk Chocolate,227,144,83,63.436123348017624
Chicken Breast Strips,89,29,60,32.58426966292135
Fuji Apple Crisps,181,125,56,69.06077348066299
White Paraffin Wax Shabbat Candles,26,10,16,38.46153846153847
"Bread, Country Buttermilk",6337,4544,1793,71.70585450528641
Direct Trade Black Cat Classic Espresso Roast Whole Bean Coffee,1516,1056,460,69.65699208443272
Madagascar Vanilla Gelato,212,115,97,54.24528301886793
Berry Lozenges Immune Support Supplement,11,1,10,9.090909090909092
FloorCare Multi Surface Squirt & Mop Cleaner,22,6,16,27.27272727272727
Organic Kosher Dill Spears Pickles,38,2,36,5.263157894736842
French Vanilla Whey Based Protein Powder,140,36,104,25.71428571428571
Spaghetti Brown Rice Pasta,1082,590,492,54.5286506469501
Black Berry Hibiscus Beverage,1291,879,412,68.0867544539117
Big Deluxe Oatmeal Raisin Cookies,3,0,3,0.0
Bright Beet Juice Smoothie,105,44,61,41.904761904761905
Crunchy Cheetos Club Pack,16,4,12,25.0
Synergy Raspberry Chia Kombucha,1159,755,404,65.14236410698878
Ultra Strong Toilet Paper Double Rolls Bathroom Tissue,2642,1391,1251,52.64950794852384
Old World Flatbreads Italian Herb Pizza Crust,116,45,71,38.793103448275865
Ultra Black Energy Drink,18,12,6,66.66666666666666
"Decorating Icing, White",22,0,22,0.0
Rocks N Rolls Almond French Munching Cookies,45,25,20,55.55555555555556
3 Bean Salad,47,25,22,53.191489361702125
Citrus Punch Chillers Peach,20,11,9,55.00000000000001
Kalamata Pitted Olives,376,177,199,47.07446808510639
Age Shield Face Lotion Sunscreen Broad Spectrum SPF 110,13,1,12,7.6923076923076925
"Matches, Strike On Box, Large Kitchen",82,8,74,9.75609756097561
Mongolian Beef Seasoning Mix,8,2,6,25.0
Blue 13 gallon Recycling Bags,2,0,2,0.0
Unsweetened Ice Tea,1871,1286,585,68.73329770176376
Pappy Fred's Old Style Pizza Sauce All Natural,15,1,14,6.666666666666667
Ultra Soft Bath Tissue,439,209,230,47.60820045558087
Alaffia Conditioner Everday Shea,9,4,5,44.44444444444444
No Calorie Sucralose Sweetener,31,26,5,83.87096774193549
Classic Clean,31,7,24,22.58064516129032
Sweet & Salty Nut Peanut Granola Bars,2300,1386,914,60.26086956521739
Colby Jack Snack Cheese,47,24,23,51.06382978723404
Buttermilk Ranch Dressing,329,130,199,39.51367781155015
Butter Horns,54,27,27,50.0
Pork Chorizo,2481,979,1502,39.45989520354696
Cracked Pepper & Herbs Roasted Seaweed Snacks,184,106,78,57.608695652173914
Organic Decorticated Cardamom,14,4,10,28.57142857142857
Light Pineapple Upside-Down Cake Fat Free Yogurt,5,1,4,20.0
4 Kids Calm 'n Restful,32,6,26,18.75
Oh My S'Mores,25,9,16,36.0
Pecan Shortbread Cookies,33,17,16,51.515151515151516
Harvest Best in 100% Fruit Juice Mandarin Oranges,524,293,231,55.916030534351144
Organic Ground White Pepper,400,22,378,5.5
Early Result Pregnancy Test,375,89,286,23.733333333333334
"Frosted Toaster Pastries, Cherry Pomegran",1252,755,497,60.3035143769968
"Chardonnay, Premium Dealcoholized Wine, 2011",12,8,4,66.66666666666666
Potato Yukon Gold Organic,12709,6040,6669,47.525375717995125
Vanilla Cookie,54,18,36,33.33333333333333
Tuna Chunk Light In Water,525,263,262,50.095238095238095
Dino Kale,19,5,14,26.31578947368421
Shredded Colby Jack Cheese,123,70,53,56.91056910569105
Dulce De Leche Milk Caramel Spread,29,3,26,10.344827586206897
"Watercress, Bunch",2418,1126,1292,46.567411083540115
Organic Tri-Color Blend Quinoa,1149,337,812,29.329852045256743
Meritage,6,0,6,0.0
Organic Bluephoria Yerba Mate,623,462,161,74.15730337078652
Lactose Free Low Fat Vanilla Yogurt,2174,1547,627,71.15915363385464
Cinnamon Apple Clusters,61,35,26,57.377049180327866
Grab and Go Pulp Free 100% Pure Calcium & Vitamin D Orange Juice,372,231,141,62.096774193548384
Organic Bagged Carrots,8165,4574,3591,56.01959583588487
Roasted Vegetable Crackers,11,3,8,27.27272727272727
Green Tea Oval Soap,11,4,7,36.36363636363637
Carrot Golden Beet Juice,25,7,18,28.000000000000004
Farelle,15,10,5,66.66666666666666
Fig Balsamic Truffle Bar,3,0,3,0.0
Steamfresh Premium Selects Frozen Gold & White Corn,363,175,188,48.209366391184574
Dry Spray Clear Tone Skin Renew Antiperspirant,17,3,14,17.647058823529413
Singapore Sesame Ginger Street Noodles,14,5,9,35.714285714285715
Natural Vitamin E 400 IU Softgels,10,0,10,0.0
Gold Bears Gummi Bears,181,90,91,49.72375690607735
EnviroKidz Glute Free & Wheat Free Chocolate Crispy Rice Bars,748,432,316,57.75401069518716
Cereals Simply Delicious Muesli A Classic Muesli,60,36,24,60.0
"Deodorant, Wild Rose",80,18,62,22.5
Garden Veggie Straws Sea Salt,731,482,249,65.93707250341997
All Natural Smoothies Mango-a-go-go,102,24,78,23.52941176470588
Petite Butter Croissant,1299,971,328,74.74980754426483
Shells,22,5,17,22.727272727272727
Blue Cheese Vinaigrette Premium Dressing,11,2,9,18.181818181818183
Organic Coconut Oil,2682,603,2079,22.483221476510067
Craveables Chicken Club Panini,854,479,375,56.08899297423887
Odor Block Scent Free Tall Kitchend Drawstring Bags,72,4,68,5.555555555555555
Fresh Cut Brussels Sprouts,258,92,166,35.65891472868217
Snack Stacks! Original Potato Crisps,769,411,358,53.44603381014304
Ground Hot Italian Sausage,42,12,30,28.57142857142857
Soft Toothbrush,534,165,369,30.89887640449438
Mary Kitchen 50% Reduced Fat Corned Beef Hash,29,9,20,31.03448275862069
Gluten-Free Crackers Salted,13,1,12,7.6923076923076925
Greek Vinaigrette Dressing & Marinade,38,10,28,26.31578947368421
Simply Dressed All Natural Blue Cheese Dressing,26,3,23,11.538461538461538
PayDay Peanut Caramel Candy Bars Snack Size,57,26,31,45.614035087719294
Voila! Frozen Garlic Shrimp Dinner,136,57,79,41.911764705882355
Beef Inside Skirt Steak,90,18,72,20.0
With Stainlifters Oxi 79 Loads Laundry Detergent,39,13,26,33.33333333333333
Wondrous Autumn Nights Candle,8,0,8,0.0
Simple Bites Gluten Free Ginger Snapz,131,59,72,45.038167938931295
Turkey & Chicken Dog Food,24,18,6,75.0
"Baby Food Kale, Apple & Greek Yogurt Stage 2",29,13,16,44.827586206896555
18 Year Scotch Whisky,2,1,1,50.0
Classic Hamburger Buns,541,317,224,58.59519408502772
Soft-Tip Infant Spoons - 6 CT,21,2,19,9.523809523809524
AF Ringworm Clotrimazole Antifungal Cream,18,2,16,11.11111111111111
Dark French Roast Ground Coffee,209,134,75,64.11483253588517
Variety Snaps Little Bites with Beef Chicken Liver & Lamb Dog Treats,55,19,36,34.54545454545455
Congo Pear Antioxidant Beverage,171,94,77,54.97076023391813
French Dip Au Jus Concentrated Sauce,28,4,24,14.285714285714285
Hearty Coconut Curry Soup,62,13,49,20.967741935483872
Pasta Sauce Tomato Basil,552,256,296,46.3768115942029
Potato Vodka,64,34,30,53.125
Chorizo Hemp Soy-Free Tofu,7,0,7,0.0
Source Toothbrush Soft,41,11,30,26.82926829268293
Crisp Butter Wafers,88,35,53,39.77272727272727
All Natural Fresh Chicken Thighs,108,50,58,46.2962962962963
Cream Cheese Frosting,129,21,108,16.27906976744186
Kettle Chips Multipack Original Reduced Fat,8,3,5,37.5
Salt Free Garlic & Herb Seasoning,9,3,6,33.33333333333333
Potatoes O'Brien with Onions and Peppers,315,128,187,40.63492063492063
Red Grapes,363,139,224,38.29201101928375
Sausage Rolls,9,0,9,0.0
Nature's Calorie-Free Sweetener,1517,638,879,42.05669083717864
Caffeine Free Diet Coke,532,375,157,70.48872180451127
Organic Light Corn Syrup,306,13,293,4.248366013071895
Gravy Lovers Poultry & Beef Feast Variety Pack Adult Canned Cat Food,45,27,18,60.0
Blueberry Pomegranate Juice Drink,5,0,5,0.0
"Toothpaste, All-One, Cinnamon",93,14,79,15.053763440860216
Organic Chili Powder Blend,1748,252,1496,14.416475972540047
Mint Candy Bar,3,0,3,0.0
Organic Toaster Pastries Frosted Lotta Chocolotta - 6 CT,541,345,196,63.77079482439926
Lite Sour Cream,53,28,25,52.83018867924528
100% Natural Petite Diced Tomatoes,1093,397,696,36.322049405306494
Rich & Sassy Bbq Sauce,80,15,65,18.75
Red Skin Potato Salad,55,16,39,29.09090909090909
Smooth & Sleek Conditioner with Argan Oil,94,16,78,17.02127659574468
Original Strawberry/Strawberry Banana Variety Pack Low Fat Yogurt,271,144,127,53.13653136531366
Ultra Antifungal Cream,15,3,12,20.0
Sea Salt Caramel Dark Chocolate,274,119,155,43.43065693430657
"Golden Brown Mild Pork Sausage Links, Fully-Cooked",56,24,32,42.857142857142854
Gluten Free Foods Granola,1536,991,545,64.51822916666666
Spaghettio's plus Calcium,23,8,15,34.78260869565217
Premium Cotton Rounds,41,11,30,26.82926829268293
Dark Chocolate Pretzel Snack,235,102,133,43.40425531914894
Honeydew,27,8,19,29.629629629629626
Regioinal Specialties Tortellini Three Cheese Pasta,121,54,67,44.62809917355372
Extra Cheesy Pizza Lunchables,635,415,220,65.35433070866141
Organic Cold Brew Coffee Concentrate French vanilla,14,4,10,28.57142857142857
Meat Lover's Pizza,78,27,51,34.61538461538461
Vegan Meat Loaf,98,39,59,39.795918367346935
Grapefruit Juice Squeeze,31,14,17,45.16129032258064
"Yogurt, Organic, Lowfat, Raspberry, 1-1/2% Milkfat",492,337,155,68.4959349593496
Lemon Garlic Dill Sauerkraut,42,27,15,64.28571428571429
Notes,9,0,9,0.0
Ruby Red Grapefruit Light 50 Juice Drink,115,77,38,66.95652173913044
Graduates Mixed Berries Yogurt Melts,370,210,160,56.75675675675676
Antimicrobial Fabric Reresher,12,3,9,25.0
Super Bio C Buffered 1000 mg Vegetarian Capsules,12,2,10,16.666666666666664
Ichiban Bee,24,11,13,45.83333333333333
Strawberry Banana on the Bottom Greek Yogurt,6,1,5,16.666666666666664
Peruvian Dark Chocolate Bar,31,19,12,61.29032258064516
Seaweed Crisps Pumpkin Sesame,5,1,4,20.0
Simply Soleil Disposable Razors,16,4,12,25.0
Mild to Moderate Dry Eye Lubricating Eye Drops,20,1,19,5.0
40W Tubular Frosted Light Bulb,8,2,6,25.0
NO Gluten Lemon Cookie,25,14,11,56.00000000000001
Pop Up Bowl Movie Theater Butter Popcorn,566,248,318,43.81625441696113
Gourmet Ocean Fish Kitten Food,12,7,5,58.333333333333336
"Vitamin C 1,000 mg Raspberry  Dietary Supplement",678,227,451,33.48082595870206
Fragrance Free Conditioner,143,44,99,30.76923076923077
Italian Tomatoes Chopped,67,12,55,17.91044776119403
Chili Lime Beef Jerky,160,52,108,32.5
Habanero,18,7,11,38.88888888888889
Plain Bagel,151,90,61,59.60264900662252
"Pinot Noir, California, 2010",136,81,55,59.55882352941176
HE Powder Laundry Detergent,30,10,20,33.33333333333333
Roadhouse Bring On The Meat Pizza,5,0,5,0.0
Hamantashen Raspberry Fruit Tarts,18,3,15,16.666666666666664
Sriracha Dressing Ranch,21,7,14,33.33333333333333
Original Chicken Seasoned Coating Mix,238,76,162,31.932773109243694
Sunflower Crunch Chopped Salad Kit,184,90,94,48.91304347826087
Vitamin C Hydrating Cleansing Milk,19,4,15,21.052631578947366
Iced Coffee,1000,734,266,73.4
L.A. Hold Hair Spritz,25,6,19,24.0
Stackers Dill Pickles,5,1,4,20.0
Traditional Yerba Mate Loose Leaf Tea,76,17,59,22.36842105263158
Organic Lasagna with Meat Sauce,1102,666,436,60.435571687840294
Russian River Pinot Noir,43,32,11,74.4186046511628
Organic Jasmine Green Tea Bags,86,32,54,37.2093023255814
100% Recycled White Paper Towels,3264,1762,1502,53.982843137254896
Vanilla Bean,27,6,21,22.22222222222222
Original Soft & Chewy Assorted Candy,41,14,27,34.146341463414636
Multi-Surface Cleaner Original,120,23,97,19.166666666666668
Reduced Fat Super Chunk Peanut Butter,456,255,201,55.92105263157895
Shredded Mexican Style 4 Cheese Blend,65,20,45,30.76923076923077
Extra Lean Original Pork Tenderloin,112,45,67,40.17857142857143
Strawberry Fruit Roll,25,9,16,36.0
Whole Grain Matzo Meal,4,0,4,0.0
Torched Marshmellow S'more Gelato,4,0,4,0.0
Liquid Dish Soap Lemon,48,19,29,39.58333333333333
Lemon Scented Hand Soap,81,23,58,28.39506172839506
Crunchy Kale Chips,102,37,65,36.27450980392157
Robusto Italian Salad Dressing,136,50,86,36.76470588235294
Bistro Burgers,98,44,54,44.89795918367347
Turmeric Life Force Super Tonic,25,12,13,48.0
"Hand Sanitizer, Peppermint Spray",87,27,60,31.03448275862069
Linguine,228,86,142,37.719298245614034
Fresh Brush Flushable Refills Citrus,47,7,40,14.893617021276595
Blueberry English Tea Scones,1229,857,372,69.73148901545973
SuperMoist White Cake Mix,364,50,314,13.736263736263737
Chipotle Cracked Pepper,10,3,7,30.0
Chipotle Ranch Salad Dressing,53,14,39,26.41509433962264
Gluten Free Margherita Pizza,949,424,525,44.67860906217071
Manicotti Pasta,81,12,69,14.814814814814813
Salty Date Raincoast Crisps,1415,702,713,49.6113074204947
Classic Whipped & Fluffy French Cheesecake,10,1,9,10.0
Sharp Cheddar Cheeseball Spreadable Cheeseball,115,62,53,53.91304347826087
European Biscuits Dark,11,6,5,54.54545454545454
G2 Glacier Freeze Drink,310,195,115,62.903225806451616
Caffe Mocha Chilled Espresso Beverage,41,23,18,56.09756097560976
Organic Chocolate Stout,12,7,5,58.333333333333336
Original Flatbread Gluten Free,234,141,93,60.256410256410255
"Organic Pear, Kale & Cucumber Stage 2 Baby Food",71,32,39,45.07042253521127
Post Selects Banana Nut Crunch,131,75,56,57.25190839694656
Salted Sesame Sticks,109,69,40,63.30275229357798
Of Maine Fresh Frozen Wild Blueberries,2076,1475,601,71.05009633911368
Valerian Root Tea Bags,2,0,2,0.0
Superior Preference Fade-Defying Color + Shine System - 4 Dark Brown,9,4,5,44.44444444444444
Organic Low Sodium Roasted Red Pepper & Tomato Soup,470,187,283,39.787234042553195
Puff Pastry Cherry Turnovers,19,5,14,26.31578947368421
Kinni Toos Vanilla Sandwich Creme,28,7,21,25.0
Orange Scent Disinfecting Wet Wipes,103,27,76,26.21359223300971
"PODS Free & Gentle Laundry Detergent, Unscented, 42 count, Designed for Regular and HE Washers Laundry",33,8,25,24.242424242424242
Shredded Pecorino Romano Cheese,121,32,89,26.446280991735538
Unsalted European Style Butter,247,148,99,59.91902834008097
Wrigley's 5 React2 Unique Mint Sugar-Free Gum,18,8,10,44.44444444444444
Diet Peach Tea,2406,1816,590,75.47797173732336
Ovals Hamburger Dill Chips Pickles,188,46,142,24.46808510638298
Chocolate Premium Ice Cream,5,1,4,20.0
Tofu Soft,254,140,114,55.118110236220474
Fresh Atlantic Salmon Fillet,498,350,148,70.28112449799197
Organic Garbanzos Chick Peas,34,5,29,14.705882352941178
Muenster Cheese slices,231,118,113,51.082251082251084
Miniature Marshmallows,54,17,37,31.48148148148148
Butterscotch Baking Chips,6,0,6,0.0
"Pasta Sauce, Arrabbiata",2,0,2,0.0
Ultimate Fudge Brownie,102,35,67,34.31372549019608
Made with Organic Pasta & Cheddar Cheese Original Flavor Macaroni & Cheese Dinner,45,20,25,44.44444444444444
Watermelon Margarita Seltzer,44,19,25,43.18181818181818
Homestyle Roast Beef Hash,121,57,64,47.107438016528924
Uniquely Sharp Mustard,138,58,80,42.028985507246375
Junior Water Berry Flavored,2,0,2,0.0
Organic Pumpkin Seeds,520,232,288,44.61538461538462
Sorbet Strawberry Limonata,455,162,293,35.604395604395606
Original inka Corn,20,10,10,50.0
"Capers, Non-Pareil",766,256,510,33.420365535248045
French Sliced Bread,246,145,101,58.94308943089431
New Zealand Artesian Water,300,235,65,78.33333333333333
Popped Gluten Free Caramel Corn Rice Crisps,204,86,118,42.15686274509804
Organic Roast Beef,3552,1833,1719,51.604729729729726
To Go Disinfectant Spray,14,1,13,7.142857142857142
Morena Pure Cane Sugar,189,111,78,58.730158730158735
"Mustard, Spicy Brown",732,174,558,23.770491803278688
Fresh Scent Gentle Saline Wipes for Stuffy Noses,93,28,65,30.107526881720432
Stax Cheddar Potato Crisps,47,25,22,53.191489361702125
"MultiGrain & Seed Chips, Superfood, Sweet Potato, Hemp & Buckwheat",51,25,26,49.01960784313725
Extra Sugar-Free Peppermint Gum,252,149,103,59.12698412698413
Light & Lean Soft Taco Fiesta,402,155,247,38.55721393034826
Sancerre,173,114,59,65.89595375722543
Pure Protein Chocolate Peanut Butter Bars,190,117,73,61.578947368421055
".5\"" Waterproof Tape",8,0,8,0.0
Kids! Chewables Probiotic Tablets Natural Bursting Berry Flavor,107,34,73,31.775700934579437
Bai Bubbles Indonesia Nashi Pear,4,0,4,0.0
Everyday Coconut Lime Shampoo,24,3,21,12.5
Key Lime Sparkling Water,169,97,72,57.396449704142015
Fettuccine Paglia E Fieno,22,9,13,40.909090909090914
Chocolate Fudge Instant Pudding & Pie Filling,8,0,8,0.0
Palm Wax Votive Candles,25,14,11,56.00000000000001
Philly Cheesesteak Hamburger Helper,27,11,16,40.74074074074074
"Black Beans, Refried, Authentic",52,24,28,46.15384615384615
Creamy Poppyseed Salad Dressing Smooth & Sweet,32,7,25,21.875
Italian Zesty Dressing,493,132,361,26.774847870182555
Organic Dark Brown Sugar,1501,281,1220,18.72085276482345
Ultimate Clean Burst Tall Kitchen Drawstring Bags,5,0,5,0.0
New England Style Stuffed Scallops,8,2,6,25.0
Cracked Freekeh,34,2,32,5.88235294117647
Organic Spaghetti Pasta,6310,3292,3018,52.17115689381934
Long Grain Basmati Rice,10,3,7,30.0
Dark Chocolate Candy,273,156,117,57.14285714285714
Just Ranch Spread,253,88,165,34.78260869565217
Strawberry Fiber Shake,46,35,11,76.08695652173914
White Decorating Icing,15,0,15,0.0
Gatherings Honey Ham & Turkey Party Tray,82,16,66,19.51219512195122
Milano Orange Chocolate Cookies,317,167,150,52.6813880126183
"Dark Chocolate, Extra, 85% Cacao",8,2,6,25.0
Fruit Sticks Apple Cinnamon,4,0,4,0.0
Power Cakes Flapjack and Waffle Mix,233,105,128,45.06437768240343
Tea Green w/ Mango,6,0,6,0.0
Super Moist Yellow Cake Mix,607,138,469,22.73476112026359
Giant Chocolate Fudge Ice Cream Bar,218,112,106,51.37614678899083
Chopped Garlic In Water,302,90,212,29.80132450331126
Dailyfoods Blood Builder,16,4,12,25.0
Dailyfoods Balanced B Complex,5,0,5,0.0
Thin And Crispy Bacon Lovers,16,10,6,62.5
Organic Ground Mace,44,2,42,4.545454545454546
Ham & Cheddar Frozen Sandwiches,244,123,121,50.409836065573764
Total Advanced Deep Clean Toothpaste,7,0,7,0.0
Roasted Green Chile Tamales,170,74,96,43.529411764705884
Organic Hamburger Buns,65,15,50,23.076923076923077
Cheese Finely Shredded Mexican Four Cheese Blend,1801,971,830,53.91449194891727
Multi-Purpose Solution,183,58,125,31.693989071038253
Japanese Eggplant,184,46,138,25.0
Adult Sensitive Systems Cat Food,18,5,13,27.77777777777778
Sourdough Hearty Sliced Bread,1124,589,535,52.40213523131673
Roasted & Salted Almonds,8347,4996,3351,59.85383970288727
Sugar Free Strawberry Preserves,70,28,42,40.0
Zero Calorie Orange Flavored Sports Drink,264,187,77,70.83333333333334
Organic Mochi Sweet Rice Cakes,97,44,53,45.36082474226804
Baby Dill Pickles,253,122,131,48.22134387351779
Protein PLUS Multigrain Elbow Macaroni Pasta,426,234,192,54.929577464788736
Medium Blue Ball Point Pens,38,5,33,13.157894736842104
Gillette Fusion ProGlide Manual Men's Razor Blades,38,5,33,13.157894736842104
Creamy Tomato Soup,918,388,530,42.26579520697168
White Paper 8-12 Cups Basket Coffee Filters,680,92,588,13.529411764705882
"Healthy Request, Chicken Noodle Condensed Soup,  Size",8,3,5,37.5
Original Triscuit Minis,124,75,49,60.483870967741936
All Natural Lemon Tea Bottles,156,99,57,63.46153846153846
Spanish Queen Olives,497,211,286,42.45472837022133
S'mores Builder's Protein Bar,4,2,2,50.0
Red Plums,8869,4684,4185,52.8131694666817
Gluten Free Oatmeal Apple Pieces and Cinnamon with Flax & Chia,283,114,169,40.282685512367486
Lemon Gelatin,99,19,80,19.19191919191919
Sriracha Potato Chips,565,273,292,48.31858407079646
Acetaminophen Extra Strength Rapid Release Gels,3,0,3,0.0
Unfiltered Apple Cider Vinegar,6,1,5,16.666666666666664
"Parmesan Cheese Ups, Gluten Free",12,4,8,33.33333333333333
"Beneful Chopped Blends With Salmon, Sweet Potatoes, Brown Rice & Spinach Dog Food",16,6,10,37.5
Pick Different Pack Ale,22,2,20,9.090909090909092
Spicy Uncured Bacon & Egg Roasted Potato Jalapeno & Cheddar Burrito,608,357,251,58.7171052631579
Ruby Port Wine,5,2,3,40.0
Paleo English Muffins,544,231,313,42.463235294117645
Feijoas,16,9,7,56.25
"Organic Super Apple, Blueberry & Pomegranate Blended Fruit Snack Pouch",13,3,10,23.076923076923077
Certified Organic Pure Maple Sugar,18,4,14,22.22222222222222
Milk Chocolate Candies,431,177,254,41.067285382830626
Country Apple Butter,21,3,18,14.285714285714285
Roasted Veggies Brussel Sprouts,16,8,8,50.0
Chicken Stuffing Mix,15,1,14,6.666666666666667
"Acini di Pepe, No. 78",221,83,138,37.55656108597285
Seaweed Crisps Almond Sesame,10,3,7,30.0
Kettle Cooked Sweet Hawaiian Onion Potato Chips,34,13,21,38.23529411764706
Moroccan Argan Oil Renewing Shampoo,25,3,22,12.0
Organic Savory Spice Sweet Potato Fries,113,24,89,21.238938053097346
Star Fruit,424,171,253,40.33018867924528
Cantina Thins Tortilla Chips,70,31,39,44.285714285714285
Protein Bar Chocolate Sea Salt,245,114,131,46.53061224489796
Light & Fit Lemon Meringue Greek Yogurt,54,27,27,50.0
Sake Rice Wine,12,1,11,8.333333333333332
Fettuccini,315,156,159,49.523809523809526
Turkey Bacon Bits,8,0,8,0.0
Fresh Protect April Fresh,9,3,6,33.33333333333333
"Non-Aerosol Original Spray Starch Plus, Fresh Linen Scent",15,9,6,60.0
Gluten Free Cinnamon French Toast Sticks,825,483,342,58.54545454545455
"Hand Sanitizer, Gel, Coconut + Lemon",133,36,97,27.06766917293233
Pale 31 California Pale Ale,16,1,15,6.25
Bacon Style Slices,9,4,5,44.44444444444444
Flushable Moist Wipes,334,185,149,55.38922155688623
Whole Grain German Dark Wheat Bread,6,2,4,33.33333333333333
Cleanser with Bleach,387,85,302,21.963824289405682
Sun-Dried Tomatoes Halves,7,1,6,14.285714285714285
Specialty Steak Rolls,57,17,40,29.82456140350877
Gluten Free Exotic Black Rice Bread,174,103,71,59.195402298850574
Vanilla Hazelnut Handcrafted Coffee,13,6,7,46.15384615384615
Anchor IPA,9,2,7,22.22222222222222
Sensitive Facial Cream,26,2,24,7.6923076923076925
Shredded Mozzarella,21999,11362,10637,51.64780217282604
Chocolate Granola Bars,34,6,28,17.647058823529413
"Dirty Chai Coffee, Cold Brew",216,55,161,25.462962962962965
Angel Hair,109,38,71,34.862385321100916
Altos Plata Tequila From 100% Agave,20,11,9,55.00000000000001
Classic Iceberg,23,8,15,34.78260869565217
Organic Low Fat Chocolate Milk,4895,3083,1812,62.9826353421859
Chocolate Mint Cacao superfood Drink,17,13,4,76.47058823529412
Bold Mix Variety Pack,47,20,27,42.5531914893617
"Bread, Sprouted Grain & Seed Loaf, Genesis 1:29",1285,894,391,69.57198443579766
Supergreens Rotini,7,1,6,14.285714285714285
"Jam, Strawberry",144,57,87,39.58333333333333
Organic Whole Grain Wild Porchini Mushroom Rice & Seasoning Mix,153,64,89,41.830065359477125
Home Menu Meals for 2 Orange Chicken,209,84,125,40.19138755980861
Smoothing In Shower Lotion,8,1,7,12.5
Antioxidant Blend Frozen Smoothie,31,8,23,25.806451612903224
Tacos For Two,15,9,6,60.0
Orange Natural Cane Soda,90,53,37,58.88888888888889
Sharp White Cheddar Cheese,79,16,63,20.253164556962027
Ritz Cheese Cracker Sandwich Packs,164,96,68,58.536585365853654
Super Greens,790,467,323,59.11392405063292
Emery Board,13,0,13,0.0
Toilet Cleaning Gel,15,1,14,6.666666666666667
Whole Raw Brazil Nuts,111,34,77,30.630630630630627
Rishikesh Whole Grain Brown Basmati Organic Rice,1505,890,615,59.136212624584715
"Gentlease Infant Formula for Fussiness, Gas, and Crying",18,6,12,33.33333333333333
Organic Asian Blend Mixed Vegetables,174,60,114,34.48275862068966
Organic Cranberries,148,17,131,11.486486486486488
Rich & Creamy Mocha Coffee Beverage,97,66,31,68.04123711340206
Lighty Breaded Fishies,1181,635,546,53.76799322607959
Organic Pure Lime,127,40,87,31.496062992125985
Prime Filets Turkey Dinner In Gravy,123,88,35,71.54471544715447
Organic Just Mango,64,26,38,40.625
Organic Multigrain Snack Crackers,415,261,154,62.89156626506024
Distilled White Vinegar,4255,1101,3154,25.875440658049353
Organic Chunky Tomato & Herb Pasta Sauce,146,35,111,23.972602739726025
100% Pure Moisturizing Apricot Kernel Oil,7,1,6,14.285714285714285
Cage Free Grade AA Large White Eggs,1794,1336,458,74.47045707915272
Strawberry Hemp Yogurt,14,10,4,71.42857142857143
Santa Fe Barbecue Rice Chips,33,20,13,60.60606060606061
Organic Chard Green,2083,1011,1072,48.5357657225156
Sandwich Cracker Cheddar,248,121,127,48.79032258064516
Home Style Light Chicken Noodle,4,1,3,25.0
Honkers Ale,35,11,24,31.428571428571427
Cajun Street Seasoning,102,2,100,1.9607843137254901
Maple Leaf Creme Cookies,23,5,18,21.73913043478261
"Shikakai Soap, Organic Hand & Body, Baby Unscented",50,16,34,32.0
Organic Shells & Cheddar Macaroni & Cheese Dinner,148,99,49,66.8918918918919
Natural Sweetener,569,289,280,50.790861159929705
Belgian White Wheat Ale,1267,666,601,52.56511444356748
Thin Sliced Ham,7,3,4,42.857142857142854
100% Whole Wheat English Muffins,223,136,87,60.98654708520179
Pecan Sticky Buns,12,7,5,58.333333333333336
Pie Pans & Lids,43,3,40,6.976744186046512
Chanterelle Mushrooms,436,112,324,25.688073394495415
Cheddar Cheese Flavored Dip,77,18,59,23.376623376623375
Large Pitted Black Olives,246,115,131,46.7479674796748
Minis Candy Tube,18,3,15,16.666666666666664
Just Crisps Russian Rye,43,33,10,76.74418604651163
Hazelnut Chunk,22,3,19,13.636363636363635
Long Italian Baguette,123,64,59,52.03252032520326
Hop Ottin' IPA,13,4,9,30.76923076923077
Crushed Organic Tomatoes with Basil,4,0,4,0.0
Zero Lemon‑Lime Soda,8,3,5,37.5
American Classic Crunchy Peanut Butter,20,12,8,60.0
Soft & Chewy Strawberry Newtons,4,0,4,0.0
Lush Scent In-Wash Scent Booster,23,4,19,17.391304347826086
OXY® MAXIMUM Cleansing,36,13,23,36.11111111111111
Meaty Bits Variety Pack Cat Food,35,17,18,48.57142857142857
"Hand Cream, Shea Butter, Lavender",4,1,3,25.0
Orzo Pasta,1874,626,1248,33.40448239060832
Opti-Free Replenish Multi-Purpose Disinfecting Solution,125,31,94,24.8
Organic Lemon Ginger Flavor Super Shot Probiotic Drink,240,134,106,55.833333333333336
Fresh Frozen Red Raspberries,279,155,124,55.55555555555556
Hearty Multi Grain English Muffins,45,16,29,35.55555555555556
White Select-A-Size Paper Towels,660,265,395,40.15151515151515
"Coconut & Peanut Spread, Crunchy",236,121,115,51.271186440677965
Double Acting Baking Powder,1356,122,1234,8.997050147492626
Cushion Brush Value Pack,11,0,11,0.0
Classic Granola,912,462,450,50.6578947368421
Pumpkin Apple,67,32,35,47.76119402985074
Dynostix Rawhide Chew With Meat,1,0,1,0.0
Organic Echinacea Plus Elderberry Tea,245,73,172,29.795918367346943
Pre-Cooked White Corn Meal,47,9,38,19.148936170212767
Sliced Liver Sausage,195,121,74,62.05128205128205
Baby Swiss,133,83,50,62.40601503759399
CASCAD ACTION PACS REG 60CT,692,148,544,21.38728323699422
Burstin' Berry Juice Boxes,6,0,6,0.0
Whatever Messy Look Paste,17,0,17,0.0
"Tomato, Onion & Garlic Pasta Sauce",12,5,7,41.66666666666667
Organic Applesauce Peach,18,8,10,44.44444444444444
Salt Free  Chicken Grilling Blends,21,3,18,14.285714285714285
Shea Butter & Vitamin E Body Lotion,25,3,22,12.0
Seed Celery,8,0,8,0.0
Stimulations Ultra Ribbed Premium Lubricant Latex Condoms,27,13,14,48.148148148148145
Mozarella String Cheese,577,341,236,59.09878682842288
French Vanilla Medium Roast K-Cup Packs Coffee,6,2,4,33.33333333333333
Tortelloni Filled with Cheese and Roasted Garlic,41,26,15,63.41463414634146
Good Hope Vanilla Red Tea Bags,42,11,31,26.190476190476193
"Madeleines, Traditional",149,101,48,67.78523489932886
"1,000 Mg Vitamin C Tangerine Grapefruit Effervescent Powdered Drink Mix",1,0,1,0.0
Domestic Baby Seedless Cucumbers,190,87,103,45.78947368421053
"Clean Energy Drink, Hibiscus Berry",224,148,76,66.07142857142857
Blueberry Pancakes,8,5,3,62.5
Texas Toast Seasoned Croutons,306,132,174,43.13725490196079
Original Scent Liquid Laundry Detergent,6,2,4,33.33333333333333
Lime Chili Flavor with Shrimp Instant Lunch,3,0,3,0.0
Rapid Result Pregnancy Test Kit,31,5,26,16.129032258064516
Thirst Quencher Lemon-Lime,512,315,197,61.5234375
4 Piece Measuring Spoons,7,0,7,0.0
Bacon & Beef Flavor Dog Treats,16,2,14,12.5
Flaxseed Bread,130,92,38,70.76923076923077
Coffee Caramel Sauce,10,2,8,20.0
Total Fresh 3 in 1 Shampoo + Conditioner + Bodywash,7,1,6,14.285714285714285
Clearlax,11,6,5,54.54545454545454
Dark Chocolate Pistachios,3,0,3,0.0
"Cookies, Milk Chocolate",235,142,93,60.42553191489362
Bumpers Peanut Butter Cereal,10,4,6,40.0
Good News! Plus Disposable Razors,48,22,26,45.83333333333333
Miniatures Candy Bars,1338,730,608,54.55904334828101
Unsweetened Mint Lemon Mate,73,29,44,39.726027397260275
Premium Paper Towels,111,70,41,63.06306306306306
Apple Puff Pastry Turnovers,129,66,63,51.162790697674424
Selects Very Low Sodium Chunk White Albacore Tuna in Water,69,53,16,76.81159420289855
Organic Shredded Coconut,217,34,183,15.668202764976957
Minced Roasted Garlic,125,18,107,14.399999999999999
Women's One Food-Based Multivitamin,184,58,126,31.521739130434785
Pistachio Blend,152,67,85,44.07894736842105
Homestyle Zesty Tomato Bisque Soup,7,0,7,0.0
Fish-Fri Crispy Southern Seafood Breading Mix,9,1,8,11.11111111111111
Salted Peanut Butter Filled Pretzels,3103,2178,925,70.19013857557202
Sunflower Oil,11,2,9,18.181818181818183
Organic French Style Meyer Lemon Yogurt,133,78,55,58.64661654135338
Backyard BBQ Meal,25,15,10,60.0
Peach & Mango Soy Yogurt,1158,818,340,70.63903281519862
Chicken Free Strips Grilled,1255,670,585,53.38645418326693
Ranch Salad Dressing,203,88,115,43.34975369458128
Sport Milk Chocolate With Strawberry Creme,15,8,7,53.333333333333336
Elbows,19,4,15,21.052631578947366
Freeze Hold Aerosol Hairspray,28,5,23,17.857142857142858
Bites Strawberry,83,43,40,51.80722891566265
Garlic Sesame Rice Noodle Soup Bowl,7,2,5,28.57142857142857
Vinegar,105,17,88,16.19047619047619
Solid White Tuna,14,9,5,64.28571428571429
Frozen Mini Chocolate Croissants,8,2,6,25.0
Pop'ettes Rich Frosted Donuts,125,55,70,44.0
Cooked Spicy Italian Sausage,528,208,320,39.39393939393939
Ultra Thin Lubricated Condoms,19,3,16,15.789473684210526
Cheddar Cheese Burrito,3699,2406,1293,65.04460665044607
Moisture Soap,21,8,13,38.095238095238095
"Miso, Organic, Mellow, Red",378,55,323,14.550264550264549
Apricot Raspberry Verona Cookies,166,84,82,50.602409638554214
American Craft Jalapeno & Cheddar Smoked Sausage,2,0,2,0.0
Gluten Free Original Waffles,35,18,17,51.42857142857142
Lemon Pound Cake,5,0,5,0.0
Vegetable Dumpling,1711,1187,524,69.37463471654004
Mighty Oats Blueberry Blended Low-Fat Greek Yogurt,18,6,12,33.33333333333333
Crystals Cat Litter,234,189,45,80.76923076923077
Maraschino Cherries with Stems,36,11,25,30.555555555555557
Sierra Trail Mix Energy Bar,711,439,272,61.74402250351617
Hot Spicy Vegetable Mini Wontons,67,26,41,38.80597014925373
Organic Stage 2 Chicken Brown Rice Baby Food,921,399,522,43.32247557003257
Peanut Butter Banana,1,0,1,0.0
Black Truffles and Mushrooms,11,5,6,45.45454545454545
Burrito Size Flour Tortillas,366,178,188,48.63387978142077
Peachy Almondmilk Juice Smoothie,28,9,19,32.142857142857146
Peeled & De-veined Key West Pink Shrimp,10,1,9,10.0
Lemon Cupcakes,303,97,206,32.01320132013201
7 Deadly Zins,152,68,84,44.73684210526316
Superfood Orac Green Powder,9,2,7,22.22222222222222
Bisquick Heart Smart Pancake & Baking Mix,195,57,138,29.230769230769234
Honeysuckle Rose Conditioner,7,1,6,14.285714285714285
Super Dark Pomegranate And Goji Chocolate Bar,97,54,43,55.670103092783506
100% Pure Cider,242,79,163,32.64462809917356
"Face, Hand & Baby Wipes Fragrance Free",169,112,57,66.27218934911244
Teriyaki & Pineapple Chicken Meatballs,1700,884,816,52.0
Spicy Marinara Sauce,18,6,12,33.33333333333333
Cleaning Sponges Scotch-Brite Blue,96,11,85,11.458333333333332
Roasted & Salted Cheddar Cheese,147,65,82,44.21768707482993
Husked Coconut,5,0,5,0.0
Hachiya Persimmon,42,13,29,30.952380952380953
Natural Vegetable Laxative Plus Stool Softener Tablets,3,0,3,0.0
Total 2% All Natural Plain Greek Yogurt,16636,11539,5097,69.36162539071891
Fresh Cut Green Beans,1595,822,773,51.53605015673981
Sonoma Veggie Burger,10,2,8,20.0
Buttermilk Biscuit Mix,16,0,16,0.0
"Latex Free Ultimate Household Gloves, Small",5,1,4,20.0
Spikes Blackbean And Corn Medium Salsa,61,26,35,42.62295081967213
Authentic French Cheese & Cream Brioche,220,76,144,34.54545454545455
Fruit Bars Straw Tangerine,61,14,47,22.950819672131146
Ashwagandha Anti-Stress And Energy Caplets,17,0,17,0.0
"Gnocchi, Whole Wheat Potato",20,2,18,10.0
Organic Korean BBQ Seitan,32,6,26,18.75
Cinnamon Applesauce Pouch,14,3,11,21.428571428571427
Ultra Bath Tissue Rolls,2,0,2,0.0
Whipped Butter Cream Frosting,100,12,88,12.0
Quaker Life Cinnamon Cereal,4579,2512,2067,54.85913955012012
Adult Healthy Metabolism Cat Food,7,2,5,28.57142857142857
Deep Cleaning Pet Stain And Odor Remover Formula,16,2,14,12.5
Mo's  Milk Chocolate With Bacon Bar,49,18,31,36.734693877551024
Dark Chocolate Covered Almonds,201,128,73,63.681592039801
Hampton Creek,128,48,80,37.5
Fast-Max Maximum Strength Cold & Sinus Caplets,19,2,17,10.526315789473683
Mild  Buffalo Wing Sauce with Parmesan,175,47,128,26.857142857142858
Light Original Ranch Salad Dressing,803,266,537,33.125778331257784
Organic 4 Months Butternut Squash Carrots Apples + Prunes Baby Food,3238,2065,1173,63.7739345274861
European Bowl Brush & Caddy,9,4,5,44.44444444444444
Classic Romaine,286,145,141,50.6993006993007
"1,000 Mg Vitamin C Super Orange",76,12,64,15.789473684210526
Red Cooking Wine,181,43,138,23.756906077348066
Vanilla Syrup,159,76,83,47.79874213836478
Gluten Free Peanut Butter Cookies,27,12,15,44.44444444444444
Organic Flip for Flapjacks Pancake Mix,63,34,29,53.96825396825397
Aspen Flower Essence Anxiety Homeopathic Remedy,9,3,6,33.33333333333333
Bath Tissue Double Roll,105,62,43,59.04761904761905
Sugar Free Low Calorie Maple Flavor Syrup,38,30,8,78.94736842105263
Ceramic Pepper Grinder,3,0,3,0.0
Coconut Spray Oil,494,119,375,24.089068825910932
Caffeine Free Cola,95,59,36,62.10526315789474
Orange Blossom Raw Honey,23,5,18,21.73913043478261
Organic Plant Protein Yerba Mate Smooth Energy,11,1,10,9.090909090909092
Large 30 Gallon Trash Bags Roll,25,10,15,40.0
Red Jr. Shot Glass,5,0,5,0.0
San Francisco Giants Salted Roasted Peanuts in Shell,36,9,27,25.0
Radiant Super Tampons,36,13,23,36.11111111111111
Cookies 'n' Creme,129,72,57,55.81395348837209
Organic Cook Me Mixed Vegetables,8,1,7,12.5
Half Steam Pan,688,427,261,62.06395348837209
Finding Dory Graham Honey,25,4,21,16.0
325 mg Coated Aspirin Tablets,16,0,16,0.0
Disposable Nursing Pads,76,26,50,34.21052631578947
Peanut Butter Granola Bar,139,102,37,73.38129496402878
Lactose Free Blueberry Yogurt,1280,922,358,72.03125
Saline Enema,300,183,117,61.0
"Cheese, Pasteurized Process, Aged Cheddar, Horseradish",13,6,7,46.15384615384615
California Ripe Pitted Large Olives,457,213,244,46.608315098468275
Chicken Sausage Apple,430,223,207,51.86046511627907
"Potato Crisps, Original",24,13,11,54.166666666666664
For Spit-Up with Iron Infant Formula,18,12,6,66.66666666666666
Organic Up Beat Coffee Brew,307,226,81,73.61563517915309
Bag of Dutch Yellow Fingerling Potatoes,740,332,408,44.86486486486487
Salt Water Taffy,131,99,32,75.57251908396947
Extra Clean Medium Toothbrush,263,46,217,17.490494296577946
Clover Blossom Honey,318,126,192,39.62264150943396
Tea Tree & Blue Cypress Deodorant Stick,4,1,3,25.0
Dried Garlic,32,6,26,18.75
Organic Large Brown Grade AA Cage Free Eggs,32105,24927,7178,77.6421118205887
Sensitive Fragrance Free Anti-Itch Lotion,8,1,7,12.5
Cheese Delicato Tortellini,475,204,271,42.94736842105264
Organic Carob Soymilk,11,5,6,45.45454545454545
Tofu Shirataki Angel Hair Noodle Substitute,306,138,168,45.09803921568628
Whole Wheat Sourdough Bread,62,13,49,20.967741935483872
Pomodoro Sauce,6,1,5,16.666666666666664
Simply...Go-Gurt Mixed Berry Portable Low Fat Yogurt,153,86,67,56.209150326797385
Chunky Hearty Bean and Ham Soup,86,44,42,51.162790697674424
Fire Roasted Red Peppers With Garlic,34,9,25,26.47058823529412
Enamel Health Mouthwash,5,1,4,20.0
Fine Artisan Dark Chocolate Extra Dark 82% Cacao,29,15,14,51.724137931034484
Black Bean Tamales,482,244,238,50.62240663900415
Micellar Makeup Remover Wipes,107,32,75,29.906542056074763
Mighty Absorbent Paper Towels,577,279,298,48.353552859618716
Arbequina Olives Extra Virgin Olive Oil,5,0,5,0.0
Bomba Rice,15,1,14,6.666666666666667
American Grana Extra Aged Parmesan Cheese,57,14,43,24.561403508771928
All Natural Apple Juice Drink,56,42,14,75.0
Organic Soft Wheat Bread,5109,3743,1366,73.26286944607556
Gourmet Pork Tamales,2,1,1,50.0
"Wild Pink Salmon, No Salt Added",59,29,30,49.152542372881356
Unpeeled Halves in Heavy Syrup Apricots,19,9,10,47.368421052631575
Healthy Harvest Whole Grain Thin Spaghetti,35,20,15,57.14285714285714
Microwavable Mac & Cheese,1695,968,727,57.10914454277286
Organic Peppermint Mints,50,25,25,50.0
Signature Collection Oregon Pinot Gris,20,10,10,50.0
Original Fresh Salsa,180,105,75,58.333333333333336
Bacon & Peanut Butter Flavors Dog Snacks,6,1,5,16.666666666666664
Seitan Chops,11,4,7,36.36363636363637
Homestyle Healthy Request Chicken with Whole Grain Pasta,13,3,10,23.076923076923077
Apple Pie Instant Oatmeal,8,2,6,25.0
Decaf House Blend Coffee K-Cups,427,229,198,53.62997658079626
Cherry Limeade Sparkling Water,117,63,54,53.84615384615385
Seckel Pear,89,26,63,29.213483146067414
Lemon Ginger Kombucha,34,17,17,50.0
All Purpose Fine Tip Super Glue Singles,9,0,9,0.0
"Softly Facial Tissue Soft Touch, 2-Ply",46,17,29,36.95652173913043
"Cold Care, Original Drops",68,16,52,23.52941176470588
Organic Radish Sprouts,37,12,25,32.432432432432435
Peppermint Stripe Birthday Candles,65,7,58,10.76923076923077
Artesano Style Bread,844,587,257,69.54976303317537
"Red Wine Salami, Chianti",33,10,23,30.303030303030305
Power O's Toasted Cereal Original,143,92,51,64.33566433566433
"Graham Style Crackers, Gluten-Free, Cinnamon Grahams",371,172,199,46.36118598382749
Organic Caesar Complete Salad Kit,611,298,313,48.772504091653026
Dairy Free Pizza White Style,106,30,76,28.30188679245283
Coppertop AAA Alkaline Batteries,240,28,212,11.666666666666666
"Mish Mash, Fruit & Grain, Organic Whole Grain Snack, Apple Cinnamon Oats & Quinoa",6,0,6,0.0
Specialty Onion Sandwich Buns,7,1,6,14.285714285714285
Pineapple Lip Balm,4,0,4,0.0
Kosher Chicken Thighs,562,306,256,54.44839857651246
Ion4 Fruit Punch Sports Drink,120,77,43,64.16666666666667
Happiness Moisturizing Body Wash Bamboo Essence & Orange Blossom Scent,72,23,49,31.944444444444443
Ranch Original Topping & Dressing,990,343,647,34.64646464646465
Face Factor Moisturizing Sunscreen SPF 50,61,10,51,16.39344262295082
Honey Almond Soap Bar,2,0,2,0.0
100% Recycled Bath Tissue Rolls,4930,2531,2399,51.33874239350913
Stone Ground Garbanzo Bean Flour,976,262,714,26.84426229508197
Cola Cans,186,64,122,34.40860215053764
"Pita Chips, Baked, Parmesan Garlic & Herb Flavored",13,3,10,23.076923076923077
Chocolate Covered Strawberries Ice Cream,253,132,121,52.17391304347826
Pork & Beans,99,31,68,31.313131313131315
Grilling Planks,3,0,3,0.0
Midnight Blue Cutlery,61,24,37,39.34426229508197
Every Woman's One Daily Tablets,33,10,23,30.303030303030305
Zinc Picolinate,14,2,12,14.285714285714285
Organic Liquid Stevia Extract,6,0,6,0.0
Coco Roos Cereal,7,3,4,42.857142857142854
White Christmas,6,2,4,33.33333333333333
Kidney Beans in Chili Sauce Mild Chili Beans,16,4,12,25.0
Ultra Strength Assorted Berries Antacid,307,65,242,21.172638436482085
Fancy Eggplant,7805,3604,4201,46.175528507367076
Sea Salt Caramel ice Cream,18,7,11,38.88888888888889
Doubleshot Espresso & Cream Premium Coffee Drink,1148,780,368,67.94425087108013
Plain 2% Icelandic Yogurt,4,0,4,0.0
Sour Brite Crawlers Gummi Candy,673,313,360,46.50817236255572
Mixed Unsalted Nuts,19,9,10,47.368421052631575
Strawberry Banana Fruit Sandwich Bar,34,23,11,67.64705882352942
Organic Soymilk Plain,181,140,41,77.34806629834254
Naturals Bananas Stage 1,5,0,5,0.0
Traditional Low Sodium Chicken Broth,118,47,71,39.83050847457627
Healthy Kids Disney Princess Shaped Pasta In Chicken Broth Condensed Soup,263,170,93,64.63878326996198
Baby Brie,322,116,206,36.024844720496894
Dish & Sink Brush,26,2,24,7.6923076923076925
Snap Peas,9,0,9,0.0
Chocolate Almond Fudge Energy Bar,394,211,183,53.55329949238579
Craveables Four Cheese Pizza,1234,787,447,63.776337115072934
Comfort Bakes - Scalloped Potatoes in a Creamy Cheese Sauce with Ham,26,11,15,42.30769230769231
Original Oak,21,10,11,47.61904761904761
Apple Cinnamon Hot Oatmeal,770,466,304,60.51948051948052
Roasted & Salted Pumpkin Seeds,4,1,3,25.0
2X Concentrated Clean Burst Laundry Detergent,351,113,238,32.193732193732195
Whole Nutrition Bar Chocolate Cupcake,412,272,140,66.01941747572816
Organic Ice Cream Cones,882,303,579,34.35374149659864
Large Household Gloves,314,83,231,26.43312101910828
Organic Yellow Potato Bag,40,12,28,30.0
Tomato Sauce Classic,24,11,13,45.83333333333333
Alum,7,1,6,14.285714285714285
Sleek Super Absorbency Tampons,11,4,7,36.36363636363637
Home Style Fat Free Gravy - Savory Beef,6,2,4,33.33333333333333
Grapefruit Fizz Water,295,185,110,62.71186440677966
Smoky Gourmet Barbeque Sauce,9,1,8,11.11111111111111
Organic Beans And Cheese Burrito,1628,791,837,48.58722358722359
Gluten Free Dark Chocolate Cocoa Breakfast Bars,330,169,161,51.21212121212121
Dark Chocolate Acai Blueberry,969,480,489,49.53560371517028
Toasted Coconut Chips,339,157,182,46.312684365781706
Oatmeal Squares Brown Sugar,3967,2418,1549,60.952861104108905
Organic Tortillas,107,71,36,66.35514018691589
Ultra Orginal Concentrated Dish Liquid,159,41,118,25.78616352201258
Seltzer Blueberry Lemonade,1,0,1,0.0
Madras Curry Powder,20,1,19,5.0
Food Enzyme Dietary Supplement,39,19,20,48.717948717948715
Hello Kitty Fun Bunch Frozen Ice Pops,20,4,16,20.0
30 Dose Laxative Powder,127,39,88,30.708661417322837
Alkaline 9V Batteries,130,9,121,6.923076923076923
Indian Major Grey's Mango Chutney,14,3,11,21.428571428571427
Signature Classics Southwest-Style Chicken Panini,9,4,5,44.44444444444444
Barbera D' Alba,8,2,6,25.0
Goldfish Original Baked Snack Crackers,1544,964,580,62.43523316062176
Curate Cherry Lime Sparkling Water,8974,5985,2989,66.69266770670826
Spanish Caperberries,50,30,20,60.0
Flavors Hazelnut Mountain Grown Ground Coffee,53,27,26,50.943396226415096
Tropical Punch Unsweetened Soft Drink Mix,79,37,42,46.835443037974684
Tall Kitchen Bags Drawstring Fresh Lemon 13 Gal,93,20,73,21.50537634408602
Calendula Ointment,44,5,39,11.363636363636363
In-Wash Scent Booster,4,0,4,0.0
Anti-Diarrheal Tablets,12,4,8,33.33333333333333
Frozen Mozzarella String Cheese,50,20,30,40.0
Beef With Vegetables & Barley Condensed Soup,41,18,23,43.90243902439025
Avocado Hommus,276,68,208,24.637681159420293
Oil Free Carrot & Ginger Dressing Marinade,14,3,11,21.428571428571427
Vegetable Chips,711,354,357,49.789029535864984
Graduates Lil' Crunchies Apple & Sweet Potato Snack,156,76,80,48.717948717948715
Gluten Free Spaghetti Organic,2,0,2,0.0
Original Lotion,27,3,24,11.11111111111111
Gluten Free Spinach And Cheese Ravioli,36,19,17,52.77777777777778
Shortbread Cookies Variety Pack,56,35,21,62.5
Cat Treats - Savory Salmon,171,104,67,60.81871345029239
Chips Deluxe Original Cookies,36,16,20,44.44444444444444
Cherry Pie Filling and Topping,30,5,25,16.666666666666664
Oatmeal Facial Scrub,24,7,17,29.166666666666668
Vending Pack Flaming Hot Cheetos Bags,134,83,51,61.940298507462686
Danimals Smoothies Strikin' Strawberry Kiwi Smoothie Drink,81,56,25,69.1358024691358
Fat Free Chocolate Milk,5,0,5,0.0
Mint Sauce,12,2,10,16.666666666666664
Double Control Ant Bait,107,10,97,9.345794392523365
"Maxi Always Maxi Regular with Wings, 36 Count Feminine Care",9,4,5,44.44444444444444
Daily Signature Mint Shampoo,10,1,9,10.0
Organic Flour Tortillas,2660,1586,1074,59.62406015037593
Sandwich Rolls,173,57,116,32.947976878612714
Dark Caffe Verona Whole Bean Coffee,120,62,58,51.66666666666667
Organic Free Range Grade A Large Brown Eggs,2808,2097,711,74.67948717948718
Frozen German Chocolate Layer Cake,22,5,17,22.727272727272727
Chicken Alfredo & Penne Classic Meal for 2,380,248,132,65.26315789473685
Organic Forest Berry Cream On Top Whole Milk Yogurt,650,446,204,68.61538461538461
No Sugar Added Packed in Water Fruit Cocktail,69,28,41,40.57971014492754
Peanut Butter Dark Chocolate Chunk,54,16,38,29.629629629629626
Organic Cucumber,80392,56051,24341,69.7221116529008
Bio Active Manuka Honey with Ginger,3,0,3,0.0
Newman's Special Decaf Extra Bold Medium Roast K-Cup Packs,132,80,52,60.60606060606061
Nesquik Chocolate Syrup,198,83,115,41.91919191919192
Healthy Request Spicy Vegetable Chili Soup,16,5,11,31.25
Take & Toss Spill Proof 9 M+ Cups,92,31,61,33.69565217391305
Milk Chocolate Chocolate Candies,71,23,48,32.3943661971831
Sugar Free Peppermint Chewing Gum,78,36,42,46.15384615384615
Wrigley's Juicy Fruit Gum,57,26,31,45.614035087719294
Gluten Free Multi Grain Penne Pasta,145,51,94,35.172413793103445
Ooh-La-La Lavender Scent Antiperspirant & Deodorant Clear Gel,11,2,9,18.181818181818183
Quencher Pomegranate Limeade Drink,20,3,17,15.0
Gluten Free Toasted Onion Crackers,80,53,27,66.25
Extra Whitening Sensitivity Protection Toothpaste Twin Pack,77,24,53,31.16883116883117
Zero Cream Soda,96,68,28,70.83333333333334
Butternut Squash,9458,3873,5585,40.94946077394798
Pumpkin Pie,1018,279,739,27.406679764243613
Fresher Collection Timber Scent Men's Body Wash,23,7,16,30.434782608695656
Gallon Size with Ties Storage Bags,34,12,22,35.294117647058826
Graduates Lil' Meals Pasta Stars With Chicken & Vegetables,14,5,9,35.714285714285715
Organic Lemon Flavor Recharge Thirst Quencher With Electrolytes,693,519,174,74.89177489177489
Jamaican Style Ginger Beer,119,33,86,27.73109243697479
Charcoal Briquets Easy Light Bag,4,1,3,25.0
Bean Sprouts in Water,23,8,15,34.78260869565217
"Truffle, Sea Salt",70,43,27,61.42857142857143
Chipotle Peanuts,5,0,5,0.0
Tolnaftate Powder Spray Antifungal,5,2,3,40.0
Orange Cream Soda,80,38,42,47.5
Classic Clean Daily Shampoo,92,25,67,27.173913043478258
"Arugula, Kale, Apple, Romaine, Celery, Cucumber, Lemon, Ginger Cold Pressed Juice",1469,891,578,60.65350578624915
Carrot Crisps,7,2,5,28.57142857142857
Grapefruit,208,88,120,42.30769230769231
Vanilla Whipped Frosting,16,2,14,12.5
Thousand Island Salad Dressing,65,17,48,26.153846153846157
Chewy Chocolate Chip Granola Bars,531,323,208,60.8286252354049
Advanced Adult's Probiotic Vegetarian Capsules,42,12,30,28.57142857142857
Accents Organic Sprouted Quinoa Trio,352,111,241,31.53409090909091
Baked Cheddar Bunnies Crackers,482,234,248,48.54771784232365
Whole Wheat Penne Rigate Pasta,23,10,13,43.47826086956522
Reduced Fat Sea Salt Potato Chips,346,199,147,57.51445086705203
Anise Liqueur,7,1,6,14.285714285714285
Women's Health Magazine,7,2,5,28.57142857142857
Regular Strength Pain Reliever & Fever Reducer,93,9,84,9.67741935483871
Caprese Duet Ravioli,98,42,56,42.857142857142854
Apple Dapples Cereal,104,74,30,71.15384615384616
Floradix Iron Supplement,5,0,5,0.0
Lemongrass Pure Essential Oil,36,3,33,8.333333333333332
Organic Ground Yellow Mustard,5,0,5,0.0
Strawberry Lemonade Liquid Drink Mix,141,76,65,53.90070921985816
Chocolate Crepes,2054,1625,429,79.11392405063292
V-Fusion Energy Pomegranate Blueberry,243,159,84,65.4320987654321
Low Fat Vanilla Yogurt,7259,4857,2402,66.91004270560683
Matcha To Go Sticks,5,2,3,40.0
Honey French Dressing,26,15,11,57.692307692307686
Jumbo Shell Noodles,12,0,12,0.0
All Natural Chicken Livers,46,19,27,41.30434782608695
Low Carb Energy Drink,103,53,50,51.45631067961165
Just Honeycrisp Apples,5,2,3,40.0
Oriental Stir Fry,130,43,87,33.07692307692307
Creamy Almond Butter,21490,12178,9312,56.66821777570963
"Pasta & Enchilada Sauce, Organic, 7 Veggie",1,0,1,0.0
No Salt Roasted Almonds,6,0,6,0.0
Orange & Cinnamon Spice Herbal Tea,9,3,6,33.33333333333333
"Fenugreek Seed, 610 mg, Capsules",36,3,33,8.333333333333332
Whole Kernel Fiesta Corn with Red & Green Peppers,15,3,12,20.0
Key Lime Cilantro Taco Skillet Sauce with Roasted Tomatillo & green Chile,650,215,435,33.07692307692307
Chamomile & Calendula Calming Baby Oil,13,10,3,76.92307692307693
Regular Mouth Lids with Bands,5,0,5,0.0
Organic Grade A Dark Amber Maple Syrup,290,126,164,43.44827586206896
Sliced Natural Muenster Cheese,11,5,6,45.45454545454545
Organic Multigrain Mild Green Mojo Tortilla Chips,1239,782,457,63.115415657788546
Aloe Bar Soap,6,1,5,16.666666666666664
Organic Simply Stock Unsalted Chicken Stock,3804,1418,2386,37.27655099894848
Original Beef Flavor Dog Snacks,332,216,116,65.06024096385542
Pecan Crowns Chocolates By Whitman Candies,3,0,3,0.0
Awesome Strength Double Rolls Kitchen Paper,2,0,2,0.0
Flawless Curls Extra Hold Mousse,60,7,53,11.666666666666666
Ready To Drink Chocolate Fudge Dietary Supplement,6,2,4,33.33333333333333
Darjeeling Black Tea Blend,48,27,21,56.25
Fig & Cardamon Candle,9,1,8,11.11111111111111
Organic Kids Berry Cherry Flavor Probiotic Chews,949,529,420,55.74288724973656
Vanilla Latte Frothing Coffee Creamer,8,0,8,0.0
Sesame Seeds,28,0,28,0.0
Garlicky Pita Bread,12,1,11,8.333333333333332
REV #13 Bacon Club,15,5,10,33.33333333333333
ProActive Health Adult Small Toy Breed Premium Dry Dog Food,19,8,11,42.10526315789473
Bausch & Lomb Sensitive Eyes Plus Saline Solution,64,18,46,28.125
Organic Raw Walnut Banana High Protein Warrior Bar,75,31,44,41.333333333333336
C&W Broccoli Florets,61,17,44,27.86885245901639
"Tomatoes, Whole Peeled",6213,3062,3151,49.2837598583615
Kombucha Pomtastic Blueberry,19,9,10,47.368421052631575
Calrose Rice,1453,706,747,48.589125946317964
Dulce De Leche Sugar Free Pudding,202,100,102,49.504950495049506
Paleo Baking Flour,28,4,24,14.285714285714285
Cherry Vanilla Creme Zero Calorie Stevia Soda,33,17,16,51.515151515151516
Organic Sweet Cherries,1086,477,609,43.92265193370166
G Series Perform Frost Tropical Mango Sports Drink,10,5,5,50.0
Cheese Filled Crumb Coffee Cake,27,9,18,33.33333333333333
Original Hummus,71314,51690,19624,72.48226154752223
Simple Mornings Blueberry Streusel with Crumb Topping Muffin Mix,138,69,69,50.0
Slow Churned Fat Free Chocolate Fudge Brownie Frozen Yogurt,37,21,16,56.75675675675676
French Vanilla Half+Half,1317,805,512,61.123766135155655
Original Bacon Flavor Dog Snacks,2,0,2,0.0
Organic Mango Slices,2777,2022,755,72.81238746849118
"Signature Egg, Sausage, Cheese & Potato Burritos",85,57,28,67.05882352941175
Crumbled Danish Blue Cheese,41,3,38,7.317073170731707
Organic Just Cherries,62,30,32,48.38709677419355
Classics Canine Cuisine Variety Pack Wet Dog Food,39,25,14,64.1025641025641
Special Blend Lemonade,56,44,12,78.57142857142857
Steamable Broccoli Florets,422,193,229,45.7345971563981
Sun-Dried Tomatoes Halves With Herbs,44,12,32,27.27272727272727
"Turkey Meatballs, Dinner Size, Flame Broiled",109,48,61,44.03669724770643
Original Salted Kettle Style Tortilla Chips,40,26,14,65.0
Cucumber Mint Sparkling Water,53,21,32,39.62264150943396
Gluten Free Class French Dinner Rolls,793,331,462,41.740226986128626
Hummus Roasted Pepper,572,306,266,53.4965034965035
Gravy Sensations Poultry Favorites Variety Pack Cat Food,96,56,40,58.333333333333336
White Flesh Nectarine,15,6,9,40.0
Cheeseburger Macaroni Home Cooked Skillet Meal,94,38,56,40.42553191489361
Ginger Kombucha,78,49,29,62.82051282051282
Thin & Crispy Crust Four Cheese Pizza,949,537,412,56.58587987355111
Lemon Dishwasher Detergent + Clorox Stain Fighting,233,101,132,43.34763948497854
Vegetarian Calcium + Vitamin D3 Sour Flavored Gummy Bears,14,2,12,14.285714285714285
Perio Brite Natural Mouth Wash Cool Mint,75,28,47,37.333333333333336
Peanut Butter Brownie Bliss Rich Chocolate Brownie Layered With Creamy Real Peanut Butter,79,47,32,59.49367088607595
Gluten Free Cinnamon Thin Cookies,116,35,81,30.17241379310345
Cut Corn,259,128,131,49.42084942084942
Low Fat Ice Cream Bars Mint Fudge Swirl,220,122,98,55.45454545454545
Easy Open Field Greens Salad Bag,14,7,7,50.0
Fire Roasted Pizza Sauce,132,37,95,28.030303030303028
Tan Mailing Tape,7,0,7,0.0
Cookie Dough Protein bars,80,45,35,56.25
Chilled Orange Strawberry Banana Juice,14,6,8,42.857142857142854
"HE Liquid Laundry Detergent with Downy, April Fresh scent",87,32,55,36.7816091954023
"Bacon, Egg & Cheese Biscuit Sandwiches",241,115,126,47.71784232365145
Essentials Bathroom 2 Ply Soft Giant Roll Tissue,9,1,8,11.11111111111111
Ph 9+Purified Water With Electrolytes,13,6,7,46.15384615384615
Naturally Smoked Gouda Cheese,13,3,10,23.076923076923077
Stage 2 Pear Pumpkin Baby Food,1097,622,475,56.70009115770283
"Mounds Bars Dark Chocolate , Snack Size",11,5,6,45.45454545454545
2% Lowfat Cottage Cheese,79,56,23,70.88607594936708
Chunky New England Clam Chowder,589,269,320,45.67062818336163
Zinc & Sage Shampoo,73,31,42,42.465753424657535
Creamy Chicken Flavor Ramen Noodle Soup,271,141,130,52.02952029520295
"Dish Liquid, Ultra Concentrated, Aloe",263,82,181,31.1787072243346
Multigrain Bread Artisan Sandwich,297,179,118,60.26936026936027
Oil Wok,2,0,2,0.0
Delicatessen Style Pepperoncini,15,2,13,13.333333333333334
Eggo Thick & Fluffy Minis Chocolate Delight Waffles,31,19,12,61.29032258064516
RAW Meal Chocolate Cacao,42,9,33,21.428571428571427
The Petroleum Jelly Alternative,18,1,17,5.555555555555555
"Organic Baby Food Apricot, Peach & Pumpkin",146,86,60,58.9041095890411
Herring In Wine Sauce,116,38,78,32.758620689655174
Skin Calming Daily Moisturizing Creme,50,16,34,32.0
30% Less Sodium Brown Gravy Mix,88,22,66,25.0
Caribbean Passion All Natural Smoothies,77,30,47,38.961038961038966
Flour Tortillas For Burritos,36,8,28,22.22222222222222
Cocoa,273,63,210,23.076923076923077
Strawberry Banana,350,232,118,66.28571428571428
White Mushroom,4,0,4,0.0
Farmstyle Greek Old Fashioned Vanilla Strained Lowfat Yogurt,450,329,121,73.11111111111111
Organic Unsweetened Cocoa,108,35,73,32.407407407407405
Original Snack Mix 40 Ounce,548,264,284,48.175182481751825
Party Cups Plastic 18 oz,59,19,40,32.20338983050847
Churros,34,7,27,20.588235294117645
Angel Hair Marinara Savory Italian Recipes,30,14,16,46.666666666666664
Manzano Banana,282,113,169,40.0709219858156
Pretzel Slider Buns,863,480,383,55.61993047508691
Certified Compostable Food Waste Bags 3 Gallon,536,187,349,34.88805970149254
Custard Yogurt Blueberry,31,12,19,38.70967741935484
Plain Bagelettes,5439,3889,1550,71.50211435925722
Tasty Treasures With Ocean Fish in Sauce,48,18,30,37.5
Strained Non-Fat Strawberry Icelandic Style Skyr Yogurt,750,341,409,45.46666666666667
Port Wine,12,4,8,33.33333333333333
Extra Hot Peri-Peri Sauce,46,24,22,52.17391304347826
Chocolate Flavor Warrior Blend Raw Vegan Protein,60,29,31,48.333333333333336
Unsweet Watermelon Sparkling Water,355,222,133,62.53521126760564
Go Fresh Cool Essentials Anti-Perspirant Deodorant,62,4,58,6.451612903225806
Infants Pain Reliever and Fever Reducer Berry Drops,205,94,111,45.85365853658537
Mozzarella,593,298,295,50.252951096121414
Bare Fruit Banana Chips,1033,538,495,52.08131655372701
Chunky Healthy Request Old Fashioned Vegetable Beef,51,16,35,31.372549019607842
Spinaci e Ricotta Ravioli,267,90,177,33.70786516853933
Hazelnut Chocolate Chip Gelato,729,235,494,32.23593964334705
Flamin' Hot Flavored Corn Chips,41,27,14,65.85365853658537
Capellini No. 1,39,9,30,23.076923076923077
Lifewater 0 Cal Black and Blue Berry Vitamin Enriched Water,111,72,39,64.86486486486487
Organic Unscented Baby-Mild Pure Castile Liquid Soap,71,8,63,11.267605633802818
Orange Mango Juice Cocktail,50,32,18,64.0
Medium Round Containers & Lids,26,2,24,7.6923076923076925
Organic Tulsi Turmeric Ginger Stress-Relieving & Harmonizing Caffeine Free Herbal Supplement,144,33,111,22.916666666666664
Natural Champagne,4,0,4,0.0
Flaked Coconut Unsweetened,474,81,393,17.088607594936708
Sharp Cheddar Shredded Cheese,1243,563,680,45.29364440868866
Soymilk Non Dairy Frozen Dessert Gluten Free Cookie Dough,146,56,90,38.35616438356164
Big Bang K Cup,61,28,33,45.90163934426229
Chipotle Cheddar Cheese,12,6,6,50.0
"8\"" Flour Tortillas De Harina",621,303,318,48.792270531400966
Soy Ginger Sauce,577,153,424,26.51646447140381
Ezekiel 4:9 Sprouted Grain Spaghetti Pasta,33,10,23,30.303030303030305
Cinnamon Brown Sugar Breakfast Biscuits,3505,2490,1015,71.0413694721826
Coconut Oil Popcorn,619,371,248,59.935379644588046
Frosted Cherry Pop-Tarts Toaster Pastries,323,135,188,41.795665634674926
Unstopables Glow In-Wash Scent Booster Fabric Enhancer,15,5,10,33.33333333333333
Sport Strip Extra Wide Adhesive Bandages,67,9,58,13.432835820895523
Tomato Puree No Salt Added,69,20,49,28.985507246376812
French Vanilla Coffee Creamer,2990,2169,821,72.54180602006689
Bold Taco Dinner Kit with Nacho Cheese Flavored Taco Shells,35,8,27,22.857142857142858
Homemade Vodka Sauce,1860,914,946,49.13978494623656
Pilsner,17,10,7,58.82352941176471
Buddy Biscuits Bacon & Cheese Soft & Chewy Dog Treats,22,6,16,27.27272727272727
California Style Coarse Grind Blend Garlic Pepper,7,2,5,28.57142857142857
Spicy Kettle Corn,8,2,6,25.0
32 oz UHT Eggnog Eggnog,944,256,688,27.11864406779661
"Fragrance Free Olive & Aloe, Deep Moisturizing  Lotion",31,9,22,29.03225806451613
Eucerin® Lip Repair Ointment,44,5,39,11.363636363636363
Black Elderberry Syrup,304,90,214,29.605263157894733
Pineapple Yogurt Bars,6,2,4,33.33333333333333
Assorted Halloween Cupcakes,14,1,13,7.142857142857142
Dark Chocolate With Cacao Nibs 72% Cocoa Chocolate,474,314,160,66.24472573839662
Mission Figs,155,72,83,46.45161290322581
Cotton Breeze Air Freshener,31,15,16,48.38709677419355
Crest 3D White Radiant Mint,7,1,6,14.285714285714285
Organic Qia Superfood Breakfast Cereal,120,65,55,54.166666666666664
Raw Cacao Butter,15,1,14,6.666666666666667
Hemp Date Nut Dairy-Free Ice Cream,11,2,9,18.181818181818183
Creme Caramel Flan,546,293,253,53.663003663003664
Plain Unsalted Rice Cakes,681,348,333,51.10132158590308
Refresh Black Cherry Limeade,67,37,30,55.223880597014926
Roasted Garlic & Olive Oil Pearled Couscous,1301,518,783,39.815526518063024
Garlic Herb Nut Cheese,83,18,65,21.686746987951807
Shrimp Scampi,137,53,84,38.68613138686132
Unsweetened 100% Cocoa,934,154,780,16.488222698072803
Sliced Beef Liver,25,12,13,48.0
Semisweet Dark Chocolate,14,7,7,50.0
Calcium Magnesium Zinc,12,0,12,0.0
Crispy Golden Spud Puppies,284,143,141,50.352112676056336
13 Gallon Tall Trash Bags,7,1,6,14.285714285714285
Southwest Couscous Salad,24,17,7,70.83333333333334
"Yogurt, Sheep Milk, Blackberry",966,708,258,73.29192546583852
Red Enchilada Sauce Mix,5,0,5,0.0
Organic Chimichurri Seasoning,22,4,18,18.181818181818183
Veggie Cheese & Pretzel Snack Pac Prepacked,2188,1393,795,63.665447897623395
Riserva Porcini Mushrooms & White Truffle Oil,9,1,8,11.11111111111111
Lactose Free Yogurt Plain,2704,2069,635,76.51627218934911
Vitamin C Renewal Soothing Lip Balm,22,7,15,31.818181818181817
Hickory Brussel Sprouts,7,1,6,14.285714285714285
White Paper Towels,1933,777,1156,40.19658561821004
Organic Orange Juice,9403,7219,2184,76.77337020099968
"Sausage, Smoked Chicken, Organic, Spinach & Feta",51,12,39,23.52941176470588
Family Reserve Single Serve Vanilla Nut Medium Roast Coffee,58,36,22,62.06896551724138
Belgian Chocolate S'more Gelato Sandwich,5,1,4,20.0
Double Zipper 2 Gallon Freezer Bags,263,56,207,21.292775665399237
Organic French Roast,8,4,4,50.0
Pulled Pork,421,178,243,42.280285035629454
"Prunes, Pitted, Bite Size",30,8,22,26.666666666666668
Oven Roasted Shaved White Turkey,78,34,44,43.58974358974359
Sugar Free Spearmint Gum Value Pack,146,77,69,52.73972602739726
Classic Clean 2in1 Dandruff Shampoo,57,14,43,24.561403508771928
Mushroom Lover's Veggie Burgers,11,8,3,72.72727272727273
Fun Shapes! Mixed Pack,163,83,80,50.920245398773
Halogen Soft White 53 Watt Light Bulbs,11,0,11,0.0
Boom Chicka Pop. Dark Chocolatier Sea Salt Kettle Corn,23,10,13,43.47826086956522
Translucent Bronzing Tint,3,0,3,0.0
Hands & Face Citrus Scent Antibacterial Wipes,12,4,8,33.33333333333333
Organic Marjoram,59,9,50,15.254237288135593
Cheddar Cheese Alternative,243,67,176,27.572016460905353
Dark Chocolate Almond & Coconut Fruit & Nut Bar,681,448,233,65.7856093979442
Medium Bag Peanut Milk Chocolate Candies,983,558,425,56.76500508646999
Golden Mint Jelly,4,0,4,0.0
Lower Sugar Maple & Brown Sugar Instant Oatmeal,1395,695,700,49.82078853046595
Cranberry Watermelon Probiotic Juice Drink,539,297,242,55.10204081632652
Lean Beef Franks,42,24,18,57.14285714285714
Organic Beef Base,856,114,742,13.317757009345794
Chinese Long Beans,42,16,26,38.095238095238095
Grain Free Tuna Mackerel & Carrot Recipe in Gravy Cat Food,40,12,28,30.0
Daily Protection Body Lotion SPF 15,7,0,7,0.0
Half Baked Frozen Yogurt,2844,1289,1555,45.32348804500703
"A Blend of Cream, Butter, Parmesan Cheese and a Hint of Nutmeg Alfredo Sauce",466,220,246,47.21030042918455
One Beyond Grain Free Arctic Char & Spinach,3,0,3,0.0
Extra Strength Carpet Odor Eliminator,39,10,29,25.64102564102564
Seeded Honey Wheat Organic Bread,146,70,76,47.94520547945205
Harissa Hot Sauce,71,5,66,7.042253521126761
Blueberry Toaster Bagels,48,21,27,43.75
Edamame Soybeans in Pods,984,466,518,47.357723577235774
Sliced Havarti Dill Cheese,129,62,67,48.06201550387597
Low Salt Whole Kernel Corn,118,37,81,31.35593220338983
Rosemary & Olive Oil Flatbread,791,394,397,49.81036662452591
Lavender Lavender Flower,9,2,7,22.22222222222222
Slider Freezer Bag Gallon,289,89,200,30.79584775086505
Pineapple Soda Fridge Pack,48,26,22,54.166666666666664
Yeast Extract,280,105,175,37.5
Puffins Peanut Butter & Chocolate Cereal,618,271,347,43.85113268608414
Fast-Max Day & Night Cold & Flu Relief Liquid,7,0,7,0.0
Pure Vanilla Powder,20,7,13,35.0
California Cabernet Sauvignon,47,15,32,31.914893617021278
"Air Freshener, Electric, Refreshing Lime & Grapefruit",5,0,5,0.0
"Soup & Dip Mix, Onion",38,9,29,23.684210526315788
Regenerist Moisturizer Regenerating Lotion With SPF 15,7,1,6,14.285714285714285
Squeezed Lemonade Fruit Juice,77,61,16,79.22077922077922
"Vitamin E-Oil 30,000 IU Vegetarian Formula",7,0,7,0.0
Kurly Straws,14,2,12,14.285714285714285
"Herbal Tea, Organic, Chamomile, Caffeine Free, Bags",60,11,49,18.333333333333332
Ocean Breeze Shampoo,25,3,22,12.0
Milk Chocolate Bar,1627,805,822,49.477566072526116
Eggo Homestyle Waffles,8880,5335,3545,60.07882882882883
Organic Salsa Medium,29,5,24,17.24137931034483
Pecans,35,4,31,11.428571428571429
All Natural Dressing & Marinade Soy Ginger,86,17,69,19.767441860465116
Angel Food Cake,1078,376,702,34.87940630797773
Sweet & Salty Nut Chocolate Pretzel Nut Granola Bars,78,27,51,34.61538461538461
Hampshire 100% Natural Grade A Pasteurized Sour Cream,397,195,202,49.1183879093199
"360 Optic White Toothbrush, Soft",216,49,167,22.685185185185187
Riverstone Chardonnay,147,55,92,37.41496598639456
"Macaroons, Lemon Ginger",84,23,61,27.380952380952383
805 Blond Ale,96,43,53,44.79166666666667
Organic Ground Chicken Breast,1499,780,719,52.03468979319547
Milk Chocolate With Almonds Giant Candy Bar,16,7,9,43.75
Rustic Country White Sandwich Bread,830,492,338,59.27710843373494
Sheep Milk Pizza,120,65,55,54.166666666666664
Cocktail Shrimp,2,0,2,0.0
Olive Oil Vinaigrettes Italian Dressing,22,8,14,36.36363636363637
Ultimate Omega Xtra,16,7,9,43.75
Sunny Millet Whole Grain Bread,19,8,11,42.10526315789473
Energy Bar,8,2,6,25.0
Whipped Sweet Cream Butter,44,15,29,34.090909090909086
Organic Ranch Salad Dressing,212,58,154,27.358490566037734
Unsweetened Pure & Smooth  Green Tea,1531,1173,358,76.61659046374918
Kids Alphatots Family pack,255,151,104,59.21568627450981
Sugar Snap Peas,14120,7260,6860,51.41643059490085
No Beans Chili,894,374,520,41.83445190156599
Peppermint Ice Cream,22,6,16,27.27272727272727
Tuna Creations Herb & Garlic Tuna,115,51,64,44.34782608695652
All Black Cherry Juice,6,1,5,16.666666666666664
Reduce Fat Yellow Chips,40,27,13,67.5
Organic Assam Black Tea,607,468,139,77.1004942339374
Vanilla Almond Fit Granola,2740,1317,1423,48.065693430656935
Rosewater & Glycerin With Atomizer Flower Water,19,4,15,21.052631578947366
Mild Thai Green Curry Paste,150,33,117,22.0
"Truffles, Organic, Darkest Cacao",138,71,67,51.449275362318836
Pure Cane Granulated White Sugar,2422,988,1434,40.79273327828241
Organic Blackberry Fruit Spread,33,11,22,33.33333333333333
Turkey and Seafood Cat Food,10,1,9,10.0
Antibacterial Orange Dishwashing Liquid,21,5,16,23.809523809523807
Advance Powder,52,20,32,38.46153846153847
Hard Cider Crisp Apple,111,44,67,39.63963963963964
Original Vanilla Low Fat Yogurt,112,66,46,58.92857142857143
Milk Chocolate Pretzel Dips,31,7,24,22.58064516129032
"EZ Foil Cake Pans, 8\"" - 3 pans",6,1,5,16.666666666666664
Take 5 Snack Size Candy,71,41,30,57.74647887323944
Splash Diet Berry Blend,17,6,11,35.294117647058826
Veggie Pepperoni Pizza,289,151,138,52.24913494809689
"Shaving Gel, Organic, Unscented",16,0,16,0.0
Classic Tender Liver & Chicken Feast Cat Food,629,453,176,72.01907790143083
Organic Bulgarian Yogurt,699,495,204,70.81545064377683
Organic Peanut Butter Milk Chocolate Bar,445,280,165,62.92134831460674
Dentotape® Unflavored Waxed Tape,19,13,6,68.42105263157895
Cheese & Garlic Croutons,33,16,17,48.484848484848484
"Wheat Grass Juice, Organic",62,23,39,37.096774193548384
Chocolate Fudge High Protein Bars,108,44,64,40.74074074074074
All-Purpose Flour,626,253,373,40.415335463258785
Meat & Cheese Tray,466,226,240,48.497854077253216
Organic Red Lentil Penne,1206,694,512,57.54560530679934
Wheels & Cheese,332,210,122,63.25301204819277
Smoked Mild Alaskan Sockeye Salmon,195,66,129,33.84615384615385
Mandarin Clementine  Bag,3309,1474,1835,44.54517981263221
16 Oz White Plastic Tumbler Glasses,5,0,5,0.0
Mexican Red Guajillo Chile Cooking Sauce,11,3,8,27.27272727272727
Freezer Gallon Bags,1429,275,1154,19.244226731980408
Children's Natural Grape Flavor Cough Syrup,6,0,6,0.0
Mega Milk Chocolate Peanuts,14,6,8,42.857142857142854
Hot & Sour  Chinese Style Egg Flower Soup Mix,15,6,9,40.0
Garden Vegetable Soup,346,152,194,43.93063583815029
Cinnamon Raisin Bagels,1422,862,560,60.618846694796055
Almond Ice Cream Bars,201,94,107,46.766169154228855
Omega 3 Gummies,29,9,20,31.03448275862069
Low Sodium Sweet Peas,40,27,13,67.5
Watermelon & Raspberry Flavored Coconut Water,10,0,10,0.0
Natural Broccoli Rabe,19,8,11,42.10526315789473
Party Mix Candy,11,2,9,18.181818181818183
Spearmint Sugar Free Gum,246,138,108,56.09756097560976
Party Mix Original Flavor Crunch Cat Treats,33,7,26,21.21212121212121
Unsweetened Lemongrass Green Tea,59,32,27,54.23728813559322
Organic French Roast Ground Coffee,2074,1223,851,58.968177434908384
Kid's Cold & Mucus Relief,8,0,8,0.0
Organic Raw Kombucha Gingerade,20707,15880,4827,76.68904235282754
Organic Classic Hummus,1273,729,544,57.2663000785546
Ultra Original Scent Dishwashing Liquid 38 Fl Oz Dish Care,385,87,298,22.597402597402596
Cleansing Facial Wipes,89,34,55,38.20224719101123
Exceptional Lavender Fabric Softener He 42 Loads,17,7,10,41.17647058823529
Hershey's Milk Chocolate Frosting,28,2,26,7.142857142857142
Fresh Body Wash High Endurance,34,9,25,26.47058823529412
Sensitive Post Shave Balm,30,6,24,20.0
Organic Restaurant Style  Sea Salt & Lime Tortilla Chips,1301,664,637,51.037663335895466
U.T. Vibrance Crisis Intervention Formula,12,2,10,16.666666666666664
Monoarabica Brazilian Whole Bean Coffee,9,4,5,44.44444444444444
Crispy Crowns! Seasoned Shredded Potatoes,329,166,163,50.455927051671736
Sprouted Seed Spelt Bread,84,53,31,63.095238095238095
Chocolate Hazelnut Ice Cream Bars,50,14,36,28.000000000000004
Strawberry Starburst Gum,42,31,11,73.80952380952381
Nama Shoyu Soy Sauce,15,3,12,20.0
Reduced Fat Kettle Cooked Cream Cheese & Chive Potato Chips,14,3,11,21.428571428571427
Platinum Fresh Scent ActionPacs Dishwasher Detergent,8,0,8,0.0
Cold Pressed  Extra Virgin Olive Oil,32,11,21,34.375
Sesame Seaweed Salad,3565,2369,1196,66.45161290322581
Strawberry Gem Fruit Spread,315,167,148,53.01587301587302
Roasted  Almond Butter,14,3,11,21.428571428571427
Pro-V Curl Perfection Shampoo for Curly Hair,21,8,13,38.095238095238095
Organic Whole Wheat 7 Grain Bread,150,61,89,40.666666666666664
Parmesan Cheese Shaker,5,1,4,20.0
Classic Original Mint Mouthwash,191,71,120,37.17277486910995
Mint Whitening Gel Toothpaste,11,8,3,72.72727272727273
ProActive Health Dry  Kitten Food,11,3,8,27.27272727272727
Korean Style Beef,9,3,6,33.33333333333333
Sea Salt Chips,84,37,47,44.047619047619044
Olive Oil Rosemary and Garlic Oven Fries,729,295,434,40.46639231824417
Brown Sugar & Cinnamon Cream Cheese Spread,25,3,22,12.0
One & Done Refreshing Cucumber & Green Tea Baby Wipes,467,243,224,52.03426124197003
Organic No Stir Creamy Peanut Butter,66,33,33,50.0
Healthy Growth for Puppies Dry Dog Food,9,2,7,22.22222222222222
Tart Cherry Stomp Juice,111,71,40,63.96396396396396
Roasted Tomato Arrabbiata Sauce,174,104,70,59.77011494252874
99% Fat Free Beef Broth,19,6,13,31.57894736842105
Vegan Flaxbread Breakfast Sandwiches 2 Count,519,247,272,47.591522157996145
Oinkies Pig Skin Twists Dog Chews,4,1,3,25.0
Iced Teaz Mint Green Tea,172,109,63,63.372093023255815
Rhubarb Strawberry Jam,469,218,251,46.481876332622605
Rice Select Royal Blend Whole Grain,15,3,12,20.0
Muesli Cereal,39,17,22,43.58974358974359
"Cheese Alternative, Mozzarella",567,251,316,44.26807760141093
Light 12 Grain Bread,63,44,19,69.84126984126983
Thirst Quencher Lemon-Lime/Fruit Punch/Orange Variety Pack Sports Drink,82,44,38,53.65853658536586
Organic Pumpernickel,114,45,69,39.473684210526315
Boneless Fried Chicken,389,224,165,57.58354755784062
Organic Maple Agave Pancake Syrup,202,64,138,31.683168316831683
Complete All Day Moisturizer With SPF 15 For Normal,12,6,6,50.0
Seedless Cucumbers,13571,9841,3730,72.5149215238376
Burger Veggie Curry,23,16,7,69.56521739130434
Fresh Chicken Wings,31,9,22,29.03225806451613
Organics Vitamin C Fortified 100% Apple Juice,682,392,290,57.478005865102645
Fat Free Smooth & Creamy French Vanilla Organic Yogurt,387,255,132,65.89147286821705
Halloween Characters In A Bag!,9,0,9,0.0
Cote Du Rhone Rouge France,22,9,13,40.909090909090914
Organic Pan-Fired Green Tea Bags,120,56,64,46.666666666666664
Long Term Relationship Conditioner For Long Hair 23.7 Fl Oz  Female Hair Care,9,2,7,22.22222222222222
Organic Belgian Pancake And Waffle Mix,84,34,50,40.476190476190474
Reduced Fat Whole Grain The Pounder Tortilla Chips,6,1,5,16.666666666666664
Original Ginger Drink,4,0,4,0.0
Homestyle Breaded Chicken Breast Tenders,2014,1045,969,51.886792452830186
Light Beef Pot Roast Soup,145,26,119,17.93103448275862
Umcka Cold+Flu Chewable Tablets Berry Flavor - 20 CT,125,38,87,30.4
Hydrogen Peroxide Topical Solution,189,46,143,24.33862433862434
Detox Salad,42,16,26,38.095238095238095
Strong English Mustard,24,2,22,8.333333333333332
Bun Length Franks,193,116,77,60.10362694300518
Stainless Steel Steamer Basket,11,1,10,9.090909090909092
Wild Oregano Oil,4,0,4,0.0
Cheddar Potatoes with Broccoli,125,40,85,32.0
Blueberries Pint,4529,2421,2108,53.45550894237139
French Roast Ground Coffee,5116,3424,1692,66.92728694292416
Sage & Onion Cubed Stuffing,28,3,25,10.714285714285714
Bareskin Premium Lubricant Condoms Sensitivity,38,3,35,7.894736842105263
Beef Broth Concentrate,23,10,13,43.47826086956522
Chunky Philly-Style Cheesesteak,22,3,19,13.636363636363635
Chocolate Hazelnut Butter Blend,2077,934,1143,44.96870486278286
Whole Grain White Hamburger Buns,28,4,24,14.285714285714285
Herbal Tea Sampler,91,4,87,4.395604395604396
Canin Cuisine Savory Delights Pork Tenderloin Flavor with Roasted Potatoes & Green Beans Wet Dog Food,22,13,9,59.09090909090909
Dark Chocolate Hemp Seeds,51,25,26,49.01960784313725
Mocha Frappuccino,98,69,29,70.40816326530613
Coconut Thai Chai,12,1,11,8.333333333333332
Stone Go To IPA,6,1,5,16.666666666666664
Light & Fit Banana Cream Nonfat Greek Yogurt,91,43,48,47.25274725274725
Chili Cheese Mac Velveeta Cheesy Skillets,5,0,5,0.0
Tri Color Mozzarella And Herb Tortellini,32,9,23,28.125
Bleach Alternative Grapefruit Dish Detergent,39,22,17,56.41025641025641
"100% Fruit Bar, Blueberry Pomegranate",30,23,7,76.66666666666667
No Sugar Added White Grapefruit Juice,17,4,13,23.52941176470588
Pure Leaf Unsweetened Tea With Lemon,18,11,7,61.111111111111114
Gourmet Collection: Tarragon,23,1,22,4.3478260869565215
Baby Swiss Cheese Slices,69,31,38,44.927536231884055
Sliced Shiitake Mushrooms,254,91,163,35.826771653543304
Chunky Spicy Chicken Quesadilla Soup,166,72,94,43.373493975903614
Regular Security Maxi Sanitary Pads,53,11,42,20.754716981132077
Macaroni & Cheese with Cheddar & Romano,125,71,54,56.8
Diet Chocolate Fudge - 6 CT,23,19,4,82.6086956521739
Heart Smart Traditional Italian Sauce,261,123,138,47.12643678160919
Organic Chopped Ginger,546,111,435,20.32967032967033
Marshmallow Mateys Cereal,41,24,17,58.536585365853654
Watermelon & Green Apple Soft Chewy Candy Bites,65,40,25,61.53846153846154
Naturally Smoked Oysters in Pure Olive Oil,828,564,264,68.11594202898551
Hawaiian Breeze and Vanilla Passion Fruit 2-in-1 Candle,132,60,72,45.45454545454545
Strawberry Flavor Dairy Culture Probiotic Supplement,82,36,46,43.90243902439025
Island Vanilla Cereal,1349,828,521,61.378799110452185
Acidophilus Yogurt,357,280,77,78.43137254901961
Sprouted Multigrain Bread,46,18,28,39.130434782608695
Gherkin Pickles,28,10,18,35.714285714285715
Jalapeno Slices Pickled,6,0,6,0.0
In Water Sardines,62,46,16,74.19354838709677
MCT Oil,36,18,18,50.0
Tropical Fruit Tab,5,1,4,20.0
Refreshing Lip Balm with Pink Grapefruit,17,1,16,5.88235294117647
"Cooking Sauce, Thai, Red Curry, Medium",18,6,12,33.33333333333333
Supreme Peanut Butter Brownie Mix,10,0,10,0.0
Chunk Light Tuna in Vegetable Oil,5,1,4,20.0
Cleanse & Detox Herbal Tea,12,3,9,25.0
Lemon Flavor Arctic Cod Liver Oil,4,0,4,0.0
Power Snack Cacao Goji Superfood,516,306,210,59.30232558139535
Original Black Liquorice,95,44,51,46.31578947368421
Very Teriyaki Cooking Sauce,11,0,11,0.0
Snickerdoodle Cinnamon Sugar Cookies,644,245,399,38.04347826086957
"Lime Juice, Reconstituted",76,8,68,10.526315789473683
Nori Sesame Gourmet Popcorn,115,70,45,60.86956521739131
100% Stone Ground Whole Wheat Bread,104,57,47,54.807692307692314
Vanilla Soy Beverage,83,48,35,57.831325301204814
Spicy Tuscan Tomato Sauce,73,27,46,36.986301369863014
Strawberry Menthol Cough Suppressant/Oral Anesthetic,25,3,22,12.0
Teriyaki Turkey Jerky,667,375,292,56.22188905547226
Telera Rolls,974,542,432,55.64681724845995
Double Stuf Golden Sandwich Cookies,591,329,262,55.668358714044
Peas,65,31,34,47.69230769230769
Original Decaf Medium Roast K-Cups,40,18,22,45.0
Organic Green Tea,154,62,92,40.25974025974026
Alphabet Letters Gummi Candy,38,16,22,42.10526315789473
Linen Scent Bleach With Fabric Protection,10,3,7,30.0
Hi-Chew Strawberry Fruit Chews,43,29,14,67.44186046511628
Chipotle Pepper Marinade,4,0,4,0.0
Whole Chicken,1476,617,859,41.80216802168022
Parchment Baking Sheets,446,148,298,33.18385650224215
"Scallops, Vegan, Breaded",7,2,5,28.57142857142857
Jumbo Grade A White Eggs,537,330,207,61.452513966480446
The Saint Hard Apple Cider,14,0,14,0.0
Vanilla Bean Soda,272,174,98,63.970588235294116
Cherry Real Italian Ice,62,31,31,50.0
Instant Chocolate Sugar Free Fat Free Pudding & Pie Filling,155,56,99,36.12903225806451
Chocolate Fudge Stripe Layer Cake,27,4,23,14.814814814814813
Simply Country Style Olive Oil and Sea Salt French Fried Potatoes,26,11,15,42.30769230769231
Organic Gluten Free Yellow Cornmeal,470,31,439,6.595744680851063
Lavender Essential Oil,7,0,7,0.0
Imperial IPA,6,1,5,16.666666666666664
Stimulations Ecstasy Ultrasmooth Lubricant Premium Latex Condoms,34,12,22,35.294117647058826
Toasted Coconut Greek Nonfat Yogurt Honey Oat Crisps Dippers,8,3,5,37.5
Orange Pineapple/100% Apple/Grape  Juice Drink Variety,103,53,50,51.45631067961165
All Time Greats Snack Size Chocolates,138,38,100,27.536231884057973
Melatonin 5 mg Strawberry Gummies,20,11,9,55.00000000000001
"Tortilla Chips, Original",240,163,77,67.91666666666667
RIP-L Potato Chips,5,1,4,20.0
Wholly Guacamole Mini 12 Oz,24,5,19,20.833333333333336
New Orleans Style Garlic Butter Flavored Rice Mix,4,0,4,0.0
Mexican Style Lasagna,13,4,9,30.76923076923077
Apple and Blueberry Organic Baby Food,153,65,88,42.48366013071895
Cherry Cassis Sparkling Fermented Tea,21,12,9,57.14285714285714
"8.5\"" Soft Cushion Scissors",4,0,4,0.0
Red Lentil Spaghetti Pasta,33,6,27,18.181818181818183
"Organic Banana, Cinnamon & Granola Stage 2 Baby Food",77,39,38,50.649350649350644
Organic Pitted Dates,384,174,210,45.3125
Very Light Absorbency Long Length Incontinence Liners,44,17,27,38.63636363636363
CranActin Cranberry AF Extract,12,0,12,0.0
Organic YoKids Smoothie Strawberry Banana Lowfat Yogurt,7273,5431,1842,74.67344974563453
Mild Banana Pepper Rings,428,162,266,37.850467289719624
Veal Loin Chop,10,3,7,30.0
Quick Defense Vegetarian Liquid Phyto-Caps,20,4,16,20.0
Sliced Beets No Salt Added,2326,1053,1273,45.27085124677558
Organic Gotta Have Java Nonfat Frozen Yogurt,164,74,90,45.1219512195122
Unsalted Vegetable Stock,433,137,296,31.639722863741337
Organic Strawberry Banana Juice,83,60,23,72.28915662650603
Mild Tomatillo Salsa,123,36,87,29.268292682926827
Honey Mustard and Onion Pretzels Pieces,1613,899,714,55.73465592064476
Classic Catalina Dressing,28,8,20,28.57142857142857
Regular Pork Sausage Tube,2166,991,1175,45.75253924284395
Banana Chocolate Protein Juice Smoothie,22,10,12,45.45454545454545
Vanilla Greek Yogurt 0% Fat,3079,2216,863,71.97141929197791
Cilantro Leaves,17,2,15,11.76470588235294
"Super 4 Snacks White Bean, Quinoa, Lentil, Chia Cheesy Nacho Baked Bean Bites",58,31,27,53.44827586206896
Sliced Sweet Pimientos,172,25,147,14.534883720930234
Organic Amber Agave Nectar,212,50,162,23.58490566037736
Organic Frosted Flakes Cereal,2950,1744,1206,59.11864406779661
Water Chestnut,128,29,99,22.65625
Veggie Made Riced Cauliflower Lightly Sauced with Savory Herb,7,2,5,28.57142857142857
Thyroid Support,18,3,15,16.666666666666664
"Notebook, Wide Rule, 1 Subject, Not Packed",22,3,19,13.636363636363635
Kids Only! All Natural Gentle Conditioner,40,8,32,20.0
Sharp Cheddar Macaroni & Cheese Dinner,69,26,43,37.68115942028986
Organic Chopped Shallots,285,49,236,17.192982456140353
Raspberry Lime Seltzer,1091,784,307,71.86067827681026
Goldfish Saltine Organic Otg,31,4,27,12.903225806451612
Habanero Salsa,103,57,46,55.33980582524271
"Dry Roasted, Spicy Organic Pumpkin Seeds",279,106,173,37.992831541218635
Scentsations Spring Sunshine,4,1,3,25.0
"Platinum Our Best Clean, Sparkling Silverware & Dishwasher Detergent",4,1,3,25.0
Lemon Frosted Sugar Cookies,24,3,21,12.5
All Natural Original Hummus,94,41,53,43.61702127659575
Wild Strawberry Yogurt Smoothie,30,19,11,63.33333333333333
"Refried Beans, Vegetarian",140,57,83,40.714285714285715
Sea Salt Snack Crackers,610,321,289,52.622950819672134
SmartBlend Pairings Chicken & Chicken Hearts Recipe in Gravy Cat Food,3,1,2,33.33333333333333
Crinkle Fries French Fried Sweet Potatoes,43,15,28,34.883720930232556
Dark Temptation Daily Fragrance,35,11,24,31.428571428571427
Spam Original Luncheon Meat,428,179,249,41.822429906542055
Cookie Dough,104,57,47,54.807692307692314
Egg And Bacon Burritos,70,40,30,57.14285714285714
Shrimp Alfredo,178,109,69,61.23595505617978
S'mores Grand Ice Cream,3,0,3,0.0
Talenti Double Dark Chocolate Gelato,3427,1807,1620,52.72833381966735
Creme Fraiche French Cultured Cream,1720,809,911,47.03488372093023
Black Truffle Goat Cheese Log,362,145,217,40.055248618784525
All Natural Brie,15,4,11,26.666666666666668
Organic Pure Pistachio Gelato,6,0,6,0.0
Layered Dark Chocolate Coconut Granola Bars,518,317,201,61.196911196911195
Zesty Ranch Dressing,58,14,44,24.137931034482758
White Tuna In Olive Oil,130,76,54,58.46153846153847
Quattro For Women Disposable Razor,167,45,122,26.94610778443114
Broccoli  Bunch,188,67,121,35.638297872340424
S'mores ZBar,115,66,49,57.391304347826086
Fit Berry Blast Liquid Water Enhancer,71,28,43,39.436619718309856
Frisee (Chickory) Lettuce Bunch,62,19,43,30.64516129032258
"Tortilla Chips, Corn, Pico de Gallo",119,62,57,52.10084033613446
Sweet Tea Liquid Water Enhancer,35,11,24,31.428571428571427
Greek Style Hummus,9,2,7,22.22222222222222
Unstopables Fresh & Flirty Scent Oil Warmer & Refill Set,11,2,9,18.181818181818183
Natural Instincts Non-Permanent Hair Color Cinnaberry Medium Auburn Brown,9,3,6,33.33333333333333
Supreme Walnut Brownie Mix With Hershey's Chocolate,23,5,18,21.73913043478261
"Ale, Three Philosophers, Belgian Style Blend",3,0,3,0.0
Hydro Queen Plunger,7,0,7,0.0
Old Country Style Muesli Cereal,1963,1148,815,58.481915435557816
Unstopables Downy Unstopables Fresh In-Wash Scent Booster Fabric Enhancers,60,21,39,35.0
One Press Seal Starter Set Variety Pack Containers,32,10,22,31.25
White Meat Chicken Florentine Cat Food,233,174,59,74.67811158798283
Soup at Hand Creamy Tomato Parmesan Bisque,16,5,11,31.25
Organic Honey Grade A,1036,331,705,31.949806949806952
Legendary Bar-B-Q Sauce Honey Pecan,11,1,10,9.090909090909092
Original Kettle Cooked Potato Chips,1062,553,509,52.07156308851224
Sea Salt 72% Cacao Dark Chocolate,14,10,4,71.42857142857143
"Soup, Roasted Chicken Rotini",6,2,4,33.33333333333333
Clarifying Facial Wash Fragrance Free,11,2,9,18.181818181818183
"Drinkable Yogurt, Mango",10,7,3,70.0
Spicy Yuba Noodles,205,115,90,56.09756097560976
Honey Lavender Fromage Blac Unsalted Goat's Milk Cheese,42,20,22,47.61904761904761
Almonds Roasted No Salt,75,24,51,32.0
2% Milkfat Large Curd Cottage Cheese,74,27,47,36.486486486486484
Chocolate Cake Baking Mix,21,13,8,61.904761904761905
Sea Greens 100% Juice Smoothie,37,11,26,29.72972972972973
"Cutlery, Plastic, Heavyweight, White Assorted",58,28,30,48.275862068965516
20 yr old Balsamic Vinegar,22,2,20,9.090909090909092
Ricotta & Parmigiano Tortellini,234,90,144,38.46153846153847
Crisp Hard Cider Crisp Apple,678,362,316,53.392330383480825
Organic Whole Milk Lemon Greek Yogurt,5,0,5,0.0
Flexible Fabric Extra Large Bandaids,80,30,50,37.5
Chevre Fresh Goat Cheese Honey,116,39,77,33.62068965517241
Sea Salt Pita Chips,16626,9716,6910,58.438590159990376
Envirokidz Chocolate Koala Crisp,1598,900,698,56.32040050062578
Plain Icelandic Style Skyr 4% milkfat Yogurt,1006,644,362,64.01590457256461
Ultra Thin Regular Pads wth Wings,279,55,224,19.71326164874552
Granola Bites Honey Almond,102,60,42,58.82352941176471
Severe Triple Medicated Toothache & Gum Relief Plus Cream,40,8,32,20.0
Seasonal Cranberry Walnut Loaf,39,13,26,33.33333333333333
"Coffee, Premium Gourmet, Single Serve, French Roast",5,0,5,0.0
Mini Creme Egg,46,3,43,6.521739130434782
Smoked Nova Salmon,101,55,46,54.45544554455446
Saccharin Sweetener,4,1,3,25.0
Coconut Lime Cream Shave,68,12,56,17.647058823529413
White Wine Chicken & Couscous,18,5,13,27.77777777777778
Spicy Nacho,8,0,8,0.0
Ready To Eat Tomato Basil Soup,11,6,5,54.54545454545454
Spring Mix Mesclun,175,87,88,49.714285714285715
Lotsa Mozza Supreme Pizza,37,18,19,48.64864864864865
"Soup, Hearty Black Bean",2,0,2,0.0
"Steamfresh Fresh Frozen Vegetables Broccoli, Carrots, Sugar Snap Peas & Water Chestnuts Mixtures",23,8,15,34.78260869565217
Repair & Protect Toothpaste for Sensitive Teeth,189,54,135,28.57142857142857
Dinner Plates,781,326,455,41.74135723431498
"Strawberry Toppings,",23,3,20,13.043478260869565
Kentucky Bourbon Uncured Sausage,16,5,11,31.25
Extension Cord White,7,0,7,0.0
Rice Nog,26,9,17,34.61538461538461
Isopropyl Rubbing Alcohol 70%,16,5,11,31.25
Aluminum Foil,10774,2341,8433,21.728234638945608
Watermelon,153,56,97,36.60130718954248
ProActive Health Smart Puppy Dry Dog Food,11,6,5,54.54545454545454
Chicken Crab & Herring Cat Food,4,0,4,0.0
Apple Organic Puffs,69,30,39,43.47826086956522
"Mini 2\"" Baking Cups",10,4,6,40.0
Microwaveable Ready To Serve! Basmati Rice,7,3,4,42.857142857142854
Organic Bunch Arugula,1142,416,726,36.42732049036778
Organic Cotton Tampons,395,133,262,33.67088607594937
Dark Chocolate Morsels,1453,665,788,45.76737783895389
Tumeric Golden Milk Elixir,652,396,256,60.73619631901841
Rainbow Tortellini,26,13,13,50.0
Organic Jalapeno Kettle Chips,155,88,67,56.774193548387096
Non Pareils Capers,49,16,33,32.6530612244898
Black Cherry Apple Fruit Juice Drink,3,0,3,0.0
"Ale, India Pale, Brew Free! Or Die IPA",535,346,189,64.67289719626169
Adult's Probiotic Vegetarian Capsules,10,0,10,0.0
White Chicken Chili With Beans,43,13,30,30.23255813953488
Kids Ninja Turtles Liquid Hand Soap,4,0,4,0.0
Multigrain Thin Crispbread,142,71,71,50.0
Whole Wheat Pita,607,315,292,51.894563426688634
Whole Kernel Corn No Salt Added,1066,387,679,36.30393996247655
Fluted 9.5 In Cake Pan,5,0,5,0.0
HW ORGNCVLLE PSTSC ITL HERB,68,18,50,26.47058823529412
Thermal Creations Heat Tamer Leave-In Spray,40,5,35,12.5
Super V Apple Fruit & Vegetable Juice Drink,30,23,7,76.66666666666667
Vegetable No Salt Added  Soup,124,55,69,44.354838709677416
Original Tofu Pups,224,156,68,69.64285714285714
Spicy Spinach Blend,31,20,11,64.51612903225806
Jade Pearl Rice Ramen,107,15,92,14.018691588785046
Gluten Free Nutty Cranberry Maple Granola,470,304,166,64.68085106382979
Pediatric Electrolyte Strawberry Flavor,11,4,7,36.36363636363637
Pumpkin Gnocchi,6,0,6,0.0
Pro-V Repair and Protect Conditioner Repair Conditioner,140,26,114,18.571428571428573
ProBugs Whole Milk Kefir Orange Creamy Crawler,2733,1977,756,72.33809001097696
Tropical Fruit Chews,75,34,41,45.33333333333333
Sugar Free Energy Drink,4095,2896,1199,70.72039072039072
Greek Yogurt Style Honey Strawberry,733,496,237,67.66712141882674
Grilled white meat chicken & penne pasta in a creamy alfredo sauce Chicken Alfredo,6,0,6,0.0
Roasted Bbq Chickpeas,39,19,20,48.717948717948715
Soup On The Go Healthy Request Classic Tomato RTS Soup,13,8,5,61.53846153846154
Philips Avent BPA Free Natural Fast Flow Nipple,8,2,6,25.0
Sausage Flavor Country Gravy Mix,9,1,8,11.11111111111111
Refill Shower Scrubber,10,1,9,10.0
Skyn Original Condoms,22,5,17,22.727272727272727
Antiperspirant Deodorant Clinical Strength Invisible Solid Powder Protection,14,1,13,7.142857142857142
Cubed Butternut Squash,181,93,88,51.38121546961326
Pinot Noir Rose,382,258,124,67.5392670157068
Pure Tea Tree Castile Soap,272,93,179,34.19117647058824
Cheese Honey,10,3,7,30.0
Soft and Chewy Candy,363,182,181,50.13774104683195
Artichoke & Roasted Peppers Quinoa Meal,71,28,43,39.436619718309856
Large Pie Pans,9,2,7,22.22222222222222
Marinara Alla Bava Pasta Sauce,45,25,20,55.55555555555556
Blueberry Dried Cranberries,103,37,66,35.92233009708738
Severe Cold & Flu,44,1,43,2.272727272727273
Organic Ponzu,45,5,40,11.11111111111111
Almond Stuffed Green Olives,53,24,29,45.28301886792453
Absolutely Zero Energy Drink,263,174,89,66.15969581749049
Jewish Rye Seedless Bread,68,44,24,64.70588235294117
Coffee Crunch In Dark Chocolate,712,430,282,60.39325842696629
Sweet Batard,2234,1423,811,63.69740376007162
Sensitive Daily Moisturizing Cream,13,1,12,7.6923076923076925
Special K Sea Salt Cracker Chips,65,24,41,36.92307692307693
Sea Salt Flakes Original,2264,655,1609,28.931095406360424
Original Gluten Free Cheese Bread Mix,4,0,4,0.0
Multi-Symptom Menstrual Pain Relief Tablets,6,0,6,0.0
Whole Grain Lasagna Pasta,3,0,3,0.0
Mediterranean Apricots,944,432,512,45.76271186440678
Fruit & Veggie Fusions Apple Pear Watermelon,23,7,16,30.434782608695656
Original Flavor Sugar Free Gum 3 Pk,412,267,145,64.80582524271846
Dustpan & Brush Set,7,0,7,0.0
Pro-V Nature Fusion Moisturizing Shampoo with Melon Essence,7,1,6,14.285714285714285
Chocolate Granola Cereal,328,169,159,51.52439024390244
Seltzer Water Calorie-Free Black Cherry,228,144,84,63.1578947368421
Old Tyme 100% Whole Grain White Wheat Sliced Bread,349,265,84,75.93123209169055
Small Batch 9 Year Bourbon,67,22,45,32.83582089552239
"Coconut Water, Protein, Almond",24,12,12,50.0
Mini I.D.'s Cold Stone Creamery Sweet Cream Non-Dairy Coffee Creamer,30,18,12,60.0
Fine De Luxe Blended Canadian Whiskey,88,35,53,39.77272727272727
Moscato Rose,11,0,11,0.0
Adhesive Bandages Advanced Healing Blister Cushions,73,15,58,20.54794520547945
"Egg Rolls, Gluten-Free, Vegetable",330,155,175,46.96969696969697
Children's Very Berry Multi-Symptom Cold Syrup,15,0,15,0.0
Original Bar Soap,387,124,263,32.041343669250644
Light Ricotta Cheese,77,15,62,19.480519480519483
Honey Sunshine Cereal,51,18,33,35.294117647058826
"Organic Soulful Greens Cayenne & Lemon, Chia & Greens Beverage",23,11,12,47.82608695652174
Frontier Whiskey,1127,599,528,53.149955634427684
Tofu Ground Beef,15,5,10,33.33333333333333
Cafe Domingo Medium Roast Whole Bean Coffee,111,63,48,56.75675675675676
Thin Spaghettini,18,5,13,27.77777777777778
Extra Long Asparagus Spears,90,45,45,50.0
Carmel Peanut Perfectio,240,139,101,57.91666666666667
Original Angus Beef Franks,189,90,99,47.61904761904761
Pepperidge Farm Goldfish Resealable Flavor Blasted Xtra Cheddar 11oz,30,7,23,23.333333333333332
European Cookie Spread,179,61,118,34.07821229050279
Homemade Membrillo Quince Paste,139,24,115,17.26618705035971
Original Flavor Crispy Corn Snacks,290,144,146,49.6551724137931
Veggie Noodle Beets,36,6,30,16.666666666666664
60% Vegetable Oil Spread,41,21,20,51.21951219512195
Natural Casing Old Fashion Wieners,50,28,22,56.00000000000001
Mango Peach Jam,7,1,6,14.285714285714285
"All Natural Soda, Lime, Hibiscus & Clove",6,2,4,33.33333333333333
Sour Brite Crawlers Minis Very Berry Gummi Candy,5,0,5,0.0
All Purpose Can Opener,4,0,4,0.0
Old Fashioned Oat Bran Hot Cereal,13,2,11,15.384615384615385
Original Enriched Parboiled Long Grain Rice,461,190,271,41.21475054229935
"Refried Beans, Black, Fat Free, Organic, Vegetarian",92,51,41,55.434782608695656
Super Dark Chocolate Cups with Raspberry Centers,5,0,5,0.0
Fruit Burst Blueberry Squeezers,9,2,7,22.22222222222222
Field Flowers Fabric Conditioner,97,60,37,61.855670103092784
Fresh Spinach Cooking Sauce,16,3,13,18.75
Canned Chicken & Brown Rice Formula For Cats,45,30,15,66.66666666666666
Premium Dog Treats Chicken,51,17,34,33.33333333333333
Organic Garlic Hommus,933,488,445,52.30439442658093
Malt Liquor,61,41,20,67.21311475409836
Cacao Milk Chocolate,398,261,137,65.57788944723619
3 Apple Blend Juice,82,54,28,65.85365853658537
Red Beans & Rice New Orleans Recipe,49,22,27,44.89795918367347
2chic Tangerine & Papaya Butter Ultra Volume Big Body Hair Spray,10,0,10,0.0
Fromage Blanc,84,21,63,25.0
Italian Seitan,504,301,203,59.72222222222222
Organic Green Veggies Puffs,17,4,13,23.52941176470588
"Pita Chips, Sea Salt",187,83,104,44.38502673796791
Golden Honeydew Melon,3,0,3,0.0
Free & Clear  Natural Dish Liquid,3,0,3,0.0
Turkey Tenderloins,83,37,46,44.57831325301205
Organic Vegetable Alphabets Pasta,200,62,138,31.0
Beet Apple Carrot Ice Pops,65,25,40,38.46153846153847
Half Dozen Grade A White Eggs Large,1044,506,538,48.46743295019157
Chocolate Covered Raisins,10,3,7,30.0
Mixed Berry Almond Gluten Free Chex Granola Mix,10,3,7,30.0
Early Morning Breeze Scent Disinfectant Spray,44,11,33,25.0
Mixer Mate Pitcher,21,1,20,4.761904761904762
Xtra Hot Red Hot Sauce,15,2,13,13.333333333333334
Gluten Free Nut Bar Blueberry,6,4,2,66.66666666666666
Seasonal Iced Mini Cake 10.5 Oz,8,3,5,37.5
Gluten free Vegan Strawberry Macaroons,18,7,11,38.88888888888889
Frequency Blend,193,90,103,46.63212435233161
Liquid Tropical Coconut Drink Mix,20,10,10,50.0
Salmon Caviar,16,4,12,25.0
Protein Plus Chocolate 1% Lowfat Milk,159,104,55,65.40880503144653
"Dark Chocolate, 57%, Organic, with Sea Salt, & Gingerbread",7,0,7,0.0
Philadelphia Reduced Fat Cream Cheese Spread,518,291,227,56.17760617760618
Roasted Hazelnuts,7,1,6,14.285714285714285
Organic Cranberry Almond Granola Clusters,11,6,5,54.54545454545454
One a Day Ultimate Flora Adult Formula Capsules,128,42,86,32.8125
Smokra Pickled Okra with Paprika,76,23,53,30.263157894736842
Lemon Yogurt,8941,5820,3121,65.09339000111845
Duoz Sharp Cheddar Parmesan Baked Snack Crackers,162,60,102,37.03703703703704
Low Fat 2% Evaporated Milk,303,73,230,24.09240924092409
Spinach & Artichoke Cheese Dip,284,104,180,36.61971830985916
Shishito Pepper,15,1,14,6.666666666666667
Outlast Antiperspirant/Deodorant Clear Gel Unscented,44,19,25,43.18181818181818
80% Chocolate Macaroons,65,33,32,50.76923076923077
"100% Juice, Variety Pack",494,254,240,51.417004048582996
Ultra Free & Clear Laundry Detergent,7,1,6,14.285714285714285
Chunky Pub-Style Chicken Pot Pie Soup,190,74,116,38.94736842105263
Gluten Free Classic Hotdog Buns,1448,641,807,44.267955801104975
Organic Original Instant Oatmeal,6,2,4,33.33333333333333
Tea Tree  Scalp Normalizing Conditioner,5,0,5,0.0
Organic Deep Green Blends Power Greens,785,441,344,56.17834394904458
Flowers,73,30,43,41.0958904109589
Turmeric Antioxidant,6,0,6,0.0
Vitamin Water Zero Rise Orange,4356,3208,1148,73.6455463728191
AC Maximum Strength Acid Reducer,51,17,34,33.33333333333333
Organic Hearts Of Romaine,245,181,64,73.87755102040816
Omega 3 Fish Oil Concentrate,8,2,6,25.0
Velveeta Reduced Fat 2% Milk Shells Cheese,283,127,156,44.87632508833922
Premium Soft Pretzel Bites,644,441,203,68.47826086956522
Mini Cakes Birthday Cake,23,15,8,65.21739130434783
Blue Corn Tortilla Chips,1544,827,717,53.56217616580311
Southwestern Style Carved Chicken Breast,93,50,43,53.76344086021505
Classic Limeade,5,1,4,20.0
Mother's Special Blend Skin Toning Oil,15,4,11,26.666666666666668
Pico De Gallo Chunky Salsa,2380,979,1401,41.134453781512605
Glycerin Hand Soap Peppermint,14,4,10,28.57142857142857
Organic Harmony Vegetable and Fruit Juice,134,77,57,57.46268656716418
Simply Caramel Candy Bar,4,1,3,25.0
Sweet Potato Quinoa Bowl,3,0,3,0.0
Blast O Butter Pop Corn Microwave Ultimate Theatre Style,193,105,88,54.40414507772021
White Potato,1177,519,658,44.09515717926933
Organic Spelt Spaghetti,64,39,25,60.9375
Apples Honeycrisp,25,7,18,28.000000000000004
Light Tapioca Loaf,49,35,14,71.42857142857143
Fat Free Refried Beans,154,54,100,35.064935064935064
Sweet Almond Natural Skin Care Oil,168,40,128,23.809523809523807
"Punjabi Chhole, Hot Spicy",1,0,1,0.0
Sonoma Coast Pinot Noir,32,17,15,53.125
"Bleach, Concentrated, Lemon Fresh",171,65,106,38.01169590643275
Vegan Chocolate Chip Mini Muffins,1640,1230,410,75.0
Granola Bar Peanut Butter,770,461,309,59.87012987012987
Mild Enchilada Green Chile Sauce,72,9,63,12.5
Roasted Turkey Gravy Mix,11,3,8,27.27272727272727
Nacho Japapeno Peppers,65,19,46,29.230769230769234
Shallots,157,35,122,22.29299363057325
Breaded Fish Sticks,2145,949,1196,44.24242424242424
Foaming Hand Wash Sweet Water,592,260,332,43.91891891891892
Chunky Turkey Feast Cat Food,143,102,41,71.32867132867133
High Endurance Pure Sport Deodorant,72,10,62,13.88888888888889
Organic Red Wine Vinegar,258,39,219,15.11627906976744
Sandwich Bags,3773,949,2824,25.152398621786375
Mixed Fruit Flavored Snacks,246,122,124,49.59349593495935
"Chili Sauce, Sweet, Thai Style Spicy",29,4,25,13.793103448275861
Gluten Free Strawberry Brown Sugar with Flax Instant Oatmeal,149,71,78,47.651006711409394
All Natural Lavender Sage Deodorant,28,6,22,21.428571428571427
Ultra Free & Clear Dishwashing Liquid,546,313,233,57.32600732600732
White Turnip,16,5,11,31.25
Organic High Fiber Coconut Flour,1515,162,1353,10.693069306930694
Mold & Mildew Treatment,18,1,17,5.555555555555555
Rice Puffs Cereal,560,311,249,55.53571428571429
Cheese Heads Sharp Cheddar & Beef Sticks,194,133,61,68.55670103092784
Veggie Ground Crumbles,301,140,161,46.51162790697674
Green Tea K-Cups,89,48,41,53.93258426966292
In Heavy Syrup Fruit Cocktail,96,45,51,46.875
Toddler Formula Iron Fortified Dairy Powder,844,589,255,69.7867298578199
Classic Clean 2-in-1 Shampoo,134,28,106,20.8955223880597
Naturals Chocolate Vanilla Pudding,16,1,15,6.25
"Coconut Water, Pulp, Real",248,156,92,62.903225806451616
Blue Chamomile & Cucumber Foaming Shave Gel,21,3,18,14.285714285714285
Organic Black Peppercorns,1076,170,906,15.79925650557621
Lowfat Key Lime Yogurt,3916,2817,1099,71.93564862104188
Barbie Assorted Fruit Flavored Snacks,97,59,38,60.824742268041234
Pickled Ginger With Shiso Leaves,16,2,14,12.5
Simply Nutritious Mega Green 100% Juice,42,20,22,47.61904761904761
All Natural Cinnamon Raisin Bread,1671,1071,600,64.09335727109516
Chicken With Rice Soup,168,75,93,44.642857142857146
Oxylent Multivitamin Supplement Drink 5-in-1 Formula Sparkling Mandarin Flavor packet,30,16,14,53.333333333333336
Spring Roll Wrapper,136,18,118,13.23529411764706
Beef Fajitas,246,135,111,54.87804878048781
Chocolate Brownie,48,29,19,60.416666666666664
"Body Lotion, Uplifting, Citrus Verbena",12,2,10,16.666666666666664
Some Pulp Orange Juice,1606,940,666,58.53051058530511
Color Shield Fortifying Shampoo,6,1,5,16.666666666666664
Heavenly Hydration Cherry Blossom Conditioner,4,0,4,0.0
Green Split Pea,196,58,138,29.591836734693878
Asparagus & Meyer Lemon Ravioli In Lemon Parsley Sauce,43,11,32,25.581395348837212
Mixed Berry Baked Chewy Bars,47,24,23,51.06382978723404
Light Italian Dry Salame,487,270,217,55.441478439425055
Pancetta Italian Style Dry Cured Bacon,40,8,32,20.0
Korean Kimchi,562,278,284,49.46619217081851
Kids Toothbrush Multipack,12,1,11,8.333333333333332
Hypericum Perforatum 30 C,15,2,13,13.333333333333334
Chocolate Coated Coconut Protein Bar,18,4,14,22.22222222222222
Fun Size Butterfinger Candy Bar,101,48,53,47.524752475247524
Pure Coconut Water With Pulp,46,19,27,41.30434782608695
B Complex 100,7,0,7,0.0
Nail Clipper,41,3,38,7.317073170731707
Cobb Salad With Chicken & Bacon,912,640,272,70.17543859649122
Pure Natural Deodorant Stick Soothing Aloe Vera,25,2,23,8.0
Mandarin Oranges in Light Syrup Fruit Cups,494,304,190,61.53846153846154
Gluten Free Brown Gravy Mix,17,7,10,41.17647058823529
Temptations Super Mega Seafood Medley Bag,38,18,20,47.368421052631575
California Style Sweet Orange Marmalade,12,1,11,8.333333333333332
"Refried Beans, Traditional, Organic, Vegetarian, Spicy",20,9,11,45.0
Signature Pink Velvet Cake Mix,10,0,10,0.0
Light Wisconsin String Cheese,63,39,24,61.904761904761905
Napa Valley Estate Grown Fume Blanc Wine,8,2,6,25.0
Beer Batter Seafood Batter Mix Seasoned,17,12,5,70.58823529411765
Cheese & Garlic Premium Croutons,288,105,183,36.45833333333333
Orange Chicken Complete Skillet Meal For Two,40,7,33,17.5
Whole Grain Crispbread,594,263,331,44.27609427609428
"Tender white meat chicken, vegetables & rice in a Cheddar cheese sauce Grandma's Chicken & Vegetable Rice Bake",148,84,64,56.75675675675676
Plain Naan,51,15,36,29.411764705882355
Basil Pesto Alfredo Sauce,10,4,6,40.0
Ghee Clarified Butter,12,2,10,16.666666666666664
Organic Chickpea Fusilli Pasta,1,0,1,0.0
Chocolate Almond & Sea Salt with Chia Granola Bars,1806,969,837,53.65448504983389
Fennel Antiplaque And Whitening Toothpaste,133,66,67,49.62406015037594
"Grape, Modified 6/23/09 100% Juice",45,33,12,73.33333333333333
Organic Hummus Spicy Jalapeño Cilantro,354,151,203,42.65536723163842
Classic Almond Butter,6470,2859,3611,44.18856259659969
Chicken Nugget Meal With Macaroni & Cheese,9,4,5,44.44444444444444
"Mustard, Dijon",75,22,53,29.333333333333332
Crunchy Gherkins,30,13,17,43.333333333333336
Organic SprouTofu Extra Firm Tofu,4123,2623,1500,63.618724229929654
Shredded Mild Cheddar Cheese,26777,15925,10852,59.47268177913882
Aromatherapy Tangerine & Grapefruit Foam Bath,9,4,5,44.44444444444444
Half-Cut Kosher Pickles Dill,61,29,32,47.540983606557376
Biscuits With Milk Cream,12,8,4,66.66666666666666
"Salad Olives, Pitted Manzanilla",64,19,45,29.6875
Working Hands Hand Cream,5,1,4,20.0
No Scratch Scour Pads,23,4,19,17.391304347826086
Salted Almond Butter Filled Dark Chocolate Bar,470,313,157,66.59574468085107
Salted Pretzels Rounds,16,3,13,18.75
Bee Pollen Whole Granules,109,38,71,34.862385321100916
Toilet Tissue Rolls,11,1,10,9.090909090909092
Millet & Brown Rice Ramen,477,135,342,28.30188679245283
Sliced Provolone Cheese,1190,609,581,51.17647058823529
Slip-On Size 4 Diapers,18,6,12,33.33333333333333
Meaty Ground Dinner With Chunky Chicken Wet Dog Food,30,13,17,43.333333333333336
Citrus C Monster Fruit Smoothie Blend,26,4,22,15.384615384615385
Braunschweiger Liverwurst,33,20,13,60.60606060606061
Multi-Purpose Machine Cleaner,35,4,31,11.428571428571429
Italian Parsley Bunch,4,0,4,0.0
Gluten Free No Sugar Added Muffin Mix,20,5,15,25.0
Peach/Strawberry Yogurt Fridge Pack,228,132,96,57.89473684210527
Peppermint Authentic African Black Soap,6,1,5,16.666666666666664
Whole Grain Elbows Pasta,185,59,126,31.891891891891895
Lemon Sweet Tea Iced Tea Mix,73,40,33,54.794520547945204
Newtons Lemon Crisp Fruit Thins,5,0,5,0.0
Tree Free Napkins - 250 CT,6,0,6,0.0
Garlic Olives,9,3,6,33.33333333333333
Natural Bliss Chocolate Flavored Liquid Non Dairy Coffee Creamer,13,7,6,53.84615384615385
Whole Wheat English Muffins,6527,4407,2120,67.51953424237782
Dark Brown Sugar,2230,541,1689,24.260089686098656
Macrobar Prolonged Powder Banana + Almond Butter,969,616,353,63.57069143446853
Outshine Strawberry Fruit Bars,1138,598,540,52.54833040421792
Medicated Foot Powder Maximum Strength,13,0,13,0.0
Hemp Tea Tree Pure Castile Soap,58,12,46,20.689655172413794
Cheesecloth,181,24,157,13.259668508287293
"Traditional Size Corn Tortillas, 6\""",1589,806,783,50.72372561359345
Bread N' Butter Pickles,6,1,5,16.666666666666664
Omeprazole Acid Reducer Tablets,277,140,137,50.54151624548736
Sugar Cubes Dots,90,27,63,30.0
Mandarin Orange Sparkling  Water,453,309,144,68.21192052980133
"Cereal, Superfood, Hemp & Greens",26,4,22,15.384615384615385
Refried Black Beans Low Fat,419,227,192,54.17661097852029
"Brewed Bars, Specialty, Tropical Fruits + White Tea",9,1,8,11.11111111111111
Peach Yogurt Protein Drink With a Crunchy Shot,169,110,59,65.08875739644971
Natural Almonds 100 Calorie Packs,1037,512,525,49.373191899710704
Fresh Chicken Drumsticks,556,273,283,49.10071942446043
Pistachio Granola,20,9,11,45.0
Organic Cotton Baby Wipes,8,2,6,25.0
Gourmet Delicate Avocado Oil,1263,392,871,31.037212984956454
Rosemary Crostini,512,262,250,51.171875
Reusable Filter for Keurig Single Cup Brewers,7,0,7,0.0
100 Calorie Pretzels Packs,1425,865,560,60.70175438596491
Brownberry Country Buttermilk Sandwich Bread,985,685,300,69.54314720812182
French Vanilla Sugar Free Coffee Creamer,83,50,33,60.24096385542169
Pain Relieving Patch,48,9,39,18.75
"Tomatoes, All Purpose Ground",30,23,7,76.66666666666667
Lemon Gingerade,129,76,53,58.91472868217055
Emperor's White Tea Bags,29,4,25,13.793103448275861
Baked Cheetos Flamin Hot 7.6oz,26,14,12,53.84615384615385
Parsley Plus All Surface Cleaner,24,7,17,29.166666666666668
Raisin Bran with Cranberries Cereal,58,25,33,43.103448275862064
Vanilla Yoghurt,3313,2255,1058,68.06519770600664
Sara Lee Strawberry Cheesecake Light Ice Cream,52,16,36,30.76923076923077
Jalapeno Cheddar Flavored Cheese Dip,276,118,158,42.7536231884058
L Glutathione 250 mg,6,0,6,0.0
Fruit Pnc 12 Floz 12 Pk 144 Floz,18,6,12,33.33333333333333
Town House Focaccia Rosemary & Olive Oil Crackers,17,6,11,35.294117647058826
"Basic Bounty Basic Paper Towels, Print, 8 Regular Rolls Towels/Napkins",244,127,117,52.04918032786885
Caffe Macchiato Gelato,78,35,43,44.871794871794876
Rising Crust Italian Sausage Pizza,142,55,87,38.732394366197184
Silver® Multivitamin and Multimineral Supplement Tablets For Women 50+,7,0,7,0.0
Cinnamon Crunch,128,82,46,64.0625
360 Degree Total Advanced Toothbrush,8,0,8,0.0
Organic Vanilla Raw Fit Protein for Weight Loss,249,89,160,35.7429718875502
Polksa Kielbasa,72,38,34,52.77777777777778
Sparking Water,60,54,6,90.0
Mint Guayusa Tea Clean Energy - 16 CT,9,0,9,0.0
Cole Slaw Kit,171,50,121,29.239766081871345
Old El Paso Med Taco Sauce 16 Oz,13,6,7,46.15384615384615
100% Orange Juice,2337,1691,646,72.35772357723577
Vegetable Classics Tomato Basil,1019,412,607,40.43179587831207
Honey White Balsamic Vinegar,26,7,19,26.923076923076923
Tempt Unsweetened Coconut Hemp Milk,322,213,109,66.14906832298136
Classic Poultry & Beef Feast Variety Cat Food,407,239,168,58.72235872235873
Three Cheese Potatoes,28,8,20,28.57142857142857
Deli-Sliced Hot Cherry Peppers,5,2,3,40.0
Organic French Vanilla Yogurt,201,102,99,50.74626865671642
Jerky Strip Chicken Apple,4,1,3,25.0
Easy Find Lids Containers 14 Cups,24,2,22,8.333333333333332
Wild Herring Fillets Seasoned with Cracked Pepper,42,11,31,26.190476190476193
Organic Cinnamon Crunch Cereal,8073,4307,3766,53.35067508980552
Grande Taco Kit Hard & Soft,43,15,28,34.883720930232556
"Dressing & Dip, Jalapeno Ranch",85,41,44,48.23529411764706
Frizzy to Smooth Pantene Pro-V Smooth and Sleek Conditioner 32 fl oz with Pump - Smoothing Conditioner  Female Hair Care,11,1,10,9.090909090909092
Hearty Beef Barley RTS Soup,239,107,132,44.76987447698745
Surfers' Delight Mix Ups Treats for Cats,27,16,11,59.25925925925925
"Whole Milk, Vitamin D, Jug",698,511,187,73.20916905444126
Felino & Manchego Salami & Cheese,51,28,23,54.90196078431373
French Butter Cookies Coated In Milk Chocolate,118,78,40,66.10169491525424
Aromatherapy Inhalant and Massage Oil,26,7,19,26.923076923076923
PlugIns Scented Oil Refill Red Honeysuckle Nectar,75,34,41,45.33333333333333
Crystallized Ginger In Dark Chocolate  Bar,1442,785,657,54.438280166435504
Dairy Free Plain Cultured Coconut Milk,666,328,338,49.249249249249246
Everything Flatbreads,142,101,41,71.12676056338029
Crispy Pineapples,52,34,18,65.38461538461539
Premium Feast Dinner Cat Food,17,10,7,58.82352941176471
Lavender Multi-Surface Cleaner,134,60,74,44.776119402985074
Diet Green Tea With Citrus,208,122,86,58.65384615384615
Mac And Cheese,14,3,11,21.428571428571427
Grape Cranberry Juice Cocktail,17,12,5,70.58823529411765
Graduates Grabbers Banana Blueberry  Squeezable Fruit,136,95,41,69.85294117647058
After Dark Chocolate frozen nonfat yogurt bars,289,162,127,56.05536332179931
Organic Fair Trade Mocha Java Coffee,60,36,24,60.0
Flour Self- Rising,8,0,8,0.0
Mountain Trail Mix,17,3,14,17.647058823529413
100% Pure Dark Amber Maple Syrup,89,30,59,33.70786516853933
Sprouted Seven-Grain Bread,608,411,197,67.59868421052632
Vanilla Raspberry Ice Fruit Custard,22,12,10,54.54545454545454
Cheese Tamale Verde,1498,785,713,52.40320427236315
Morning Burst® Facial Scrub Cleansers,18,5,13,27.77777777777778
Snack Mix,32,6,26,18.75
Organic Pastry Flour,43,9,34,20.930232558139537
Imported Stout Draught Style,1,0,1,0.0
Craveables Spinach and Artichoke Snack Pizza,9,3,6,33.33333333333333
Sockarooni Spaghetti Sauce,1404,731,673,52.065527065527064
Greek-Style Feta Cheese Stuffed Olives,14,0,14,0.0
Berry & Barley Organic Baby Food,1042,600,442,57.58157389635316
Ruby Grapefruit Juice Squeeze,3,0,3,0.0
Semisweet Chocolate Chips,2765,1301,1464,47.052441229656424
Chocolate Banana Granola Mix,16,7,9,43.75
Turkey Lasagna,13,6,7,46.15384615384615
Dried Tart Cherries,607,292,315,48.105436573311366
Organic Millet Flour,3,1,2,33.33333333333333
"Measure Cups, 4 pc",6,0,6,0.0
High Protein Bar Chunky Peanut Butter,2879,1839,1040,63.87634595345606
Dairy-Free Cheddar Style Wedges,932,514,418,55.15021459227468
Kettle Corn Microwave Popcorn,45,21,24,46.666666666666664
Boxed Firewood,42,20,22,47.61904761904761
Sleepytime Extra Herbal Tea Bags,510,199,311,39.01960784313726
"Eggs, Milk Chocolate",35,13,22,37.142857142857146
Organic Gluten Free All Purpose Baking Mix,25,16,9,64.0
Real Simple,12,0,12,0.0
"Tea, Ginkgo Clarity, Caffeine Free, Bags",29,12,17,41.37931034482759
Zero Calorie Sweetener,2148,970,1178,45.15828677839851
Boomchickapop Sweet & Salty Kettle Corn,3049,1702,1347,55.821580846179074
Pea & Spinach Teether Wafer,11,0,11,0.0
Pink Salt Rock with Grater,3,0,3,0.0
Organic Ginger Brew Soda,60,28,32,46.666666666666664
ION4 Orange Sports Drink,9,1,8,11.11111111111111
Salad 50 Spring Mix/50 Baby Spinach,121,30,91,24.793388429752067
Soft Toothbrush Powered By Yogurt Cups,93,20,73,21.50537634408602
Unflavored Pediatric Electrolyte,7,0,7,0.0
Margherita Crispy Thin Crust Pizza,816,373,443,45.71078431372549
White Sage Campfire Incense Sticks,17,5,12,29.411764705882355
Raw Mixed Nuts,77,36,41,46.75324675324675
Rose Petals Rosewater,43,8,35,18.6046511627907
Reduced Fat American Cheese Singles,134,84,50,62.68656716417911
Forseflex Drawstring 13 Gallon Bags,99,28,71,28.28282828282828
Beggin' Strips Bacon Flavor Dog Snacks,131,72,59,54.961832061068705
Take & Bake French Dinner Rolls,359,198,161,55.15320334261838
Winter Gingerbread Bag Cookies,7,1,6,14.285714285714285
Organic Stage 2 Peaches & Bananas Baby Food,3379,2377,1002,70.34625628884285
Fiesta Grilled Chicken,186,74,112,39.784946236559136
Extra Virgin Olive Oil,50255,23954,26301,47.66490896428216
"Baguette Crisps - Garlic, Chives & Parsley",10,2,8,20.0
Ultra-Volume Tangerine & Papaya Butter Conditioner,29,5,24,17.24137931034483
Sausage Biscuit,245,127,118,51.83673469387755
Organic Instant Coffee,296,123,173,41.55405405405405
Variety Pack Sandwich Cookies,160,70,90,43.75
Cupcakes Pumpkin Spice Kimberl,3,0,3,0.0
Kefir Cultured Milk Smoothie Plain,1530,1046,484,68.36601307189542
Rosemary Breadsticks,38,10,28,26.31578947368421
Gluten Free Breaded Chicken Breast Nuggets,37,11,26,29.72972972972973
Fat Free Organic Vegetable Broth,16,7,9,43.75
"A Zesty Tomato Sauce Combined with Garlic, Onion and Basil Marinara Sauce",289,141,148,48.78892733564014
Original Coconut Hempmilk,36,15,21,41.66666666666667
Gluten Free Strawberry Breakfast Bars,189,93,96,49.2063492063492
Marmite,7,0,7,0.0
Homestyle Chili with Beans,27,8,19,29.629629629629626
Lemon Rice,4,0,4,0.0
Southwest Taco Seasoning Mix,738,313,425,42.41192411924119
"Astringent, Witch Hazel",52,11,41,21.153846153846153
Pita Pocket Bread,250,98,152,39.2
Kids Alphatots,453,286,167,63.13465783664459
Chocolate Pretzel Candies,22,6,16,27.27272727272727
Natural Emmentaler Swiss Cheese,1929,958,971,49.6630378434422
Vaporizing Decongestant Vicks VapoRub Cough Suppressant Topical Analgesic Ointment 3.53 oz Respiratory Care,167,11,156,6.58682634730539
Disinfecting Toilet Bowl Cleaner,4,0,4,0.0
Pure Pink Grapefruit,160,98,62,61.25000000000001
Super Floss Pre Cut Strands Mint,30,11,19,36.666666666666664
Spinach Feta in a Pocket Sandwich,1371,860,511,62.72793581327498
Vegetarian Fillo Quiches,16,4,12,25.0
Fat Free Shredded Cheddar Cheese,166,87,79,52.40963855421686
Mini Oreo Golden Snak Sak,70,29,41,41.42857142857143
Organic Hawaiian Fat Free Dressing & Marinade,17,1,16,5.88235294117647
Throat Shield Rapid Relief Herbal Tea,9,1,8,11.11111111111111
Organic Worcestershire,925,126,799,13.621621621621621
Plain Flavor Probiotic Acidophilus,7,0,7,0.0
100% Juice Apple Cider,146,61,85,41.78082191780822
Swaddlers Diapers Size 4,110,37,73,33.63636363636363
Dura Towel Paper Towels,24,7,17,29.166666666666668
Extra Volume Dandruff Shampoo,2,0,2,0.0
Organic Low Sodium Cannellini Beans,30,7,23,23.333333333333332
The Great Organic Uncured Stadium Beef Hot Dog,56,22,34,39.285714285714285
Marketplace Pomegranate Chicken,52,21,31,40.38461538461539
Jalapeno Onion Strips,6,0,6,0.0
Goat Milk Cheddar Cheese,52,34,18,65.38461538461539
"Cake Mix, Premium, Chocolate",20,2,18,10.0
"Organics Pop's Corn Microwave Popcorn, Organic, Light Butter",249,125,124,50.20080321285141
Original Natural Stone Ground Mustard,41,8,33,19.51219512195122
Fresh Ginger Root,24130,11685,12445,48.4251968503937
Berry Chewy Candy,11,5,6,45.45454545454545
Organic Light in Sodium Lentil Vegetable Soup,2838,1474,1364,51.93798449612403
Banana Nut Cereal,16,7,9,43.75
White Nectarine,4111,2030,2081,49.379712965215276
Pure Vanilla Joy Candle,181,100,81,55.24861878453039
Salt Mill Refill Sea Salt,86,7,79,8.13953488372093
Coated Caplets PM,12,4,8,33.33333333333333
Raw Unsalted Chopped Walnuts,16,0,16,0.0
Sweet Onions,7024,3495,3529,49.75797266514807
Gluten Free Black Bean and Quinoa Burrito,598,332,266,55.51839464882943
Crackers,4149,2087,2062,50.301277416244886
Solid Milk Chocolate Eggs Bag,27,2,25,7.4074074074074066
Nasal Allergy Spray,16,9,7,56.25
Organic Pearl Heirloom Quinoa,264,104,160,39.39393939393939
"SweeTarts, Laffy Taffy, Nerds, and Bottle Caps treat size Sugar Candy",13,0,13,0.0
Low Fat Mayonnaise Dressing,100,23,77,23.0
Quark Pineapple Yogurt,21,17,4,80.95238095238095
Four Cheese Mashed Potatoes,254,107,147,42.125984251968504
Blends Lowfat Strawberry Yogurt 2% Milkfat,313,200,113,63.897763578274756
Whole Grain Brown Ready Rice,1847,964,883,52.192744991878726
Chocolate Deluxe Bars,19,12,7,63.1578947368421
Organic Veganaise,461,168,293,36.44251626898048
Ginger Sushi,19,3,16,15.789473684210526
Whole Wheat Bunnies Baked Snack Crackers,2674,1556,1118,58.189977561705305
Canned Diet,128,41,87,32.03125
Swedish Ginger Snaps,29,12,17,41.37931034482759
"Pepperoni, Smoked",12,5,7,41.66666666666667
Rye Pumpernickel Bread,13,1,12,7.6923076923076925
Mix Potato Chips Variety Pack,34,23,11,67.64705882352942
Coated Tablets Allergy & Congestion Relief,10,1,9,10.0
Professionals Moroccan Infusion Shine Conditioner,56,19,37,33.92857142857143
Prosciutto Tortelloni,206,93,113,45.14563106796117
Roasted Turkey & Vegetables,20,5,15,25.0
Tomato Balsamic Vinegar Ketchup,27,8,19,29.629629629629626
Montmorency Pasteurized Cherry Juice,5,0,5,0.0
Petite Diced Tomatoes,1345,450,895,33.457249070631974
Italian Herb Spaghetti Sauce Mix,5,0,5,0.0
Protection Shampoo for Color Treated Hair,24,3,21,12.5
"Specialty, Strawberry + Hibiscus Tea Brewed Bars",12,2,10,16.666666666666664
Wheat Toddler Biscuits,8,4,4,50.0
Zero Calorie Strawberry Lemonade Sparkling Water Drink,33,11,22,33.33333333333333
Blackened Cajun Salmon,16,4,12,25.0
Rice Express Fresh Steamed Sticky White Rice,1381,836,545,60.53584359160029
Sliced Mozzarella Cheese,39,13,26,33.33333333333333
Raspberry Pecan Fat Free Dressing,7,1,6,14.285714285714285
Prime Fillet Very Low Sodium Solid White Albacore Tuna In Water,102,48,54,47.05882352941176
Jamaican Jerk Hemp Seed Salad,6,1,5,16.666666666666664
Cool Mint® PocketPaks® Breath Strips,147,62,85,42.17687074829932
Steel Cut Oatmeal Blueberries and Cranberries,90,22,68,24.444444444444443
Totally Natural Kettle Cooked Chips With 60% Less Sodium,17,9,8,52.94117647058824
Thick Cut Naturally Smoked Sliced Bacon,94,54,40,57.446808510638306
Cheese Curls,1358,656,702,48.306332842415316
Sweet 'n Sour Sauce,19,8,11,42.10526315789473
Aloe And Green Tea Foaming Hand Wash,28,9,19,32.142857142857146
Minis Candy,1035,508,527,49.08212560386473
100% Beef Jalapeno Cheeseburgers,106,49,57,46.22641509433962
Meatloaf and Mashed Potatoes,1314,730,584,55.55555555555556
Klassic 3 Seed Crispbreads,415,260,155,62.65060240963856
Black Bean Vegetables Burrito,2819,1503,1316,53.316778999645265
Creamy White Cheddar Cheese Wedges,213,56,157,26.291079812206576
Lactose Free Soy Cheese Frozen Pizza,191,136,55,71.20418848167539
Dark Choc. Rice Cakes,151,94,57,62.251655629139066
Fridge Pack Pink Lemonade,199,114,85,57.286432160804026
Almond Dream Pumpkin Spice Almond Milk,95,38,57,40.0
Thick Medium Cheddar Slices,4521,2883,1638,63.76907763769077
Hugs Kisses Milk Chocolate With White Creme,115,43,72,37.391304347826086
Voluminous Million Lashes Mascara - Blackest Black 635,7,0,7,0.0
Body Wash Aloe,21,10,11,47.61904761904761
Strawberry Parfait,79,46,33,58.22784810126582
"Kefir Cultured Milk, Nonfat, Plain, Unsweetened",900,561,339,62.33333333333333
Organic Soybean Spaghetti Shape,21,7,14,33.33333333333333
Essence Tangerine,24,4,20,16.666666666666664
"Vodka, Hand-Made, Straight",29,14,15,48.275862068965516
Aromatherapy Serenity Fresh Lavender & Eucalyptus Pearl Scents,10,1,9,10.0
Cold Snap Herbal Supplement Capsules,22,4,18,18.181818181818183
Thai Lime Rice,65,28,37,43.07692307692308
Pepperoncini Potato Chips,251,127,124,50.59760956175299
Biotin 5000 Mcg,32,6,26,18.75
Original Savory Rice Thins Snack Crackers,197,109,88,55.32994923857868
Children's Liquid Glycerin Suppository,18,2,16,11.11111111111111
Brown Sugar Maple Oatmeal with Ancient Grains,2060,1236,824,60.0
Vanilla Almond Milk Yogurt,5444,3812,1632,70.02204261572373
Organic Fusilli Whole Wheat,197,102,95,51.776649746192895
Whole Wheat Farfalle No. 85,28,5,23,17.857142857142858
"Fluoride Rinse, Children's Anticavity, Juicy Mint",54,17,37,31.48148148148148
Sea Minerals Foaming Hand Wash Refill,104,35,69,33.65384615384615
Original Puffins Cereal,5636,3549,2087,62.970191625266146
Mango Salsa,110,32,78,29.09090909090909
All Natural Raspberries,268,90,178,33.582089552238806
Kids Toothpaste Berry Smart,74,13,61,17.56756756756757
Temptations Cat Treats Tempting Tuna,137,88,49,64.23357664233576
Confetti Bean Pasta,103,46,57,44.66019417475729
Variety of Victorys,3,0,3,0.0
Cut-Rite Wax Paper,419,43,376,10.26252983293556
Chopped Chipotle & Cheddar Salad Kit,119,64,55,53.78151260504202
Ultimate Flora RTS Extra Strength Probiotic 30 Billion Cultures Capsules,42,7,35,16.666666666666664
Blenheim Apricot Jam,32,5,27,15.625
Extra Fancy Unsalted Mixed Nuts,9709,7939,1770,81.76949222370996
Cacao Dusted Dark Chocolate Goji Berries,19,8,11,42.10526315789473
Organic Unsalted Chicken Bone Stock,692,270,422,39.017341040462426
Ultra Soft Mega Rolls  Bathroom Tissue,1124,659,465,58.629893238434164
Traditional Fried Pork Skins,46,20,26,43.47826086956522
Xtreme Defense 5 Fresh Blast Gel Anti-Perspirant & Deodorant,13,3,10,23.076923076923077
Organic Basil Babe Level 1 Baby Food,658,431,227,65.50151975683892
Sugar-Free Expec Herbal Expectorant Licorice,6,0,6,0.0
Chocolate Cacao Powder,51,16,35,31.372549019607842
Classico Traditional Pizza Sauce,1001,359,642,35.86413586413587
Original Family Size Saltine Crackers,127,62,65,48.818897637795274
Organic White Wine Vinegar,1121,131,990,11.685994647636038
Vanilla Blueberry Clusters With Flax Seeds Granola,6122,3349,2773,54.704344985298924
Green SuperFood Energy Lemon-Lime,29,4,25,13.793103448275861
Iris Hydrating Day Cream for Dry To Very Dry Skin,5,0,5,0.0
Natural Sierra Pumice Brush,6,0,6,0.0
Peanut Butter Biscuits,188,116,72,61.702127659574465
Blueberry Hyaluronic Acid Liquid,14,9,5,64.28571428571429
Signature Spice Cake Cake Mix,41,8,33,19.51219512195122
Buttermilk Complete Pancake Mix,561,165,396,29.411764705882355
Organic Santa Cruz Dark French Roast Coffee,27,12,15,44.44444444444444
Milk Chocolate with Almonds Candy Bar,187,104,83,55.61497326203209
Chocolate Stout,16,7,9,43.75
Flamin' Hot Snack Mix,106,55,51,51.886792452830186
Organic Montebello Conchiglie Italian Pasta,13,4,9,30.76923076923077
Grilled Chicken Feast in Gravy Cat Food,570,351,219,61.578947368421055
Pork Sausage Links Originals,22,13,9,59.09090909090909
Gluten Free Cinnamon Raisin Bread,2629,1593,1036,60.59338151388361
Zinfandel Wine,123,68,55,55.28455284552846
Pick-A-Size Paper Towels,49,20,29,40.816326530612244
Extra Light Tasting Olive Oil,609,221,388,36.28899835796388
Million Dollar Bun,92,55,37,59.78260869565217
Original No Pulp 100% Florida Orange Juice,19345,11884,7461,61.43189454639442
"Donuts, Classic, Pumpkin",14,5,9,35.714285714285715
"Daily Shower Cleaner Scrub Free Refill, Fresh Clean Scent Refill",30,14,16,46.666666666666664
Coated Paper Plates,54,25,29,46.2962962962963
Brown Rice Yeast-Free Loaf,14,2,12,14.285714285714285
Organic Healing Balm,76,13,63,17.105263157894736
Kids Apple 3 in 1 Shampoo + Conditioner + Body Wash,146,53,93,36.3013698630137
Peach Mangosteen Juice Drink,6,1,5,16.666666666666664
Gluten Free 9 Inch Pie Shells,255,77,178,30.19607843137255
Homestyle Waffles,357,215,142,60.22408963585434
Veggie Stix Sea Salt,570,297,273,52.10526315789473
Sourdough Bachelor Loaf,349,244,105,69.91404011461319
Ultra Plush With 3 Soft Layers Unscented Bathroom Tissue,23,4,19,17.391304347826086
"Natural Antiseptic, Tea Tree Oil",138,11,127,7.971014492753622
Mild Hot Tortilla Chips,59,26,33,44.06779661016949
Organic Almond Non Dairy Beverage Vanilla,94,33,61,35.1063829787234
Fat Free Half And Half,3,0,3,0.0
Rattle-Snakes Gummi Candy,96,67,29,69.79166666666666
Potato Puffs with Roasted Garlic and Cracked Black Pepper,1823,686,1137,37.63027975863961
The Original Texas Toast Caesar Croutons,189,70,119,37.03703703703704
"Organic Lotion, Peppermint",7,1,6,14.285714285714285
Crab & Corn Chowder,13,7,6,53.84615384615385
Sour Cream Chive Mashed Potatoes,11,5,6,45.45454545454545
Sugar Free Chocolate,381,197,184,51.70603674540683
Miracle Whip Original Squeeze Bottle,232,59,173,25.43103448275862
Organic Black Bean Tortilla Chips,13,2,11,15.384615384615385
Dry Mouth Oral Rinse,142,62,80,43.66197183098591
Pancakes Blueberry - 18 CT,41,27,14,65.85365853658537
Nutrient Moisturizer,9,0,9,0.0
Breaded Chicken Breast,269,145,124,53.90334572490706
Raw Coconut Water With Fair Trade Coffee,255,128,127,50.19607843137255
Feta Cheese In Brine,1411,685,726,48.5471296952516
Original Yogurt Cookies & Cream,66,28,38,42.42424242424242
312 Urban Wheat,136,64,72,47.05882352941176
Organic Cilantro,69524,43103,26421,61.99729589781946
Plain Grade A Drinkable Yogurt 100% Natural,14,9,5,64.28571428571429
"Bread, Multi Grain Pita",18,8,10,44.44444444444444
Organic  Whole Milk,9842,8279,1563,84.11908148750254
Farmer's Garden Medium Salsa,152,51,101,33.55263157894737
Cappuccino Chip Slow Churned Yogurt Blends,16,6,10,37.5
Umcka Cold + Flu Multi-Action Natural Relief Sugar-Free Syrup Berry Flavor,38,5,33,13.157894736842104
Mini Yellow Rounds Corn Tortilla Chips,528,366,162,69.31818181818183
Mandarin Orange in 100% Fruit Juice,1586,909,677,57.3139974779319
Original Redness Relief Sterile Tetrahydrozoline HCl Eye Drops,192,61,131,31.770833333333332
"Organic Tomato Paste, No Salt Added",4063,2059,2004,50.67683977356633
100% Papaya Juice Blend,97,51,46,52.57731958762887
Handcrafter French Pot Ice Cream Buckeye Chocolate Chip,31,11,20,35.483870967741936
Chewy Granola Bar Chocolate Chip Granola,1796,817,979,45.48997772828508
Persa-Gel® 10 Maximum Strength Acne Treatments,89,36,53,40.44943820224719
Skinless & Boneless Sardines In Olive Oil,134,72,62,53.73134328358209
Iced Tea Bags,28,21,7,75.0
"Chewing Gum, Tangerine",121,42,79,34.710743801652896
Spicy Maya Chocolate Bar,21,8,13,38.095238095238095
Madagascar Bourbon Pure Vanilla Extract,162,33,129,20.37037037037037
Organic Freeze Dried Strawberries,3269,2130,1139,65.15754053227286
Hearty Beef Franks,13,4,9,30.76923076923077
Original Pure Almondmilk,106,46,60,43.39622641509434
Breaded Mushrooms,11,3,8,27.27272727272727
Thai Coconut Curry Hummus,267,140,127,52.43445692883895
"Fast-Max Maximum Strength Cold, Flu, & Sore Throat Caplets",14,3,11,21.428571428571427
Peach Greek Yogurt,12,5,7,41.66666666666667
Super Sensitive Shampoo & Bodywash,203,62,141,30.541871921182267
Shaly Loam Gewürztraminer,43,21,22,48.837209302325576
Chocolate Chip Protein Bar,19,7,12,36.84210526315789
Classic Salmon & Shrimp Feast Cat Food,305,207,98,67.8688524590164
Cantaloupe Grapefruit Sparkling Water,335,137,198,40.8955223880597
Gourmet Fish Stock,41,7,34,17.073170731707318
Happy Trail Mix Soft-Baked Cookies,6,2,4,33.33333333333333
French Style Cut Green Beans,48,12,36,25.0
Toasted Coconut Caramel Artisan Popcorn,8,1,7,12.5
Blueberry Pancake & Waffle Mix,2,0,2,0.0
Bold Sloppy Joe Sauce,144,73,71,50.69444444444444
White Cran-Strawberry Juice Drink,116,66,50,56.896551724137936
Golden Banquet Beer,3,1,2,33.33333333333333
Organic Fair Trade Orange Infused Dark Chocolate 65% Cacao,2,0,2,0.0
Reese's Pieces Bag,85,56,29,65.88235294117646
Cherrios Honey Nut,7452,4878,2574,65.45893719806763
Crunchy Nut Golden Honey Nut Flakes Cereal,22,15,7,68.18181818181817
Crispy Thin Crust Gluten Free BBQ Chicken Pizza,13,4,9,30.76923076923077
Sweet Italian Style Chicken Sausage,152,65,87,42.76315789473684
Peanut Butter Chocolate Cookie Dough,57,25,32,43.859649122807014
Original Sparkling Seltzer Water Cans,1091,814,277,74.61044912923923
Dark Satin 100% Arabica Premium Whole Bean Dark Roast Coffee Coffee,12,7,5,58.333333333333336
Cheese Pizza Snacks,8483,5658,2825,66.69810208652599
100% Extra Virgin Olive Oil Spray,100,43,57,43.0
Albarino Rias Baixas,18,11,7,61.111111111111114
Marinara Italian Sauce,350,153,197,43.714285714285715
Organic Tofu,473,312,161,65.96194503171247
Eggo Thick & Fluffy Minis Vanilla Bliss Waffles,93,55,38,59.13978494623656
Sprouted Grain Bread Cinnamon Raisin,912,440,472,48.24561403508772
Ready Crust Mini Graham Pie Crusts,73,3,70,4.10958904109589
Suiza Enchilada,52,13,39,25.0
Almond Dairy-Free Peach Yogurt Alternative,8,3,5,37.5
Mediterranean Mint Gelato Pops Dipped In Rich Dark Chocolate,18,5,13,27.77777777777778
Sunscreen SPF 50+,95,18,77,18.947368421052634
Oven Baked Cheddar & Sour Cream Potato Crisps,1896,1008,888,53.16455696202531
Organic Decaf Blend Coffee,79,45,34,56.9620253164557
Serenity Moisturizing Body Wash,3,0,3,0.0
Verbena & Lemongrass Soy Wax Candle,14,1,13,7.142857142857142
Big Delux Chocolate Chip Big Cookie Dough,101,39,62,38.613861386138616
Toasted Coconut Vanilla Nonfat Yogurt,12,6,6,50.0
Lactose Free Cheddar Flavor Cheese Slices,27,7,20,25.925925925925924
Drumstick Lil' Drums Vanilla Caramel Sauce & Vanilla Fudge Sauce,133,55,78,41.35338345864661
Organics Daily Essential Facial Moisturizer,5,0,5,0.0
100% Whey Chocolate Protein Powder,17,4,13,23.52941176470588
2nd Foods Apricot with Mixed Fruit,46,18,28,39.130434782608695
Garden Spinach Herb 6 Ct Wraps,1352,646,706,47.781065088757394
Peppermint and Tea Tree Hand Soap,76,27,49,35.526315789473685
Granite Cleaner,3,0,3,0.0
Organic Jammy Sammy Snack Size Sandwich Bar Stawberry Jam & Peanut Butter,428,258,170,60.280373831775705
Organic Chili Powder,314,33,281,10.509554140127388
Crispy Rosemary Fries with Sea Salt,43,20,23,46.51162790697674
Roasted Eggplant Spread,34,4,30,11.76470588235294
Garlic Butter Grilled Fillets,18,7,11,38.88888888888889
Cell Food,20,10,10,50.0
Raw Coconut Crystals,33,12,21,36.36363636363637
Best Refried Black Beans,23,5,18,21.73913043478261
Chicken Margherita & Penne Classic Meal for Two,86,31,55,36.04651162790697
9 Inch Plates,3094,1683,1411,54.395604395604394
Simply Naked Bagel Chips,483,249,234,51.5527950310559
Baby Healing Ointment,160,41,119,25.624999999999996
"Baking Cups, Nonstick, Mini",23,3,20,13.043478260869565
Gourmet Tomato Medley,6961,4210,2751,60.4798161183738
"Brazilian Acai Berry Biotin Bursts 10,000 mcg",12,5,7,41.66666666666667
Tears Lubricant Eye Drops,44,13,31,29.545454545454547
Lemon-Lime 12 Pack Soda,3053,2141,912,70.1277432034065
Dried Raspberries,15,1,14,6.666666666666667
Sugar Free Lemonade Drink Mix,17,9,8,52.94117647058824
Chicken paella,2,0,2,0.0
Craft Brewed Yerba Mate Brew Solar Kombucha,58,31,27,53.44827586206896
Sesame Noodle Salad,17,7,10,41.17647058823529
Smooth Psyllium Fiber Supplement,14,2,12,14.285714285714285
Spicy Guacamole Mix,55,11,44,20.0
Advanced Care Invisible Sheer Fresh Deodorant,5,0,5,0.0
Chicken Fajitas,122,59,63,48.36065573770492
Seeded Rye Bread,307,170,137,55.37459283387622
Organic Ground Sumac,31,0,31,0.0
"Pie Crust, Gluten Free",40,4,36,10.0
Cubanelle Pepper,481,219,262,45.53014553014553
Four Cheese Tomato Cream Pasta Sauce,26,13,13,50.0
Natural Preserved Lemons,269,52,217,19.33085501858736
"Crackers, Classic Saltine",533,253,280,47.467166979362105
Solid Cool Essentials W/Cucumber & Green Tea Scent Deodorant Clinical Protection,80,16,64,20.0
Lemongrass & Chili Instant Rice Noodle Soup,142,33,109,23.239436619718308
"Maple Sugar, Organic, Pure",34,4,30,11.76470588235294
Ultra Jarro-Dophilus 10 Strain Probiotic Capsules,33,5,28,15.151515151515152
Creme De Menthe Thins,408,191,217,46.81372549019608
Pierogies Potato & Cheese Filled,26,12,14,46.15384615384615
Amazingly Grey Black Tea with Bergamot Flavor,10,4,6,40.0
Texas BBQ Kale Chips,23,6,17,26.08695652173913
Boneless Turkey Breast Roast,44,9,35,20.454545454545457
Nantucket Blend K Cups,71,50,21,70.4225352112676
Old Fashioned Caramel Apple Dip,16,4,12,25.0
6.25 Oz LifeSavers Peppomint Peg,182,88,94,48.35164835164835
Unbleached Enriched Super-Fine Cake Flour,199,23,176,11.557788944723619
Spikes Medium Chunky Salsa,82,26,56,31.70731707317073
Multi Surface Cleaner Lavender,23,11,12,47.82608695652174
Liquid Smoke Hickory Concentrated Seasoning,239,22,217,9.205020920502092
All Day Pain Relief Naproxen Sodium Tablets,8,2,6,25.0
One Vanilla Chai Nutritional Shake Drink Mix,30,13,17,43.333333333333336
Granny Smith Apple Chips,26,4,22,15.384615384615385
Potato-Filled Flatbread,73,34,39,46.57534246575342
18-In-1 Hemp Peppermint Pure-Castile Soap,52,4,48,7.6923076923076925
Heavy Whip Cream,971,617,354,63.5427394438723
Pure Butter Shortbread,1763,927,836,52.58082813386273
Mini Pretzels,2420,1262,1158,52.14876033057851
Banana Yogurt & Fruit Juice Blend,8,0,8,0.0
Steamfresh Selects Frozen Long Grain White Rice with Mixed Vegetables,196,88,108,44.89795918367347
Wildberry Hibiscus Herbal Infusion Pouches,32,5,27,15.625
San Ignacio Coffee,10,4,6,40.0
Premium Ginger Beer,1177,610,567,51.82667799490229
Original Aloe Vera Drink,19,7,12,36.84210526315789
Peeled and Steamed Fava Beans,40,5,35,12.5
Seville Bitter Orange Marmalade,7,1,6,14.285714285714285
Snicker Doodle Chocolate Enrobed Cookie Dough,56,40,16,71.42857142857143
Organic Dark Chocolate Cherry Almond Trail Mix Bar,46,24,22,52.17391304347826
White Truffle Flavored Extra Virgin Olive Oil Spray,22,3,19,13.636363636363635
Foil Sheets,406,102,304,25.12315270935961
Hard Root Beer,12,1,11,8.333333333333332
Coffee Caramel Ice Cream,22,1,21,4.545454545454546
Citrus Power Liquid Cleaner,7,1,6,14.285714285714285
"Laundry Liquid, Cold-Water Formula, Grapefruit Seed & Orange Peel Extract",36,6,30,16.666666666666664
Four Cheese Ravioli,1151,601,550,52.215464813205905
Blow Pop Assorted Bubble Gum Filled Pops,114,30,84,26.31578947368421
Tropical Lime Twist Dish Detergent,22,5,17,22.727272727272727
Splendido Tomatoes,54,24,30,44.44444444444444
Organic Edamame,7595,3597,3998,47.36010533245557
Southwest Chicken In a Seasoned Batter Taquitos,20,4,16,20.0
Beef Polska Kielbasa,536,248,288,46.26865671641791
Totopos de Maiz Mexican Style Thin & Crispy Salted Tortilla Chips,752,395,357,52.52659574468085
Unscented Regular Pantiliners,17,7,10,41.17647058823529
Tumblers for Cats Toss Roll & Treat Chicken & Turkey,22,13,9,59.09090909090909
Signature German Chocolate Cake Mix,8,0,8,0.0
Fresh Scent Speed Stick Deodorant,63,20,43,31.746031746031743
Thai Green Curry Sauce,10,2,8,20.0
Package Kiwi,209,80,129,38.27751196172249
"Sunscreen, Kids Spray, Broad Spectrum SPF 40",70,14,56,20.0
Sunflower Seed Butter,233,59,174,25.321888412017167
"Chopped Salad Kit with Kale, BBQ Ranch",64,31,33,48.4375
Sugar Free Low Calorie Raspberry Gelatin Dessert,73,24,49,32.87671232876712
Vegetable Lasagna,3085,1658,1427,53.74392220421393
Greek 100 Calories Whips! Peaches 'n Cream Fat Free Yogurt Mousse,28,5,23,17.857142857142858
Organic Chewy Blueberry Almond Granola & Seed Bars,18,4,14,22.22222222222222
Pretzel In Milk Chocolate Bar,1838,1163,675,63.27529923830251
Organic Greek Plain Whole Milk Yogurt,44,24,20,54.54545454545454
Caramel Minis Size Chocolate Cookie Bar Candy 11.5-oz. Bag,751,412,339,54.860186418109194
Organic Creamy Pumpkin Soup,241,92,149,38.17427385892116
Healthy Dark Chocolate,184,108,76,58.69565217391305
Corner Crunchy Granola Lowfat Yogurt,18,4,14,22.22222222222222
Organic Caramel Sauce,30,2,28,6.666666666666667
Ice Cream Chocolate Mocha Chip,2151,947,1204,44.02603440260344
Organic Apple Cinnamon Granola,81,51,30,62.96296296296296
White Anchovies In Extra Virgin Olive Oil,31,8,23,25.806451612903224
Home Style Steak Grillers Dog Treats,6,1,5,16.666666666666664
Garlic Marinara,133,48,85,36.09022556390977
Natural Hand Selected Chicken Cat Treat Packs,4,1,3,25.0
Original Hard Candy,33,2,31,6.0606060606060606
Cheese Lasagna,235,101,134,42.97872340425532
Mineral Sun Spray Lotion Broad Spectrum SPF 30 Sunscreen,3,0,3,0.0
Urinary Health Extra Strength Liquid Cranberry,5,0,5,0.0
"Sweetener, Liquid Stevia, Chocolate",26,4,22,15.384615384615385
Ultra Moisture with Shea Butter Beauty Bar,23,7,16,30.434782608695656
Single-Grain Rice Cereal,6,2,4,33.33333333333333
Kefir Starter Kit,6,1,5,16.666666666666664
Fierce Fruit Berry Punch Thirst Quencher,122,66,56,54.09836065573771
Beef Rib Roast,42,5,37,11.904761904761903
Dry Spicy Salami Robusto,74,27,47,36.486486486486484
"Steel Cut Oats with Currants, Flax and Chia",9,0,9,0.0
"8 x 8 x 1 5/8\"" EZ Occasions with Covers  Cake Pans",49,6,43,12.244897959183673
Avocado Oil,1805,941,864,52.13296398891967
Organic Wasabi Seasoning,5,0,5,0.0
Organic Purple Mulberries,15,4,11,26.666666666666668
Organic Red Delicious Apple,13833,9588,4245,69.31251355454349
Apple Junifer,22,7,15,31.818181818181817
Fragrance Free Moisturizing Bar,28,11,17,39.285714285714285
Hawaiian Volcanic Water,64,53,11,82.8125
Bar-B-Q Corn Chips,19,4,15,21.052631578947366
Daily Moisturizing Lotion SPF 15,5,0,5,0.0
Severe Daytime Non-Drowsy Caplets Sinus Congestion & Pain,221,58,163,26.244343891402718
Multi Symptom Relief Combo,37,1,36,2.7027027027027026
"Stir Fry/Marinade, Honey Teriyaki Sauce",32,2,30,6.25
"Kava Kava Root, Vegetarian Liquid Phyto-Caps",9,1,8,11.11111111111111
Rose Absolute Oil,20,2,18,10.0
"Flavored Fizzy Drink Mix, 1000 Milligrams Vitamin C, Cranberry-Pomegranate",108,35,73,32.407407407407405
Four Cheese Pasta Sauce,5866,3410,2456,58.13160586430276
Strawberry Cheesecake,34,8,26,23.52941176470588
"Dressing, Red Wine Vinaigrette",7,0,7,0.0
Chipotle Powder,141,4,137,2.8368794326241136
Pure Fire Tonic Apple Cider Vinegar Drink,90,33,57,36.666666666666664
"Protein & Fiber Madagascar Vanilla, Almonds & Pecans Hot Oatmeal",539,261,278,48.42300556586271
Hemp Milk Non Dairy Beverage Original,602,419,183,69.60132890365448
54 in x 108 in White 2-Ply Tissue Tablecover,17,2,15,11.76470588235294
Normal Balancing Shampoo,18,9,9,50.0
Chocolate Chip Cookie Sandwich,20,14,6,70.0
Mint Green Tea,16,3,13,18.75
Sriracha Teriyaki Sauce,11,2,9,18.181818181818183
Tea Herbal Infusion Variety Whole Leaf Pouches,8,0,8,0.0
Wild Berry Zinger Herbal Tea Bags,92,23,69,25.0
CLA-1300 Max Potency,8,0,8,0.0
Chunky Peanut Butter Chocolate High Protein Bars,270,175,95,64.81481481481481
Positively Radiant Daily Cleansing Pads,6,1,5,16.666666666666664
Super Size Flour Tortillas,51,16,35,31.372549019607842
Organic Fresh Pressed Pure Carrot 100% Juice,790,440,350,55.69620253164557
Black Cherry Lemonade,10,2,8,20.0
Shredded Natural Parmesan-Romano and Asiago Cheese Shaker,37,8,29,21.62162162162162
Organic Gluten-Free Brown Rice Pasta,165,95,70,57.57575757575758
Tropical Turmeric Jun-Kombucha Made With Honey Organic,37,27,10,72.97297297297297
Radish Bunch,81,24,57,29.629629629629626
Miniature Peanut Butter Cups,349,183,166,52.43553008595988
Crunchy Baked Corn Sticks,266,173,93,65.0375939849624
Variety Pack of Crackers,208,129,79,62.019230769230774
Broccoli Slaw,658,335,323,50.911854103343465
Organic Banana Puffs,1726,718,1008,41.59907300115875
Cheddar And Sour Cream,207,91,116,43.96135265700483
Regional Texas Style Barbecue Sauce,12,4,8,33.33333333333333
Spinach and Arugula Salad,1702,719,983,42.24441833137485
Garden Vegetable Spread Deli Cups,22,10,12,45.45454545454545
Eggo Pancakes Minis,2809,1928,881,68.63652545389819
Chilpotle Peppers in Adobo Sauce,1120,287,833,25.624999999999996
Long Lasting No Aluminum Men's Deodorant Deep Forest,8,0,8,0.0
Reduced Sugar Vanilla Almondmilk Non-Dairy Beverage,216,133,83,61.57407407407407
Passionfruit Sparkling Water,7518,5313,2205,70.6703910614525
Ezekiel 4:9 Sprouted Golden Flax Waffles  6 Count,6,0,6,0.0
Angel Hair Pasta With Herbs,361,139,222,38.504155124653735
Cranberry Chutney,39,5,34,12.82051282051282
Gluten Free Cracked Pepper Lentil Crackers,5,0,5,0.0
Fluoride-Free Antiplaque & Whitening Spearmint Gel,97,23,74,23.711340206185564
Organic Basmati Rice,1241,656,585,52.86059629331184
Calorie Free Thousand Island Dressing,3,0,3,0.0
Lite Chocolate Syrup,127,43,84,33.85826771653544
Coconut Dark Chocolate Bar,633,373,260,58.92575039494471
Cinnamon Sugar Cookie Chips,139,55,84,39.568345323741006
"Original Thin Crust Supreme (Sausage, Pepperoni, Roasted Green, Red, & Yellow Peppers, Onions) Pizza",156,44,112,28.205128205128204
7 OZ WESTMINISTER CHEDDAR SHARP,35,16,19,45.714285714285715
Organic Brownie Mix,86,19,67,22.093023255813954
Organic Freeze-Dried Roasted Corn,40,17,23,42.5
Organic Breath Spray,71,24,47,33.80281690140845
Organic Rosemary & Pumpkin Seed Crackers,12,4,8,33.33333333333333
1% Low Fat Milk,8621,6816,1805,79.06275374086533
Deluxe Mixed Nuts With Sea Salt,53,33,20,62.264150943396224
Organic Scone Baking Mix,10,2,8,20.0
Instant Granulated Tapioca,7,1,6,14.285714285714285
Beefsteak Tomatoes,2312,1620,692,70.06920415224913
Stool Softener Liquid Gels,53,14,39,26.41509433962264
Whole Grains Double Fiber Bread,349,251,98,71.91977077363897
Oatmeal Square Banana Dark Chocolate,176,99,77,56.25
with Bleach Powder Cleanser,74,19,55,25.675675675675674
Unscented Pure Castile Soap,524,228,296,43.51145038167939
Ultra Built Strong Plates - 22 CT,312,153,159,49.03846153846153
"Select-A-Size Paper Towels, White",1208,610,598,50.496688741721854
Reduced Sodium Chicken Broth for Passover,30,4,26,13.333333333333334
Mediterranean Olive Hummus,8,3,5,37.5
Imported Unsalted Butter,564,328,236,58.156028368794324
Slow Churned Mountain Blueberry Caramel Ice Cream,11,3,8,27.27272727272727
Viva Vanilla Flavor Protein Smoothie Powder Drink Mix,1027,347,680,33.787731256085685
Jordan Almonds,34,26,8,76.47058823529412
Baja Buffalo Shrimp,14,3,11,21.428571428571427
Italian Style Meatballs,555,225,330,40.54054054054054
Medium Hand Saver Everyday Protection,172,36,136,20.930232558139537
Honest Toothpaste Fresh Mint,70,26,44,37.142857142857146
Orange Clean Furniture Spray,109,35,74,32.11009174311927
"Pasta Sauce, Marinara",188,69,119,36.702127659574465
Grilled Seafood Feast in Gravy Cat Food,179,127,52,70.94972067039106
Original HandmadeTandoori Naan,25,5,20,20.0
Lemon Fresh Scent Powder Dishwasher Detergent,55,31,24,56.36363636363636
Pure Assam Tea,48,27,21,56.25
Care Aloe Vera Gel With Lidocaine,12,1,11,8.333333333333332
Organic Dried Bananas,5,0,5,0.0
Mini Crunch Chocolate Chip Cookies,17,5,12,29.411764705882355
Organic Rib Eye Seasoning,25,2,23,8.0
Triple Razor,248,23,225,9.274193548387096
SleepThru Liquid Phyto-Caps Vegetarian Dietary Supplement,18,10,8,55.55555555555556
Mint Clean Energy Guyasa Tea,97,62,35,63.91752577319587
Fresh Fussilli,930,559,371,60.10752688172043
Fat Free Feta Chunks,472,208,264,44.06779661016949
Organic Fiber & Protein Pear Blueberry & Spinach Baby Food,2785,1801,984,64.66786355475763
Chicken Carbonara,564,256,308,45.39007092198582
Classic Ranch Yogurt Dressing,1125,528,597,46.93333333333333
Ginseng Vitality Tea,1,0,1,0.0
Clear Pore Cleanser/Mask,45,11,34,24.444444444444443
Regional Specialties Casarecce Pasta,27,15,12,55.55555555555556
Adobo All Purpose Seasoning With Pepper,132,19,113,14.393939393939394
Pizza Pepperoni And Mushroom,6,1,5,16.666666666666664
Zero Natural Laundry Liquid 2.5 X Free And Clear,12,2,10,16.666666666666664
Thick & Rich Saving Cream Sensitive Skin,14,1,13,7.142857142857142
Green Moroccan Mint Tea,64,17,47,26.5625
Low Sodium Organic Medium Chili,1228,546,682,44.462540716612374
Extra Sharp White Cheddar,4484,2877,1607,64.16146297948261
Chopped Greek Bacon and Bleu Yogurt Salad Kit,138,70,68,50.72463768115942
Beer Battered Onion Rings with Sea Salt,96,33,63,34.375
Original Almond Breeze Almond Milk,1287,716,571,55.63325563325563
White Alsace Riesling Wine,7,2,5,28.57142857142857
Toasted Pine Nut Couscous Mix,1809,734,1075,40.574903261470425
Lemon Pepper Dry Rub,42,12,30,28.57142857142857
Mochaccino Coffee Drink,17,5,12,29.411764705882355
Vermicelli Pasta,11,2,9,18.181818181818183
Rose Geranium Facial Tonic,23,7,16,30.434782608695656
Hawaiian Hand & Body Lotion Natural,7,1,6,14.285714285714285
Peach Fruit Ice Bars 6 ct,307,162,145,52.76872964169381
Sweet Orange Hand Sanitizer Spray,32,7,25,21.875
Organic Low Fat Vanila Milk,822,585,237,71.16788321167883
Seltzer Calorie-free Cranberry Lime,208,130,78,62.5
Dofino Gouda Cheese,42,19,23,45.23809523809524
Nail Hair & Skin Connection Food-Based Formula Dietary Supplement,6,0,6,0.0
Original Apple 100% Juice,2447,1421,1026,58.07110747854516
Beef Chuck Eye Steak,8,1,7,12.5
Concentrace Trace Mineral Drops,5,0,5,0.0
Churn Style 51% Vegetable Oil Spread,7,0,7,0.0
Blueberry Muffin Mix,652,260,392,39.87730061349693
Organic Brown Rice Cake Salt-Free,4346,2361,1985,54.325816843074094
Naturals California Ripe Green Medium Olives,205,59,146,28.780487804878046
Organic Strawberry Super C Vitatrition Juice,6,1,5,16.666666666666664
Fine Grind Black Pepper,21,4,17,19.047619047619047
Organic Super Tampons Wth Applicator,93,10,83,10.75268817204301
Fresh Mixed Berries,30,14,16,46.666666666666664
Gefilte Fish,32,10,22,31.25
Cage-Free Grade AA Large Eggs,680,398,282,58.529411764705884
Savory Delights Filet Mignon Flavor with Bacon & Potato in Meaty Juices Wet Dog Food,36,22,14,61.111111111111114
Cage Free White Omega 3 Eggs,7,2,5,28.57142857142857
Earwax Removal Kit,31,0,31,0.0
Rich Red Blend,21,12,9,57.14285714285714
"Seasoning, Coriander & Annatto, Jumbo Pak",50,21,29,42.0
US Postage Forever Stamps Book,16,6,10,37.5
Cranberry Pomegranate Delight Juice,2,0,2,0.0
Original 2/$1 Sunflower Seeds,5,2,3,40.0
Kettle Korn Popcorn,166,71,95,42.77108433734939
Organic Whole Grain Brown Rice Microwaveable Pouches,396,234,162,59.09090909090909
Iced Matcha Tea With A Hint of Honey,23,10,13,43.47826086956522
Cereal Comet Crispies,171,96,75,56.14035087719298
Special Dark Chocolate Kisses,238,95,143,39.91596638655462
Calms Nerve Tension Sleeplessness 4 GR. - 100 CT,6,0,6,0.0
Unscented Sensitive Body Wash,5,0,5,0.0
Pain Reliever & Fever Reducer Tablets,37,9,28,24.324324324324326
AcneDote Deep Clean Astringent,26,8,18,30.76923076923077
Oil-Absorbing Sheets Cleansers,7,0,7,0.0
Pumpkin Bar Sprouted Bar,359,207,152,57.66016713091921
Shredded Parmigiano Reggiano,2424,1406,1018,58.003300330033
Refill Infant Milk-Based with Iron 16.6 oz Pouches Infant Formula Powder,181,121,60,66.85082872928176
Cinnamon Swirl Crumb Cake & Muffin Mix,226,79,147,34.95575221238938
Probiotics Peach Passion Fruit Juice,18,2,16,11.11111111111111
Original in Tomato & Cheese Sauce Pasta,52,23,29,44.230769230769226
Manuka Honey MGO 250+,22,5,17,22.727272727272727
Grab 'N Go® Cups & Lids 12 Ounce,1380,747,633,54.130434782608695
"Tomatoes, Finely Chopped",268,104,164,38.80597014925373
Pumpkin Creme Pie,6,0,6,0.0
"Popped Snack Bites, Salted Caramel Bites",19,7,12,36.84210526315789
Broccoli & Sweet Potato Tots,8,0,8,0.0
Extra Long Lasting Polar Ice Flavor Sugarfree Gum,63,19,44,30.158730158730158
Mocha Energy Gel,16,5,11,31.25
Dark Chocolate Mint Cups,6,1,5,16.666666666666664
Basil Garlic & Oregano Tomatoes Sauce,244,108,136,44.26229508196721
Chardonnay Santa Barbara County 2005,29,11,18,37.93103448275862
"Soymilk, Classic, Vanilla",61,41,20,67.21311475409836
Yogurt Pretzels,2522,1641,881,65.06740681998414
Unsalted Mushroom Barley Soup,3,0,3,0.0
Organic Rainbow Beet Bunch,18,3,15,16.666666666666664
Cilantro Lime Chicken Burrito,1887,987,900,52.30524642289348
Chop Sweet Kale Kit,219,122,97,55.70776255707762
Chewy Fudge Filled Cookies,48,21,27,43.75
Big Original baked Cheese Crackers,264,133,131,50.378787878787875
Chicken Samosas With Cilantro Chutney,60,29,31,48.333333333333336
Max Force Pre-Treater Gel Stick,145,33,112,22.758620689655174
Fully Cooked Maple Sausages 10 Count,66,41,25,62.121212121212125
Organic Stage 2 Rice & Lentil Baby Food,397,172,225,43.32493702770781
Organic Dark Chocolate Almonds,18,8,10,44.44444444444444
Cultured 'Lowfat Buttermilk,372,176,196,47.31182795698925
Caffe Espresso Ground Coffee,856,476,380,55.60747663551402
Bone In Pork Loin Chops,351,193,158,54.98575498575499
Nexcare Waterproof Knee and Elbow Bandage,10,2,8,20.0
Lemon Poppyseed Oat Bar,322,204,118,63.35403726708074
Egg Coloring Kit,4,0,4,0.0
High Performace Energy Drink,12,7,5,58.333333333333336
93/7 Ground Beef,1307,826,481,63.198163733741396
Organic Peanut Butter Chip Chewy Granola Bars,128,35,93,27.34375
Red Rageous Chewy Fruit Candy,3,2,1,66.66666666666666
Eye Pencil - Dark Oak,6,1,5,16.666666666666664
4 Inch Paring Knife,15,2,13,13.333333333333334
Puppy Chow Complete,31,16,15,51.61290322580645
Intense Stain Whitening Toothpaste With Fluoride,47,18,29,38.297872340425535
Original Non Dairy Coffee Creamer,23,13,10,56.52173913043478
Whole Ground Golden Flaxseed Meal,41,6,35,14.634146341463413
Pimento Cheese,370,236,134,63.78378378378379
Gus Dry Blackberry,14,6,8,42.857142857142854
Kefir Raspberry,1,0,1,0.0
Coffee Treats Anisette Toast Cookies,37,20,17,54.054054054054056
Dal Mix,33,19,14,57.57575757575758
Mama Sorrenti's Minestrone,9,3,6,33.33333333333333
Milk Chocolate Toffee Almond High Protein & Fiber Bar,656,406,250,61.890243902439025
Smoked Gourmet Chorizo Chicken Sausage,128,36,92,28.125
Ultra Oxy Power Degreaser,6,1,5,16.666666666666664
4 Cheese Mexican Shredded Cheese,1257,645,612,51.3126491646778
Lactose Free Plain Kefir,3313,2393,920,72.23060670087534
All Natural Seed Style Mustard,15,0,15,0.0
Ultra Gain Island Fresh Dish Soap,8,1,7,12.5
Watermelon Juice Drink,46,30,16,65.21739130434783
Dark Roast Cold Brew Coffee Concentrate,230,162,68,70.43478260869566
Hommus Classic Original,4712,3213,1499,68.18760611205434
Organic Maple Cinnamon Waffles,255,135,120,52.94117647058824
Diet Coke Soda,2690,1872,818,69.5910780669145
Superberry Vitality Burst Energy Ball,4,1,3,25.0
"Valerian Root, Certified Organic",19,3,16,15.789473684210526
Gluten Free Soft n' Chewy Ancient Grain Granola Bars,4,0,4,0.0
Garlic Oil,20,6,14,30.0
Raw Organic Dried Yacon Slices,7,3,4,42.857142857142854
Duplex Sandwich Creme Cookies,5,1,4,20.0
Vanilla Spiru-Tein High Protein Energy Shake,5,3,2,60.0
Compostable Cling Wrap,65,8,57,12.307692307692308
Magnum Thin Lubricated Condoms,30,5,25,16.666666666666664
Gluten Free Wraps,871,396,475,45.46498277841561
Organic Quinoa Crispbread,122,62,60,50.81967213114754
Hand Dipped Basket Whole Milk Ricotta,494,252,242,51.012145748987855
Herbes De Provence Dry Salami,22,4,18,18.181818181818183
School Safe Brownie Bars,153,106,47,69.28104575163398
Cranberry Juice Cocktail,4735,2793,1942,58.98627243928194
Recipe Secrets Savory Herb with Garlic Recipe Soup & Dip Mix,5,0,5,0.0
Maui Mountain Sweet 'n Sour Sauce & Marinade,29,10,19,34.48275862068966
Canola Oil Baking Spray with Flour,65,10,55,15.384615384615385
Maple Cured Bacon Baked Beans,369,113,256,30.62330623306233
Chocolate Chip Chewy Snack Bar,39,31,8,79.48717948717949
"Yogurt, Banana and Mixed Berry Blend Breakfast On-The-Go",7,1,6,14.285714285714285
Hot Salsa,1443,801,642,55.50935550935551
Cafe Special Medium-Dark Roast Ground Coffee,4,1,3,25.0
Orange Unsweetened Soft Drink Mix,53,37,16,69.81132075471697
"Elastic Bandage, Self-Adhering, 4 Inch Width",6,0,6,0.0
Oats 'N Dark Chocolate Protein Granola,299,145,154,48.49498327759198
Dentastix Small/Medium Dog Care & Treats,16,6,10,37.5
Magnum BareSkin Condoms,20,5,15,25.0
Lentil Salad,576,428,148,74.30555555555556
Aim'nFlameII Multi-Purpose Lighter,115,20,95,17.391304347826086
Deep Dish Minis Pepperoni Pizza,99,63,36,63.63636363636363
Dry Touch Sunscreen SPF 70 Posted 5/21/2013 Ultra Sheer Sunblock,24,0,24,0.0
Chicken Rub,28,4,24,14.285714285714285
Root Beer Soda,886,410,476,46.27539503386004
10 Grain Bread Mix,2,1,1,50.0
Blood Oranges,10421,4967,5454,47.66337203723251
"Cayenne Pepper, Organic",97,9,88,9.278350515463918
Chicken & Broccoli Pot Pie,16,8,8,50.0
Nightime Cold & Flu Relief Cherry Flavor,6,1,5,16.666666666666664
Uncrustables Hazelnut Spread Sandwich,111,69,42,62.16216216216216
"Fruit Enzyme Scrub, Normal",4,0,4,0.0
Tortilla Chips Blue Corn,7,1,6,14.285714285714285
Organic Balsamic Vinegar,687,144,543,20.96069868995633
Kind Iron + Herbs,15,5,10,33.33333333333333
Hot Kim Chee,6,3,3,50.0
Buffalo Style MAC,13,1,12,7.6923076923076925
Date & Almond Bite Size Crisps,4,2,2,50.0
Organic Basil Herb,172,49,123,28.488372093023255
Chicken Rice Pilaf Mix,237,101,136,42.616033755274266
Organic Sprouted Chile Verde Rice,43,6,37,13.953488372093023
100% Whole Grain White Whole Wheat Flour,417,94,323,22.54196642685851
Mild Roasted Tomato Chicken Skillet Sauce,4,0,4,0.0
Extra Hold Aerosol Hairspray,123,31,92,25.203252032520325
3 Oz Bath Cups - 100 CT,40,19,21,47.5
Unscented Original Very Emollient Body Lotion,8,1,7,12.5
Organic Celery Root,1716,651,1065,37.93706293706294
Herbal Coffee Vanilla Nut 75% Organic Medium Roast,41,13,28,31.70731707317073
Kale Pasta Sauce,9,3,6,33.33333333333333
Big Stick Cherry Pineapple Swirl Ice Pops,529,220,309,41.58790170132325
Nonfat Strawberry With Fruit On The Bottom Greek Yogurt,1666,1122,544,67.3469387755102
Barely There Thin Pantiliners,95,33,62,34.73684210526316
Cordon Bleu Raw Stuffed Chicken Breasts,132,65,67,49.24242424242424
Nut & Oat Bread,697,523,174,75.03586800573888
Fluoride-Free Antiplaque & Whitening Spearmint Toothpaste,488,160,328,32.78688524590164
Nachos LunchMakers,13,4,9,30.76923076923077
"Protein Nutrition Shake, Light, Vanilla Latte",9,3,6,33.33333333333333
Rose Petal Facial Tonic Hydrosoul,15,9,6,60.0
Organic Cream of Celery Soup,21,1,20,4.761904761904762
Organic Beet,28,8,20,28.57142857142857
Whole Grains Oatnut Bread,4700,3286,1414,69.91489361702128
Lactose Free Milk,55,38,17,69.0909090909091
All Natural Peanut Butter,7,0,7,0.0
Sunflower Crisp Chopped Salad,50,23,27,46.0
Classic Ranch Light Dressing,14,5,9,35.714285714285715
Stella D'oro Breadstcks,19,6,13,31.57894736842105
Vanilla Natural & Artificial Flavor Pudding Snacks,4,1,3,25.0
Pad Thai Instant Noodles,161,58,103,36.024844720496894
Spinbrush Pro Clean Soft Powered Toothbrush,27,8,19,29.629629629629626
Genuine Bayer Aspirin 325 MG Tablets,109,28,81,25.688073394495415
Clear Swivel Dish Brush,92,13,79,14.130434782608695
Skillets Sausage,107,63,44,58.87850467289719
For Baby Organic Baby Food Stage 2 Chicken With Chicken Gravy,7,0,7,0.0
"Ultra Power Plus Dishwashing Detergent el, Fresh Scent",552,206,346,37.31884057971014
Gluten-Free Table Crackers,298,149,149,50.0
Milk Chocolate English Toffee Miniatures Candy Bars,295,162,133,54.91525423728814
House Blend Whole Bean Coffee,1753,1160,593,66.1722760981175
New Mama Bottom Spray,3,0,3,0.0
Akoma Extra Semisweet Chocolate Chips,143,62,81,43.35664335664335
Organic Greek Fat Free Plain Yogurt,2370,1484,886,62.61603375527426
Grape Juice,96,64,32,66.66666666666666
Organic Roasted Buckwheat (Kasha),36,19,17,52.77777777777778
Low Sodium Small Bow Ties Egg Noodles,39,31,8,79.48717948717949
Genuine Brewers Mild Tasting Yeast,8,0,8,0.0
No Caffeine Lemon Lime Soda,564,325,239,57.62411347517731
Purple Kale,22,8,14,36.36363636363637
Campanelle Pasta,406,171,235,42.11822660098522
All Natural Rice Vinegar,436,68,368,15.59633027522936
100% Whole Wheat Slice English Muffins,1242,802,440,64.573268921095
Bibimbap Veggie Burgers,466,211,255,45.27896995708154
Pure Leaf Raspberry,56,30,26,53.57142857142857
Black Silk Ground Coffee Canister,53,37,16,69.81132075471697
Made Vitamin B-12 1000 mcg,17,3,14,17.647058823529413
SARA LEE     14OZ ENGLISH MUFFINS,140,80,60,57.14285714285714
Chipotle Burbon BBQ Sauce,46,15,31,32.608695652173914
Banana Cream Pie,74,20,54,27.027027027027028
ClearQuil Daytime Sinus And Congestion Liquicaps,14,2,12,14.285714285714285
High Protein Vanilla Nutrition Shake,15,7,8,46.666666666666664
"Delight Air Popped Popcorn, White Cheddar",425,191,234,44.94117647058823
Cherry Cranberry Almond Granola Cookies,16,11,5,68.75
Sugar Free Hard Candies,169,88,81,52.071005917159766
Cheesecake Choco Truffle,8,5,3,62.5
Zesty Lemon Quinoa Blend,166,38,128,22.89156626506024
Mixed Berry Low Fat Almond Non-Dairy Yogurt,418,246,172,58.85167464114832
Four Potato Hash Browns,369,149,220,40.37940379403794
Mango Chutney,506,122,384,24.110671936758894
Pre-Steamed Vegetable & Chicken Gyoza Dumplings Potstickers,22,6,16,27.27272727272727
Family Pack Lice Killing Creme Rinse - 2 CT,4,0,4,0.0
Red Globe Grapes,466,150,316,32.18884120171674
Rich Chili Chips,12,2,10,16.666666666666664
"Everyday Assorted Heavy Duty Flatware Dishwasher Safe Plastic Forks, Knives, Spoons",127,20,107,15.748031496062993
100% Apricot Juice,29,6,23,20.689655172413794
Lowfat Peach Yogurt,972,652,320,67.07818930041152
Crushed Pineapple in Heavy Syrup,37,5,32,13.513513513513514
ForceFlex Drawstring Tall Kitchen Bags,1094,360,734,32.90676416819013
Manhattan Cherry Chip Ice Cream,5,1,4,20.0
Twelve Essentials Fruit and Vegetable Juice,945,569,376,60.211640211640216
Night Cool Burst™ Cold Multi-Symptom Liquid,21,7,14,33.33333333333333
3D White Brilliance Boost Toothpaste,17,6,11,35.294117647058826
Spice Wrld Organic Garlic,58,13,45,22.413793103448278
Original Applesauce,2000,1029,971,51.449999999999996
Low-Fat Apricot on the Bottom Greek Yogurt,389,255,134,65.55269922879178
Roasted Mushroom 'N Spinach Ultra Thin Crust Pizza,18,11,7,61.111111111111114
Demerara Cane Sugar,29,10,19,34.48275862068966
Cabrese Salame,152,67,85,44.07894736842105
Brown Rice with Rice Bran Fusilli Pasta,246,106,140,43.08943089430895
Cashew Milk Dark Chocolate Truffle Ice Cream,857,390,467,45.5075845974329
Gluten Free Pizza Dough Ball,7,2,5,28.57142857142857
"Rolled Oats, Old Fashioned",42,15,27,35.714285714285715
Original Antacid Aspirin,21,5,16,23.809523809523807
Persian Lime Miracle Tart,488,254,234,52.04918032786885
"Honey, Raw",58,18,40,31.03448275862069
Intensive Repair Extra-Enriched Hand Creme,47,19,28,40.42553191489361
Vanilla Almond Pecan Oatmeal Bowl,187,80,107,42.780748663101605
Gluten Free Cinnamon Raisin Bagels,1167,598,569,51.24250214224507
Jersey Tomato Sauce,41,28,13,68.29268292682927
"Sausage & Rice Links, Fully Cooked, Golden Brown",20,5,15,25.0
Fruits & Vegetables Berry Berry Juice Beverage Fruitables,374,268,106,71.65775401069519
7 Grain Light Style Bread,199,102,97,51.256281407035175
Urban Cowgirl Mild Mango Peach Salsa,103,28,75,27.184466019417474
Jalapeno Bologna,36,18,18,50.0
Citronella & Rosemary Anti-Bug Balm,5,0,5,0.0
Organic Bunny Fruit Tropical Treat Fruit Snacks,4311,2311,2000,53.60705172813732
Mustard Bath,46,15,31,32.608695652173914
Organic Breathe Easy Rub,42,0,42,0.0
Lemon Bath & Shower Gel,9,0,9,0.0
Almond Breeze Original AlmondMilk,112,56,56,50.0
Strawberry Blast Fruit & Chia Seed Bar,5,2,3,40.0
Dijon Mustard,5046,1372,3674,27.189853349187477
Original 120 count Fabric Enhancers Dryer Sheets,285,78,207,27.368421052631582
"New England Style Clam Corn Chowder, Condensed",76,44,32,57.89473684210527
"Coffee, Ground, Good Morning",15,10,5,66.66666666666666
Red Seedless Grapes,9182,4776,4406,52.014811587889355
Reduced Sodium Vegetable Lentil & Roasted Red Peppers Soup,486,185,301,38.065843621399175
Flaxseed Oil Dietary Supplement 1400 MG Softgels,4,0,4,0.0
Smoked Black Pepper White Cheddar,48,10,38,20.833333333333336
Demi Baguette,66,32,34,48.484848484848484
"Melatonin TR, Time Release, 1 mg, Tablets",18,0,18,0.0
Original Roasted Almond Protein Nut Bar,69,42,27,60.86956521739131
"Chicken Fried Rice, Side Dish, Family Style",66,35,31,53.03030303030303
Very Berry Squeezable Fruit & Yogurt,44,27,17,61.36363636363637
Glide Pro-Health Comfort Plus Mint Floss,88,20,68,22.727272727272727
Big Bang Medium Roast Ground Coffee,84,29,55,34.523809523809526
Women's Formula Supplement,9,1,8,11.11111111111111
Multi-Grain English Muffins,473,275,198,58.139534883720934
Vanilla Greek Yogurt,394,260,134,65.98984771573603
Medium Grain Polenta,8,1,7,12.5
Complexion Pad Loofah,26,4,22,15.384615384615385
Sore Throat Oral Anesthetic Lozenges Cherry - 18 CT,47,3,44,6.382978723404255
Chicken Thigh,440,232,208,52.72727272727272
Minis Cheddar  Pretzel Crackers,12,8,4,66.66666666666666
"Shine Anti-Frizz Serum For Frizzy, Dry, Unmanageable Hair",12,1,11,8.333333333333332
Great Lash® Clear Mascara - Clear (For Lash and Brow),7,0,7,0.0
Country Ranch Croutons,31,5,26,16.129032258064516
Slow Churned  Caramel Delight Ice Cream,194,115,79,59.27835051546392
Variety Pack Cereal,50,17,33,34.0
3 Gallon Food Scrap Bag,159,34,125,21.38364779874214
Chipotle Mozzarella & Lime Smoked Sausage,5,0,5,0.0
Imported Beer from Mexico,364,216,148,59.34065934065934
Protein Plus Farfalle Multigrain Pasta,486,187,299,38.477366255144034
Flip™ Low-Fat Almond Coco Loco Lowfat Greek Yogurt,3976,2759,1217,69.39134808853119
Kettle Classics Original Potato Chips,6,1,5,16.666666666666664
Apple + Banana Fruit Bar,220,125,95,56.81818181818182
Lightdays® Regular Pantiliners,71,29,42,40.845070422535215
Overnites Size 5 Diapers,107,54,53,50.467289719626166
Diana�s Bananas Milk Chocolate with Peanuts - Banana Babies � 5 CT,71,32,39,45.07042253521127
Organic Turkey Quinoa Apple Sweet Potato Homestyle Meal 9+ Months,24,1,23,4.166666666666666
Natural Jif Creamy Peanut Butter Spread,3514,1588,1926,45.19066590779738
"Bread, French, Sweet, Sliced",23,7,16,30.434782608695656
Naturals Daily Clarifying Shampoo,23,3,20,13.043478260869565
Salted Caramel Frozen Dairy Dessert,36,11,25,30.555555555555557
Voluminous Original Mascara - Black 305,4,0,4,0.0
Bianco D'oro Italian Dry Salame,54,19,35,35.18518518518518
Scalp Rescue Shampoo,18,6,12,33.33333333333333
Atlantic Skinless & Boneless Prime Fillet Salmon,41,28,13,68.29268292682927
Doctor Formulated Ultimate 90 Billion Probiotic,141,72,69,51.06382978723404
European Style Unsalted Butter,2604,1476,1128,56.68202764976959
Drews Buttermilk Ranch Dressing,42,15,27,35.714285714285715
"Sardines, in Tomato Sauce",16,5,11,31.25
Caramel Nut Blast Bars,24,12,12,50.0
Antibacterial Moisturizing Hand Soap Refill,2,0,2,0.0
Organic Sea Snax,294,226,68,76.87074829931973
Light Harvest Peach Strawberry Variety Pack,226,130,96,57.52212389380531
German Potato Salad,18,6,12,33.33333333333333
Glazed Apple Fritters,189,117,72,61.904761904761905
Chunky Apple Sauce,15,5,10,33.33333333333333
Cran-Mango Juice,69,36,33,52.17391304347826
Protein & Greens Natural Flavor Drink Mix,21,8,13,38.095238095238095
Water Softening Pellets,32,15,17,46.875
Creamy Deluxe Shells & Real Aged Cheddar Sauce,4890,2966,1924,60.65439672801636
Creme Smooth Body Wash,15,8,7,53.333333333333336
All Vegetable Shortening,7,2,5,28.57142857142857
Town House Flatbread Crisps Roasted Garlic Crackers,13,4,9,30.76923076923077
Red Wine Vinaigrette Salad Dressing,38,9,29,23.684210526315788
Prosciutto Panino,154,88,66,57.14285714285714
Jays Chicago Mix Cheese & Caramel Flavored Popcorn,57,21,36,36.84210526315789
White Basket Style Coffee Filters 3.25 inch Base,11,1,10,9.090909090909092
Corn Bread Stuffing,88,6,82,6.8181818181818175
Uncured Diced Pancetta,3025,1346,1679,44.49586776859504
Simply Homestyle Wedge Potatoes,8,2,6,25.0
Organic Rice & Lentil Medley,12,2,10,16.666666666666664
100% Organic Ground Mustard,11,0,11,0.0
Apple Cinnamon Pecan Oatmeal Cup,194,73,121,37.628865979381445
Sour Worms,303,149,154,49.17491749174918
Tamarind Soda,13,3,10,23.076923076923077
Shrimp,69,13,56,18.84057971014493
Wave Zigzag Soft Toothbrush,3,0,3,0.0
Mexican Cheddar Jack,13,2,11,15.384615384615385
Gluten Free Minnesota Heartland Eleven Bean Soup,15,2,13,13.333333333333334
Orange Aranciata Sparkling Beverage,270,140,130,51.85185185185185
Lebanon Bologna,13,8,5,61.53846153846154
Zesty Italian Dressing,38,5,33,13.157894736842104
Homestyle Gravy Mix,10,1,9,10.0
100% Natural Plain Baked Coconut Chips,11,3,8,27.27272727272727
Pods Original Scent Laundry Detergent,71,16,55,22.535211267605636
Original Pure Olive Oil,20,2,18,10.0
Roasted Garlic & Sweet Basil Sauce,1004,429,575,42.72908366533865
Ibuprofen Liquid Soft Gels 200mg,39,11,28,28.205128205128204
Original  Animal Crackers,10,2,8,20.0
Crumbled Blue Cheese,485,138,347,28.45360824742268
Grain Free Food for Cats Chicken & Liver Dinner,100,64,36,64.0
Meat Pasta Sauce,26,4,22,15.384615384615385
Diet Cranberry Juice Coctail,29,16,13,55.172413793103445
Smart Ones Canadian Style Turkey Bacon English Muffin Sandwich,284,177,107,62.323943661971825
Steam Crisp White Shoepeg Corn,204,91,113,44.6078431372549
Organic Beans Garbanzo,378,172,206,45.5026455026455
Organic Blueberry Mint Kombucha,98,65,33,66.3265306122449
Almonds Mini Nut-Thins Cheddar Cheese,547,289,258,52.833638025594155
100% Real Mashed Potatoes,102,24,78,23.52941176470588
w/Banana Pulp Free Juice,100,48,52,48.0
Mango Vanilla Foam Shave For Normal to Dry Skin,29,9,20,31.03448275862069
"Crackers, Crispy, Cheddar",2056,1328,728,64.59143968871595
Fat Free Skim Milk,9130,7434,1696,81.4238773274918
Unsalted Butter Quarter,314,115,199,36.624203821656046
Coconut Cooking Oil,75,36,39,48.0
Chipotle Flavored Reduced Fat Mayonnaise Squeeze Bottle 12 oz,72,25,47,34.72222222222222
Recycled Facial Tissues 2 Ply,309,164,145,53.07443365695793
Hello My Name Is Strawberry Cheesecake Bar,5,1,4,20.0
Quadratini Tiramisu Bite Size Wafer Cookies,5,2,3,40.0
Chow Mein Noodle,28,5,23,17.857142857142858
Brut Blanc De Blancs,10,1,9,10.0
Garbanzo Beans No Salt Added,1902,969,933,50.94637223974764
Minute Jasmine Rice Microwaveable Rice Bowl,232,103,129,44.396551724137936
Raspberry 1000 Mg Vitamin C Flavored Fizzy Drink Mix,55,11,44,20.0
Xtra Large Crunchy Fish Sticks,48,19,29,39.58333333333333
Red Cherry Swiss Preserves,15,5,10,33.33333333333333
Home Style Creamy Gouda Bisque With Chicken Soup,26,15,11,57.692307692307686
Smoked Honey Ham,23,8,15,34.78260869565217
Greek and Chia Nonfat Red Berries Organic Yogurt,179,80,99,44.6927374301676
Organic 1% Milkfat Lowfat Chocolate Milk,611,418,193,68.41243862520459
Garden Vegetable Cream Cheese Spread Wedges,5,0,5,0.0
Lemon Twist Sandwich Cookies,269,118,151,43.866171003717476
Chocolate Delight Granola,669,439,230,65.6203288490284
Extra Strength Dietary Supplement Berry,131,100,31,76.33587786259542
Major Dickason's Blend Dark Roast Coffee,6,0,6,0.0
1 Step Kashmir Spinach Indian Cuisine,147,22,125,14.965986394557824
Berry Flavor Zinc Lozenges,32,5,27,15.625
Golden Crinkles French Fried Potatoes,1416,589,827,41.59604519774011
Red Mango,8259,4706,3553,56.98026395447391
Theanine 100 Mg Dietary Supplement,46,18,28,39.130434782608695
Everyday Shea Foaming Soap Lavender,41,5,36,12.195121951219512
"Organic, GF, Peanut Butter Cups, Milk Chocolate, 10 Pack, Wrappers",28,6,22,21.428571428571427
Green Peas,11253,5325,5928,47.3207144761397
Triple Moisture Body Wash,24,5,19,20.833333333333336
Chunky Garden Tomato Onion & Garlic Italian Sauce,152,61,91,40.131578947368425
Original Granola,208,122,86,58.65384615384615
Super Blue Cheese Dressing + Dip,118,42,76,35.59322033898305
Swiss Cheese Slices,250,142,108,56.8
DanActive Strawberry Probiotic Dairy Drink,294,230,64,78.2312925170068
Tapioca Pudding Cups,190,86,104,45.26315789473684
Fresh Goat Cheese Log,380,120,260,31.57894736842105
Organic Original Tofu Veggie Burger,1058,806,252,76.18147448015122
Organic Waffles Blueberry,67,34,33,50.74626865671642
Multiseed Loaf Bread,5,0,5,0.0
Cabernet Franc,26,7,19,26.923076923076923
Bunched Carrots,3931,1502,2429,38.209107097430675
Frank in a Blanket 100% All Beef,16,6,10,37.5
Enriched White Bread,347,240,107,69.164265129683
Zero Calorie Half Iced Tea & Half Lemonade,185,115,70,62.16216216216216
Burgundy,7,0,7,0.0
Biscuit & Scone Baking Mix,70,15,55,21.428571428571427
Clear Complexion Daily Moisturizer,28,5,23,17.857142857142858
Pro-Strength Hair Clog Eliminator With Clorox,219,56,163,25.570776255707763
Keratin Oil Shampoo,58,14,44,24.137931034482758
Whole Grain Cheddar Baked Snack Crackers,7321,4807,2514,65.6604289031553
Gentle Apricot Facial Scrub,27,3,24,11.11111111111111
Mundet,11,4,7,36.36363636363637
Motion Sense Sexy Intrigue Anti-perspirant & Deodorant,15,4,11,26.666666666666668
Pizza Rice Crust Pesto,37,8,29,21.62162162162162
Three Seed Sourdough Bread,314,217,97,69.10828025477707
Spaghetti Cool Shapes Star Wars,17,2,15,11.76470588235294
Chocolate Fudge Cupcakes,9,1,8,11.11111111111111
Olive Oil & Aloe Vera Hand Soap,2009,616,1393,30.66202090592334
Flavor Snacks,1,0,1,0.0
Sliced White Mushrooms,8361,4989,3372,59.66989594546107
Family Favorites Broccoli Cole Slaw,280,121,159,43.214285714285715
Organic Living Butter Lettuce,3658,1981,1677,54.155276107162386
Reserve Sherry Vinegar,14,5,9,35.714285714285715
Chocolate Butter Cookies,30,16,14,53.333333333333336
Tongol No Salt Added Chunk Light in Spring Water Tuna,74,27,47,36.486486486486484
Chocolate Mint Nutrition Bar,80,55,25,68.75
Chunky Chicken Feast Cat Food,429,301,128,70.16317016317016
Large Candle Vanilla Cupcake,15,5,10,33.33333333333333
Rich & Hearty Tomato Florentine with Italian Sausage Soup,29,3,26,10.344827586206897
Meyer Lemon Sorbet,12,5,7,41.66666666666667
Garlic & Herb Bread Crumbs,234,24,210,10.256410256410255
Chocolate Cookies Single Serve,142,65,77,45.774647887323944
Reduced Fat 2% Milk,17320,13246,4074,76.47806004618938
Shea Butter with Warm Vanilla Beauty Bar,15,2,13,13.333333333333334
Caramel Keurig Brewed K-Cups,281,152,129,54.092526690391466
Natural Root Beer,5,3,2,60.0
Cantharis 30 C,3,0,3,0.0
Organic Mustard Seed Brown,45,1,44,2.2222222222222223
Blue Birthday Candles,8,0,8,0.0
Waffeletten Milk Fine European Biscuits,23,13,10,56.52173913043478
Shredded 3 Cheese Blend,3011,1924,1087,63.899036864828965
"Whiskey, Tennessee Honey, Original Recipe",24,13,11,54.166666666666664
Deep Clean Medium Toothbrush,15,2,13,13.333333333333334
Pork Flavor Ramen Noodle Soup,75,33,42,44.0
Phoenix Daily Fragrance,121,41,80,33.88429752066116
Organic Mint Fields Eternal Refreshment Tea,6,0,6,0.0
Heath Candy Flavored Ice Cream Bars,820,366,454,44.63414634146341
"Antacid Chewy Delights, Orange Rush",19,11,8,57.89473684210527
Original Flaky Crust Dutch Apple Pie,38,8,30,21.052631578947366
EF Olde World Pilaf Brown Rice & Beans Eco-Farmed 1 lb Rice & Beans,17,1,16,5.88235294117647
Udderly Chocolate Ice Cream,3,0,3,0.0
Lowfat & Strawberry Topping Cottage Cheese,505,322,183,63.76237623762376
Lemon Pepper Fish Complete Meals,188,108,80,57.446808510638306
Thick-n-Creamy Horseradish,100,8,92,8.0
Organic Baby Food Garden Vegetables with Turkey,203,93,110,45.812807881773395
Original Blue Wedge,15,0,15,0.0
Belgian Style Wheat Ale,464,227,237,48.922413793103445
Yellow Spicy Mustard,14,1,13,7.142857142857142
Organic Trailbar Chocolate & Peanut Butter,7,3,4,42.857142857142854
Francese Home Bake Rolls,582,367,215,63.05841924398625
Gluten Free Thin Crust Meat Lovers Pizza,55,34,21,61.81818181818181
Vegetable Combo Sp,60,50,10,83.33333333333334
Raw Goat Milk Sharp Cheddar Cheese,164,102,62,62.19512195121951
"Air Effects UNstopables Fresh Air Freshener (1 Count, 9.7 oz) Air Care",13,0,13,0.0
Steak Seasoning & Rub,5,0,5,0.0
Ground Coffee French Roast,452,275,177,60.84070796460177
X Sharp Cheddar Cheese,56,34,22,60.71428571428571
Organic Walnuts,106,37,69,34.90566037735849
Crab Claw Meat,7,0,7,0.0
Whole Milk Blended Cherry Greek Yogurt,1094,732,362,66.91042047531994
Organic Body Oil,40,6,34,15.0
Organic White Sliced Mushrooms,50,10,40,20.0
Real Beef & Brown Rice Recipe Dog Food,48,23,25,47.91666666666667
Honey Maid Fresh Stack Honey Grahams,1004,466,538,46.41434262948207
Buttermilk Waffles,293,129,164,44.027303754266214
Honey Mustard and Onion Seasoned Sourdough Nibblers,90,37,53,41.11111111111111
Sea Mist for Normal to Dry Skin Foam Shave,5,0,5,0.0
Extra Strong Dark Chocolate,875,614,261,70.17142857142858
Superior Cola,199,139,60,69.84924623115577
Petite Truffle Brie,241,59,182,24.481327800829874
Whole Wheat Israeli CousCous,47,6,41,12.76595744680851
Cedar & Juniper Stick Deodorant,14,4,10,28.57142857142857
Spicy Tuna Avocado,38,13,25,34.21052631578947
Tellicherry Black Peppercorn,24,0,24,0.0
Fireworks Laundry Scent Booster Beads Original,3,0,3,0.0
Italian Style Beef Seasoned Gravy & Premium Thin Sliced Seasoned Roast Beef,8,2,6,25.0
Tomato Juice from Concentrate,31,9,22,29.03225806451613
Original BBQ Baby Back Pork Ribs,51,15,36,29.411764705882355
Nutz Over Chocolate Whole Nutrition Bars for Women,396,245,151,61.86868686868687
Maple Brown Sugar Squarefuls Cereal,111,41,70,36.93693693693694
Miracle Leave-In Plus Keratin,9,1,8,11.11111111111111
Parsley,5362,2752,2610,51.32413278627378
Chunk Light Tuna,1926,923,1003,47.92315680166148
SunButter Crunch Baked Chewy Bars,307,153,154,49.8371335504886
Hearty Chicken Instant Soup,38,16,22,42.10526315789473
Pork Marinade,24,12,12,50.0
Strawberry Shortcake Rolls,80,49,31,61.25000000000001
Bold Blue Cheese Greek Yogurt Dressing,23,7,16,30.434782608695656
Corn Chex Gluten Free,227,109,118,48.01762114537445
Bakery Classics Sliders Golden Potato Buns,380,133,247,35.0
Full Sheet Paper Towels,23,7,16,30.434782608695656
Bite Size Turkey Meatball,23,8,15,34.78260869565217
Citrus Lemons Organic 2 Lb Bag,711,261,450,36.708860759493675
Prepared Meals Simmered Chicken Medley Wet Dog Food,186,110,76,59.13978494623656
All Natural Lemonade,381,206,175,54.06824146981627
16 Year Single Malt Scotch Whisky,25,10,15,40.0
Automatic Spray Holder,5,0,5,0.0
"Country Stand Juice, Medium Pulp",3956,2331,1625,58.92315470171891
Dried Minced Garlic,5,0,5,0.0
Chickpea Flour,17,4,13,23.52941176470588
Coconut Quinoa Cookie,94,57,37,60.63829787234043
Plant Based Scrub Sponge,1304,484,820,37.11656441717792
Flavor Snacks Dog Biscuits - For Small/Medium Dogs  Dog Biscuits,8,4,4,50.0
Nag Champa Agarbatti Incense,6,1,5,16.666666666666664
"Wafer Cookies, Bite Size, Lemon",150,70,80,46.666666666666664
Organic Iced Coffee & Milk,10,5,5,50.0
Vanilla Ice Cream Cookies,573,327,246,57.06806282722513
Sweetener Packets,281,134,147,47.686832740213525
Charlie's Lunch Kit Chunk Light Tuna Salad,33,8,25,24.242424242424242
William Fevre Chablis Champs Royaux France,32,20,12,62.5
Dha Omega 3 Vitamin D Milk,7751,6173,1578,79.64133660172881
Anchovies with Capers in Olive Oil,2,0,2,0.0
Vicks DayQuil and NyQuil Cold & Flu Relief Combo,88,0,88,0.0
Peanut Butter Cracker Sandwiches,626,342,284,54.632587859424916
Black Pepper Snapea Crisps,1214,709,505,58.40197693574959
Sweetened Green Tea Made With Real Matcha,18,8,10,44.44444444444444
Cashew Almond Pistachio Mix,283,114,169,40.282685512367486
Pretzel Sticks,3319,1480,1839,44.59174450135583
Triple Act Scent,16,4,12,25.0
Cleaning Sponges Scotch-Brite Green,82,10,72,12.195121951219512
Imitation Coconut Extract,65,8,57,12.307692307692308
"Cherry Peppers, Sweet",77,19,58,24.675324675324674
Organic Fresh Squeezed Orange Juice,5518,3904,1614,70.75027183762232
Organic Promise Autumn Wheat Cereal,3466,2245,1221,64.77207155222158
Salted Almond Milk Chocolate Bar,413,192,221,46.48910411622276
Great For Cooking Beefy Mushroom,8,0,8,0.0
Chili with Beans Pot Pie,12,4,8,33.33333333333333
"Adhesive Bandages, Flexible Fabric, Assorted Sizes, Bonus",27,3,24,11.11111111111111
Honey Ham & Smoked White Turkey Sub Sandwich Kit,33,19,14,57.57575757575758
Sprouted Wheat Cinnamon Raisin Bagels,1989,1307,682,65.7114127702363
U Ultra Thin Long Feminine Pads,19,10,9,52.63157894736842
Bavarian Style Sauerkraut,38,8,30,21.052631578947366
Refillable Primordial Himalayan Sea Salt Grinder,610,151,459,24.75409836065574
Tender Care Diapers Jumbo Pack - Size 3,47,35,12,74.46808510638297
White Label Forest Body Wash,6,0,6,0.0
Organic Chicken Cat Food,86,69,17,80.23255813953489
Ultra Plush Unscented Bathroom Tissue,63,19,44,30.158730158730158
Vanilla Bean Yogurt,41,19,22,46.34146341463415
Celery Ground Spice,4,0,4,0.0
Thin to Thick Extra Volume Conditioner,13,0,13,0.0
1 Ply Napkins,36,13,23,36.11111111111111
"Dairy Free Cultured Coconut Milk Yogurt, Blueberry",364,154,210,42.30769230769231
2 in 1 Classic Clean Dandruff Shampoo + Conditioner,43,6,37,13.953488372093023
Honey Lemon & White Tea Multi-Symptom Pain Reliever/Fever Reducer,150,18,132,12.0
Pure Rooibos Red Tea,28,10,18,35.714285714285715
"Vitamin E, Extra Strength, 32,000 IU, Skin Oil",63,13,50,20.634920634920633
"Cashews, Halves and Pieces",117,37,80,31.62393162393162
"Bread, Artisan, Bake at Home, Sourdough, Rosemary",114,34,80,29.82456140350877
Bbq Chicken Wings,15,4,11,26.666666666666668
Glory's Sweet Cherry Tomatoes,3134,1544,1590,49.266113592852584
Low Fat Buttery Spread,29,17,12,58.620689655172406
White Unscented Facial Tissue,309,192,117,62.13592233009708
Organic Cranberry Winter Salad,51,30,21,58.82352941176471
Yellow Dinner Napkins,17,7,10,41.17647058823529
Organic Oven Crinkles with Sea Salt & Pepper,198,78,120,39.39393939393939
Honey Almond Butter Single,1586,727,859,45.83858764186633
Mix Ups Cheezy Salsa Mix Flavored Snack Mix,14,3,11,21.428571428571427
Bing Dark Red Sweet Cherries,68,17,51,25.0
White Bar Soap,59,25,34,42.3728813559322
Vanilla Caramel Pizzelle Gelato Bars,48,15,33,31.25
Caramelized Onions And Gruyere Cheese Ravioli,203,98,105,48.275862068965516
Graduates Strawberry Bitty Bites,13,3,10,23.076923076923077
Toasted Cheddar,53,13,40,24.528301886792452
Orange Banana Stage 2 Baby Food,347,219,128,63.112391930835734
Powdered Sugar Mini Donuts,5,1,4,20.0
Cheddar Sharp Cheese Sticks,183,122,61,66.66666666666666
Fresh Spreadable Cream Cheese,472,303,169,64.19491525423729
Natural Raspberry Soda,30,11,19,36.666666666666664
Acorn Squash,2520,860,1660,34.12698412698413
Hand Renewal with Olay Pomegranate Splash Dishwashing Liquid,74,16,58,21.62162162162162
Tootsie Roll Favorites,101,81,20,80.19801980198021
Cereals Super Cranberry Cherry & Almond Muesli Fruity & Tangy With Almonds,62,37,25,59.67741935483871
Pretzel Buns,112,60,52,53.57142857142857
Ouchless Gentle Black Elastics,21,5,16,23.809523809523807
Limited Edition Pumpkin Spice Cheerios Cereal,17,3,14,17.647058823529413
Free Ride Hibiscus Fruit Herbal Refresher Kombucha,4,0,4,0.0
Select Vitamin D Milk,98,56,42,57.14285714285714
Original Smart Cups,13,3,10,23.076923076923077
Rebalancing Shampoo,19,0,19,0.0
Standard Size Pet Waste bags,515,241,274,46.79611650485437
Roasted Garlic Hummus with Pretzels,328,213,115,64.9390243902439
Chicken Gravy Mix,408,117,291,28.676470588235293
Red Hot Original Cayenne Pepper Sauce,1641,459,1182,27.97074954296161
Toasted Sesame Oil,346,49,297,14.16184971098266
Magic Soap - Hemp Rose,171,46,125,26.900584795321635
Chocolate Chip Chewy Cookies Family Size,342,180,162,52.63157894736842
Roasted Chicken Breast,2024,986,1038,48.71541501976285
Sundried Tomato & Basil Family Size Crackers,40,17,23,42.5
No.4 Natural Brown Cone Coffee Filters,272,82,190,30.14705882352941
Sugarfree Energy Drink,1040,664,376,63.84615384615384
Apple Jelly,9,0,9,0.0
"Apples, Guavas & Beets Organic Baby Food",1614,959,655,59.41759603469641
Gluten Free Honey Almond Granola,2425,1669,756,68.82474226804123
Organic Watermelon Cream Soda,4,0,4,0.0
White Giant Paper Towel Rolls,5878,3207,2671,54.559373936713165
Body Deodorant Roll-On,232,84,148,36.206896551724135
Organic Broccoli Slaw,2396,1154,1242,48.16360601001669
Chocolate Salted Caramel Protein Bar,330,146,184,44.24242424242424
"Muenster Cheese, Pre-Sliced",19,5,14,26.31578947368421
Organic Large Grade AA Brown Eggs,25523,19752,5771,77.38902166673198
Garam Masala,143,3,140,2.097902097902098
Cheeseburger Macaroni Hamburger Helper,215,95,120,44.18604651162791
Spicy Hot 100% Vegetable Juice,304,164,140,53.94736842105263
Cinnamon Cassia Oil,12,0,12,0.0
Pasta Sides Cheddar Chipotle Pasta Shells in Cheese Sauce Mix,25,16,9,64.0
Premium Nonstick Lasagna Pan,6,0,6,0.0
Ultra Sheer Sunblock SPF 30,18,4,14,22.22222222222222
Tender Garden Mix,43,14,29,32.55813953488372
Quark,146,75,71,51.369863013698634
Organic Ezekiel 49 Bread Cinnamon Raisin,4964,2829,2135,56.990330378726824
Madagascar Pure Vanilla Extract,1103,293,810,26.563916591115138
Rice Pudding,174,111,63,63.793103448275865
EverPure Volume Shampoo,33,8,25,24.242424242424242
"Electrolyte Solution, Pediatric, Apple Flavor",40,5,35,12.5
Peach Mango Beverage,13,6,7,46.15384615384615
Magic Eraser Variety Pack,35,4,31,11.428571428571429
Buttermilk Crumpets,20,8,12,40.0
Wasabi  Rice Chips,9,4,5,44.44444444444444
Sleepy Time Lemon Jasmine Decaf Tea Bags,23,5,18,21.73913043478261
Vegetable Oil Cooking Spray,28,6,22,21.428571428571427
Chunk Light in Water Tuna,245,113,132,46.12244897959184
Bag of Key Limes,555,128,427,23.063063063063062
Fenugreek Tea,5,0,5,0.0
Original Plain Yoghurt,558,380,178,68.10035842293907
Dill Dip,38,21,17,55.26315789473685
All Natural Slivered Almonds,66,23,43,34.84848484848485
Pub Ale,89,53,36,59.55056179775281
Oats Select Starts Gluten Free Quick 1-Minute,69,25,44,36.231884057971016
Grade A Organic Large Brown Eggs,2244,1243,1001,55.392156862745104
Chicken & Vegetable Snack Sticks for Dogs,609,399,210,65.51724137931035
Cheese And Garlic Croutons,54,23,31,42.592592592592595
Natural Cane Sugar,18,2,16,11.11111111111111
Chunky Healthy Request Chicken Corn Chowder Soup,77,28,49,36.36363636363637
Romaine Hearts,25974,15527,10447,59.77900977900978
"4.125\"" x 9.5 \"" White Envelopes",91,19,72,20.87912087912088
Vanilla Ice Cream,12117,6010,6107,49.59973590822811
Well Yes! Hearty Tomato with Toasted Barley Soup,6,0,6,0.0
Purifying Gel Cleanser,9,1,8,11.11111111111111
Go Fresh Cool Moisture Beauty Bar,25,4,21,16.0
Cherry Cashew Bar,41,15,26,36.58536585365854
Naan Chips Sea Salt,11,3,8,27.27272727272727
Trix Strawberry Punch Low Fat Yogurt,16,11,5,68.75
Coconut Body Wash,6,0,6,0.0
Oikos Toasted Coconut Vanilla Greek Yogurt,72,54,18,75.0
Original Whipped Cream,3158,1325,1833,41.95693476884104
Roasted Seaweed Snacks Wasabi,763,387,376,50.720838794233295
Canned Beer,42,13,29,30.952380952380953
Strawberry Pomegranate Acai Kefir,206,131,75,63.59223300970874
Vitamin Code Men's Raw Whole Food Mutlivitamin,19,3,16,15.789473684210526
Gluten Free Oatmeal Brown Sugar and Maple with Flax & Chia,90,45,45,50.0
Vanilla Bean Plant Protein,147,68,79,46.25850340136054
Platinum™ ActionPacs™ Fresh Scent Dishwasher Detergent,1199,508,691,42.36864053377815
White Shabbos Candles,10,2,8,20.0
PlugIns Scented Oil Crisp Waters,3,0,3,0.0
Portabella Mushroom,1085,407,678,37.51152073732719
Medleys Variety Pack Dog Food,131,89,42,67.93893129770993
The Smurfs Gummi Candy,753,303,450,40.23904382470119
Adult Single Enema,10,3,7,30.0
Spearmint Gum,380,255,125,67.10526315789474
Spring Vegetable Recipe Mix,20,7,13,35.0
Extra Moisturizing NoDrip Pump Mist,69,29,40,42.028985507246375
Baked Beans,4693,2593,2100,55.252503728958025
"Cake Pans & Lids, 13 x 9",185,46,139,24.864864864864867
Hydrating Moisturizing Lotion for Men,3,1,2,33.33333333333333
Eco Broom,5,0,5,0.0
Roasted Chicken Risotto,2,0,2,0.0
Salmon Jerky Dog Treats,32,20,12,62.5
Original Beef Cooking Stock,186,38,148,20.43010752688172
Heavy Duty White Spoons,134,43,91,32.08955223880597
Thick & Hearty Steak Sauce,18,2,16,11.11111111111111
Cranberry Gourmet Granola,173,131,42,75.72254335260115
Reduced Fat 4 Cheese Mexican Shredded Cheese,1350,672,678,49.77777777777778
Gherkins,6,2,4,33.33333333333333
Nicoter/Kanzi Apple,59,21,38,35.59322033898305
Blood Orange Sorbetto,352,118,234,33.52272727272727
Uncured Boneless Ham,23,11,12,47.82608695652174
Roasted Red Pepper & Basil Quinoa and Brown Rice,1039,320,719,30.798845043310873
"Cat Food, Kitten/Adult, Select Cuts, Sardine, Shrimp & Crab Meat",22,14,8,63.63636363636363
Spaghetti,15813,8112,7701,51.29956365016126
Clean Curve Dishwand,12,0,12,0.0
Humectress Conditioner,50,18,32,36.0
Lactose Free Monterey Jack & Cheddar Shreds,7,2,5,28.57142857142857
Brown Basmati Ready Rice,152,75,77,49.34210526315789
Total 2% Cherry Lowfat Greek Strained Yogurt,313,232,81,74.12140575079871
Cold-Brew Black Coffee,5701,4266,1435,74.82897737239081
Chicken Parmigiana Complete Meals,140,74,66,52.85714285714286
Cold Pressed Vanilla Cinnamon Agave Cashew Milk,253,130,123,51.38339920948617
Apple Plum Kamut Stage 2 Baby Food,567,342,225,60.317460317460316
Concentrated Bleach Fresh Meadow,300,103,197,34.333333333333336
Sports Drink Zero Grape,200,124,76,62.0
Sprouted Wheat Organic Tortillas,54,20,34,37.03703703703704
Low Fat 1% Milk,8731,6564,2167,75.18039170770817
Classic Cod Sole & Shrimp Feast Cat Food,276,182,94,65.94202898550725
Sweet Corn Roasted Chile Tamale,29,9,20,31.03448275862069
Large Pearl Tapioca,3,0,3,0.0
Breakfast Treats Original Cookies,134,106,28,79.1044776119403
Minis Pepperoni,244,81,163,33.19672131147541
45 Calories & Delight Wheat Bread,583,421,162,72.21269296740995
Giant White Sliced Bread,16,8,8,50.0
Anasazi Beans Green Chillies & Squash Burrito,442,220,222,49.7737556561086
Party Size Spicy Corn Chips,68,27,41,39.705882352941174
Quiche Lorraine,2062,1186,876,57.516973811833175
Beef Shaved Steak,7,2,5,28.57142857142857
Chocolate Flavored Nature's Most Complete Plant Protein,6,1,5,16.666666666666664
Shells & White Cheddar,434,252,182,58.06451612903226
Oil Control Foam Wash,8,0,8,0.0
Nutri-Grain Soft Baked Mixed Berry Cereal Breakfast Bars,601,328,273,54.57570715474209
Alive! B-Complex Cherry Flavor Gummies,4,0,4,0.0
Mini Cream Puff,2,0,2,0.0
Mango Mango Fruit Puree & Juice Blend 100% Organic Fruit Smoothie,3,0,3,0.0
Beef & Broccoli,72,43,29,59.72222222222222
Parmesan Ranch Dressing + Dip,24,10,14,41.66666666666667
"Carrots, Bag",502,208,294,41.43426294820717
Organic Biologique Broccoli Florets,7,2,5,28.57142857142857
Greek Yogurt Dressing Creamy Ceaser,14,3,11,21.428571428571427
"Organic Mango Acai Fruit Leather, 12 Ct",485,335,150,69.0721649484536
Shrimp Ceviche,110,54,56,49.09090909090909
VEGET TOMATO BASIL,587,314,273,53.4923339011925
Kettle Cooked Lattice Cut Roasted Garlic & Sea Salt Potato Chips,5,1,4,20.0
Triple Zero Strawberry Oikos Greek Yogurt,263,154,109,58.55513307984791
Burrito Grand,232,175,57,75.43103448275862
Sun Cups Milk Chocolate,63,37,26,58.730158730158735
Hydra Recharge Shampoo For Dry Hair,11,2,9,18.181818181818183
Linguica,90,44,46,48.888888888888886
Pappardelle Egg Pasta,128,37,91,28.90625
Gluten Free Sunrise Crunchy Maple Cereal,1663,903,760,54.29945880938064
Organic Unbleached Bread Flour,1030,435,595,42.23300970873786
Sliced Cling Peaches in Extra Light Syrup,11,4,7,36.36363636363637
Natural Shredded Mexican Style Four Cheese,2300,1095,1205,47.608695652173914
Muddy Buddies Snack Mix Cookies & Cream,55,14,41,25.454545454545453
Beet Chips,437,256,181,58.58123569794051
Tapestry Napa Valley,20,12,8,60.0
Organic Udon,88,17,71,19.318181818181817
Soothing Vapor Bath,20,4,16,20.0
Lemon Lime Tabs,65,22,43,33.84615384615385
Vegetable Ultracube Stock Cubes,21,6,15,28.57142857142857
Chipotle Beef & Pork Realstick,1370,791,579,57.737226277372265
Light Roasted Chicken & Vegetable Soup,95,30,65,31.57894736842105
Icelandic Vanilla Yogurt,48,22,26,45.83333333333333
Blueberry Muffin Flavor Protein Bar,2,0,2,0.0
Artisan Style Multigrain Tortillas,45,16,29,35.55555555555556
Graduates Bitty Bites Blueberry Nuggets,6,0,6,0.0
2-in-1 Daily Shampoo + Conditioner Citrus,38,10,28,26.31578947368421
4 Cheese Medley Frozen Pizza,384,235,149,61.197916666666664
"Cinnamon, Indonesian, Sticks, Whole",5,1,4,20.0
Organic Papaya Chunks In Organic Pineapple Juice,13,3,10,23.076923076923077
Super Green Tea Serenity Dietary Supplement Tea Bags,4,0,4,0.0
Regular Deodorant,40,16,24,40.0
"Cheese, Shredded, Parmesan",219,94,125,42.922374429223744
"Immunity Health, Gummy Bears",17,3,14,17.647058823529413
Fabulously Fresh Peppermint & Rosemary Body Wash,33,11,22,33.33333333333333
Honey Raw Texas Wildflower,152,101,51,66.44736842105263
"Quinoa, Toasted Sesame Ginger",5,0,5,0.0
Vegan Light Canola Mayo,40,5,35,12.5
Smoked Turkey Sausage and Cheddar Cheese,396,236,160,59.59595959595959
Organic Dark Chocolate With Mint & Nibs 72% Cacao,14,2,12,14.285714285714285
Madagascar Bourbon Whole Vanilla Beans,112,22,90,19.642857142857142
Mint Glass & Surface Natural Cleaner,339,125,214,36.87315634218289
Playful Life Dry Dog,8,1,7,12.5
Loose Fair Trade Yerba Mate Tea,11,6,5,54.54545454545454
Sunflower Seeds,128,60,68,46.875
Cider Vinegar Diet Formula Capsules,4,0,4,0.0
Organic Pink Lemonade Bunny Fruit Snacks,530,193,337,36.41509433962264
Pronamel Fresh Wave Fresh Breath Toothpaste,343,136,207,39.650145772594755
Banana Nut Muffin Protein Bar,419,201,218,47.97136038186158
Zen Salad,10,2,8,20.0
Mesquite Bbq Crisps,111,74,37,66.66666666666666
Red Raspberry & Pomegranate Fruit Spread,101,36,65,35.64356435643564
Solid Air Freshener Lavender & Peach Blossom,30,8,22,26.666666666666668
RediTabs Non Drowsy Indoor & Outdoor 24 Hour Allergy Tablets,77,31,46,40.25974025974026
Mini Tater Tots Seasoned Shredded Potatoes,279,136,143,48.74551971326165
Red Chard Greens Bunch,275,109,166,39.63636363636363
Italian Sausage,2886,1794,1092,62.16216216216216
Garden Vegetable Medley Steamers,256,98,158,38.28125
Smokehouse Bacon Flavor Parmesan Fettuccini Pasta Sides,10,0,10,0.0
Cherry Vanilla Cherry On The Bottom Cream Top,1807,1191,616,65.9103486441616
Couscous Mix Mediterranean Curry,242,109,133,45.04132231404959
Plain Nonfat Yogurt,744,445,299,59.81182795698925
150® Cool Mint Maximum Strength Sugar Free Acid Reducer,16,8,8,50.0
"Crumbled Cheese, Traditional, Feta, Fat Free",189,69,120,36.507936507936506
Organic Creamy Butternut Squash,56,24,32,42.857142857142854
Ham Off The Bone,255,158,97,61.96078431372549
Belgian Style Tripel Ale,109,83,26,76.14678899082568
Dry Rubbed Thick Sliced Pork Bacon,3385,1581,1804,46.70605612998523
Roasted Chicken with Country Vegetables RTS Soup,18,2,16,11.11111111111111
Chocolate Love Truffles,66,49,17,74.24242424242425
Colby-Jack Cheese Sticks,1631,946,685,58.00122624156959
Uncured Ham-Egg & Cheddar Multi-Grain Flatbread Breakfast Sandwich,1269,667,602,52.56107171000788
Perfectly Pink Spritzer,33,16,17,48.484848484848484
Tangy Korean BBQ Meatless Chicken,9,2,7,22.22222222222222
Babaghannouj,350,240,110,68.57142857142857
Perfect Food Energizer RAW Organic Green Super Food,5,0,5,0.0
Stuffed Shells With Cheese in Marinara Sauce,29,14,15,48.275862068965516
Scalp & Hair Total Care Nourishing Shampoo,6,0,6,0.0
Organic Pumpkin Puree,3036,1303,1733,42.918313570487484
Organic Carrots Baby Peeled Prepacked,1800,943,857,52.388888888888886
Diced Yellow Onion,287,162,125,56.44599303135889
Dry Roasted Macadamia Nuts,31,14,17,45.16129032258064
Salted Caramel Core Ice Cream,1420,511,909,35.98591549295775
Turkey Variety Pack,140,91,49,65.0
Crab Rangoon,19,2,17,10.526315789473683
Organic Chunky Tomato Bisque Soup,2213,1056,1157,47.71802982376864
White Meat Chicken Pot Pie,117,44,73,37.60683760683761
Oikos Greek Yogurt Traditional Lemon Meringue,526,387,139,73.57414448669202
"Replenishing Body Lotion, Sea Buckthorn, Dry Skin",10,3,7,30.0
Organic Instant Oatmeal Light Maple Brown Sugar,223,128,95,57.399103139013455
Vegan Mac N Cheese,105,72,33,68.57142857142857
Bread Mix,60,16,44,26.666666666666668
Organic Baby Rainbow Carrots,19639,11598,8041,59.05596007943378
Tamal Instant Corn Masa Mix,10,3,7,30.0
Organic Tropical Blossom Honey,12,5,7,41.66666666666667
Chicken & Tuna Dinner Wet Cat Food,21,14,7,66.66666666666666
Slow Churned No Sugar Added Mint Chocolate Chip Ice Cream,82,43,39,52.4390243902439
Spicy Chik'n Veggie Protein Patties,1050,635,415,60.476190476190474
Dentastix® Mini Dog Chews,130,66,64,50.76923076923077
Minis Yogurt Dipped Pretzels 100 Calorie Packs,24,5,19,20.833333333333336
ColorSilk Hair Color- Black,9,1,8,11.11111111111111
Half Sour Pickles,241,154,87,63.90041493775933
Brut Champagne,180,68,112,37.77777777777778
Bangkok Peanut Dipping Sauce,104,31,73,29.807692307692307
All Natural Mexican Chorizo,101,28,73,27.722772277227726
Yellow Zucchini,945,334,611,35.34391534391534
Clam Chowder,56,22,34,39.285714285714285
Purifying Eucalyptus Aromatherapy Shower Tablets,24,2,22,8.333333333333332
Lightly Dried Parsley,105,38,67,36.19047619047619
Non-Alcoholic Malt Beverage,11,4,7,36.36363636363637
"100% Pure Maple Syrup, Organic",6,1,5,16.666666666666664
Original Refreshing Bars,84,37,47,44.047619047619044
Organic & Raw Trilogy,30,14,16,46.666666666666664
String Cheese & Pepperoni Flavored Meat Sticks,98,44,54,44.89795918367347
Powder Antiperspirant Deodorant,189,43,146,22.75132275132275
Macaroni & Mild Chadder Cheese,96,50,46,52.083333333333336
Simply Clean Baby Wipes,582,297,285,51.03092783505154
Easy Ups Boy Training Underwear 4T-5T,15,9,6,60.0
Greek Yogurt Mixed Berry Protein Chewy Bars,59,20,39,33.89830508474576
Gluten Free Wild Blueberry Scones Mix,4,0,4,0.0
"Muesli, Ancient Grain, Cranberry Cashew",50,14,36,28.000000000000004
Certified Biodynamic Chamomile Herbal Tea,15,5,10,33.33333333333333
SupraFruta Red Sangria,3,0,3,0.0
Organic Persian Cucumbers,82,9,73,10.975609756097562
White Paper #2 Size Cone Coffee Filters,18,8,10,44.44444444444444
Rose Essential Oil,8,2,6,25.0
Green Chile Grapes,85,20,65,23.52941176470588
Coco Hydro Original Electrolyte Drink Mix,5,0,5,0.0
Paneer Tikka Masala,91,35,56,38.46153846153847
Organic Half & Half Guayusa Lemonade Tea,56,40,16,71.42857142857143
Artichoke And Spinach Ravioli,305,181,124,59.34426229508196
Southern Banana Pudding,76,19,57,25.0
"Oat Flour, Organic",296,65,231,21.95945945945946
Clementine,203,64,139,31.527093596059114
Raisins Red Seedless Organic Jumbo Size,672,374,298,55.654761904761905
Bedding Refresher,11,1,10,9.090909090909092
Blueberry Hemp Yogurt,10,6,4,60.0
Semi-Soft Part Skim Cheese,153,107,46,69.93464052287581
Tangerine Marmalade,7,1,6,14.285714285714285
Organic Sensitivity Infant Formula with Iron,778,566,212,72.75064267352185
Baked Whole Grain Wheat Hint of Salt Crackers,520,316,204,60.76923076923077
Heavy Duty Scrubbing Sponge,66,5,61,7.575757575757576
Dry Cat Food,6,1,5,16.666666666666664
Honey Turkey,1535,1078,457,70.22801302931596
Peppermint Flavor,106,5,101,4.716981132075472
Chicken Marsala,148,62,86,41.891891891891895
V-Fusion Energy Diet Strawberry Lemondade,14,6,8,42.857142857142854
Canola Mayonnaise,151,54,97,35.76158940397351
Plenti Greek Vanilla Yogurt,28,14,14,50.0
Wintermint Sugar Free Gum,300,213,87,71.0
"1st Foods Starter Pack - Apples, Bananas, Pears",6,0,6,0.0
Organic Triple Berry Blend,1719,961,758,55.90459569517161
Fragrance Free Dishwasher Powder,70,16,54,22.857142857142858
Potato Chips Kettle Cooked Waffle Cut Barbeque Ranch,34,9,25,26.47058823529412
Cracked Pepper Turkey Jerky,49,19,30,38.775510204081634
House Napa Cabbage,1056,329,727,31.155303030303028
Herb Paste,6,0,6,0.0
Daytime & Nighttime Cold & Flu Relief Twin Pack,11,3,8,27.27272727272727
Triple Sec Liqueur,20,4,16,20.0
Egg Challah Rolls,919,603,316,65.61479869423286
Small Batch Kentucky Straight Bourbon Whiskey,56,18,38,32.142857142857146
Fresh Skin Apricot Face Scrub,206,50,156,24.271844660194176
Fiji Anti Perspirant & Deodorant,60,17,43,28.333333333333332
Raw Mild Cheddar Cheese,2079,1178,901,56.66185666185666
Sensational Sides Loaded Mashed Potatoes,9,2,7,22.22222222222222
Grands! Jr Golden Layers Buttermilk Biscuits,48,15,33,31.25
Home Style Marinara Pasta Sauce,162,68,94,41.9753086419753
Disinfecting Wipes Fresh Scent & Lemon,1809,670,1139,37.03703703703704
Organic Non-Dairy Blueberry Cultured Soy Yogurt,229,116,113,50.65502183406113
"Snyders Naturals Garden Veggie Crisps 100 Calorie Snack Packs Potato, Tomato & Spinach",8,2,6,25.0
Frontier Whole Wheat Oat & Honey Flapjack and Waffle Mix,567,234,333,41.269841269841265
Soybeans in Pods Edamame,601,314,287,52.24625623960066
Sambucus Immune Syrup,17,0,17,0.0
Renola Cocoa Coconut Fruit Nut and Seed Mix,8,3,5,37.5
Chamomile Caffeine Free Tea Bags,367,118,249,32.15258855585831
Organic Pita,76,35,41,46.05263157894737
Organic Plant Protein Unflavored,24,7,17,29.166666666666668
Organic Medium Mexicana Salsa,68,15,53,22.058823529411764
"Breaded Chicken Breast Nuggets, Gluten Free",1979,1191,788,60.18191005558363
Ricotta Cheese,884,235,649,26.58371040723982
Organic Peanut Butter Fruit & Nut Bar,272,179,93,65.80882352941177
Chunky W/Beans Chili,237,125,112,52.742616033755276
Medium Spiced Chicken Curry,42,9,33,21.428571428571427
Carrot Chips,1278,498,780,38.967136150234744
"Chicken, Turkey & Peas Organix Healthy Senior Cat Food",8,2,6,25.0
Easter Happy Hoppers Gummi Candy,9,0,9,0.0
Frosted Flakes Cereal Single Serve,189,102,87,53.96825396825397
Jumbo Veggie Protein Smart Dogs Links,1772,928,844,52.370203160270876
Pineapple Cucumber Fruit and Vegetable Juice,8,3,5,37.5
Blazin' Beef Recipe Dog Food,164,111,53,67.6829268292683
"Cake, Lemon",49,13,36,26.53061224489796
Organic Just Bananas,90,36,54,40.0
Rich and Creamy Milk Chocolate Frosting,323,52,271,16.09907120743034
ReNu Sensitive Gentle Formula Multi-Purpose Solution,35,15,20,42.857142857142854
Garlic Toast,88,44,44,50.0
Unstoppables Liquid Lush,10,2,8,20.0
Invisible Solid Unscented Deodorant,65,19,46,29.230769230769234
Dr Chill Soda,5,2,3,40.0
Swiss Preserves Strawberry,7,1,6,14.285714285714285
Sliced Peaches,1317,600,717,45.558086560364465
Hershey's Crème Pie with a Chocolate Cookie Crust,108,32,76,29.629629629629626
Baked Zitta With Turkey Meatballs,63,27,36,42.857142857142854
Cavatappi,92,31,61,33.69565217391305
"Chardonnay, Sonoma Country",58,34,24,58.620689655172406
"Variety Box (4 of each: Original, White Cheddar & Cheddar Jack)",163,78,85,47.85276073619632
Brown Long Grain Rice,31,4,27,12.903225806451612
Lemon Lime Seltzer,491,402,89,81.87372708757637
Sourdough Boule,196,121,75,61.73469387755102
"Mini I.D.'s French Vanilla Creamer, Singles",432,223,209,51.620370370370374
Original Recipe Rice Pudding,3340,2033,1307,60.868263473053894
Yellow Corn Extra Thin Tortillas,613,221,392,36.05220228384992
Mildew Root Penetrator & Remover,50,5,45,10.0
Chicken & Broccoli Rice Mix,30,6,24,20.0
Organic Original Fruit Chews,167,68,99,40.7185628742515
Fun Shaped Chicken Breast Nuggets,54,28,26,51.85185185185185
Chef's Favorites Lightly Sauced Rotini & Vegetables with Oven Roasted Garlic Butter Sauce,136,70,66,51.470588235294116
Natural Foods Olive Oil Potato Chips Sea Salt,183,141,42,77.04918032786885
Mighty 4 Purple Carrot Blackberry Quinoa & Greek Yogurt Tots Snack,1959,1318,641,67.27922409392548
Skin Therapy Silky Skin Lotionized Moisturizing Shave Gel,21,4,17,19.047619047619047
Mini Glazed Donuts,42,11,31,26.190476190476193
Natural Microwave Popcorn,3,0,3,0.0
"Bubbles Antioxidant Drink, Waikiki Coconut",47,17,30,36.17021276595745
"Tortillas, Whole Wheat, 96% Fat Free, Medium, Soft Taco",48,17,31,35.41666666666667
Paleo Banana Bread & Muffin Mix,27,6,21,22.22222222222222
Turbana Sweet Plantain Chips,31,16,15,51.61290322580645
Hazelnut Light Roast K-Cup Packs Coffee,12,5,7,41.66666666666667
Flamin' Hot Puffcorn,43,21,22,48.837209302325576
Organic Lemon Juice,96,26,70,27.083333333333332
Pure Irish Butter,33908,22282,11626,65.71310605166923
White Wine,15,1,14,6.666666666666667
Wholeberry Blast Meal Bar,255,146,109,57.25490196078431
Dill Rye Bread,147,86,61,58.50340136054422
Mulberry Berries Organic Turkish Superfruit,60,18,42,30.0
Vitacraves Multivitamin Supplement Gummies for Women,50,13,37,26.0
Mediterranean Platter,17,0,17,0.0
Peppermint Patties Candy,927,508,419,54.80043149946062
High Fiber Extra Virgin Olive Oil Traditional SoftWraps,28,13,15,46.42857142857143
Gluten Free Peanut Butter Cup Dark Chocolate Protein Bar,183,107,76,58.46994535519126
Old Vine Zin,201,113,88,56.21890547263681
Roses,9,3,6,33.33333333333333
Slow Cooker Tavern-Style Pot Roast Sauce,46,14,32,30.434782608695656
Crispy Ridges Lay's Ridges,50,34,16,68.0
Pork Roll,2,0,2,0.0
Gluten Free Organic Soyrizo,853,387,466,45.36928487690504
Chef Salad,542,314,228,57.93357933579336
Classic Bubble Sugar-Free Gum,101,58,43,57.42574257425742
Krave Basil Citrus Turkey Jerky,350,203,147,57.99999999999999
Sugar Free Chocolate Ice Cream,11,5,6,45.45454545454545
Botanically Bright SLS-Free Fluoride-Free  Peppermint Whitening Toothpaste,95,30,65,31.57894736842105
Reserve Cheddar Cheese,927,468,459,50.48543689320388
"Fava Crisps, Brighton Vinegar & Sea Salt",97,28,69,28.865979381443296
Premium Italian Seasoned Croutons,181,77,104,42.5414364640884
Migrane Acetaminophen Aspirin (NSAID) and Caffeine Caplets Pain Reliever/Pain Reliever Aid,50,10,40,20.0
Gluten-Free Brown Rice Pasta,308,166,142,53.896103896103895
Raspberry Tea,1306,971,335,74.34915773353752
Fancy Shredded Sharp Cheddar Cheese,305,169,136,55.40983606557377
Horseradish Sauce,153,18,135,11.76470588235294
Dark French Roast Whole Bean Coffee,507,292,215,57.59368836291914
Children's Allergy 24hr Multi-Symptom Nasal Spray,4,1,3,25.0
Organic Coconut Covered in Dark Chocolate Candy Bar,635,431,204,67.8740157480315
America Cheese Slices 24 Count,14,3,11,21.428571428571427
Organic Hazelnut Cacao Spread,37,16,21,43.24324324324324
Restaurante Style Monterey Jack Queso Supreme Dip,4,0,4,0.0
"Banana, Orange & Pineapple Baby Food Stage 2",10,5,5,50.0
Simply Clean Wipes,22,6,16,27.27272727272727
Wheat English Muffins,4199,2813,1386,66.99214098594904
Perfect Pinch Caribbean Jerk Seasoning,12,1,11,8.333333333333332
Intense Relief Hand Cream Tube Body Moisture,13,1,12,7.6923076923076925
Brainon Unflavored,25,11,14,44.0
Medium Cheddar Natural Cheese,1902,1139,763,59.884332281808625
5-HTP 100 mg Vcaps,26,6,20,23.076923076923077
Crescent Rolls,8150,4273,3877,52.42944785276074
Natural Shredded Monterey Jack Cheese,316,139,177,43.9873417721519
Lemon Herb Chicken Breast,368,221,147,60.05434782608695
Superior B 12 3000 Mcg Sublingual Lozenges,27,7,20,25.925925925925924
Bonus Bag Restaurant Style Tortilla Chips,10,3,7,30.0
100% Versatile Skin Care Vegetable Glycerine,11,0,11,0.0
Primadophilus Optima Women's,22,12,10,54.54545454545454
Family Size Lasagna With Meat & Sauce,612,291,321,47.549019607843135
Tender Cuts in Gravy With Real Turkey & Venison Wet Dog Food,3,0,3,0.0
T/Sal Therapeutic Shampoo Scalp Build-Up Control,32,12,20,37.5
"Decaffeinated House Blend, Dark Roast K-Cups",178,121,57,67.97752808988764
Hazelnut Macchiato Gourmet Coffee Creamer,11,4,7,36.36363636363637
Organic Golden Delicious Apple,9929,6589,3340,66.36116426629066
Stacy's Multigrain Pita Chips,932,390,542,41.84549356223176
Organic Sensible Sipper Banana,18,14,4,77.77777777777779
Organic Strawberry Cobbler Cereal Bars,125,59,66,47.199999999999996
Ice Peppermint Gum,324,191,133,58.95061728395061
Graduates Toddlers Cereal Bars Strawberry Banana 8 Count,189,93,96,49.2063492063492
Organic Turkish Mini Apricots,14,6,8,42.857142857142854
Chafing Dish Wire Rack,18,2,16,11.11111111111111
Gold Ice Cream Bars,31,10,21,32.25806451612903
Lemon Cookies,21,17,4,80.95238095238095
Cabernet Sauvignon,6115,3687,2428,60.294358135731805
Drinking Chocolate,7,1,6,14.285714285714285
Organic Gas Relief Herbal Tea,48,7,41,14.583333333333334
Qi'a Chia Cranberry Vanilla Buckwheat And Hemp Cereal,86,43,43,50.0
Histaminum Hydrochloricum 30 C,5,1,4,20.0
Cooked Sliced Deli Ham,16,9,7,56.25
Sashimi Combo,587,376,211,64.05451448040887
"Cheese, Asiago",179,56,123,31.28491620111732
King Size Corn Tortillas,246,128,118,52.03252032520326
Classic Broth with Wild Salmon,79,56,23,70.88607594936708
Cafe Steamers Honey Balsamic Chicken Grilled White Meat,176,63,113,35.79545454545455
Fiber D'lish Blueberry Cobbler Bar,15,6,9,40.0
"Jam, Old Fashioned, Jalapeno",6,2,4,33.33333333333333
Frosted Mini-Wheats Touch of Fruit Raspberry Cereal,22,9,13,40.909090909090914
Alpine Breeze Gentle Whitening for Sensitive Teeth Toothpaste,99,34,65,34.34343434343434
Fresh Organic Carrots,587,197,390,33.560477001703575
Chicken Apple Sausage,3517,1975,1542,56.15581461472846
Fully Cooked Boneless Ribs in Sweet Hickory Sauce,55,38,17,69.0909090909091
Hand Sanitizer,83,25,58,30.120481927710845
Caramel Apple Spice Slim Life Tea,95,27,68,28.421052631578945
Fruit Punch Juice,18,10,8,55.55555555555556
Chicken Flavor Bouillon,105,17,88,16.19047619047619
Nectarine,462,202,260,43.722943722943725
Superior Touch Better Than Bouillon Vegetable Base,80,17,63,21.25
"Goji Berries, Sun-Dried",1277,572,705,44.792482380579486
Light & Fit Strawberry Non Fat Greek Yogurt,2312,1517,795,65.61418685121107
Flour Fajitas Tortillas,230,90,140,39.130434782608695
Salsa medium,20,6,14,30.0
"Chilpotle Peppers, in Adobo Sauce",51,5,46,9.803921568627452
Slow Churned Mississippi Mudpie Ice Cream,5,1,4,20.0
"Salame, Italian Dry",2286,1254,1032,54.85564304461942
Halloween Vanilla Mini Cupcakes,11,0,11,0.0
Piquillo & Jalapeno Bruschetta,1,0,1,0.0
Organic Stewed Tomatoes,1441,439,1002,30.46495489243581
Golden Monkey,19,13,6,68.42105263157895
Unsalted Sweet Butter,1240,620,620,50.0
Organic Aloe Vera Juice,37,9,28,24.324324324324326
Seedless Red Raspberry Jam,228,47,181,20.614035087719298
"Fresh Ground Turkey, 85% Lean/15% Fat",49,18,31,36.734693877551024
Organic Unsweetened Ketchup,695,271,424,38.99280575539568
French Vanilla Concentrated Liquid Coffee Creamer,27,11,16,40.74074074074074
Organic Firm Tofu,942,532,410,56.475583864118896
Homestyle Meals Organic Baby Food,50,23,27,46.0
Bean & Cheese & Beef & Bean Variety Pack Burritos,71,38,33,53.52112676056338
Greek Plain Whole Milk Yogurt,540,309,231,57.22222222222222
9” Ultra Strong Designer Paper Plates,9,1,8,11.11111111111111
Sweet & Salty Caramel,10,2,8,20.0
Krinkle Cut Carolina BBQ Potato Chips,86,25,61,29.069767441860467
Simply Potaoes Traditional Mashed Potatoes,572,304,268,53.14685314685315
Sport Chocolate Mint Protein Bar,83,43,40,51.80722891566265
Old Chub Scotch Ale,26,13,13,50.0
Organic Vegan Sundried Tomato Nut Cheese,275,132,143,48.0
All Natural Gluten Free Dijon Mustard,361,55,306,15.23545706371191
Bangkok Curry Instant Rice Noodle Soup,62,6,56,9.67741935483871
Homestyle French Toast Sticks,225,120,105,53.333333333333336
Organic Egg Whites,19400,13744,5656,70.84536082474227
"Oikos Yogurt Drink, Strawberry",9,1,8,11.11111111111111
Peanut Butter Dark Chocolate Protein Chewy Bars,1795,1050,745,58.495821727019504
"Pop Corn, White",259,116,143,44.78764478764479
Healthy Kids Organic Chocolate Nutritional Shake,704,514,190,73.01136363636364
Organic Mini Cheddar Cheese Crackers,1679,1100,579,65.51518761167362
Sesame Flatbread,24,14,10,58.333333333333336
No Salt Roasted Pistachios,298,129,169,43.288590604026844
Riccardo Balsamic Vinegar,18,6,12,33.33333333333333
Classic Hummus,12196,6436,5760,52.77140045916694
Organic Salt Free Cabbage Dill Raw Sauerkrat,18,5,13,27.77777777777778
Hair Remover Wax Strip Kit,55,10,45,18.181818181818183
Mild Red Taco Sauce,203,69,134,33.99014778325123
Rising Crust Spicy Italian Sausage Pizza,16,7,9,43.75
Orange Recovery Energy Drink,84,63,21,75.0
Organic Blueberry Kefir,1575,1043,532,66.22222222222223
Tissue with Lotion Aloe & E,411,170,241,41.3625304136253
Mexican Style Chili Beans,6,0,6,0.0
Classic Chopped Grill Feast Cat Food,264,188,76,71.21212121212122
Vegetarian Worcestershire Sauce,62,4,58,6.451612903225806
Cruisers Diapers Jumbo Pack - Size 6,56,25,31,44.642857142857146
Stir Fry Sauce,16,5,11,31.25
Black Raspberry Water,14,7,7,50.0
Original Probiotic Dairy Drink,119,75,44,63.02521008403361
Mango & Sweet Potato Super Puffs for Babies,219,93,126,42.465753424657535
Organic Kale Salad With Organic Sesame Vinagrette Dressing,32,12,20,37.5
Revolt Killer Citrus,8,2,6,25.0
Organic Crimini Mushrooms,3879,2471,1408,63.7019850476927
Almond Plus Vanilla Almond Milk,129,86,43,66.66666666666666
Whole Grain Croissant,6,2,4,33.33333333333333
Controlling Gel Curly Curl Scrunch,4,1,3,25.0
Gluten free Dark Chocolate covered Creamy Banana Fruit Bars,423,313,110,73.99527186761229
Jelly Beans,160,77,83,48.125
IPA,1204,687,517,57.059800664451835
Giant Chocolate Fudge Ice Cream Bars,8,1,7,12.5
Belgian Style Farmhouse Ale Beer,6,0,6,0.0
Seitan wheat Strips,685,415,270,60.58394160583942
Outdoor Bug Light 60 Watt Light Bulbs,11,2,9,18.181818181818183
"Organic Pineapple, Apple & Pea Freeze Dried Snacks",252,89,163,35.317460317460316
Seafood Favorites Variety Cat Food,24,15,9,62.5
Vegan Molasses Cookies,100,54,46,54.0
Deviled Ham Spread,103,38,65,36.89320388349515
Natural Flavor Butter Popcorn,78,42,36,53.84615384615385
Hyper Hawaiian Crunch,21,6,15,28.57142857142857
Oven Fresh Cherry Pie,34,4,30,11.76470588235294
Men+Care Body and Face Wash,5,0,5,0.0
Unisex Free & Clear 2T-3T up to 34 lbs Baby Training Pants,41,21,20,51.21951219512195
Steamfresh Fresh Frozen Vegetables Broccoli & Cauliflower,24,8,16,33.33333333333333
Everyday Paper Plates,1224,549,675,44.85294117647059
India Pale Ale Beer,5,1,4,20.0
Salt & Organic Spices,9,0,9,0.0
Just Mayo Sriracha,8,0,8,0.0
Frozen Berry Medley,97,29,68,29.896907216494846
Fresh Air Dryer Activated Fabric Softener,9,2,7,22.22222222222222
Mushroom Gravy Mix,77,19,58,24.675324675324674
Fabric Softener Dryer Sheet Free & Gentle 160CT Fabric Enhancers,40,8,32,20.0
Goldfish Baby Cheddar Baked Snack Crackers,644,361,283,56.05590062111801
Smoothing Facial Scrub,19,1,18,5.263157894736842
"100% Juice, Apple",956,588,368,61.50627615062761
Organic Lemon & Elderflower Herbal Tea,5,1,4,20.0
Roasted Twig Kukicha Tea,64,33,31,51.5625
"Wraps, New York Deli-Style, Everything",21,13,8,61.904761904761905
"Sausage, Garlic",37,16,21,43.24324324324324
Crystal Rain Ammonia-Free Glass Cleaner,5,0,5,0.0
Condensed Cream of Mushroom Soup,2420,812,1608,33.553719008264466
Texmati Rice,130,51,79,39.23076923076923
Spring Oreo,12,4,8,33.33333333333333
Chopped California Ripe Olives,10,3,7,30.0
Herbatonin 0.3 mg Plant Melatonin Vegan Capsules,6,1,5,16.666666666666664
Dry Roasted Sunflower Kernels,243,93,150,38.2716049382716
2013 Zinfandel Red Wine,35,21,14,60.0
Raspberry Flavor B-Complex Liquid,5,1,4,20.0
Fat Free Veggie Dogs,54,22,32,40.74074074074074
Super Plus Security Tampons,74,32,42,43.24324324324324
Original Gluten Free Spring Rolls,128,38,90,29.6875
7 Sprouted Grains Bread,2222,1251,971,56.300630063006295
Graduates Lil' Crunchies Cinnamon Maple,51,34,17,66.66666666666666
Ground Beans French Roast Dark Flavor,5,2,3,40.0
Sparkling Natural Mineral Water,42934,31500,11434,73.3684259561187
Vanilla Caramel Gelato,271,124,147,45.75645756457565
Sliced Ripe Black Olives,483,230,253,47.61904761904761
Soft White 150 W Light Bulb,3,1,2,33.33333333333333
Organic Maple Cinnamon Agave Pancake Syrup,25,4,21,16.0
Excellence Non-Drip Crème - 4 Dark Brown,7,2,5,28.57142857142857
Graduates Lil' Entrees with Carrots Mashed Potatoes & Gravy with Roasted Chicken,136,82,54,60.29411764705882
Chocolate Protein Soy And Dairy Protein Shake,115,65,50,56.52173913043478
Pearled Couscous Original Plain,1847,629,1218,34.055224688684355
Italian-Style Pasta Bake,25,8,17,32.0
"Ketchup, 100% Organic",27,10,17,37.03703703703704
Watermerlon Aloe Vera Juice,236,166,70,70.33898305084746
Pet Fresh Carpet Odor Eliminator with Vacuum Booster,247,80,167,32.388663967611336
Baby Fragrance Free Daily Moisture Lotion,55,10,45,18.181818181818183
Applesauce,101,48,53,47.524752475247524
"Chili with Pinto Beans, Spelt and Spices",4,0,4,0.0
Dark Chocolate Chip Chococonut Chewy Granola Bars,1333,895,438,67.1417854463616
Medium Roast Decaf Ground Coffee,299,112,187,37.45819397993311
Organic Vegetarian Baked Beans,976,495,481,50.7172131147541
Light Caesar Dressing,109,28,81,25.688073394495415
Anti Tarnish Silver Polish,15,1,14,6.666666666666667
Spanish Style Ready Rice,633,247,386,39.02053712480253
Natural Unsalted Sliced Almonds,104,32,72,30.76923076923077
"Summer Sausage, Premium, Beef",6,3,3,50.0
Lemonade with Mango,569,356,213,62.56590509666081
Cheese Stuffed Crust Supreme,104,32,72,30.76923076923077
Basil & Lime Liquid Hand Soap,121,49,72,40.49586776859504
Dakota Style 12 Grain Bread,394,322,72,81.7258883248731
Applewood Rub,9,1,8,11.11111111111111
Sofrito,9,4,5,44.44444444444444
Lunchables Lunch Combinations Pepperoni & Mozzarella,232,117,115,50.43103448275862
Organic Stuffed Grape Leaves,29,17,12,58.620689655172406
Gluten Free Extreme Fruit & Nut Granola,339,227,112,66.96165191740413
Mild Lean Turkey Breakfast Sausage,859,364,495,42.374854481955765
Unsweetened Cashew Milk,3922,2445,1477,62.34064252932178
Double Fudge Cookies,14,8,6,57.14285714285714
Selects Smoked Uncured Bacon,767,380,387,49.54367666232073
Buttercup Squash,8,3,5,37.5
Sprouted Blues Corn Tortilla Chips,287,179,108,62.36933797909408
Classic Five Cheese Lasagna,348,149,199,42.81609195402299
Organic Arrowroot Powder,177,24,153,13.559322033898304
Nacho Sliced Jalapeños,29,5,24,17.24137931034483
Lightly Seasoned Freeze Dried Edamame Veggie Snack,316,195,121,61.70886075949367
"Skewers, 11-3/4 in",118,5,113,4.23728813559322
Blue Cheese Stuffed Queen Olives,10,1,9,10.0
"Fruit Spread, Organic, Blackberry",141,42,99,29.78723404255319
Simply Dressed Balsamic Vinaigrette,44,7,37,15.909090909090908
Cole Slaw,1278,641,637,50.15649452269171
for Men Energy Face Scrub,15,2,13,13.333333333333334
Tangerine Sparkling Probiotic Beverage,63,50,13,79.36507936507937
Gluten Free Muffin Tops Chocolate Chia - 4 CT,284,175,109,61.61971830985915
Organic Cooked Beets,1199,556,643,46.371976647206004
Chocolate Co. Organic Dark Chocolate Sea Salt & Coconut,37,17,20,45.94594594594595
Spicy Steak Burrito,352,176,176,50.0
Artichoke & Parmesan Swirls,173,51,122,29.47976878612717
Stelline Pasta,13,0,13,0.0
Original Cola,27,17,10,62.96296296296296
Coarse Grind Blend with Parsley Garlic Powder,26,2,24,7.6923076923076925
No Salt Added Stoneground Mustard,73,48,25,65.75342465753424
Original Recipe Chocolate Pudding,1143,609,534,53.28083989501312
Superfood Organic Gluten Free Mulberry Cacao Seedbar,190,140,50,73.68421052631578
Cooling Mint Tea Tree Oil Toothpaste,86,27,59,31.3953488372093
Dry Protection Invisible Solid Sheer Powder Anti-Perspirant & Deodorant,14,2,12,14.285714285714285
Organic Black Sesame Seeds,133,8,125,6.015037593984962
"Cheese Sauce Mix, White Cheddar",19,4,15,21.052631578947366
Honey Almond Butter W/ Pretzels,2,0,2,0.0
"Protein Bar, Vanilla Almond Crunch Flavor",77,37,40,48.05194805194805
Original Bratwurst,11,3,8,27.27272727272727
Gluten Free Thai Style Red Curry with Beef Bowls,2,0,2,0.0
Green Cookie Decorating Icing,22,0,22,0.0
Crispy Samosas with Vegetables,102,30,72,29.411764705882355
Hawaiian Sunscreen SPF30,34,7,27,20.588235294117645
Lactose Free Probiotic Lowfat Strawberry-Banana Kefir,129,55,74,42.63565891472868
Upbeat Brew Coffee,14,9,5,64.28571428571429
Fresh Meadow Scent Bleach,90,29,61,32.22222222222222
Salmon Feast in Seared Salmon Flavor Gravy Cat Food,339,230,109,67.84660766961652
Organic Whole Wheat Linguine,309,69,240,22.330097087378643
Aloe Vera Soap Bar,3,0,3,0.0
Kalamata Olive Spread,198,80,118,40.4040404040404
Purple Corn Tortilla Chips,26,4,22,15.384615384615385
"Yerba Mate, Organic, Pure Empower Mint",11,3,8,27.27272727272727
Low Sodium Bacon,5116,2564,2552,50.11727912431587
Homestyle Sweet Pickle Relish,152,23,129,15.131578947368421
Gf Cheddar Organic Otg,43,22,21,51.162790697674424
Grain Free Food for Cats Turkey Dinner,29,8,21,27.586206896551722
Ground Venison,9,1,8,11.11111111111111
Pop Up Bowl Movie Theater Butter Microwave Popcorn,176,73,103,41.47727272727273
Black Raspberry Jam,35,12,23,34.285714285714285
Margarita,86,48,38,55.81395348837209
ProActive Health Adult Large Breed Premium Dry Dog Food,52,28,24,53.84615384615385
Sweet & Hot Beef Jerky,221,119,102,53.84615384615385
Lemon Dishwashing Liquid,3,0,3,0.0
Lemon Verbena Dish Soap,6471,2577,3894,39.823829392675016
Original Hot Taco Sauce,100,42,58,42.0
Garlic Butter Crescent Rolls,4,1,3,25.0
Organic Satsuma,6,2,4,33.33333333333333
"Tortillas, Wheat Free, Sprouted Corn",3314,1719,1595,51.87085093542547
Original Jambalaya Rice Mix,262,110,152,41.98473282442748
Phoenix 2 in 1 Shampoo and Conditioner,9,0,9,0.0
Spicy Chili Lime Toasted Coconut Chips,14,4,10,28.57142857142857
24 Hour Allergy Relief Liquid,90,24,66,26.666666666666668
Chocolate Mocha Iced Coffee,9,2,7,22.22222222222222
Mango Peach Coconut Water,27,18,9,66.66666666666666
Fig Newtons Cookies,725,411,314,56.68965517241379
Broccoli Florets in Gorgonzola Bleu Cheese Sauce,12,2,10,16.666666666666664
Organic Hummus,4236,3179,1057,75.04721435316335
"Buttercrunch, with Almonds",22,4,18,18.181818181818183
Brooklyn Blackout Cake Ice Cream,171,71,100,41.52046783625731
Bonus Bag White Corn Tortilla Chips,5,1,4,20.0
Broquel Malbec,23,8,15,34.78260869565217
Beet Hummus,61,35,26,57.377049180327866
Disinfectant Multi-Surface Cleaner Rainshower Scent,106,33,73,31.132075471698112
Little Movers Diapers Size 4 Disney Baby,23,6,17,26.08695652173913
VitaTops Chocolate Peanut Butter Chip Muffin Tops,37,19,18,51.35135135135135
Steakhouse Lite Northern Italian Dressing,147,49,98,33.33333333333333
Dark Sumatra Ground Coffee,324,198,126,61.111111111111114
Organic Baked Beans,535,274,261,51.214953271028044
Organic Not Salted Pistachios,345,251,94,72.7536231884058
Lemongrass & Clementine Zest Natural Dish Liquid,2853,1028,1825,36.03224675779881
Clump & Seal Multi Cat,71,37,34,52.112676056338024
Sea Salt Soiree Intense Dark Chocolate Squares,414,248,166,59.90338164251207
Splash Mandarin Orange Flavored Water,62,32,30,51.61290322580645
Organic Banana Bites,1019,596,423,58.48871442590775
Organic Mash Ups Tropical Flavored Squeezable Apple Sauce,18,7,11,38.88888888888889
Chocolate Peanut Butter Creme Sandwich Cookies,154,48,106,31.16883116883117
Il Mascarpone,74,36,38,48.64864864864865
Organic Gluten Free Tamari Soy Sauce,90,20,70,22.22222222222222
Chocolate Espresso Protein Bar,316,163,153,51.58227848101266
Cheese Finely Shredded Mexican Four Cheese Blend Reduced Fat 2%,499,258,241,51.703406813627254
3rd Foods Banana Apple Strawberry,43,11,32,25.581395348837212
Season and Cooked Pulled Beef,77,28,49,36.36363636363637
Smoked Gouda With Bacon,9,4,5,44.44444444444444
Parmesan Grated Cheese,163,50,113,30.67484662576687
Cinnamon Toast Crunch Crispy Sweetened Whole Wheat & Rice Cereal,515,275,240,53.398058252427184
Homestyle Herring,7,2,5,28.57142857142857
Harvest Blend,134,49,85,36.56716417910448
Peanut Butter Crunch,52,16,36,30.76923076923077
Spf 30 Baby Sunscreen Cream,123,33,90,26.82926829268293
Clinical Strength Secret Clinical Strength Clear Gel Women's Antiperspirant & Deodorant Completely Clean Scent 1.6 oz  Female AP/DO & Body Spray,85,26,59,30.58823529411765
Signature Tortilla Organic Soup,328,116,212,35.36585365853659
Advanced Enzyme System Vcaps,32,8,24,25.0
Gardenia Smoothing Hawaiian Conditioner,83,13,70,15.66265060240964
Dentastix Original Large Oral Care Treats,33,14,19,42.42424242424242
It's Spicy! More Spice Seasoning,6,0,6,0.0
Organic Red Grape Tomato Package,1574,635,939,40.3430749682338
Sliced Colby & Monterey Jack Cheese,503,243,260,48.31013916500994
Powder Laxative,100,38,62,38.0
Creamy Tomato Ricotta Sauce,23,6,17,26.08695652173913
Dairy Free Coconut Almondmilk Blend,32,14,18,43.75
Creamy Chocolate Milkshake,3,0,3,0.0
Habanero Pineapple,12,1,11,8.333333333333332
Advanced Formula Lip Therapy Skin Protectant,14,2,12,14.285714285714285
All Natural Guacamole Mix,38,11,27,28.947368421052634
Light Multi-Grain English Muffins,4809,2727,2082,56.70617592014972
Organic Kale Greens,6942,4469,2473,64.37626044367617
Powdered Donut Holes,138,69,69,50.0
Get Focused Breakfast Burrito,297,154,143,51.85185185185185
Melon Sports Drink,27,7,20,25.925925925925924
Graduates Lil EntreesnMacaroni and Cheese with Seasoned Peas and Carrots,130,67,63,51.53846153846153
Fresh Sugar Snap Peas,1721,1121,600,65.13654851830331
Chocolate Peanut Butter Advantage Meal Bar,236,164,72,69.49152542372882
"Tasty Treasures Chicken, Tuna & Cheese In Gravy Cat Food",25,15,10,60.0
Stain Fighter & Color Booster Original,149,58,91,38.92617449664429
Crunchy Flamin' Hot Cheese Flavored Snacks,107,29,78,27.102803738317753
Chicharrones Pork Rinds,274,133,141,48.54014598540146
Natural Foods Spanish Paella,48,9,39,18.75
Pumpkin & Spice Yogurt,1180,605,575,51.271186440677965
8 Piece Quattro Bittersweet Tiles,9,1,8,11.11111111111111
Philly Cheese Steak,21,4,17,19.047619047619047
"8\"" Apple Pie",127,54,73,42.51968503937008
Green Skinned Avocado,1283,631,652,49.18160561184723
Dryers Sheets for Sensitive Skin Free Clear Fabric Softener,6,0,6,0.0
Total with Strawberry Yogurt,2157,1560,597,72.32267037552155
Organic Rich Double Cream Plain Yogurt,15,3,12,20.0
Polenta,173,43,130,24.85549132947977
Honeycrisp Bag,1361,472,889,34.68038207200588
Potted Meat Chicken & Pork,11,7,4,63.63636363636363
Super Daily D3 for Kids 400 IU,6,0,6,0.0
Vanilla Wafer Cookies,101,47,54,46.53465346534654
Lemon Verbena Air Freshener,2,0,2,0.0
Tzatziki Sauce,286,130,156,45.45454545454545
Red Lentils,452,123,329,27.212389380530972
"Natural Fabric Softener Sheets, Free & Clear",328,81,247,24.695121951219512
Belgian Chocolate Reduced Fat Milk,701,527,174,75.17831669044223
P3 Chicken and Cashews,124,76,48,61.29032258064516
Signature Blend No. 3 Medium Roast K-Cup Pods,11,5,6,45.45454545454545
Black Bean Burgers,103,45,58,43.689320388349515
"Preserves, Strawberry",446,213,233,47.75784753363229
Nuggets Milk Chocolate With Almond,225,146,79,64.88888888888889
"Coffee, Cold Brew, Triple Shot",393,212,181,53.9440203562341
Gluten Free Baking and Pancake Mix,882,380,502,43.08390022675737
Gluten-Free Soy Sauce,62,7,55,11.29032258064516
Touch Nylon Ladle,5,0,5,0.0
Chai Latte K-Cup Packs .4 oz Coffee,164,84,80,51.21951219512195
Ultra Moisture Body Wash With Shea Butter,264,120,144,45.45454545454545
Cut N Clean Country Greens,7,1,6,14.285714285714285
Outshine Creamy Coconut Fruit Bars,901,469,432,52.05327413984462
Protein & Greens Vanilla Flavor Drink Mix,348,159,189,45.689655172413794
Assume Volume Shampoo,11,4,7,36.36363636363637
from Concentrate Mango Nectar,81,45,36,55.55555555555556
Hand Made Style Flour Tortilla,555,313,242,56.3963963963964
Red Lentil Dahl Soup,505,255,250,50.495049504950494
Pumpkin Pie Spice Coffee Creamer,21,10,11,47.61904761904761
Goat Cheese Crumbles,13450,7390,6060,54.94423791821561
Core Original Grain Free Dry Dog Food,313,203,110,64.85623003194888
Organic Brownie Cookie Mix,9,1,8,11.11111111111111
Stick Ups Air Freshener Sparkling Citrus,18,4,14,22.22222222222222
Organic Greek Whole Milk Yogurt Vanilla & Lavender,10,5,5,50.0
Eczema Control,2,0,2,0.0
Ripe Large Pitted Olives,3539,1983,1556,56.032777620796836
Organic Hawaiian Gingerade,17,8,9,47.05882352941176
Sugar Free Cherry Gelatin Dessert,20,10,10,50.0
Wonderfruit Acai Energy Blend,24,15,9,62.5
Honey Lip Balm with Vitamin E,70,17,53,24.285714285714285
Organic Butterscotch Pecan Ice Cream,91,26,65,28.57142857142857
Chocolate Almond Ice Cream,55,12,43,21.818181818181817
Mixations Pineapple Pouch Apple,14,2,12,14.285714285714285
Extra Body Volumizing Shampoo,112,30,82,26.785714285714285
Raw Tupelo Honey,14,4,10,28.57142857142857
Spicy Barbeque Sauce,12,1,11,8.333333333333332
No Sugar Added Sweet Gherkins,25,18,7,72.0
Renu Fresh Lens Solution,33,8,25,24.242424242424242
Tangerine Ginger Vitamin & Electrolyte Enhanced Drink Tabs,50,13,37,26.0
Blackened Turkey,1,0,1,0.0
Whole Garbanzo Beans,15,2,13,13.333333333333334
Blood Orange Hibiscus Caramel Marshmellows 62% Cacao,9,2,7,22.22222222222222
Lemon Sports Drink,171,102,69,59.64912280701754
Graduates Turkey Sticks,103,71,32,68.93203883495146
Kids Sunscreen Lotion SPF 50,8,3,5,37.5
Razzleberry Pie,21,2,19,9.523809523809524
Easy Quinoa Roasted Garlic & Olive Oil,71,24,47,33.80281690140845
Down East Roasted Garlic Crackers,37,23,14,62.16216216216216
Dried Organic Maitake Mushrooms,15,2,13,13.333333333333334
"Chocolate Spread, Hazelnut",37,12,25,32.432432432432435
"Anchovies, in Olive Oil, Fillets",34,7,27,20.588235294117645
French Vanilla Rice Pudding,261,139,122,53.25670498084292
Original Fruit,266,129,137,48.49624060150376
Golden Delicious Apple Bag,4,0,4,0.0
Spiced Pear Juice,13,2,11,15.384615384615385
Light Raspberry Walnut Vinaigrette Dressing,27,3,24,11.11111111111111
Rosemary & Olive Oil Quinoa Blend,3632,1209,2423,33.28744493392071
Deep Moisture Body Wash,1496,500,996,33.42245989304813
Rosa Mosqueta Rose Hip Seed Oil,1,0,1,0.0
Rosemary Focaccia,43,18,25,41.86046511627907
"Legume Bowls Green Chickpeas, Kale, Potato, Tomato & Rosemary",10,2,8,20.0
Passion Fruit,1986,962,1024,48.439073514602214
Rocky Road Ice Cream Bars,16,5,11,31.25
Light Blueberry Patch Strawberry Variety Pack Yogurt,61,21,40,34.42622950819672
Treat Diaper Rash Cream,30,14,16,46.666666666666664
Laird's Special Reserve Smoked Salmon,2,1,1,50.0
Strawberry Blonde,13,0,13,0.0
Simply Delicious Gluten Free Cereal Cocoa Sensation,30,12,18,40.0
Hair Expertise EverPure Color Care System Smooth Conditioner,11,1,10,9.090909090909092
Sun Dried Tomato Paste,39,2,37,5.128205128205128
Fruit Punch Sports Drink,5219,3136,2083,60.08813949032382
V-Fusion Fruit Punch Vegetable & Fruit Beverage,13,5,8,38.46153846153847
Power-C Dragonfruit Vitamin Water Drink,1579,1018,561,64.47118429385688
Honey Mustard Salad Dressing,6,0,6,0.0
Chill Out In A Bubble Bath,4,0,4,0.0
Chicken Breast Nuggets,431,224,207,51.972157772621806
Slow Roasted Sesame Garlic Chick'n,245,135,110,55.10204081632652
Raw White Shrimp,5,0,5,0.0
Real Medleys Super Grains Banana Walnut Oatmeal Cup,378,200,178,52.910052910052904
Family Size Spaghetti & Meatballs,20,11,9,55.00000000000001
Almond & Apricot Bar,2031,1202,829,59.18266863613984
Chicken Enchiladas Poblano,550,288,262,52.36363636363637
Fresh Boneless Skinless Chicken Breasts,375,178,197,47.46666666666667
Broth Free Range Chicken Organic,1291,611,680,47.327652982184354
Heat & Serve Sweet Potato,342,159,183,46.49122807017544
Stage 1 Apples Apples Apples Organic Pureed Baby Food,205,117,88,57.073170731707314
White Pita,1884,1045,839,55.467091295116774
Organic Diced Tomatoes In Tomato Juice,30,11,19,36.666666666666664
Velveeta Cheesy Skillets Chicken Alfredo,16,7,9,43.75
Diced Basil Garlic & Oregano Tomatoes,446,148,298,33.18385650224215
Organic Blueberry & Purple Carrot Happy Yogis,180,99,81,55.00000000000001
Chicken Melts,76,53,23,69.73684210526315
Dinnerware Spoons,113,43,70,38.05309734513274
Dove Oxygen Moisture Conditioner,43,10,33,23.25581395348837
Tuna Florentine Cat Food,206,135,71,65.53398058252428
Bunny Tracks Ice Cream,21,10,11,47.61904761904761
Fountain Classics Diet Root Beer,119,93,26,78.15126050420169
Organic Mac Pasta Shells & White Cheddar Cheese Macaroni & Cheese,147,71,76,48.29931972789115
Bag of Clementines,473,142,331,30.021141649048626
Big Chewy Sweet Salty Chocolate Salted Caramel Granola Bars,44,29,15,65.9090909090909
Coffea Cruda 30 C,6,0,6,0.0
Light Creamy Swiss Cheese,76,29,47,38.15789473684211
Spicy Thai Potato Chips,35,7,28,20.0
Classic Roasted Vegetable Demi Glace,9,3,6,33.33333333333333
Sugarfree Bubblemint Gum,82,39,43,47.5609756097561
Orange Liquid Water Enhancer,19,8,11,42.10526315789473
Flamin' Hot Onion Flavored Rings,121,60,61,49.586776859504134
Organic Peppermint Tea,1316,495,821,37.61398176291793
"6\"" Honey Wheat Pita",89,33,56,37.07865168539326
Shake & Spoon Chopped Pecans,26,6,20,23.076923076923077
100% Recycled Paper Size Your Own 2 Ply Paper Towel Roll,102,63,39,61.76470588235294
Cotton Swabs,4197,682,3515,16.24970216821539
Original Nasal Spray,209,48,161,22.966507177033492
Manzanilla Pimiento Stuffed Olives,278,116,162,41.726618705035975
1 Ply White Luncheon Napkins,33,14,19,42.42424242424242
"Bread, Raisin",339,249,90,73.45132743362832
Ginger Root Capsules,15,1,14,6.666666666666667
80% Cocoa Madagascar Chocolate,100,65,35,65.0
Gummies Sours,46,16,30,34.78260869565217
Habanero & Lime Hummus,25,9,16,36.0
Double Cheese Baked Snack Mix,121,61,60,50.413223140495866
Zucchini Banana & Amaranth Organic Baby Food,1196,699,497,58.44481605351171
CoffeeMate French Vanilla Sugar Free Creamer,379,253,126,66.75461741424802
Premium Cotton Squares,51,11,40,21.568627450980394
Simply 9 White Meat Chicken & Whole Barley Recipe Dog Food,42,12,30,28.57142857142857
Spirulina Pacifica 500 mg Tablets,32,11,21,34.375
Plain Pre-Sliced Bagel Thins,1841,1080,761,58.66376969038566
Italian Herbs & Olive Oil Mozzarella Stix,818,297,521,36.3080684596577
Gourmet Jelly Beans,20,14,6,70.0
Whole Care Wintermint  Fluoride Toothpaste,648,233,415,35.95679012345679
Naan Garlic All Natural,34,9,25,26.47058823529412
Snacks Burrito Bean & Cheese,311,175,136,56.27009646302251
Ready Meals Marinara & Italian Sausage Rotini,18,11,7,61.111111111111114
Light & Fit Greek Vanilla Yogurt,447,276,171,61.74496644295302
Stir Fry Seasoning Mix,79,18,61,22.78481012658228
Jalapeno Havarti,33,13,20,39.39393939393939
Chamomile Herbal Tea Bags,50,21,29,42.0
2nd Foods Sweet Potatoes,172,119,53,69.18604651162791
Meaty Ground Dinner W/Chopped Beef (PS #1211062) Wet Dog Food,129,96,33,74.4186046511628
Triple Zero Vanilla Oikos Greek Yogurt,395,257,138,65.0632911392405
Max Roach Killing Small Bait Stations,21,8,13,38.095238095238095
Liverwurst,132,80,52,60.60606060606061
Pink Cake Icing,11,0,11,0.0
Herb & Butter Rice Mix,212,93,119,43.86792452830189
Rainbow Sprinkles,19,2,17,10.526315789473683
Organic Classic Rich Crackers,4028,2456,1572,60.97318768619663
Very Berry Strawberry Milk,18,14,4,77.77777777777779
Bratwurst Sausage,440,238,202,54.090909090909086
Orange Smooth Fiber Supplement,43,15,28,34.883720930232556
Chai Spice Macaroons,15,4,11,26.666666666666668
Organic Wild Carrot Eye Balm,8,0,8,0.0
Mint Double Chocolate Brownie,6,0,6,0.0
Scalloped with Gruyere Cheese Potatoes,13,8,5,61.53846153846154
Ume Plum Vinegar,163,37,126,22.699386503067483
French Dressing,8,0,8,0.0
Fig And Olive Spread,143,35,108,24.475524475524477
Chai Masala Popcorn,19,5,14,26.31578947368421
Organic Sunflower Oil,22,4,18,18.181818181818183
Whole Grain Organic Blueberry Waffles,1845,1028,817,55.71815718157181
Boil In Bag Jasmine White Rice,172,69,103,40.116279069767444
Traditional Scone Mix,5,2,3,40.0
Super Green Juice Blend Smoothie,1236,696,540,56.310679611650485
Black Beans & Rice,91,42,49,46.15384615384615
Beef  Smoked Sausage,20,3,17,15.0
Zinc 50 mg Caplets,5,0,5,0.0
Hamburger Rolls,37,12,25,32.432432432432435
Peach on the Bottom Nonfat Greek Yogurt,7783,5371,2412,69.00937941667738
Sparkling Water Beverage Lime,204,104,100,50.98039215686274
Smoked Turkey Drumsticks,89,25,64,28.08988764044944
Lactase Enzyme,10,1,9,10.0
Real Medleys Peach Almond Oatmeal,438,224,214,51.141552511415526
Tip N' Grip Salt & Pepper Grinder Set,46,5,41,10.869565217391305
Coconut Aminos Garlic Soy Sauce,218,53,165,24.31192660550459
Everyday Coconut Nighttime Replenishment Face Lotion,12,0,12,0.0
"Lard, Organic",37,4,33,10.81081081081081
Cherry Tomatoes,362,162,200,44.751381215469614
Carne Asada with Jalapeno + Garlic Marinade,100,41,59,41.0
Fresh Air High Efficiency Laundry Detergent,353,111,242,31.444759206798867
Italian Bread Crumbs,1204,221,983,18.35548172757475
Premium Stem Strawberries,42,10,32,23.809523809523807
Soft Works Swivel Peeler,16,1,15,6.25
Oatmeal to Go Brown Sugar Cinnamon,32,17,15,53.125
Whole Green Beans,122,44,78,36.0655737704918
Uncrustables Reduced Sugar Peanut Butter & Grape Soft Bread Sandwiches,355,223,132,62.81690140845071
All Purpose Liquid Aminos Seasoning,17,0,17,0.0
Natural Tuscany Italian Dressing,141,27,114,19.148936170212767
Fresh Tilapia Fillet,1416,816,600,57.6271186440678
Crackers Almond Flour Farmhouse Sharp Cheddar,949,573,376,60.37934668071654
American Jazmine Rice,5,0,5,0.0
Cocoa-Dough Frozen Desserts,202,129,73,63.86138613861386
Lactose Free 2% Reduced Fat Milk,7114,5734,1380,80.60163058757381
Wild Rice Tempeh,41,20,21,48.78048780487805
Epsom Salt Soaking Solution Relax & Relief,118,33,85,27.966101694915253
Dairy Free French Vanilla Coconut Milk Creamer,2471,1717,754,69.48603804127883
Fudge Bar,20,10,10,50.0
Spongebob Bubble Bath,7,3,4,42.857142857142854
Seasonal Selections Creamy Spinach & Parmesan Pasta Sauce,22,1,21,4.545454545454546
"Potato Chips, Avocado Oil, Kettle Style, Barcelona Barbecue",239,152,87,63.59832635983263
Goat Milk Toddler Formula,156,95,61,60.89743589743589
Champagne Lip Shimmer,5,0,5,0.0
Fruit Nut Rasberry Cashew Chia,7,2,5,28.57142857142857
Brother Thelonious,37,14,23,37.83783783783784
Sunrise Classic Orange Drink Mix Pitcher Packs,35,17,18,48.57142857142857
Healthy Treats For Dogs Grain Free Peanut Butter & Molasses,5,0,5,0.0
Black Cherry Cream Soda,40,14,26,35.0
Still Artesian Distilled Water,404,267,137,66.0891089108911
Classic Trail Mix,73,43,30,58.9041095890411
G2 Grape Sports Drink,1886,1223,663,64.84623541887593
No Sugar Added Muesli Cereal,1235,811,424,65.66801619433198
Even Advanced Sea Lipids Daily Cream,15,6,9,40.0
Spots Stew Wild Salmon Canned Cat Food,386,270,116,69.94818652849742
"Crunchin' Grahams, Honey Sticks, 123 Sesame Street",325,212,113,65.23076923076923
Hand Salve,11,0,11,0.0
Fiji Body Wash,48,20,28,41.66666666666667
Oikos Fat Free Blueberry Greek Yogurt,203,118,85,58.128078817733986
Mangoes Mangoes Mangoes Stage 1 Baby Food,117,65,52,55.55555555555556
Beef Sausage Snack Sticks,38,20,18,52.63157894736842
Mezzanotte Dark Roast Whole Bean Coffee,112,62,50,55.35714285714286
Ginger Paste,13,1,12,7.6923076923076925
Real Ice Cream Cookie Dough,49,31,18,63.26530612244898
Sweet White Miso,257,43,214,16.731517509727624
Elderflower Cordial,9,6,3,66.66666666666666
Gourmet Roasted Tomato Medium Taco Sauce,8,0,8,0.0
Petite Creme Vive la Vanilla Organic Dairy Snack,26,15,11,57.692307692307686
Vanilla Almond Milk Frozen Dessert,328,125,203,38.109756097560975
Drain Opener,19,2,17,10.526315789473683
Light Catalina Salad Dressing,71,29,42,40.845070422535215
Ground Beef Patties,91,32,59,35.16483516483517
U by Kotex Tween Feminine Pads for Smaller Sizes,9,3,6,33.33333333333333
100% Pure Coconut Water,117,66,51,56.41025641025641
Sliced Horseradish Havarti,23,8,15,34.78260869565217
Premium Firm Tofu,459,267,192,58.16993464052288
Carb Balance Flour Tortillas,2826,1684,1142,59.589525831564046
Herbal Tea Chamomile Nights Bedtime Blend Tea Bags,15,1,14,6.666666666666667
Bake And Roast Pan,30,4,26,13.333333333333334
Chocolate Chip Cookie Dough Energy Bar,23,19,4,82.6086956521739
Skillet Sauce Beef Stroganoff,9,2,7,22.22222222222222
Creamy Fruit Oil Cleanser,32,7,25,21.875
Cranberry Relish,40,2,38,5.0
Rice Linguine Noodles,281,67,214,23.843416370106763
Chocolate Chunk Cookie Dough,172,44,128,25.581395348837212
Cage Free Large Brown Eggs,1021,658,363,64.44662095984329
Splash Tropical Blend Juice,309,161,148,52.103559870550164
Keratin Infusion Smoothing Hair Conditioner,45,12,33,26.666666666666668
Spinach Cheese Tortellini,911,525,386,57.62897914379802
Mix Popcorn,109,33,76,30.275229357798167
Organic Whole Grain Kamut,20,9,11,45.0
Solid Powder Fresh Scent Antiperspirant & Deodorant,17,1,16,5.88235294117647
Hash Browns,137,30,107,21.897810218978105
White Mangosteen Peach Green Tea Superfruit,32,9,23,28.125
Reduced Fat Pepper Jack  Cheese,464,238,226,51.293103448275865
Smart Pop Kettle Corn Mini Bags,37,7,30,18.91891891891892
Clear Pore Oil Eliminating Astringent,40,9,31,22.5
"Horseradish, Extra Hot",35,5,30,14.285714285714285
Organic Shells And White Cheddar,6370,3570,2800,56.043956043956044
Corn Bread & Muffin Mix,381,25,356,6.561679790026247
Mint Rolls,35,21,14,60.0
Rotisserie Seasoned Turkey Breast,38,13,25,34.21052631578947
"Baked Beans, Vegetarian",581,297,284,51.11876075731497
Carrot & Celery Sticks,13,1,12,7.6923076923076925
Lactose Free Cream Cheese,2004,1228,776,61.27744510978044
Spinach and Artichoke Ravioli Refrigerated Pasta,54,25,29,46.2962962962963
Liver Health Herbal Supplement,8,2,6,25.0
Tasteeos Cereal,65,52,13,80.0
AA Batteries,36,5,31,13.88888888888889
Blue Chips Corn Tortilla Chips,5154,2867,2287,55.626697710516105
Butterfinger Dipped Frozen Dairy Dessert Cones,40,12,28,30.0
Penne Brown Rice Pasta,149,70,79,46.97986577181208
"Waffles, Buckwheat with Berries",7,1,6,14.285714285714285
Harvest Cheddar Multigrain Chips,3681,2110,1571,57.32138005976637
Caramelized Sweet Onion Yogurt Dressing,16,0,16,0.0
Organic Penne Rigate No. 41,139,87,52,62.589928057553955
White Hot Dog Buns 8 Ct,68,15,53,22.058823529411764
Strawberry Jelly,227,69,158,30.396475770925107
Oil Of Oregano Dietary Supplement,20,3,17,15.0
Mango Fruit Nectar,304,179,125,58.88157894736842
Coke Sweetened Splenda,153,74,79,48.36601307189542
Extra Strength Pain Reliever Fever Reducer 500 mg Caplets,6,1,5,16.666666666666664
Roasted Pumpkin Seed Salsa,32,10,22,31.25
Cut Italian Green Beans,27,15,12,55.55555555555556
Passover Matzo Meal,25,2,23,8.0
Radish Coins,5,0,5,0.0
2 % Reduced Fat  Milk,698,426,272,61.03151862464183
California Red Velvet Wine,270,119,151,44.074074074074076
Reduced Sodium Muenster Deli-Thin Slices Cheese,49,27,22,55.10204081632652
Signature Seasoned Salmon,4,1,3,25.0
"Stage 2 Eat Your Colors Organic, Green: Pea, Kiwi, Pear & Avocado Baby Food",309,125,184,40.45307443365696
Wholefood Multivitamin Gummies + Antioxidants,30,3,27,10.0
Lasagna Alfredo with Broccoli,14,9,5,64.28571428571429
100% Pineapple Juice,2599,1174,1425,45.17121969988457
Shredded Monterey Jack Cheese,1144,476,668,41.60839160839161
Raw Whole Milk,237,201,36,84.81012658227847
Elmo Mac 'n Cheese With Carrots & Broccoli,1269,919,350,72.41922773837668
Salted Caramel Covered Pretzels,49,12,37,24.489795918367346
Blended Apple Cinnamon Greek Yoghurt,43,19,24,44.18604651162791
Hard Salami Panino,165,99,66,60.0
Square Wraps,26,9,17,34.61538461538461
Organic Pomegranate Blue Flavored Herbal Tea,17,5,12,29.411764705882355
Fiesta Tortillas Gluten Free,165,73,92,44.24242424242424
Colby Jack Cheese Chunks,34,21,13,61.76470588235294
Total 2% Greek Mixed Berries Yogurt,2714,2008,706,73.9867354458364
Garlic Teriyaki Sauce,44,16,28,36.36363636363637
California Champagne Sweet Rose,54,24,30,44.44444444444444
Light & Fit Strawberry Banana Non-Fat Yogurt,7,2,5,28.57142857142857
Qi'a Gluten Free Oatmeal Creamy Coconut,411,249,162,60.58394160583942
Party Spoons Full Size Flatware Durable Dishwasher Safe Plastic,144,48,96,33.33333333333333
Water Essentia Sportscap,3,1,2,33.33333333333333
Kings Hawaiian Smoked Bacon Bbq Sauce,12,5,7,41.66666666666667
Unfiltered 100% Pure Apple Juice,363,209,154,57.57575757575758
Hotter 'n Hot Jalapeno Potato Chips,12,3,9,25.0
Black,81,59,22,72.8395061728395
Seasoned Tomato Sauce for Chili,79,31,48,39.24050632911392
Flax Oat Bran & Whole Wheat Pita Bread,38,10,28,26.31578947368421
"Cup-a-Soup, Cream of Chicken Instant Soup",42,19,23,45.23809523809524
Ultimate Intensive Healing Hand Cream,35,11,24,31.428571428571427
Healthy Naturals Adult Dry Dog Food Chicken Barley Recipe,13,5,8,38.46153846153847
Raspberry Oikos Greek Yogurt,289,185,104,64.01384083044984
Smart Ones Pasta Primavera,49,14,35,28.57142857142857
Teriyaki Marinade & Sauce,456,96,360,21.052631578947366
Everyday Facial Tissues,410,139,271,33.90243902439025
Mint Mouthwash And Gargle,14,5,9,35.714285714285715
Jalapenos Chiles Whole,5,0,5,0.0
Lavender Vanilla Wet Mopping Cloths Refills With Febreze,116,24,92,20.689655172413794
New York Cheddar Potato Chips,1863,1122,741,60.22544283413849
Pomegranate Juice,1137,496,641,43.6235708003518
Pro Nutrition Whey Protein Plus Vanilla Cream,22,7,15,31.818181818181817
Tomato Paste Double Concentrated,66,13,53,19.696969696969695
All Natural Medium Fire-Roasted Tomato & Jalapeno Salsa,1034,477,557,46.131528046421664
Matzos Moonstrips Onion Poppy,2,0,2,0.0
Mild Pimento Cheese,3,0,3,0.0
Organic Wheatgrass Sprouts,43,36,7,83.72093023255815
Medium Queso Loco Cheese Salsa & Dip,11,2,9,18.181818181818183
Mini 24 Cup Cupcake/Muffin Pan,4,0,4,0.0
Perfect Food Super Green Formula,11,4,7,36.36363636363637
Apple Pie Fruit & Nut Food Bar,7476,4360,3116,58.31995719636169
Assorted Chocolates,3,0,3,0.0
Cinnamon Vanilla Healthy Skin Herbal Tea,299,104,195,34.78260869565217
French Vanilla Yogurt Vanilla,1042,678,364,65.06717850287907
Drumsticks,934,455,479,48.7152034261242
Best Brown Ale,4,0,4,0.0
Chicken and Vegetable Egg Rolls,714,398,316,55.74229691876751
Power-C Machine Juice Smoothie,3,0,3,0.0
Nature's First Fine Sea Salt,451,106,345,23.503325942350333
3 Day Cleanse Total Body Reset Advanced Herbal Formula Capsules,64,6,58,9.375
Hot & Sweet Babies,4,1,3,25.0
Caribbean Rice & Beans,8,1,7,12.5
Geranium Scent Laundry Detergent,263,82,181,31.1787072243346
Casalingo Salami,284,106,178,37.32394366197183
Albacore Chunk White In Water Tuna,80,50,30,62.5
Grated Parmesan,45238,27635,17603,61.08802334320704
Red Berry Vodka,25,15,10,60.0
Organic Culture Cola,49,28,21,57.14285714285714
Honey BBQ Glazed Wings,24,8,16,33.33333333333333
Chick Peas Garbanzos,913,331,582,36.25410733844468
Lemon Master Cleanse Fruit Juice Drink,1347,830,517,61.618411284335565
Miso Soup Green Onion,11,1,10,9.090909090909092
Southwest Ranch Dressing,111,30,81,27.027027027027028
Classic Bun Length Turkey Franks,214,135,79,63.084112149532714
"Cara Cara Oranges, Bag",247,71,176,28.74493927125506
Gluten Free Classic Hamburger Buns,2315,1118,1197,48.29373650107991
Moon Drops Homeopathic Sleep Therapy Vanilla Lozenges,11,4,7,36.36363636363637
Portuguese Sardines In Spring Water,40,15,25,37.5
Non-Drowsy Indoor & Outdoor Allergy Relief Tablets,15,2,13,13.333333333333334
Oats and Honey Protein Crunchy Granola,948,441,507,46.51898734177215
Simply Stock Organic Vegetable Unsalted Stock,2047,610,1437,29.79970688812897
Traditional Chicken Rice with Vegetables Soup,606,222,384,36.633663366336634
"Organic Superfoods Morning Banana, Blueberry, Yogurt & Oats Breakfast Blend Snack",445,243,202,54.606741573033716
Pike Place Medium Roast Ground Coffee,61,44,17,72.1311475409836
Sweet Rival Sesame Butter + Dates Macrobar,222,107,115,48.1981981981982
Whipped Fluffy White Frosting,103,21,82,20.388349514563107
Meatless Sausage Egg Gouda Sandwich,284,117,167,41.19718309859155
Party Pack Hot Dog Buns,50,15,35,30.0
Total 2% with Strawberry Lowfat Greek Strained Yogurt,29893,22419,7474,74.99749105141672
"Bread Crumbs, Italian Style, with Imported Romano Cheese",10,0,10,0.0
Crispy Chicken Strips 100% All Natural Fully Cooked,1049,560,489,53.38417540514776
Organic Cold-Milled Ground Flaxseed,323,93,230,28.792569659442723
Daily Care 2 In 1 Shampoo & Conditioner,20,5,15,25.0
Systemsupport Sleepthru 30 Vegetarian Liquid Phyto Caps,19,4,15,21.052631578947366
Oran Poppyseed Pound Cake,40,21,19,52.5
Moisturizing Conditioner Aloe Vera + Macadamia Oil,82,21,61,25.609756097560975
Super Food Salad,2,0,2,0.0
Green Apple Throat Drops,26,9,17,34.61538461538461
Raspberry Sorbetto,603,302,301,50.08291873963516
"Gummies Power Sours Strawberry, Pineapple, Raspberry & Lemon Flavors",26,14,12,53.84615384615385
Intense Dark Chocolate Hazelnut Heaven,18,7,11,38.88888888888889
Ginger-O's Ginger 'n Creme Cookies,36,11,25,30.555555555555557
Sinfully Sweet Campari Tomatoes,15774,10724,5050,67.98529225307468
Car Air Freshener Vent Clips Original Scent,5,1,4,20.0
Udo's Oil 3-6-9 Blend Dietary Supplement,48,17,31,35.41666666666667
"Charcoal Briquets,  Instant",114,35,79,30.701754385964914
Eggo Thick & Fluffy Original Waffles,983,640,343,65.10681586978637
High Life,3,0,3,0.0
Ultimate Flex Clean Burst Scented Tall Kitchen Drawstring Trash Bags,20,2,18,10.0
Crunchy Fish Fillets,46,9,37,19.565217391304348
L'elegance Toothpicks,287,24,263,8.362369337979095
White Paper 4-6 Cups Junior Size Basket Coffee Filters,81,8,73,9.876543209876543
Fruit Refreshers Mandarin Oranges in Slightly Sweetened Coconut Water Fruit Cups,43,21,22,48.837209302325576
Pizza Quick Traditional Snack Sauce,28,12,16,42.857142857142854
Strawberry Shortcake Ice Cream Bars,284,133,151,46.83098591549296
Pasta Sauce,58,32,26,55.172413793103445
Vitaminwater Revive Fruit Punch,993,542,451,54.582074521651556
Pears,1823,1069,754,58.63960504662644
Ground Sumatra Deep Roast,228,111,117,48.68421052631579
Chicken Leg Quarters,143,61,82,42.65734265734265
Pepper Jack Cheese Crackers,265,124,141,46.79245283018868
Total 2% Lowfat Greek Strained Yogurt with Peach,19908,15021,4887,75.45207956600362
Yellow Tortilla Chips,1794,1126,668,62.76477146042363
Complete Sour Gummies Children's Multivitamin Supplement,3,0,3,0.0
Daily Turmeric Nutrient Booster Powder One Serving,58,21,37,36.206896551724135
Raspberry on the Bottom Nonfat Greek Yogurt,5029,3502,1527,69.6361105587592
Organic Smoked Paprika,347,26,321,7.492795389048991
"Chewy Candies, Flavored, Fierce Cinnamon",446,259,187,58.07174887892377
Naan Crisps Original,12,6,6,50.0
Curls Defining Mousse Maximum Hold,18,8,10,44.44444444444444
Sweet Orange Vanilla Honest Shampoo + Body Wash,1083,465,618,42.93628808864266
Febreze Lavender Vanilla & Comfort Scent Sweeper Dry Pad Refills,18,5,13,27.77777777777778
"Peanut Butter, Old Fashioned, Reduced Fat, Smooth",14,4,10,28.57142857142857
Anchovy Paste with Olive Oil,74,8,66,10.81081081081081
Organic 2% Plain Kefir Milk,45,27,18,60.0
Heartburn Relief Capsules,26,18,8,69.23076923076923
100% Sheep's Milk,127,96,31,75.59055118110236
High Endurance Pure Sport Anti-Perspirant/Deodorant,177,46,131,25.98870056497175
"Dark Chocolate, Organic, 70% Cacao",57,35,22,61.40350877192983
Oven Ware Pans & Lids,59,8,51,13.559322033898304
Flax Seed Crispbread,52,14,38,26.923076923076923
All Natural Italian Seasoning,27,4,23,14.814814814814813
Original Ranch Salad Dress & Seasoning Mix,168,23,145,13.690476190476192
"Cookies, Chocolate Chip Oatmeal",166,102,64,61.44578313253012
Citrus Dish Soap,2063,787,1276,38.148327678138635
Country 100% Whole Wheat Bread,32,14,18,43.75
Extended Chest Congestion 600 mg Expectorant,102,16,86,15.686274509803921
Multi Grain Sea Salt Tortilla Chips,275,159,116,57.81818181818181
Homestyle Oatmeal,44,18,26,40.909090909090914
Portabella & Fontina Ravioli,134,76,58,56.71641791044776
Yellow Nectarines,1572,809,763,51.463104325699746
Classic Caramel Sauce,74,10,64,13.513513513513514
General Tso's Sauce & Glaze,22,6,16,27.27272727272727
Original French Vanilla Yogurt,2879,1881,998,65.33518582841265
Ginger Bok Choy Soba Noodles,6,0,6,0.0
Red Clam Sauce,4,1,3,25.0
Oranic Vanilla Bean,6,0,6,0.0
"Organic Dark Chocolate Mint Crunch , 67% Cacao",17,6,11,35.294117647058826
Concorde Pear,11,1,10,9.090909090909092
Four Fruits Preserves,2291,910,1381,39.72064600611087
Apple Cinnamon Walnut Crisps,14,3,11,21.428571428571427
Fat Free French Vanilla Creamer,2942,2078,864,70.63222297756629
Bamboo Rolling Mat and Paddle,11,1,10,9.090909090909092
Organic Puree Winter Squash,104,21,83,20.192307692307693
Smoked Shaved Ham,19,6,13,31.57894736842105
Organic Cheddar & Peppers Sprouted Risotto,16,2,14,12.5
Little Gem Lettuce Hearts,102,49,53,48.03921568627451
Lean Turkey Kielbasa,225,125,100,55.55555555555556
Eucalyptus & Arnica Be Well Bubble Bath,71,23,48,32.3943661971831
Organic Smoky Chipotle Hummus,109,46,63,42.201834862385326
Mitica ChocoHigos Hand-dipped Dark Chocolate Figs,58,23,35,39.6551724137931
D3 1000 IU,81,12,69,14.814814814814813
Kids Free & Clear Unisex 3T-4T 32-40 lbs Training Pants,18,6,12,33.33333333333333
Omega 3 D,15,0,15,0.0
Micro Brewed Black Cherry Cream Soda,121,59,62,48.760330578512395
Every Woman's One Daily Multi-Vitamin Dietary Supplement,14,0,14,0.0
Everything Crackers,129,61,68,47.286821705426355
Baked Snacks Cheddar Cheese Pretzel,12,5,7,41.66666666666667
Regular Marshmallows,52,10,42,19.230769230769234
Organic YoBaby Vanilla Yogurt,4955,3544,1411,71.52371342078709
Roasted Garlic Hummus,5979,2666,3313,44.589396220103694
Cookies And Cream Ice Cream,868,398,470,45.852534562211986
Mild Golden Curry Sauce Mix,70,26,44,37.142857142857146
Wild Salmon Seasoned Grill - 2 CT,23,11,12,47.82608695652174
Crawfish Shrimp & Crab Boil,4,0,4,0.0
Organic Steel Cut Oats Hot Cereal,6,0,6,0.0
Black Raspberry Sparkling Water Drink,1860,1228,632,66.02150537634408
Complete ActionPacs Clorox Fresh Scent Dishwasher Detergent,13,6,7,46.15384615384615
Multi-Seed Oven Baked Crackers Roasted Garlic,101,35,66,34.65346534653465
Icelandic Style Cream-Skyr 2% Milkfat Strained Low-Fat Yogurt Vanilla & Cardamon,779,315,464,40.436456996148905
Limited Release Sucks Brown Shugga Sustitute,27,13,14,48.148148148148145
Wild Albacore Tuna in Extra Virgin Olive Oil,700,358,342,51.142857142857146
Old Fashioned Chocolate Chip Cookies,29,17,12,58.620689655172406
Taco Seasoning Mix Gluten Free,29,13,16,44.827586206896555
Essentials Tea Tree Glycerine Hand Soap,21,3,18,14.285714285714285
Powder Cleanser,101,18,83,17.82178217821782
All One Hemp Peppermint Castile Soap Bar,1084,583,501,53.782287822878224
Cherry Coke,458,284,174,62.00873362445415
Cranberry Chocolate Nut Trail Mix,19,9,10,47.368421052631575
Clean Day Cranberry Dish Soap,3,0,3,0.0
Sea Salt Caramel Baking Chips,6,0,6,0.0
Laudemio Extra Virgin Olive Oil,35,13,22,37.142857142857146
Go Pumpkins Organic Raw Pumpkin Seeds,198,58,140,29.292929292929294
Urinary Pain Relief™ Maximum Strength,37,7,30,18.91891891891892
Bonito Del Norte En Aceita De Oliva,19,12,7,63.1578947368421
Smarty Dish Pink Grapefruit Dishwasher Detergent Tabs,563,258,305,45.825932504440495
Smooth Peanut Butter,62,26,36,41.935483870967744
Chocolate Flavored Dairy Free Coconut Milk Frozen Dessert,848,439,409,51.76886792452831
Fruit & Cream Instant Oatmeal Variety Pack,7,0,7,0.0
100% Colombian Medium Dark Roast Ground Coffee,303,142,161,46.864686468646866
Fajita Original Seasoning Mix,31,6,25,19.35483870967742
Metal Polish Cleaner,9,1,8,11.11111111111111
Potato Salad,58,23,35,39.6551724137931
Pore Refining Toner,6,0,6,0.0
"Plugins Scented Oil Refills, Clean Linen & Sunny Days",38,10,28,26.31578947368421
"Goji Berries, All Natural/Raw",257,86,171,33.46303501945525
Chocolate Flavored Sprinkles,7,0,7,0.0
Nourish Body Oil,10,1,9,10.0
Bay Leaves,2898,224,2674,7.729468599033816
5 Symptom Digestive Relief,97,10,87,10.309278350515463
Teriyaki Roasted Seaweed Snacks,205,138,67,67.31707317073172
French Roast Organic Herbal Coffee,48,23,25,47.91666666666667
Absolute Waterproof Tape,20,3,17,15.0
Disney/Pixar Cars Fruit Flavored Snacks,2,0,2,0.0
Fage Nonfat Plain Greek Yogurt,41,21,20,51.21951219512195
Rib Bone,106,52,54,49.056603773584904
Nutri-Grain Crunch Strawberry Parfait Breakfast Bars,13,7,6,53.84615384615385
Kid's Relief Cough & Cold,18,1,17,5.555555555555555
Goldfish Cheddar Baked Snack Crackers Multi Packs,4825,3011,1814,62.40414507772021
Cool Linen & White Lilac Air Freshener,38,13,25,34.21052631578947
Double Thick Adhesive Duct Tape 1.88 Inches X 12 Yards,16,3,13,18.75
Chicken Wings,872,352,520,40.36697247706422
Tonic Meyer Lemon,316,210,106,66.45569620253164
Red Wine Blend,3,0,3,0.0
Power Smile Cinnamon Power Mint Toothpaste,48,14,34,29.166666666666668
Cranberry Raspberry Plus 100% Juice,4,0,4,0.0
Honey Peanut Butter With Crunchy Pretzel Bits,8,1,7,12.5
Super Tampon,209,70,139,33.49282296650718
Garden In A Can Basil 1 Each,6,0,6,0.0
Potato Pancake Mix,30,4,26,13.333333333333334
Omega 3 Oil for Pets,5,2,3,40.0
Toothpaste Triple Protection Ultimate White Frost Mint,12,2,10,16.666666666666664
Carnival Mini Corn Dogs Dinner,7,3,4,42.857142857142854
Cracked Wheat Sourdough Loaf,2293,1473,820,64.23898822503271
Large Golden Kiwi,304,136,168,44.73684210526316
Zero Calorie Cream Soda,2132,1421,711,66.65103189493433
Peach with Electrolytes & Vitamins Water Beverage,29,19,10,65.51724137931035
Chicken & Star Shaped Pasta RTS Soup,83,38,45,45.78313253012048
Raspberry Toaster Strudel Pastries,139,75,64,53.956834532374096
Boneless Pork Chops,37,9,28,24.324324324324326
"Garbage Disposer Cleaner & Deodorizer, Fresh Lemon",40,8,32,20.0
Breaded Chicken Tenders,17,2,15,11.76470588235294
Instant Age Defying Facial Mask,64,24,40,37.5
Organic Coconut Bliss Salted Caramel in Chocolate,913,584,329,63.96495071193866
Sandalwood 2 in 1 Body Wash & Facial Cleanser,55,17,38,30.909090909090907
Acid Soothe Capsules,6,2,4,33.33333333333333
Extra Hold Gel,49,6,43,12.244897959183673
Kids Sleep & Relax Herbal Syrup,12,6,6,50.0
Soft-Picks  - 40 CT,35,13,22,37.142857142857146
Garlic Lemon Caesar Dressing,17,2,15,11.76470588235294
Adobo All Purpose Seasoning,36,1,35,2.7777777777777777
For Sensitive Skin Plus Skin Friendly Fresh Scent,33,9,24,27.27272727272727
Scotch-Brite Stay Clean Scrubbers,34,2,32,5.88235294117647
Acai Berry Chia Bar,2885,1555,1330,53.89948006932409
Perfect Portions Turkey Pate,44,31,13,70.45454545454545
Deep Dish Singles Cheese Pizza,77,49,28,63.63636363636363
Artichoke And Feta Ravioli,6,0,6,0.0
Organic Kale Krunchies Herbs De Provence,5,0,5,0.0
Chef's Favorites with Alfredo Sauce Penne & Vegetables,16,8,8,50.0
Double Stuf Chocolate/Chocolate Variety Pack Sandwich Cookies,14,4,10,28.57142857142857
Enchilada Sauce,67,17,50,25.37313432835821
Stir Fry Pad Thai,201,42,159,20.8955223880597
"Diapers, Size 3 (16-28 lb)",49,34,15,69.38775510204081
Platinum Power Oxi,25,8,17,32.0
Endulge Chocolate Peanut Candies,17,7,10,41.17647058823529
"Organic Dark Chocolate Lemon Ginger with Black Pepper, 55% Cacao",4,2,2,50.0
Black Chai Decaf  Tea Bags,661,255,406,38.57791225416036
Sliced Yellow Cling Peaches in Heavy Syrup,194,89,105,45.876288659793815
Chicken & Apple Breakfast Links,191,104,87,54.45026178010471
Regular Chips,311,146,165,46.94533762057878
Honey Chamomile Tulsi Tea,69,26,43,37.68115942028986
Cranberry Nectar 100% Juice,331,207,124,62.53776435045317
"To Go Lunch Containers With Lids, Medium Rounds with Dressing Cups",215,54,161,25.116279069767444
Voila! Frozen Garlic Chicken Dinner,262,137,125,52.29007633587786
Natural California Raisins Mini Snack Boxes,1716,946,770,55.12820512820513
Extra Spicy Seasoning Blend,54,13,41,24.074074074074073
1836 Original Hickory Barbecue Sauce,10,2,8,20.0
"Cheese, Goat Milk, Purple Haze",1264,517,747,40.901898734177216
Blemish Clearing Facial Towelettes,39,23,16,58.97435897435898
Illinois Prairie Corn Chowder Mix,4,1,3,25.0
Mighty Mango Juice Smoothie,2592,1509,1083,58.217592592592595
Mexican Casserole Bowl,3515,1785,1730,50.782361308677096
Complete Original Denture Adhesive Cream,51,30,21,58.82352941176471
Chocolate Chip Gelato,734,333,401,45.36784741144414
Aloe Vera Plant,8,0,8,0.0
Applewood Smoked Uncured Black Forest Bacon,29,4,25,13.793103448275861
Lachesis Mutus 30 C - 80 CT,4,0,4,0.0
Pomegranate Blueberry Juice,4,1,3,25.0
Raw Protein Packet Chocolate,87,16,71,18.39080459770115
Pomegranate Dark Chocolate Ice Cream Bars,7,3,4,42.857142857142854
No Stick Baking Spray,365,65,300,17.80821917808219
Chocolate Hazelnut Spread,54,17,37,31.48148148148148
Organic Spicy Black Bean Soup,37,6,31,16.216216216216218
Fusilli No 48 Pasta,109,67,42,61.46788990825688
10 Inch Wheat Straw Plates,152,88,64,57.89473684210527
Sliders Rolls,33,5,28,15.151515151515152
Pistachio Gelato,32,6,26,18.75
HE Original Liquid Laundry Detergent,415,177,238,42.65060240963855
Low Sodium Chicken Broth,45,23,22,51.11111111111111
Cinnamon Bun White Chocolate Lean Protein & Fiber Bar,103,53,50,51.45631067961165
Spreadable Butter Flavored with Olive Oil,36,19,17,52.77777777777778
Dark Chocolate Covered Peppermint Patties,48,24,24,50.0
Organic Icelandic Coconut Yogurt,343,210,133,61.224489795918366
Super Protein Bar,115,86,29,74.78260869565217
Sepia 30 C Pellets,16,4,12,25.0
"Ice Cream, Organic, Brownie Batter Chunk",78,25,53,32.05128205128205
ChlorOxygen Alcohol Free Mint Flavored Chlorophyll Concentrate,4,0,4,0.0
Mini Lighters,11,1,10,9.090909090909092
Blush Wine Vinaigrette Dressing,1158,293,865,25.302245250431778
"Sausage, Chorizo",276,84,192,30.434782608695656
Organic Original Unsweetened Sprouted Rice Drink,366,212,154,57.92349726775956
Organic Raspberry Premium Fruit Spread,20,5,15,25.0
Eco Phosphate Free Lemon Splash Gel Dishwasher Detergent,106,40,66,37.735849056603776
Organic Traditional Red Miso,200,28,172,14.000000000000002
Organic Chocolate Chip Granola Bars,1229,467,762,37.99837266069976
Gluten Free Sourdough Sandwich Rolls,81,42,39,51.85185185185185
Organic Curly Parsley,11,2,9,18.181818181818183
Jalapeño Heat Potato Chips,6,2,4,33.33333333333333
50% Less Sodium Chili Beans,52,18,34,34.61538461538461
Five Cheese Garlic Bread,142,65,77,45.774647887323944
Corn On Cob,136,30,106,22.058823529411764
Satin Care Ultra Sensitive Women's Shave Gel,24,10,14,41.66666666666667
Ice Pops,15,4,11,26.666666666666668
Sugar Free Black Cherry Gelatin Dessert,24,5,19,20.833333333333336
Thin Crispy Crust Supreme Pizza,65,25,40,38.46153846153847
Touch Flexible Nylon Turner,8,2,6,25.0
Artisan Spinach Pesto Sausage,516,252,264,48.837209302325576
"Tonno, Tuna Solid White in Olive Oil",225,112,113,49.77777777777778
Mixed Berries Wildly Nutritious Signature Blends,765,332,433,43.39869281045752
Black Seedless Grapes,3938,1897,2041,48.17166074149314
Curly Waves Potato Chips,13,1,12,7.6923076923076925
All Natural Fontina Cheese,29,7,22,24.137931034482758
Rosemary Mint Bar Soap,10,0,10,0.0
Diced Carrots,56,24,32,42.857142857142854
100% Pure Clove Oil,40,2,38,5.0
All Natural Salted Caramel Ice Cream With Sea Salt,35,25,10,71.42857142857143
Almond Breeze Chocolate Almond Milk,2072,1237,835,59.7007722007722
Microwaveable Whole Grain Brown Rice 2 ct,1164,625,539,53.69415807560137
Black Ink 1.4 mm Ball Point Pens,37,6,31,16.216216216216218
Jonagold Apples,47,9,38,19.148936170212767
Small Sea Shells Pasta,21,6,15,28.57142857142857
Caramel Dip,6,1,5,16.666666666666664
Triple Chocolate Chip,18,7,11,38.88888888888889
Organic Buckwheat Pancake & Waffle Mix,765,259,506,33.8562091503268
Homestyle Minestrone Soup,6,0,6,0.0
Salsa Verde Toasted Ritz Corn Chips,6,1,5,16.666666666666664
Lite Honey Mustard Dressing,547,161,386,29.433272394881172
Whole Grain Quinoa,515,147,368,28.54368932038835
Classic Soda,5687,3733,1954,65.64093546685423
"The O.G., Black Tea Brew Kombucha",223,139,84,62.33183856502242
Garlic Chicken Spring Rolls,415,229,186,55.18072289156627
Crispix Rice & Corn Cereal,2622,1737,885,66.2471395881007
"Simmer Sauce, Moroccan Tagine, Medium",87,30,57,34.48275862068966
Chickpeas Garbanzo Beans,19,4,15,21.052631578947366
"Fireworks Gain Fireworks In-Wash Scent Booster, Sweet Sizzle Scent, 13.2oz Fabric Enhancers",4,0,4,0.0
The Complete Cookie Oatmeal Raisin,76,41,35,53.94736842105263
Milk Chocolate Caramels,25,12,13,48.0
"Aspirin, Low Dose, 81 mg, Enteric Coated Tablets",53,18,35,33.9622641509434
Roasted Garlic Pasta Sauce,2819,1159,1660,41.11387016672579
Hamburger Bun,48,14,34,29.166666666666668
Naturals Sweet & Spicy BBQ Sauce,526,188,338,35.741444866920155
Whole Arbol Chili Pods Bag,16,0,16,0.0
Fresh Grated Prepared Horseradish & Beets,6,1,5,16.666666666666664
Amaretti Cookies Snaps,23,7,16,30.434782608695656
Organic Gut Shot Ginger Beet Probiotic Drink,578,283,295,48.96193771626297
Hazelnut Spread,68,28,40,41.17647058823529
Ultra Chocolate Ice Cream,14,10,4,71.42857142857143
Ultimate Omega + CoQ10 1000 mg,20,6,14,30.0
Organic Orange Juice with Pulp,1644,1154,490,70.19464720194647
Fire Roasted Medium Salsa,358,209,149,58.37988826815642
Red Prickly Pears,61,15,46,24.59016393442623
Classic Soda Mini Bottles,754,434,320,57.55968169761273
Extra Dry California Champagne,210,148,62,70.47619047619048
Broccolini,1798,675,1123,37.54171301446051
Orange Juice,16987,12440,4547,73.23247189026903
"Coffee, Ground, Medium Roast, Original Blend",14,9,5,64.28571428571429
Moroccan Argan Oil Conditioner,206,49,157,23.78640776699029
Grilled Chicken Caesar,53,24,29,45.28301886792453
Old Fashioned Organic Cream Cheese,37,13,24,35.13513513513514
Hot Sauce Chili Garlic,665,244,421,36.69172932330827
Ultimate Go Fresh Revive Pomegranate & Lemon Verbena Scent Anti-Perspirant Deodorant,109,15,94,13.761467889908257
Pineapple Coconut Fruit Cups,10,3,7,30.0
Lavender Dryer Sheets,622,132,490,21.221864951768488
Smoothie Strawberry,4,2,2,50.0
Applewood Smoked Bacon Mashed,23,6,17,26.08695652173913
Baby Food Meals,777,487,290,62.676962676962674
Blueberry Raspberry Liquid Drink Mix,75,55,20,73.33333333333333
Medium Roast Original Blend Ground Coffee,1795,1057,738,58.8857938718663
Beef Chorizo,269,105,164,39.03345724907063
"Tomatoes, Crushed, Organic",1324,763,561,57.62839879154078
Natural Flavor Warrior Blend Raw Vegan Protein,20,4,16,20.0
Organic Honey,2020,762,1258,37.722772277227726
Cookies And Cream Ice Cream Sandwiches,37,15,22,40.54054054054054
Organic AppleBerry Applesauce on the Go,2367,1519,848,64.17405999155048
100% Whole Wheat Mini Bagels,274,151,123,55.1094890510949
13 Gallon Clean Citrus Scent Odor Block Tall Kitchen Drawstring Bags,72,13,59,18.055555555555554
Bakery Classic Sweet & Soft Slider Buns,47,20,27,42.5531914893617
Vegetable Classics Soup - Hearty Tomato,139,62,77,44.60431654676259
16 Bean Soup Mix,11,2,9,18.181818181818183
Distilled Drinking Water,140,77,63,55.00000000000001
"Flavored Fizzy Drink Mix, Vitamin C 1000 mg, Acai Berry",63,16,47,25.396825396825395
Reduced Fat  Sharp Cheddar Cheese Product,183,82,101,44.80874316939891
"Natural Liquid Laundry Detergent, Fresh Citrus scent",23,4,19,17.391304347826086
Oatmeal Blueberry & Hazelnut Cup,286,129,157,45.10489510489511
Freshly Made with Durum Flour and Eggs Delicately Cut into Narrow Ribbons Linguine Pasta,365,164,201,44.93150684931507
Peach Black Tea,3,2,1,66.66666666666666
Chia Seed,63,10,53,15.873015873015872
Original Artisan Italian Pizza Crust,138,84,54,60.86956521739131
"Potassium Gluconate 550 mg, Tablets",7,2,5,28.57142857142857
Original Weisse,6,3,3,50.0
Beef Chuck Roast Boneless,98,30,68,30.612244897959183
Tinted Day Cream,8,3,5,37.5
Coconut Oil Body Oil 5.1 Oz,4,0,4,0.0
"Mini VitaCake, Fudgy Chocolate",39,23,16,58.97435897435898
Superfood+ Turmeric Tamari Almonds,11,1,10,9.090909090909092
Medium Guajillo Roasted Garlic & Tomatillo Salsa,209,102,107,48.803827751196174
Spicy Brown Mustard,1927,475,1452,24.649714582252205
Organic Stevia Sweetener Packets,10,3,7,30.0
Buffalo Wing Deli Style Pretzel Crackers,325,176,149,54.15384615384615
Thin Whole Grain Cakes,96,64,32,66.66666666666666
No Salt Added Tomatoes,50,9,41,18.0
Organic Korean Bbq Seaweed Chips,4,2,2,50.0
Regenerist Deep Hydration Regenerating Face Cream Moisturizer,11,5,6,45.45454545454545
Crushed Red Chili Pepper,705,92,613,13.049645390070921
Sriracha Tomato Ketchup,8,1,7,12.5
Apis Mellifica 30 C,12,3,9,25.0
"School Glue Stick, X-Treme",13,1,12,7.6923076923076925
Barbecue Sauce Original,239,64,175,26.778242677824267
Alive! Women's Gummy Vitamins,18,9,9,50.0
Activia Mixed Berry/Black Cherry Lowfat Yogurt,155,95,60,61.29032258064516
Ultra Strong,459,239,220,52.069716775599126
Three Meat French Bread Pizza Singles,62,29,33,46.774193548387096
"Burritos, Organic, Steak and Cheese",255,92,163,36.07843137254902
Jarro-Dophilus + Fos 3.4 Billion Probiotic Capsules,35,5,30,14.285714285714285
Hommus Roasted Red Pepper,232,82,150,35.3448275862069
Mini Naan,359,164,195,45.682451253481894
Hazelnut Ground Coffee,381,221,160,58.00524934383202
All Natural Peppercorn Melange,6,3,3,50.0
Thai Masaman Curry Cooking Sauce,5,0,5,0.0
Tomato Paste with Roasted Garlic,105,28,77,26.666666666666668
Selects Hardwood Smoked Uncured Beef Sausage,12,6,6,50.0
Classic Caesar Salad,201,115,86,57.2139303482587
Mushroom Coffee Mix Lions Mane & Chaga,10,2,8,20.0
Grape Raspberry,9,3,6,33.33333333333333
Arizona Heat,32,13,19,40.625
Organic Roots Juice,190,145,45,76.31578947368422
Non Pareil Capers,268,56,212,20.8955223880597
Organic Rainbow Chard,105,38,67,36.19047619047619
Organic Low Fat Vegetable Barley Soup,2560,1100,1460,42.96875
6 Cup Glass Storage Dish,31,3,28,9.67741935483871
Organic Italian Parsley Bunch,60621,37141,23480,61.26754754952904
Frozen Chocolate Fudge Greek Yogurt,608,357,251,58.7171052631579
Tzatziki,4567,2858,1709,62.57937376833807
Kale Blazer,181,63,118,34.806629834254146
White Chicken Chili Seasoning Mix,47,13,34,27.659574468085108
Doctor Formulated Probiotic Urinary 50 Billion,8,1,7,12.5
Gravy Granules,7,3,4,42.857142857142854
Chopped Southwest Salad With Dressing,14,3,11,21.428571428571427
Spinach Peas & Pear Stage 2 Baby Food,8035,5180,2855,64.46795270690728
Home Style Mexican-Style Chicken Tortilla Soup,134,60,74,44.776119402985074
Special K Strawberry Protein Meal Bars,62,33,29,53.2258064516129
Chocolate Sea Salt,4333,2475,1858,57.11977844449573
Chili Seasoning,5,0,5,0.0
Organic Cider,5,1,4,20.0
Tomato Basil Pesto,95,18,77,18.947368421052634
Tabouli Salad,193,121,72,62.69430051813472
Decaffeinated Sugar Free Suisse Mocha Beverage Mix,8,1,7,12.5
Daily Moisture Renewal Pantene Pro-V Daily 2 in 1 Shampoo and Conditioner,5,3,2,60.0
Whole Grain Buttermilk Pancake & Waffle Mix,328,117,211,35.670731707317074
Sweet & Sour Sauce,239,60,179,25.10460251046025
Fruit By The Foot Berry Tie Dye Fruit Snacks,434,238,196,54.83870967741935
Parmesan Mashed Potato Seasoning Sauce,2,0,2,0.0
Variety of Anitoxidant Infusions Cans,461,314,147,68.11279826464208
Simply Pickles Hamburger Dill Chips,4,0,4,0.0
Refining Aloe and Green Tea Hawaiian Moisturizer,19,2,17,10.526315789473683
Citrus & Neroli Detangler,48,14,34,29.166666666666668
Water Based Personal Lubricant,30,9,21,30.0
Cranberry Mango Passion Fruit,5,0,5,0.0
NUT-rition Protein Mix Honey Nut,266,151,115,56.766917293233085
American Cheese,97,37,60,38.144329896907216
Dark Chocolate Ice Cream Bars,127,63,64,49.60629921259843
Whole Wheat Pocket Bread,16,5,11,31.25
Complete Lemon,75,24,51,32.0
Security Regular Unscented Tampons,26,9,17,34.61538461538461
of Hanover 100 Calorie Pretzels Mini,3163,1946,1217,61.523869743914005
Pure Cane Sugar Cubes,261,113,148,43.29501915708812
Organic Country Style Potatoes,21,2,19,9.523809523809524
ZBar Protein Chocolate Mint Protein Bar,1027,684,343,66.60175267770204
Artisan Lettuce,178,72,106,40.44943820224719
Fat Free Half & Half,370,167,203,45.13513513513514
Organic Shredded Parmesan,1845,999,846,54.146341463414636
All Natural Gluten Free Chicken Pot Pie,118,44,74,37.28813559322034
Face for Every Day Cleanse,33,3,30,9.090909090909092
"Hommus, Artichoke Spinach",614,224,390,36.48208469055375
Crumbled Feta Cheese Reduced Fat,10,2,8,20.0
Pure & Clear Dishwashing Liquid,4,0,4,0.0
Top Ramen Shrimp Flavor Instant Noodle Soup,79,34,45,43.037974683544306
Simply Pure Chia Hot Cereal Blend,5,0,5,0.0
Black Pepper Steaks,159,98,61,61.63522012578616
Gluten Free Fettuccine,457,218,239,47.70240700218819
Vegan Chocolate Chip Cookie Dough,9,4,5,44.44444444444444
Traditional Clean Energy Drink,4,1,3,25.0
Select Caesar Croutons,67,16,51,23.88059701492537
Adult Complete Nutrition Dry Food for Dogs Bonus,13,4,9,30.76923076923077
Snickers Almond Candy,41,25,16,60.97560975609756
Chocolate Peanut Stars Ice Cream,3,0,3,0.0
Olive Tortilla Chips,273,110,163,40.29304029304029
Pure Red Raspberry Seedless Jam,153,40,113,26.143790849673206
Organic Apples & Blueberries Baby Food,15,11,4,73.33333333333333
Lactose Free 2% Milk,213,148,65,69.48356807511738
Organic Romaine Heart,54,16,38,29.629629629629626
Yukon Gold Mashed Potatoes,21,9,12,42.857142857142854
Era Balsamic Vinegar 12 Year,19,3,16,15.789473684210526
Organic Sicilian Orange Fruit Spread,21,6,15,28.57142857142857
Organic Coconut Cream,1776,615,1161,34.62837837837838
Kosher Sea Salt,4,0,4,0.0
Hairspray,16,0,16,0.0
Eye Make Up Remover,23,1,22,4.3478260869565215
Cooking Beef Stock,661,201,460,30.408472012102873
Supreme Dark Chocolate 90% Cocoa,272,170,102,62.5
Stuffed Jalapenos With Cream Cheese,44,20,24,45.45454545454545
Goat Milk,5185,4407,778,84.99517839922855
Fortune Cookies,6,1,5,16.666666666666664
Sonoma Organic Wraps Multigrain Tortillas With Flax,853,575,278,67.40914419695193
Organic Pure Maple Syrup,26,7,19,26.923076923076923
Rich & Creamy Rainbow Chip Frosting,8,0,8,0.0
Minis Unwrapped Mini Dark Chocolate Covered Peppermint Patties,186,105,81,56.451612903225815
Natural Applesauce Snack & Go Pouches,800,443,357,55.375
"Children's Night Time Multi-Symptom Cold Liquid, Mixed Berry",6,2,4,33.33333333333333
Apple Strawberry  Applesauce On The Go Pouches,336,165,171,49.107142857142854
Essentials Clearly Natural Glycerine Soap Vitamin E,6,0,6,0.0
"\""Constant Comment\"" Green Tea Blend Tea Bags",6,1,5,16.666666666666664
100% Tangerine Juice,871,546,325,62.68656716417911
Three Cheese Tortellini,744,501,243,67.33870967741935
Healthy Mouth All Natural Mouthwash Cinnamon Clove,131,63,68,48.091603053435115
Greek Pitted Kalamata Olives,1,0,1,0.0
No Mess Toe Nail Clippers With Easy-Slide Clipping Catcher,15,1,14,6.666666666666667
Great White Bread,1075,776,299,72.18604651162791
Pesto Pizza,2451,1335,1116,54.467564259485926
Maximum Strength Hydrocortisone 1% Anti Itch Cream,5,1,4,20.0
Chocolate Chip Bunny Grahams Whole Grain Graham Snacks Bunny Grahams,793,317,476,39.974779319041616
Pesto Tortellini  Bowls,8391,5414,2977,64.5215111428912
Orange Danish,14,2,12,14.285714285714285
Marinara with Plum Tomatoes & Olive Oil Pasta Sauce,31,17,14,54.83870967741935
Honey Lavender Stress Relief Tea,1279,423,856,33.072713057075845
"Tea, Echinacea Immune Support",748,246,502,32.887700534759354
Squeeze Grape Jelly,956,273,683,28.556485355648537
"Moisturizer, Soothing, 99% Aloe Vera, Gelly",18,2,16,11.11111111111111
Vanilla Frozen Non-Dairy Dessert Bites,1373,902,471,65.69555717407137
Sauce Whiskey Maple,14,1,13,7.142857142857142
Creamy Garlic Alfredo Sauce Mix,12,3,9,25.0
Organic Frozen Blueberries Wild,158,36,122,22.78481012658228
Long Term Relationship Shampoo,20,4,16,20.0
Petite Peas,1195,470,725,39.33054393305439
4% Milkfat Small Curd Cottage Cheese,1633,1098,535,67.23821187997551
"Peppercorns, Tellicherry, Grinder",8,1,7,12.5
Sweet & Spicy Caffeine Free Herbal Tea Bags,154,49,105,31.818181818181817
Casual Napkins,153,63,90,41.17647058823529
Grade AA Large White Eggs,6506,4422,2084,67.96802951122041
Homesolv Natural Dish Soap Free and Clear,3,0,3,0.0
Riserva Prosciutto,48,19,29,39.58333333333333
Organic Add Me Kale Blend Bagged Salad,19,7,12,36.84210526315789
Deep Charcoal Cleanser,35,10,25,28.57142857142857
Burrata Cheese Con Tartufo Mozzarella with a Truffle Cream Center,39,11,28,28.205128205128204
100% Whey Protein Powder Vanilla,59,26,33,44.06779661016949
Classic Pate Ocean Whitefish Dinner Cat Food,4,2,2,50.0
Gumbo Soup Mix,5,0,5,0.0
Organic Baby Broccoli,31792,20640,11152,64.92199295420231
"Bread, Sprouted Sourdough",1616,990,626,61.26237623762376
Dal Makhani,8,2,6,25.0
Beer Can,52,46,6,88.46153846153845
Real Medleys Blueberry Hazelnut Oatmeal,298,139,159,46.644295302013425
Lemon Scent Automatic Dishwasher Detergent Gel,80,25,55,31.25
Strawberry Puffs,2769,1335,1434,48.21235102925244
Classic Lasagna Velveeta Cheesy Skillets,2,0,2,0.0
Apricot Ginger Crisps,6,1,5,16.666666666666664
"Quattro For Women Refill Blades,",19,1,18,5.263157894736842
Multi-V Goodness Cherry 100% Fruit Juice Smoothie + Boosts,50,27,23,54.0
White Facial Tissues,1830,991,839,54.15300546448088
Citrus Body Wash,164,52,112,31.70731707317073
Organic Milk Coffee,408,236,172,57.84313725490197
Dairy Pure 1% Lowfat Milk,120,71,49,59.166666666666664
Original Switzerland Fondue,13,2,11,15.384615384615385
Coconut Almond Milk Low Fat Yogurt,324,169,155,52.160493827160494
"Organic Apple Cider Vinegar Drink, Pomegranate & Goji Berry",26,13,13,50.0
Oh My Yog! Orange Cranberry Yogurt,16,8,8,50.0
Hint Of Sea Salt Almond Nut Thins,11945,7826,4119,65.51695269987442
Mexican Homestyle Medium Salsa,21,8,13,38.095238095238095
Organic Sweet Italian Chicken Sausage,572,216,356,37.76223776223776
Dry Gin Distilled London Dry Gin 1761,29,13,16,44.827586206896555
Color Me Happy Color Safe Shampoo,10,2,8,20.0
Graziers Raw Sharp Cheddar Cheese,18,8,10,44.44444444444444
Simply Sensitive Cleansing Wash,92,20,72,21.73913043478261
Oriental Flavor Ramen Noodle Soup,534,242,292,45.31835205992509
"Cold-pressed, Deliciously Hydrating Watermelon Water",4306,3061,1245,71.0868555503948
Blueberry Pomegranate High Protein Frozen Yogurt,29,10,19,34.48275862068966
"Beyond, Grain Free Beef & Egg Recipe Dog Food",10,2,8,20.0
16 Bean Soup Starter,6,1,5,16.666666666666664
Sal Suds,124,52,72,41.935483870967744
Chiocciole Pasta,39,15,24,38.46153846153847
Pecan Caramel Almond Creamer,1087,629,458,57.8656853725851
Fresh Scent Disinfecting Wipes To Go,24,5,19,20.833333333333336
Prepared Horseradish,505,69,436,13.663366336633665
Stage 2 Roasted Pumpkin and Coconut Rice Baby Food,179,83,96,46.36871508379888
Purina Beyond Natural Cat Food Grain Free Ocean Whitefish and Egg Recipe,49,22,27,44.89795918367347
70% Dark Chocolate Bar,1383,724,659,52.34996384671005
Original Sandwich Bread,1289,745,544,57.79674166020171
Fudgsicle No Sugar Added,1391,565,826,40.61826024442847
Organic Light In Sodium Butternut Squash Soup,608,204,404,33.55263157894737
Smoky Barbecue Aioli,3,0,3,0.0
Roasted Garlic & Fines Herbes Quinoa,10,1,9,10.0
"Disinfecting Wipes, Lemon",2559,1026,1533,40.093786635404456
Peruvian Raw Cacao-Nectar Fudge,62,43,19,69.35483870967742
Maraschino Cherries,283,63,220,22.261484098939928
Ultra Slim Herbal Tea,7,1,6,14.285714285714285
Traditional Harissa Spread in Extra Virgin Olive Oil,22,2,20,9.090909090909092
Giraffes Diapers Size 3 M,158,64,94,40.50632911392405
Blue Sugar Sprinkles,17,0,17,0.0
Organic Flax Seed Bread,13,9,4,69.23076923076923
Chocolate Frozen Desserts,945,660,285,69.84126984126983
Sleep & Relax Tea,26,4,22,15.384615384615385
Hawaiian Papaya,15,4,11,26.666666666666668
3rd Foods Sweet Potato Apple Carrot Cinnamon with Lil' Bits Purees Vegetable & Fruit,31,14,17,45.16129032258064
Jonagold Apple,84,36,48,42.857142857142854
100% Lactose Free Reduced Fat Milk,984,627,357,63.71951219512195
Vanilla Yougurt with Snickers Pieces,13,5,8,38.46153846153847
Chocolate Brownies,16,6,10,37.5
Blueberry Banana Walnut Hot Oats,200,117,83,58.5
Organic Red Lentil Rotini,316,147,169,46.51898734177215
Crunchy Fish Sticks,400,137,263,34.25
Turkey Meatloaf With Cranberry Glaze,29,13,16,44.827586206896555
Special K Chocolatey Strawberry Cereal,33,8,25,24.242424242424242
Unbleached All Purpose Flour,724,200,524,27.624309392265197
Cafe Style Tortilla Chips,22,6,16,27.27272727272727
Organic Goddess Dressing,1262,399,863,31.61648177496038
Organic Banana Mango Baby Food,128,61,67,47.65625
Triple-Acting Stain Remover Liquid Refill Pre-Spotter,334,140,194,41.91616766467065
Lemon Tart,17,7,10,41.17647058823529
Berry Supreme Pie,27,6,21,22.22222222222222
Organic Juniper Berries,41,1,40,2.4390243902439024
Valerian Root 530 Mg Capsules,15,2,13,13.333333333333334
Hazelnut Cream Coffee K-Cup Packs,16,10,6,62.5
Vegenaise Horseradish Sauce,116,44,72,37.93103448275862
Coolers Pink Lemonade Pouches,5,1,4,20.0
Organic Apples Pommes,1241,525,716,42.30459307010476
Original Pepperoni,2157,1079,1078,50.02318034306907
Nourish Multi-Grain Maple Brown Sugar Crunch Hot Cereal,8,1,7,12.5
Organic Blackberry Cultured Soy,20,3,17,15.0
Cavity Protection Natural Spearmint Fluorite Toothpaste,26,9,17,34.61538461538461
Chickpeas! Rotini Pasta,536,248,288,46.26865671641791
Sicilian Pistachio Gelato,85,24,61,28.235294117647058
Green Pepper Hot Sauce,177,50,127,28.24858757062147
Men Cool Rush Anti-Persperant Twin Pack,173,43,130,24.85549132947977
Belgian Milk Chocolate Gelato,1471,537,934,36.50577838205302
Infinity Always Radiant Regular With Wings Scented Pads,34,4,30,11.76470588235294
Chelated Magnesium 250 Mg Gluten Free,1,0,1,0.0
Complete Omega 3 6 9 D Lemon,8,1,7,12.5
"Duck Sauce, Sweet & Sour, Cantonese",63,24,39,38.095238095238095
Premium Herring Fillet Wine Sauce,29,16,13,55.172413793103445
Ruby Red Grapefruit Juice,4477,2885,1592,64.44047353138262
Alive Raw Extra Virgin Coconut Oil,61,27,34,44.26229508196721
Vitex Fruit Capsules,10,2,8,20.0
Light Raspberry Acai Vinaigrette,4,0,4,0.0
"Pizza, Rice Crust, Cheese",981,522,459,53.21100917431193
Sweet & Smoky Boneless Chicken Bites,4,0,4,0.0
Mini Holiday Vanilla Cupcakes,4,0,4,0.0
Warming Honey Lemon Sore Throat Spray,2,0,2,0.0
Breakfast Patties,894,575,319,64.31767337807607
Chicken Flavor Soup & Recipe Mix,11,6,5,54.54545454545454
Raw Carrot Soup,4,0,4,0.0
Body Envy Volumizing Hairspray,23,3,20,13.043478260869565
"Fruit & Nut Bar, Dark Chocolate & Cherry Cashew",176,72,104,40.909090909090914
Organic Vegetarian 3 Bean Chipolte Chili,4,0,4,0.0
Organic Pureed Ginger,115,22,93,19.130434782608695
Heavy Duty Non-Stick Aluminum Foil 35 sq ft,902,274,628,30.376940133037696
Mini Cups Hazelnut Spread,88,48,40,54.54545454545454
Chinese Barbecue Sauce,2,0,2,0.0
Eco Chic Technology Tea Tree Triple Treat Conditioner for All Hair Types,173,48,125,27.74566473988439
4 Cheese Ravioli,6,0,6,0.0
Spearmint Sugar-Free Gum,1441,834,607,57.876474670367806
Sundried Tomatoes,772,153,619,19.818652849740932
Pardina Lentils,29,12,17,41.37931034482759
Garlic,36617,21510,15107,58.74320670726711
French Onion No Fat Dip,21,5,16,23.809523809523807
Simply Favorites Chicken Friced Rice Entree,302,123,179,40.728476821192054
Antioxidant Trinity Acai Juice,11,5,6,45.45454545454545
Perfectouch Grab N Go Cups With Lids,875,479,396,54.74285714285714
Beggin' Strips Dog Snacks Bacon & Cheese,63,34,29,53.96825396825397
Mini Beef Corn Dogs,43,20,23,46.51162790697674
Beef Oxtails,42,12,30,28.57142857142857
Oven Roasted Sliced Turkey Breast,37,18,19,48.64864864864865
Winter White Ale,12,2,10,16.666666666666664
"Dinner Classic White 10.375\"" Dinner Plate",588,302,286,51.36054421768708
Wild Maine Blueberry Jam,79,28,51,35.44303797468354
Chocolate Breakfast Bites,197,109,88,55.32994923857868
Organic Strawberry Preserves,158,71,87,44.936708860759495
All In One Crushed Tomatoes,33,7,26,21.21212121212121
Healthy Kids Disney Cars Souper Shapes Condensed Soup,35,8,27,22.857142857142858
"Chick Peas, Garbanzos",106,44,62,41.509433962264154
Salt Free Garam Masala Blend,8,0,8,0.0
Cream of Chicken & Mushroom Condensed Soup,199,62,137,31.155778894472363
Tuna Solid Canned Olive Oil,190,99,91,52.10526315789473
Cinnamon Granola Crunch,28,15,13,53.57142857142857
Organic Vanilla Greek Nonfat Yogurt,344,172,172,50.0
Coconut Chocolate Chip,1885,1105,780,58.620689655172406
360 Duster,25,0,25,0.0
Freshly Grated Parmesan,138,21,117,15.217391304347828
Creamy Yogurt 1000 Island Dressing Spread,10,4,6,40.0
DM Max,16,0,16,0.0
Arugula and Parsley Pesto Sauce,117,43,74,36.75213675213676
Milano Mint Cookies,1409,815,594,57.84244144783535
Cooked Mussel Meats,5,1,4,20.0
Cocomels Coconut Milk Caramel And Sea Salt Chews,3,0,3,0.0
Black Cherry Sparkling Water,321,210,111,65.42056074766354
Fish Oil 1000 mg+300 mg Omega-3 Softgels,5,1,4,20.0
Fruit Cocktail in 100% Fruit Juice,63,26,37,41.269841269841265
Colby Natural Cheese,21,4,17,19.047619047619047
"Golden Brown All Natural Fully Cooked Turkey Sausage Patties, Gluten-Free",145,64,81,44.13793103448276
Organic Smooth Move Peppermint Tea for Occasional Constipation,447,171,276,38.25503355704698
Hemp Baby Unscented Pure Castile Soap,34,3,31,8.823529411764707
Gluten Free Original  7-Inch Pita Bread,98,31,67,31.63265306122449
High Protein Smoothie Blueberry Banana,30,3,27,10.0
Natural M&C Four Cheese,230,89,141,38.69565217391304
Real Ice Cream Salted Caramel,9,5,4,55.55555555555556
"Chutney, Major Grey Mango",66,12,54,18.181818181818183
Fajita Seasoning,1880,769,1111,40.90425531914894
Propolis & Myrrh Natural Fluoride-Free Spearmint Toothpaste,10,5,5,50.0
Mix Berry Fruitfulls,5,4,1,80.0
Facial Mask Age Defying Hydro Serum,47,17,30,36.17021276595745
Original Fat Free Powder Coffee Creamer,264,151,113,57.1969696969697
Deep Tanning Oil Spray Sunscreen SPF 4,7,2,5,28.57142857142857
Taco Seasoning Mix,1779,781,998,43.90106801573918
"True Love Magickal Mineral Bath Salts With Natural Sea Salts Chocolate,Cardamom & Rose",33,2,31,6.0606060606060606
Organic Quinoa & Apple Baby Cereal,48,20,28,41.66666666666667
Plastic Squared Plates,57,36,21,63.1578947368421
"Papaya Enzyme, with Chlorophyll, Vegetarian Formula, Chewable Tablets",4,0,4,0.0
"Big Bags with Double Zipper, XL",102,17,85,16.666666666666664
Harvest Breakfast Fruit‑Filled Strawberry Squares,16,7,9,43.75
Garden Vegetables Cream Cheese Spread,14,5,9,35.714285714285715
Light Bologna & American Cracker Stackers Lunchhable,128,81,47,63.28125
Shortbread Sugar Free Cookies,28,8,20,28.57142857142857
"Natural Deodorant, Liken Plant, Herbal Scent",16,2,14,12.5
Organic Sprouts Clover,178,98,80,55.0561797752809
Floors Cleaner,116,29,87,25.0
Snack Mix Sweet Peanut Butter Crunch,4,2,2,50.0
Organic Dark Chocolate Caramel Crunch with Sea Salt Bar,31,14,17,45.16129032258064
Organic Shells  No. 91,145,48,97,33.10344827586207
Pure Organic Pineapple Juice,2429,1268,1161,52.202552490736934
Chocolate Peanut Butter Pretzel Meal,60,35,25,58.333333333333336
Organic Mustard,69,10,59,14.492753623188406
Lemon Lime Greens Energy,54,18,36,33.33333333333333
Butter Beans,534,200,334,37.453183520599254
Orange Slices,684,471,213,68.85964912280701
Kumato Tomatoes,5157,3530,1627,68.45064960248206
Sea Salt & Vinegar Kettle Cooked Potato Chips,873,454,419,52.004581901489125
Original Wavy Potato Chips Party Size,63,22,41,34.92063492063492
Instant White Rice,133,61,72,45.86466165413533
Sweetened Condensed Milk,544,179,365,32.904411764705884
Sriracha Mayo,172,83,89,48.25581395348838
Natural Bliss Coconut Milk Coffee Creamer,22,5,17,22.727272727272727
Acai 100 Mango Passion Fruit Acai Berry Superfood Juice Blend,5,3,2,60.0
"Turkey, Rice & Vegetables Puree Dinner",12,4,8,33.33333333333333
Organic Unbleached White Whole Wheat Flour,2,0,2,0.0
Super Echinacea,53,7,46,13.20754716981132
"Cookies, Oat, Dark Chocolate Chip",4,1,3,25.0
Multivitamin Supplement Tablets for Men 50+,15,4,11,26.666666666666668
Whey Protein French Vanilla Packet,15,6,9,40.0
Clary Sage Essential Oil,18,0,18,0.0
Arctic Wintergreen Mints,37,28,9,75.67567567567568
Organic Whole Grain Red Quinoa,235,66,169,28.085106382978726
Burrito Especial,492,213,279,43.292682926829265
Bistro Bowl Puro Picante Blazin' Hot Salad,9,2,7,22.22222222222222
Original Veggie Straws,16850,11164,5686,66.25519287833828
100% Natural Tomato Sauce,2980,1114,1866,37.38255033557047
Bag Of Organic Lemons,2334,837,1497,35.861182519280206
Pesto Pasta Sauce,750,344,406,45.86666666666667
Simply Clean Frag Free Wipe,35,12,23,34.285714285714285
Organic Natural Fresh Goat Cheese,319,115,204,36.05015673981191
No Salt Farmer Cheese,59,44,15,74.57627118644068
Methyl Folate 400 Mcg Vegetarian Capsules,8,0,8,0.0
Greek 100 Whips Strawberry Cheesecake Yogurt,371,206,165,55.525606469002696
100% Organic Unbleached White Whole Wheat Flour,272,61,211,22.426470588235293
Vanilla Ice Cream Sandwich,2817,1655,1162,58.75044373446929
Cavity Protection Regular Toothpaste Gel 6.4 Oz Dentifrice,628,176,452,28.02547770700637
Superfruit Blueberry Green Tea Bags,18,1,17,5.555555555555555
Green Chilies,33,4,29,12.121212121212121
Sparkling Organic Pear Juice,7,0,7,0.0
Vegan Coconut Milk Caramels With Sea Salt,1,0,1,0.0
Cherry Pomegranate Sugar Free Gelatin Snacks,20,10,10,50.0
Zico Natural Pure Premium Coconut Water,220,91,129,41.36363636363637
Sweet Potatoes,8229,4527,3702,55.012759752096244
Ultra Soft Mega Bathroom Tissue,252,138,114,54.761904761904766
Kids Defense Herbal Drops,9,3,6,33.33333333333333
Oat Bran,199,64,135,32.1608040201005
Classic Roasted Chicken Oven Sauce,27,13,14,48.148148148148145
Organic High Antioxidant Trail Mix,39,16,23,41.02564102564102
Unscented Gel Anti-Perspirant & Deodorant Twin Pack,28,4,24,14.285714285714285
Gluten Free Vegan Penguinos Cupcakes,391,215,176,54.987212276214834
Smoky Medium Roasted Salsa,49,20,29,40.816326530612244
Dry Spray Cool Essentials Antiperspirant,64,11,53,17.1875
Lunch Bundle Superfood Trail Mix - Corn & Flax Chips - Chickpeas & Almonds - Dark Chocolate Raisins - Veggie Crisps,57,21,36,36.84210526315789
Organic Raw Fit High Protein for Weight Loss,36,15,21,41.66666666666667
Carnaroli Rice,6,1,5,16.666666666666664
Whole Wheat Walnut Bread,323,229,94,70.89783281733746
Tomatoes,156,56,100,35.8974358974359
Sunflower Seed Chocolate Cherry Sunflower Seed Butter,5,0,5,0.0
Scar Treatment,32,8,24,25.0
Diet Cherry Soda,974,649,325,66.6324435318275
Korma Mild & Creamy Curry Sauce,3,0,3,0.0
"Avocado & Olive Oil Ultra-Moist Conditioner for Dry, Damaged Hair",63,24,39,38.095238095238095
Blood Orange & Vanilla Body Wash,5,0,5,0.0
Hass Avocado Bag,4770,3349,1421,70.20964360587001
Savory Blend Handmade Granola,10,1,9,10.0
Almond Flour Sundried Tomato Basil Crackers,405,230,175,56.79012345679012
Nut Tacos,46,27,19,58.69565217391305
Breading Fish Cajun,6,1,5,16.666666666666664
Cheeseburger Sliders,551,283,268,51.36116152450091
Reduced Sodium Chicken Noodle Soup,179,67,112,37.43016759776536
Medium Thick'n Chunky Verde Salsa,398,117,281,29.396984924623116
Double Chocolate Pound Cake,166,92,74,55.42168674698795
Alfredo Pasta Sauce,1916,764,1152,39.87473903966597
"Prosciutto, Americano",4346,2326,2020,53.52047860101242
Vegetable Base Soap With Tea Tree Oil,46,10,36,21.73913043478261
Mixed Pepper Strips,101,44,57,43.56435643564357
Chinese Barbecue Char Siu Seasoning Mix,8,3,5,37.5
Sunburst Tomatoes,40,19,21,47.5
Natural Walnuts And Almonds 100 Calorie Packs,497,262,235,52.716297786720325
Grape-Nuts Cereal,1998,1135,863,56.80680680680681
Microwave Extra Butter Popcorn,566,271,295,47.879858657243815
Hickory Smoked Cheddar Microwave Popcorn,7,1,6,14.285714285714285
Vitamin D3 1000IU Softgels,17,0,17,0.0
Hairball Formula Dry Cat,65,40,25,61.53846153846154
Fat Free Sweetened Condensed Milk,81,23,58,28.39506172839506
Pad Refill,245,63,182,25.71428571428571
Mild Green Jalapeno Jelly,6,0,6,0.0
White Sharp Cheddar Cheese,153,94,59,61.43790849673203
Madagascar Vanilla Creme Fraiche,42,4,38,9.523809523809524
Organic Snapped Bean Medley,142,36,106,25.352112676056336
Delight Variety Pack Popcorn,49,11,38,22.448979591836736
"Onions, Minced",51,2,49,3.9215686274509802
Soothe & Sleep With Lavander Foaming Bath,54,27,27,50.0
Organic Beet Juice,48,17,31,35.41666666666667
Diet Lemon-Lime Soda,34,17,17,50.0
Simply 100® Blueberry Blended Non-Fat Greek Yogurt,1032,712,320,68.9922480620155
Toaster Strudel Cinnamon Roll Toaster Pastries,207,101,106,48.792270531400966
Tea Tree Scalp Treatment Shampoo,195,21,174,10.76923076923077
Super Security Tampons,11,3,8,27.27272727272727
Hot & Spicy Noodle Bowl Soup,393,212,181,53.9440203562341
Zinc Elderberry and Raspberry Lozenges,346,119,227,34.39306358381503
Organic Vanilla Whole Milk Yogurt,2231,1521,710,68.17570596145227
Olives Stuffed With Blue Cheese,139,44,95,31.654676258992804
Purely Simple Buttercream Frosting Mix,26,5,21,19.230769230769234
Albacore Solid White in Oil Tuna,18,6,12,33.33333333333333
Honey Lemon Menthol Cough Suppressant Drops,18,4,14,22.22222222222222
Organic Chicken Thighs,7917,4312,3605,54.46507515473032
Veranda Blend Blonde Ground Coffee,606,385,221,63.53135313531353
Junior Toothbrush,113,22,91,19.469026548672566
Cheese Creations Classic Alfredo Cheese Sauce,532,251,281,47.18045112781955
Premium Breadsticks 'N Cheese Dip,186,82,104,44.086021505376344
Cinnamon Rolls 8 Count,24,10,14,41.66666666666667
Children's Allergy Relief Oral Suspension Berry Liquid,68,37,31,54.41176470588235
Strawberry Banana Yogurt Blends,117,81,36,69.23076923076923
Jalapeno Cheddar Sliced Cheese,11,0,11,0.0
Napa Reserves Cabernet Sauvignon,54,39,15,72.22222222222221
"2nd Foods Apples & Mangos, With Rice Cereal",36,15,21,41.66666666666667
White & Golden Petite Corn,83,27,56,32.53012048192771
Dressing,20,8,12,40.0
Turkey No Beans 98% Fat Free Chili,164,78,86,47.5609756097561
Goji Powder,7,0,7,0.0
Immune Plus Raspberry Flavored Fizzy Drink Mix,14,3,11,21.428571428571427
Cuticle Scissors,14,0,14,0.0
LunchMakers Turkey Cracker Crunchers with Nestle Butterfinger Bar,44,18,26,40.909090909090914
Instant Oatmeal Golden & Brown Raisins with Almonds,17,8,9,47.05882352941176
Very Veggie Blend,23,4,19,17.391304347826086
Creamy Ranch Dressing,355,155,200,43.66197183098591
Organic Cane Sugar,6550,2498,4052,38.137404580152676
Strawberry Smoothie,104,61,43,58.65384615384615
Ferrum Phosphoricum 30 C - 80 CT,12,1,11,8.333333333333332
Paper Towels 2x More Absorbent White,26,6,20,23.076923076923077
Naproxen Pain Reliever/Fever Reducer Tablets,42,4,38,9.523809523809524
Winter Cheer Cold Brew,150,53,97,35.333333333333336
Salted Caramel Greek Nonfat Yogurt,1303,848,455,65.08058326937835
"Maca Bar, Maca & Cacao",81,32,49,39.50617283950617
Southwest Style Chicken,68,39,29,57.35294117647059
Peanut Butter Caramel Ice Cream Candy Bars,103,45,58,43.689320388349515
Naan,56,14,42,25.0
Original Care Natural Unscented Deodorant,137,25,112,18.248175182481752
Simply 100 Raspberry Lemon Blended Non-Fat Greek Yogurt,153,80,73,52.28758169934641
Home Sandwich Bags Fold & Close,64,14,50,21.875
Peanut Butter Whole Grain Clusters,4583,2950,1633,64.36831769583242
Good & Clean - Dual Textured Exfoliating Towelettes,38,10,28,26.31578947368421
Pineapple Orange Beef Jerky,29,10,19,34.48275862068966
Bourbon Kentucky Frontier Whiskey,259,130,129,50.19305019305019
Liquid Laundry Detergent Free Of Dyes & Perfumes,13,5,8,38.46153846153847
Veggie Curls,162,59,103,36.41975308641975
2-Gallon Freezer Recloseable Bags,7,2,5,28.57142857142857
Forest Body Wash,2,0,2,0.0
Ensure Plus Milk Chocolate Nutrition Shake,301,204,97,67.77408637873754
Milk Chocolate baking Chips,1220,781,439,64.01639344262296
Flavored with Meat Pasta Sauce,26,14,12,53.84615384615385
"Organic Dry Desert Lime Tea, Caffeine Free",25,10,15,40.0
Creamy Chicken Fettuccine Mix,33,5,28,15.151515151515152
Chomperz Original Crunchy Seaweed Chips,1049,776,273,73.97521448999046
Cotes Du Rhone Blanc,8,2,6,25.0
Sonicare Sensitive Standard Ultra Soft Replacement Brush Heads,12,3,9,25.0
"Plum, Banana, & Blueberry with Quinoa Organic Baby Food",71,38,33,53.52112676056338
Natural Creamy Peanut Butter Spread,2425,1159,1266,47.79381443298969
100 Calorie Healthy Pop Kettle Corn Microwave Pop Corn,232,104,128,44.827586206896555
Organic Sliced Peaches,9922,5367,4555,54.09191695222737
"Truffle Sauce, Basil Pesto",11,1,10,9.090909090909092
Vanilla Coke Zero,482,322,160,66.80497925311202
"Chocolate Candies, Milk Chocolate",20,11,9,55.00000000000001
Double Chocolate Soft Baked Cookies,59,30,29,50.847457627118644
Semi-Sweet Dark Chocolate Baking Bits,5,0,5,0.0
Pitted Dates,4931,1932,2999,39.18069357128371
Pure Ground,93,9,84,9.67741935483871
Organic Allspice,579,18,561,3.1088082901554404
Color Safe Laundry Whitener & Brightener,126,45,81,35.714285714285715
DHA Omega-3 Vanilla Lowfat Milk,376,244,132,64.8936170212766
Yamaimo Soba Buckwheat Noodles,81,15,66,18.51851851851852
"Chicken, Tandoori",16,10,6,62.5
Brown Rice Sticky Noodles,27,7,20,25.925925925925924
Brown'N Serve Sausage Links Maple 10 Ct,129,75,54,58.139534883720934
Damage Detox Daily Revitalizing Shampoo,13,2,11,15.384615384615385
On the Go Pink Lemonade Drink Mix,207,76,131,36.71497584541063
French Bread Pepperoni Pizza,555,342,213,61.62162162162163
"Mozzarella Fresca, Marinated",105,42,63,40.0
Soyrizo and Potato Wrap,9,4,5,44.44444444444444
34% Less Fat than Our Regular Pesto. Reduced Fat Pesto sauce with Basil,275,132,143,48.0
Beefsteak Tomato,932,447,485,47.96137339055794
Thyme & Olive Leaf Soy Wax Candle,8,2,6,25.0
Dry Blackberry Soda,115,72,43,62.60869565217392
1% Milkfat Low Fat Buttermilk,2687,1291,1396,48.046148120580575
Bronchial Wellness Tea Bags 20 Count,10,1,9,10.0
Miso Ramen Broth,298,141,157,47.31543624161073
Gummy Bears Wholefood + Antioxidants,8,2,6,25.0
Organic Wintermint Mints,40,16,24,40.0
Assam Breakfast Black Tea Bags,7,2,5,28.57142857142857
Pure Olive Oil Soap,218,52,166,23.853211009174313
Golden Yellow Bell Peppers,389,183,206,47.04370179948586
Peanut Butter Granola Thins,7,5,2,71.42857142857143
Diet Naturally Flavored Cranberry Raspberry Juice Drink,39,19,20,48.717948717948715
Menudo Soup,8,2,6,25.0
Triscuit Baked Whole Grain Wheat Rosemary & Olive Oil,2206,1168,1038,52.94650951949229
"Mini Bagels, Whole Grain Blueberry",147,77,70,52.38095238095239
Organic Vibrant Probiotic Fruit Juice,4,0,4,0.0
Vanilla Cupcakes,1203,526,677,43.72402327514547
Bourbon Molasses Bbq Sauce,4,0,4,0.0
Fingernail Clipper With File,14,0,14,0.0
Macaroni & Cheese Dinner Nickelodeon Sponge Bob Square Pants Shapes,389,193,196,49.61439588688946
Original Dippin' Sauce,6,0,6,0.0
Premium Apple Cider,605,312,293,51.570247933884296
Meyer Lemon & Raspberry Chewie Fruities,56,25,31,44.642857142857146
Kettle Cooked Roasted Black Garlic Potato Chips,5,0,5,0.0
Beef Eye Round Roast,73,32,41,43.83561643835616
Hershey's Chocolate Caramel Gourmet Coffee Creamer,314,223,91,71.01910828025477
Microfiber Floor Mop & Duster Set,32,1,31,3.125
Sugar Wafers Creme Filling,78,46,32,58.97435897435898
Apple Danish,7,1,6,14.285714285714285
Shredded Beef Burrito,1833,1018,815,55.53737043098745
Organic Wheat Free Rye Bread,16,3,13,18.75
Mini Eggs,142,30,112,21.12676056338028
Apple & Maple Chicken Mini Links,254,128,126,50.39370078740157
Cider Apple Butter,17,1,16,5.88235294117647
Steamfresh Premium Selects Frozen Whole Green Beans,1282,611,671,47.65990639625585
Organic Bowls Hot Cereal Steel-Cut Oats,3,0,3,0.0
Deluxe Royal Fig Fruit Spread,116,18,98,15.517241379310345
Dry Roasted Macadamias,206,129,77,62.62135922330098
Fast Acting Gel Cream Legs & Body Hair Removal,9,0,9,0.0
Pork Neck Bones,6,2,4,33.33333333333333
Lady Fingers,64,22,42,34.375
Buffalo Style Turkey Jerky,6,1,5,16.666666666666664
Corn Bread Mix,566,146,420,25.795053003533567
Sugar-Free Fiber Chewable Tablets Assorted Fruit,12,2,10,16.666666666666664
Clean Linen Air Freshener,337,111,226,32.93768545994065
Algae Omega 570 mg,16,9,7,56.25
Organic Tikka Masala,23,3,20,13.043478260869565
Italian Style Favorites Meatball Marinara Pizza,60,18,42,30.0
Teriyaki Stir Fry Kit,252,80,172,31.746031746031743
Instant Corn Masa Flour,198,26,172,13.131313131313133
Queso Blanco,80,17,63,21.25
Cinnamon Crunch Snackimals Cereal,71,24,47,33.80281690140845
100% Recycled 2 Ply Jumbo Paper Towel Roll,3708,2623,1085,70.73894282632148
Raw Protein Packet Vanilla Spiced Chai,26,6,20,23.076923076923077
Roasted & Salted Pistachios,1222,631,591,51.6366612111293
Original Roast Decaf Instant Coffee,6,2,4,33.33333333333333
Classic Clean Conditioner,16,1,15,6.25
Honey Spiral Half Ham,5,0,5,0.0
Total 2% Lowfat Greek Yogurt with Honey,651,403,248,61.904761904761905
Dark Chocolate Covered Peppermint Patties Snack Size,7,2,5,28.57142857142857
Gluten Free & Non-Dairy Pancake And Waffle Mix,253,124,129,49.01185770750988
Peanut Butter Dog Treats,75,37,38,49.333333333333336
Organic Large Grade AA Omega-3 Eggs,8921,6386,2535,71.58390314987109
"Mojo Berry Blackberry, Mint, & Lime Sparkling Beverage",24,13,11,54.166666666666664
Cream Of Chicken Condensed Soup,41,14,27,34.146341463414636
Soothing Lemon & Honey Bee Propolis Lozenges,27,9,18,33.33333333333333
Sugar Free Chocolate Chunk Cookies,10,4,6,40.0
Organic Plain Soy Yogurt,33,15,18,45.45454545454545
Broccoli Carrot & Cheddar Cheese Dinner with Lil' Bits  Purees Dinner,8,2,6,25.0
Bordeaux Sweet and Simple Cookies,245,134,111,54.69387755102041
Vegan Bar,8,3,5,37.5
Organic Romaine Lettuce Hearts,149,48,101,32.21476510067114
Ultra  April Fresh Scent Liquid Fabric Softener,754,365,389,48.40848806366048
Mozzarella And Pesto Pizza,14,8,6,57.14285714285714
Bloody Mary Mix,190,61,129,32.10526315789474
Strawberry Lemonade In Bottles,7,4,3,57.14285714285714
Louisiana Hot Sauce,53,11,42,20.754716981132077
Wood Mouse Traps,17,2,15,11.76470588235294
Organic Wild Berry Fruit Spread,160,49,111,30.625000000000004
Crunchy Double Chocolate,413,257,156,62.227602905569015
Country French With Orange Blossom Honey Dressing,36,11,25,30.555555555555557
Pad Thai Sauce,102,20,82,19.607843137254903
Good Belly Probiotics Juice Drink Blueberry Acai Flavor,2336,1538,798,65.83904109589042
No Salt Added Organic Black Soy Beans,82,27,55,32.926829268292686
100% Juice Apple Juice,1170,728,442,62.22222222222222
Cantaloupe Melon,122,63,59,51.63934426229508
Fruit Cocktail,15,6,9,40.0
Tostones Fried Plantains,20,5,15,25.0
Fordhook Lima Beans,21,5,16,23.809523809523807
B-Complex Chewable Strawberry-Kiwi Wafers,5,0,5,0.0
Gallon Storage Slider Bags,22,4,18,18.181818181818183
Passover Matzos,45,12,33,26.666666666666668
Single Cup Pour-Over Brewer Black Coffee Maker,7,0,7,0.0
Opti-Free Pure Moist Contact Solution,78,19,59,24.358974358974358
"Mineral Deodorant, Body Spray, Lavender & White Tea",26,11,15,42.30769230769231
Comet2x Bleach Scratch Free Cream Cleanser,11,1,10,9.090909090909092
Nesquik Low Fat Chocolate Milk,680,467,213,68.67647058823529
Toaster Strudel Cream Cheese & Strawberry Pastries,369,171,198,46.34146341463415
Latte Macchiato Coffee Drink,22,12,10,54.54545454545454
DreamWalk Ball of Foot Cushions,9,0,9,0.0
Natural Vanilla Miniature Marshmallows,1078,296,782,27.458256029684602
Decaf Green Tea,38,11,27,28.947368421052634
Just Apples,7,2,5,28.57142857142857
Concentrated Deep Reach Fogger Insecticide,8,0,8,0.0
Sun Spray Lotion,17,2,15,11.76470588235294
Birthday Blast Frozen Dairy Dessert,20,3,17,15.0
Incredible Red Zinfandel,18,8,10,44.44444444444444
Shredded Pepper Jack Cheese,159,66,93,41.509433962264154
Kosher Chicken Thigh,142,94,48,66.19718309859155
Nacho Cheese Tortilla Chip Bags,78,40,38,51.28205128205128
PerfecTouch Grab'N Go 16 oz Cups & Lids,155,68,87,43.87096774193549
Original Natural Buttery Spread,376,188,188,50.0
Hand Soap Organic Lemongrass,116,39,77,33.62068965517241
Flax & Chia Oatmeal,9,0,9,0.0
"Avocado Oil, Refined",848,288,560,33.9622641509434
Cherry Fruit Filling & Topping,4,0,4,0.0
Quart Storage Slider Bags,11,0,11,0.0
Savory Masala Popcorn,48,24,24,50.0
Water Beverage with Vitamins Black Cherry Flavor,17,9,8,52.94117647058824
Fancy Feast Broths Classic with Chicken & Vegetables Cat Food,40,26,14,65.0
Butter Toffee Peanuts,159,77,82,48.42767295597484
Daily Clear Hydra-Blast Oil-Free Face Wash,26,9,17,34.61538461538461
Habanero Fire Roasted Salsa,5,1,4,20.0
Gluten-Free Better Cheddar Pinto Bean Chips,31,8,23,25.806451612903224
Smoked Turkey Wings,32,9,23,28.125
Organic Oregano Leaf,153,24,129,15.686274509803921
Coconut Cashew Crunch Bites,55,28,27,50.90909090909091
100% Raw Manuka Honey KFactor 16,84,32,52,38.095238095238095
Sparkling Lemonade,220,113,107,51.36363636363637
Dried Cherries,498,228,270,45.78313253012048
Chocolate Bars Minis,12,2,10,16.666666666666664
Whole Wheat Fajita Style Tortillas,100,40,60,40.0
Espresso Chocolate,18,13,5,72.22222222222221
Pink Grapefruit All-Purpose Natural Surface Cleaner,950,344,606,36.21052631578948
Purple Acai Blueberry Superfruit Green Tea,38,5,33,13.157894736842104
Mini Beef Ravioli,5,2,3,40.0
Organic Chicken & Cheese with Green Chilies Burrito,59,23,36,38.983050847457626
Organic Just Corn,22,5,17,22.727272727272727
Premium Wild Pink Salmon,67,26,41,38.80597014925373
Organic Stage 3 Pear Carrot Apricot Baby Food,2781,1541,1240,55.411722402013666
Cordon Bleu Stuffed Chicken Breasts,129,90,39,69.76744186046511
The Hulk Banana Coconut Spirulina Paleo Muffins,50,22,28,44.0
Sea Salt Original Beef Jerky,209,109,100,52.15311004784689
Miniatures Assortment Candy,177,96,81,54.23728813559322
Black Winter Truffle Butter,54,15,39,27.77777777777778
Instant Chocolate Pudding,12,0,12,0.0
Tortilla Chips Classic Yellow & Blue Family Value Pack,34,8,26,23.52941176470588
Abuelita Mexican Style Instant Chocolate Mix,49,18,31,36.734693877551024
Ponzu Citrus Seasoned Dressing & Sauce,114,26,88,22.807017543859647
Maple Pecan,715,526,189,73.56643356643356
Maple Bacon,287,144,143,50.174216027874564
Body Bar Soap Soothing Vetiver,17,7,10,41.17647058823529
Cheddar Beer Potato Chips,121,53,68,43.80165289256198
Lil' Bits Oatmeal Apple Cinnamon Cereal,13,9,4,69.23076923076923
Smart Rinse Mint Shield Mouth Wash,21,7,14,33.33333333333333
Organic Herbes De Provence,3,0,3,0.0
Olive & Avocado Deep Conditioning Shampoo,25,7,18,28.000000000000004
Mayonnaise Made With Avocado Oil,409,132,277,32.27383863080684
Cream Cheese Sandwich Cracker,10,4,6,40.0
Whole Brie Cheese,125,82,43,65.60000000000001
Crunchy Oats 'n Dark Chocolate Granola Bars,543,313,230,57.6427255985267
All Natural Pure Ground Sesame Seeds Tahini,30,9,21,30.0
Bulgarian Cultured Buttermilk,555,210,345,37.83783783783784
"Roast Beef, 98% Fat Free",32,10,22,31.25
Double Chocolate Stout Ale,9,3,6,33.33333333333333
Ocean Lift Anti-Dandruff Shampoo,11,1,10,9.090909090909092
Organic 2% Low Fat Raspberry Kefir,63,32,31,50.79365079365079
Natural Instincts Non-Permanent Hair Color Nutmeg Dark Brown #4,17,4,13,23.52941176470588
Lemon Scented All Purpose Cleaner,21,3,18,14.285714285714285
Vanilla Honey Graham Crunchy Cookies,85,43,42,50.588235294117645
Double Caramel Swirl Bars made with Low Fat Ice Cream,109,64,45,58.71559633027523
Medium Peach Salsa,2,0,2,0.0
Platinum Power Clean™ Refreshing Rain™ Dishwashing Liquid,202,57,145,28.217821782178216
Greek Low Fat Strained Honey Blended Yogurt With Glazed Pecans,34,13,21,38.23529411764706
Yahrzeit Memorial Candle,65,15,50,23.076923076923077
Whole Black Pepper,130,32,98,24.615384615384617
Chapatti Chana Saag Wrap,4,2,2,50.0
Unsalted Brown Rice Crackers,11,7,4,63.63636363636363
Butter Popcorn,23,4,19,17.391304347826086
Pasta Shapes In Tomato Sauce,1,0,1,0.0
Tikka Masala Simmer Sauce,1278,540,738,42.25352112676056
Flat Anchovies in Olive Oil,56,20,36,35.714285714285715
Original Medium Roast K-Cup Packs Coffee,42,26,16,61.904761904761905
Light Vanilla Soymilk,1850,1321,529,71.4054054054054
Refined Organic Coconut Oil,56,11,45,19.642857142857142
"Bathroom Tissue, Double Rolls, 3-Ply",89,36,53,40.44943820224719
Pepperoni & Italian Style Cheese Brick Oven Crust Pizza,75,31,44,41.333333333333336
Artisan Sweet Potato Rolls,9,4,5,44.44444444444444
Carrot Raisin Manna Bread,121,67,54,55.371900826446286
"Cheese, Cheddar, Vermont Sharp",112,47,65,41.964285714285715
Sweet Tea Slow Brewed Iced Tea,174,134,40,77.01149425287356
Apple Strawberry Juice,6,4,2,66.66666666666666
Platinum Strength Conditioner,9,0,9,0.0
"Counter Attack, Tablets",132,62,70,46.96969696969697
Moscato Sangria,12,2,10,16.666666666666664
Melting Romano Cheese Crisps,12,4,8,33.33333333333333
Alphabets Macaroni Product,18,5,13,27.77777777777778
"1,000 Mg Vitamin C Lemon Lime Effervescent Drink Mix",4,1,3,25.0
Ecopouf Dual Cleansing Pad,48,1,47,2.083333333333333
Eco-Foil Loaf Pan,10,0,10,0.0
Oreo Chocolate White Fudge Covered Sandwich Cookies,22,5,17,22.727272727272727
Party Size Five Cheese Lasagna,56,8,48,14.285714285714285
Green Apple Unsweetened Soft Drink Mix,11,6,5,54.54545454545454
Cucumber Seedless,568,343,225,60.387323943661976
Melatonin+ 200mg L-Theanine Dietary Supplement Liquid Softgels,9,1,8,11.11111111111111
Chicken Flavor Broccoli Pasta Sides,26,4,22,15.384615384615385
Light Feta Cheese,52,18,34,34.61538461538461
Premium Orange Juice,21,13,8,61.904761904761905
10 Grain Pancake & Waffle Mix,41,13,28,31.70731707317073
Zinc Tablets,22,9,13,40.909090909090914
Whole Pine Nut,342,66,276,19.298245614035086
Nine Grain Sourdough Bread,603,376,227,62.35489220563848
Moisturizing Relief Lubricating Eye Drops,13,1,12,7.6923076923076925
Liquid Vitamin C Orange Flavor,219,128,91,58.44748858447488
Kettle Cooked Potato Chips Jalapeno Flavored,12,2,10,16.666666666666664
Yellow Curry Paste,27,4,23,14.814814814814813
Small MaroSnacks Dog Snacks,44,25,19,56.81818181818182
Mixed Melons,680,370,310,54.41176470588235
Organic Sweet Onion,3515,1662,1853,47.28307254623044
Chicken Flavored Dog Chew Bone,24,15,9,62.5
Salmon Seasoning,13,0,13,0.0
Rich & Hearty New England Clam Chowder Soup,543,247,296,45.48802946593002
Organic Sea Kelp Delight Seasoning,45,3,42,6.666666666666667
Chocolate Wafers Candy Bar,467,241,226,51.605995717344754
Tini Twists Pretzels,30,13,17,43.333333333333336
Orange California Honey,7,1,6,14.285714285714285
Wild Rice Edamame Salad,33,15,18,45.45454545454545
"B-Complex \""100\"" v-caps",8,3,5,37.5
Recloseable Sandwich Bags,59,11,48,18.64406779661017
Cajun-Style Andouille Chicken Sausage,52,9,43,17.307692307692307
Vegan Gluten Free Ginger Sanpdragons Molasses Cookies,9,4,5,44.44444444444444
T-Relief Pain Relief Ointment,5,0,5,0.0
9 Inch Graham Ready Crust,174,38,136,21.839080459770116
Little Movers Slip On Diapers Step 6,11,6,5,54.54545454545454
"Lager Beer, Organic, Pure Brewed",7,5,2,71.42857142857143
Original Crust Pizza,337,157,180,46.58753709198813
Lemon Breeze Scent Disinfectant Spray,50,5,45,10.0
Wildly Natural Seaweed Argan Shampoo Unscented,8,1,7,12.5
Morning Blend 100% Juice,792,584,208,73.73737373737373
Natural Balance Security Plastic Multi Pack Unscented Tampons,24,8,16,33.33333333333333
Super Premium Cookies-N-Cream Ice Cream,17,3,14,17.647058823529413
Chocolate Chip Macaroons,28,6,22,21.428571428571427
Firelighters,8,2,6,25.0
Hot & Spicy Taco Seasoning Mix,250,118,132,47.199999999999996
Pepperoncini,454,141,313,31.05726872246696
Strawberry Fig Bars,426,236,190,55.39906103286385
"Ultra Gain Dish Liquid Soap, Hawaiian Aloha, 24 Fl Oz Dish Care",7,1,6,14.285714285714285
Boneless BBQ Chicken Bites,38,11,27,28.947368421052634
"Steamfresh Selects Frozen Broccoli, Cauliflower & Carrots",1193,575,618,48.197820620285
Original With Olive Oil & Sea Salt Baguette Crisps,19,7,12,36.84210526315789
Original Plain Wafers Crackers,7,3,4,42.857142857142854
"Thin Crust Supreme 22.1 Oz 12\""",12,6,6,50.0
Supreme Original Brownie Mix,105,13,92,12.380952380952381
Handcrafted Organic Deodorant - Ylang Ylang + Calendula,7,0,7,0.0
Reduced Fat Creamy Peanut Butter,8,1,7,12.5
Beets Bunch,1277,435,842,34.06421299921691
Tiny Twists Pretzels,4460,2267,2193,50.82959641255606
Pie Crust Unroll Fill & Bake,50,8,42,16.0
Pet Waste Bags,217,92,125,42.3963133640553
Fish Sandwich Fillets,40,9,31,22.5
Chocolate Milk 1% Milkfat,867,642,225,74.0484429065744
Original Vegenaise Better Than Mayo,516,252,264,48.837209302325576
V Fusion Pineapple Strawberry Fruit & Vegetable Juice,31,13,18,41.935483870967744
Syrup Blueberry,39,10,29,25.64102564102564
Dr Pepper,6,0,6,0.0
Fire Roasted Diced Green Mild Chiles,350,91,259,26.0
Cellulose Sponge Cloth Multi-Purpose,12,2,10,16.666666666666664
Pickled Jalapeno Slices,346,126,220,36.41618497109826
"Fruit by the Foot, Fruit Roll-Ups, Fruit Gushers Party Pack Fruit Snacks 24 Ct.",112,54,58,48.214285714285715
"Active Health Teen, Tablets",17,9,8,52.94117647058824
All Natural Table Syrup,187,36,151,19.25133689839572
Organic Unfiltered Extra Virgin Olive Oil,7,0,7,0.0
Stackers Kosher Dill Pickles,1315,586,729,44.56273764258555
Cactus Cooler,30,10,20,33.33333333333333
Sweet Potatoes 2nd Foods,6,1,5,16.666666666666664
Baba Ghannouj,431,239,192,55.4524361948956
Fresh Organic Blueberries,11,3,8,27.27272727272727
Premium Gourmet White Popcorn,96,59,37,61.458333333333336
Tuscan Marinara Sauce Roasted Garlic,65,15,50,23.076923076923077
Smooth Refried Beans,7,1,6,14.285714285714285
Deluxe Blueberry Bagels,1305,896,409,68.65900383141762
Chunky Tomato Garlic & Onion Pasta Sauce,492,196,296,39.83739837398374
Advanced Hand Sanitizer Refreshing Aloe,21,1,20,4.761904761904762
Nibby Dark Chocolate,39,33,6,84.61538461538461
Organic Psyllium Husk Powder,25,3,22,12.0
Mandarin Teriyaki Sauce,34,3,31,8.823529411764707
"Golden Delicious Apples, Bag",65,32,33,49.23076923076923
Chai Rooibos Herbal Tea Bags,666,270,396,40.54054054054054
Kids Cavity Protection Sparkle Fun Flavor Toothpaste,312,81,231,25.961538461538463
Protein + Chocolate Peanut Butter,20,5,15,25.0
Bliss Summer Citrus Berry,30,20,10,66.66666666666666
Fish Oil 1200 mg+360 mg Omega-3 Softgels,12,0,12,0.0
Low Moisture Part Skim Mozzarella String Cheese,2150,1420,730,66.04651162790698
Organic Unsweetened OriginalWhite Tea,9,4,5,44.44444444444444
Golden Butter Cake,24,3,21,12.5
White Mini Cups,14,2,12,14.285714285714285
Core Hydration Water,56,44,12,78.57142857142857
Yucca Fries,38,17,21,44.73684210526316
Bernie's Farm Macaroni and Cheese,30,15,15,50.0
Organic Brown Rice And Wakame Noodles,131,56,75,42.74809160305343
Vanilla Pudding Mix,19,3,16,15.789473684210526
"Detox, Bentonite, Great Plains",33,10,23,30.303030303030305
Sliced Steaks 100% All Beef Sandwich Steaks - 6 CT,71,24,47,33.80281690140845
Platinum Erasing Dish Foam Fresh Rapids Scent,453,209,244,46.13686534216336
Original Clickstick Lip Balm,15,1,14,6.666666666666667
Caramel Salt Lick,7,1,6,14.285714285714285
"Unscented Lotion for Face, Hands, Body",109,16,93,14.678899082568808
Ground Beef 85% Lean,207,87,120,42.028985507246375
Extra Long Lasting Flavor Classic Bubble Sugar Free Gum,40,24,16,60.0
Oikos Fat Free Vanilla Greek Yogurt,1288,902,386,70.03105590062113
Organic Lemon Lavender Mint Tea,64,15,49,23.4375
Sliced Natural Cheddar Cheese,6,2,4,33.33333333333333
Cherry Garcia Non-Dairy Frozen Dessert,6,1,5,16.666666666666664
Fresh Picked Collection Gel Air Freshener Raspberry,5,1,4,20.0
"Just Crisps, Caesar",65,51,14,78.46153846153847
Vanilla or Chocolate Chip Variety Pack Ice Cream Pieces,155,100,55,64.51612903225806
Ancient Grains Apricot Blended Low-Fat Greek Yogurt,62,50,12,80.64516129032258
"Flavored Vodka, Twist of Raspberry",4,0,4,0.0
Sheer Volume Conditioner,30,9,21,30.0
Family Size Buttery Toffee Popcorn with Peanuts,9,1,8,11.11111111111111
100% Natural Chicken Broth,24,2,22,8.333333333333332
Beef Taquitos,1244,590,654,47.42765273311897
Mango Ceylon Tea Bags,12,0,12,0.0
Chocolate Cookie with Salted Caramel Ice Cream,93,71,22,76.34408602150538
Veggie Dip,72,28,44,38.88888888888889
Reduced Fat Sour Cream,595,264,331,44.36974789915966
Vanilla Protein Energizer Powder,9,2,7,22.22222222222222
Corn Puffs,20,9,11,45.0
No Sugar Added Mandarin Oranges in Water,300,145,155,48.333333333333336
"Laundry Wash, Delicate",11,2,9,18.181818181818183
Oreo Filled Cupcake,6,1,5,16.666666666666664
Sweet Tea Drink Mix,52,22,30,42.30769230769231
Côtes-Du-Rhône,11,2,9,18.181818181818183
Veggie Ground,580,343,237,59.13793103448276
Chicken Flavor Top Ramen Noodles,1515,696,819,45.940594059405946
Uncured Italian Dry Salame,35,12,23,34.285714285714285
Kahuna Crunch Trail Mix,1026,587,439,57.21247563352827
Gluten Free Spaghetti,1107,671,436,60.61427280939476
Shredded Wild Salmon Fare Cat Food,45,34,11,75.55555555555556
DRINKING WATER,122,63,59,51.63934426229508
Original Ultra Concentrated Ultra Concentrated,715,231,484,32.30769230769231
Blue Sparkle Liquid Fabric Softener,180,61,119,33.88888888888889
Pressed Pineapple Banana Kale Bar,52,27,25,51.92307692307693
Hand Picked Pomegranate Seeds/Arils,2381,1553,828,65.22469550608989
Chocolate Peanut Butter Cup Ice Cream,72,30,42,41.66666666666667
Pecan Meltaways Spelt Sugar Free Cookies,36,21,15,58.333333333333336
Gatherings Honey Ham Cheese & Crackers Snack Tray,38,19,19,50.0
Premium Grade Sushi Rice,293,109,184,37.20136518771331
Mixed Fruit in Black Cherry Gel,75,41,34,54.666666666666664
Chunky Blue Cheese Dressing,520,137,383,26.346153846153847
English Breakfast Black Tea Bags,1690,768,922,45.44378698224852
Homestyle Chocolate Babka,185,100,85,54.054054054054056
Baby & Me 2 Dietary Supplement,3,0,3,0.0
Dips Harvest Dill Dip Mix,14,4,10,28.57142857142857
Pink Himalayan Salt Grinder,27,1,26,3.7037037037037033
Snug & Dry Size 3 Diapers,5,1,4,20.0
Prenatal Nutrients,2,0,2,0.0
Tubetti No. 62 Enriched Macaroni Product,4,0,4,0.0
Cleansing Towelettes Hydrating Makeup Remover,53,25,28,47.16981132075472
Ultra Collagen Booster Capsules,11,3,8,27.27272727272727
Tortilla Chips Organic Restaurant Style Purple Corn,410,173,237,42.19512195121951
Healthy Naturals With Wholesome Chicken Adult Cat Food,10,2,8,20.0
Enriched Poppyseed Hot Dog Buns,662,303,359,45.770392749244714
Red Vine Tomato,54409,34812,19597,63.982061791247766
"Peppercorns, 100% Organic, Black, Whole",25,1,24,4.0
Red Chile Barbacoa Slow Cook Sauce,245,90,155,36.734693877551024
Organic Catnip,7,0,7,0.0
Original Regular To Go Pantiliners,45,14,31,31.11111111111111
Baby Mum-Mum Banana  Rice Rusks,674,337,337,50.0
Organic Reduced Fat Unsweetened Shredded Coconut,361,70,291,19.390581717451525
Moisturizing Pomegranate Shower Gel,15,3,12,20.0
Almond Butter Minis Bar,174,87,87,50.0
Bar Harbor Blend,25,7,18,28.000000000000004
Vanilla Beans,5,1,4,20.0
Grape Bliss Kids Tea,18,6,12,33.33333333333333
Panda Brand Gluten-Free Oyster Flavored Sauce,323,35,288,10.8359133126935
Blueberry & Acai Asian Yogurt,78,52,26,66.66666666666666
English Breakfast Black Tea KCups,16,1,15,6.25
Medium Thai Basil Curry Stir-Fry Sauce,10,0,10,0.0
Orange Cream Low Fat Ice Cream Bars,3,0,3,0.0
Little Bites Blueberry Muffin Pouches,1257,814,443,64.75735879077168
Blueberry Granola,117,73,44,62.39316239316239
Beef Corn Dogs,131,54,77,41.221374045801525
Umcka Cold Care Children's Cherry Flavor Syrup,49,14,35,28.57142857142857
Salmon Fillets,37,11,26,29.72972972972973
Skinny Pack White Cheddar Popcorn,1065,629,436,59.06103286384976
Gluten Free Fire Roasted Veggie Crackers,103,47,56,45.63106796116505
Mango Yoghurt,4032,2406,1626,59.672619047619044
Sweetos Cinnamon Sugar Puffs,7,2,5,28.57142857142857
Strawberry Thumbprint Cookies,558,281,277,50.358422939068106
Mexican 4 Cheese Blend,63,27,36,42.857142857142854
Mildew Stain Eraser,4,0,4,0.0
Medium Restaurant Style Salsa,54,25,29,46.2962962962963
Kosher Dill Spears Made with Sea Salt,67,30,37,44.776119402985074
Apple Frank Organic Beef,91,12,79,13.186813186813188
Intensive Repair Lotion,50,10,40,20.0
No Salt Added Tomato Sauce,129,39,90,30.23255813953488
Chunky Peanut Butter High Protein Bar,1054,672,382,63.75711574952562
Macaroni Shells & White Cheddar Cheese,8200,4309,3891,52.54878048780488
Morbier,16,9,7,56.25
Glycerin Hand Soap Rosemary,28,18,10,64.28571428571429
"Eye Serum, Brightening, Luminous",10,1,9,10.0
Disney Frozen Cereal,31,11,20,35.483870967741936
Tomato Ketchup No High Fructose Corn Syrup,5,0,5,0.0
Organic Hazelnut Dark Chocolate Spread,23,4,19,17.391304347826086
Maxi Always Maxi Long Super with Wings,42,6,36,14.285714285714285
All Natural Mild Hummus,37,15,22,40.54054054054054
Organic Pomegranate Arils,22,9,13,40.909090909090914
Midnight Minis Dark Chocolate Bars,18,6,12,33.33333333333333
Organic Mint Leaves,112,24,88,21.428571428571427
Raspberry Lemonade Blast SPF 15 Lip Balm,7,2,5,28.57142857142857
Vanilla Bean Soy Ice Cream,86,47,39,54.65116279069767
Coldcalm Homeopathic Tablets,780,134,646,17.17948717948718
Hand Sanitizing Wipes Original,76,44,32,57.89473684210527
Lemon Sparkling Natural Mineral Water,184,105,79,57.065217391304344
French Steak Rolls,50,16,34,32.0
Organic Savory Beef Gravy,95,18,77,18.947368421052634
Permanent Hair Color - Honey Blonde 9N,6,0,6,0.0
Ice Cream Salt,37,11,26,29.72972972972973
Vitamin Code Kids Cherry Berry Chewables,38,12,26,31.57894736842105
Crystalized Ginger,3,0,3,0.0
"Beverage, Mucho Mango",25,8,17,32.0
Organic Bakers Cocoa Powder,17,2,15,11.76470588235294
Salt And Vinegar,23,10,13,43.47826086956522
Mini Stoned Wheat Thins Crackers,259,176,83,67.95366795366795
2 Alarm Chili Kit,148,52,96,35.13513513513514
Grand Reserve Chardonnay,101,52,49,51.48514851485149
Salted Butter With Coarse Salt,29,17,12,58.620689655172406
Peppermint Sugar Free Gum,876,557,319,63.58447488584474
100% Whole Grain Fig Newton Cookies,36,13,23,36.11111111111111
Miso Ginger Organic Vinaigrette Gluten Free,98,25,73,25.510204081632654
All Good Lips Zinc Only Spf 20 Coconut,7,1,6,14.285714285714285
Gluten Free Baking Flour,390,127,263,32.56410256410256
Oil Control Moisturizer With SPF 30,8,2,6,25.0
Clay Supplement,21,5,16,23.809523809523807
Satin Care Dry Skin Shave Gel for Women 7 Oz Female Shave Prep,3,0,3,0.0
Black Beans,13525,6696,6829,49.508317929759706
Greek Yogurt Coconut,40,19,21,47.5
Supreme Thin & Crispy Pizza,248,117,131,47.17741935483871
Original No Pulp Pure 100% Florida Orange Juice,3350,2214,1136,66.08955223880596
360 All Purpose Duster,6,2,4,33.33333333333333
Original 72% Raw Cacao Chocolate Bar,9,6,3,66.66666666666666
Keurig Morning Cafe Light Roast Coffee K Cups,104,56,48,53.84615384615385
Unscented Beeswax Lip Balm,8,0,8,0.0
Unsweetened Whole Milk Strawberry Yogurt,1965,1173,792,59.69465648854961
Lakewood Pure Premium Cranberry Juice Blend,487,221,266,45.37987679671458
Bedtime Baby Lotion,10,2,8,20.0
Premium Solid White Albacore Tuna in Water,558,259,299,46.415770609319
Superrr Strawberry Lemonade Aloe Juice Blend,75,16,59,21.333333333333336
Just Cranberry Unsweetened Juice,1244,555,689,44.61414790996784
Chemical Free Baby Wipes,169,112,57,66.27218934911244
Mozzarella Cheese  Part Skim,30,11,19,36.666666666666664
Original Low Pulp 100% Orange Juice,163,77,86,47.239263803680984
Welchs 100% Grape Juice,34,20,14,58.82352941176471
Bite Size Sour Candies,8,1,7,12.5
Key Lime,15,1,14,6.666666666666667
Citrus Lemon Disinfectant Bathroom Cleaner,6,0,6,0.0
Oreo Pumpkin Spice Limited Edition Cookies,40,11,29,27.500000000000004
Whole Bean Holiday Blend Coffee,13,2,11,15.384615384615385
Orange Strawberry Banana Juice,2429,1476,953,60.765747221078634
Deep Dish Pizza With Pepperoni With Smoothie Lunch Combinations,9,3,6,33.33333333333333
Sake Cooking Wine,10,0,10,0.0
Taco Mild Seasoning Mix,1123,507,616,45.14692787177204
Morsels Healthy Indulgence With Chicken & Salmon In Savory Sauce And Natural Food for Adult Cats,19,8,11,42.10526315789473
Santa Fe-Style Rice & Beans,829,409,420,49.336550060313634
"Tulsi Tea, Licorice Spice, Caffeine Free, Infusion Bags",4,0,4,0.0
Organic Green Butter Lettuce,3355,1943,1412,57.913561847988085
Yogurt,10,3,7,30.0
Whole Milk Mozzarella Shredded Cheese,152,60,92,39.473684210526315
Zahatar Seasoning,23,3,20,13.043478260869565
Croutons,55,20,35,36.36363636363637
Original Steak Sauce,398,100,298,25.125628140703515
Seriously Sharp Cheddar Cheese,2452,1603,849,65.37520391517128
Guacamole Singles,416,244,172,58.65384615384615
Creamy,12,2,10,16.666666666666664
Eco Pac Organic Corn Puffs,37,16,21,43.24324324324324
Advanced Surface Cleaner & Polish,7,2,5,28.57142857142857
Manuka Honey Bio Active 5+,116,46,70,39.6551724137931
Wheat Organic Bread,584,313,271,53.5958904109589
Spot's Stew Salmon Dry Dog Food,322,197,125,61.18012422360248
1st Foods Green Beans,79,24,55,30.37974683544304
Blemish Clearing Serum,8,2,6,25.0
"Beverage, Love Greens, Chia & Greens, Beet & Ginger",44,23,21,52.27272727272727
Crisply Oatmeal Granola Cookies,175,96,79,54.85714285714286
"Chao, Vegan, Coconut Herb, Slices",572,305,267,53.32167832167832
Organic Cream on Top Peach Yogurt,232,130,102,56.03448275862068
PB 8 Pro-Biotic Acidophilus Capsules,59,13,46,22.033898305084744
Taco Kit,159,77,82,48.42767295597484
Bamboo Shoots Sliced,221,54,167,24.43438914027149
Grilled Sirloin Steak with Hearty Vegetables RTS Soup,58,26,32,44.827586206896555
Pear Halves In Heavy Syrup,130,65,65,50.0
Natural Pulp Free Coconut Water,533,393,140,73.73358348968105
Limited Edition White Pizza,43,21,22,48.837209302325576
Feta Chunk Reduced Fat Cheese,43,9,34,20.930232558139537
Raw Camu Powder Rainforest Superfruit,42,4,38,9.523809523809524
Berries GoMega Superfood Bar,115,66,49,57.391304347826086
The Original Liquid Coffee Creamer,640,488,152,76.25
Peach Mango Jammers,14,3,11,21.428571428571427
Vitamin C Rejuvenating Oil-Free Moisturizer,12,1,11,8.333333333333332
Traditional Bavarian Classic Soft Pretzels,551,258,293,46.82395644283122
Broccoli Slaw Traditional,256,114,142,44.53125
Naturally Rising Crust Pepperoni Pizza,213,88,125,41.31455399061033
Salted Butter,19163,11576,7587,60.4080780671085
Baby Lotion,84,13,71,15.476190476190476
Waterfall Hand Wash,98,19,79,19.387755102040817
Hot Chili Lime Puffs,9,4,5,44.44444444444444
Organic Mashups Strawberry Banana,607,417,190,68.69851729818781
Refried Beans,301,132,169,43.85382059800664
Fruit & Veggie Twist Apple Mango Pear & Kale,8,2,6,25.0
Parmesan Garlic Flavored Popcorn,11,5,6,45.45454545454545
Mocha Chip Ice Cream,18,5,13,27.77777777777778
Onion Ring Sea Salt & Cracked Pepper,9,3,6,33.33333333333333
Kellerweis Bavarian Style Wheat Beer,4,0,4,0.0
Gluten Free Whole Grain Oat Crackers,68,27,41,39.705882352941174
"Coffee Singles, Classic Roast Coffee Bags",47,30,17,63.829787234042556
Lemon Ginger Sparkling Probiotic Drink,3994,2920,1074,73.10966449674513
Turkey Breast Thin Sliced Mesquite Smoked Deli Select,105,40,65,38.095238095238095
Grilled & Ready Chicken Breast Strips,1797,849,948,47.24540901502504
Southwest Chopped Salad Kit with Dressing,1950,1152,798,59.07692307692308
Naturals Apothecary Shea Butter Hand Cream Aloe & Green Tea,7,1,6,14.285714285714285
Organic Z Fruit Grape Rope,327,161,166,49.235474006116206
Matcha Almondmilk,314,111,203,35.35031847133758
Pastina Pasta,113,37,76,32.743362831858406
Gummies Assortment,10,1,9,10.0
French Chocolate Fat Free Ice Cream,9,4,5,44.44444444444444
Classic Italian Style Basil Pesto,21,5,16,23.809523809523807
Cheese Square Crackers,3681,2019,1662,54.84922575387123
Emergency Contraceptive,47,17,30,36.17021276595745
Epsom Salt Soaking Solution Soothe & Sleep,314,128,186,40.76433121019109
Sea-Salt Grain-Free Tortilla Chips,491,238,253,48.472505091649694
Chocolate Sunbutter Soft Baked Bars,70,31,39,44.285714285714285
Superior Preference Fade-Defying Color + Shine System - 3 Soft Black,15,8,7,53.333333333333336
All Natural Plain Pizza Crust,148,91,57,61.48648648648649
Emmentaler Imported Swiss Cheese,11,2,9,18.181818181818183
Organic Whole Cashews,12816,7754,5062,60.50249687890137
Steamed Red Kidney Beans,7,2,5,28.57142857142857
Organic Breakfast Blend Coffee,398,224,174,56.28140703517588
Organic Turkey Gravy Mix,19,2,17,10.526315789473683
Tartufo Salami,433,194,239,44.80369515011547
Infusions Ultra Downy® Infusions™ Lavender Serenity™ Fabric Softener Sheets 105 count Fabric Enhancers,33,4,29,12.121212121212121
Wipe & Go Instant Stain Remover Wipes,59,15,44,25.423728813559322
Medium Roast Whole Bean Coffee,1231,766,465,62.22583265637694
Pale Ale & Honey Spice Mustard,95,26,69,27.368421052631582
312 Urban Wheat Ale,189,88,101,46.56084656084656
Organic Salted Caramel Chocolate Truffles,356,195,161,54.7752808988764
Sea Salt Brownies,171,69,102,40.35087719298245
Organic Maple Water,28,11,17,39.285714285714285
Red Swiss Chard,64,18,46,28.125
Dried Northwest Mix Mushrooms,45,5,40,11.11111111111111
Grand Parisian Complete Salad Kit,239,125,114,52.30125523012552
Oat Revolution! Maple & Brown Sugar Instant Oatmeal,15,7,8,46.666666666666664
Peanut Butter Toasty Crackers,68,37,31,54.41176470588235
Original Nut Burger Vegan Gluten Free,33,16,17,48.484848484848484
Probiotic Pearls Acidophilus Digestive Health Softgels,15,4,11,26.666666666666668
Maple Glazed Honey Coat Cured Turkey Breast,35,15,20,42.857142857142854
Organic Bittersweet Chocolate Ice Cream,375,210,165,56.00000000000001
Organic Coconut Bliss Non Dairy Frozen Dessert,71,23,48,32.3943661971831
Red Leaf Lettuce,8754,5310,3444,60.65798492117889
ActionPacs With Lemon Scent,238,94,144,39.49579831932773
Fusion ProGlide Power Men's Razor Blade Refills,291,71,220,24.398625429553263
Double Concentrated Tomato Paste in Tube,1658,489,1169,29.493365500603137
Organic Spicy Taco Seasoning,3573,1542,2031,43.15701091519731
Ezekiel 4:9 Sprouted Grain Tortillas,5868,3250,2618,55.38513974096796
Supreme Pizza,226,129,97,57.07964601769911
Raspberry Royale Black Tea,4,0,4,0.0
Cheddar Cheese Crisps,558,269,289,48.2078853046595
Relaxing Beauty Bar Soap With Calming Lavender,72,21,51,29.166666666666668
Organic Wild Blend Rice,378,226,152,59.78835978835979
"Wafers, Vanilla",129,61,68,47.286821705426355
Mini Stuffers Hamburger Dill Chips,107,28,79,26.168224299065418
Cream Cheese Cream Cheese Spread,3533,1625,1908,45.994905179733934
Wehani Rice,16,4,12,25.0
Scented Oil Hawai'i Exotic Papay & Hibiscus Flower Air Freshener Refills,13,1,12,7.6923076923076925
Diet Lemon Iced Tea Mix,10,4,6,40.0
L'Oréal® Paris Advanced Haircare Total Repair 5 Restoring Conditioner,46,12,34,26.08695652173913
Extra Crisp English Muffins,1960,1324,636,67.55102040816327
Gluten Free Cornbread Mix,537,94,443,17.50465549348231
Organic Stevia,346,117,229,33.81502890173411
Strawberries Clamshell,480,184,296,38.333333333333336
DHA Chocolate Milk,5,1,4,20.0
Frozen Raspberries,185,50,135,27.027027027027028
Vital T Vitamin Water,4,0,4,0.0
Chia Squeeze Vitality Snack Blackberry Bliss,1448,999,449,68.99171270718232
Horseradish Bloody Mary Mix,8,4,4,50.0
Everyday Shea Passion Fruit Shampoo,18,2,16,11.11111111111111
Fruit Refreshers Pineapple In Passionfruit Fruit Water,21,1,20,4.761904761904762
Chocolate Soy Milk Singles,28,17,11,60.71428571428571
"Post Selects Great Grains Cereal Raisins, Dates and Pecans",501,340,161,67.86427145708582
Pre-Sliced Deli Roast Beef,119,54,65,45.378151260504204
Chinese Noodles,126,76,50,60.317460317460316
Women's Multivitamin Vegetarian Capsules,4,0,4,0.0
Mocha Chocolate Chip  Organic Non-Dairy Frozen Dessert,7,1,6,14.285714285714285
Sprouted Burger Buns,527,285,242,54.079696394686906
100% Apple Juice,5481,3373,2108,61.53986498814085
Special Blend Medium Roast Coffee Pods,158,87,71,55.06329113924051
Chewy Caramel Coconut,146,41,105,28.08219178082192
Rosemary Crispbread Crackers,616,300,316,48.701298701298704
Herbal Insect Repellent,27,3,24,11.11111111111111
"Bacon, Uncured Hickory Smoked",9,2,7,22.22222222222222
Jasmine Brown Rice,52,19,33,36.53846153846153
Whitening Plus Scope Crest Complete Whitening + Scope Multi-Benefit Minty Fresh Striped Toothpaste 6.2oz Dentifrice,1423,390,1033,27.406886858749125
Picnic Pack Ketchup/Sweet Relish/Yellow Mustard Condiments,231,45,186,19.480519480519483
"Granola Bar, Fig, Cranberry & Hazelnut",402,292,110,72.636815920398
Ground White Pepper,505,29,476,5.742574257425743
Natural Mozzarella Deli Style Sliced Cheese,904,482,422,53.31858407079646
Organic Strawberry & Mango Dried Tiny Fruits,113,42,71,37.16814159292036
Italian Style Flavored Bread Crumbs,5,0,5,0.0
Organic Blues Bread with Blue Cornmeal Crust,2068,1461,607,70.64796905222437
Loofah Sisal Bath Mitt,11,0,11,0.0
Golden Canilla Extra Long Grain Parboiled Rice,5,1,4,20.0
York Miniatures Dark Chocolate Covered Peppermint Patties,205,113,92,55.1219512195122
Toasted Sesame Seed Oil,3910,652,3258,16.675191815856778
"Organic Seaweed Snack, Raw",109,56,53,51.37614678899083
Gluten Free Taco Sauce,111,23,88,20.72072072072072
Long & Strong Jojoba Conditioner,15,1,14,6.666666666666667
Lime Sparkling Water,46546,34538,12008,74.20186482189662
Sauteed Glazed Onions,6,2,4,33.33333333333333
Dairy Free Plain Cream Cheese Style Spread,1278,490,788,38.341158059467915
Drink It Up Coconut Milk Conditioner,313,82,231,26.198083067092654
Peach Mint Kombucha,165,103,62,62.42424242424243
Slow Cooker Hawaiian Luau Sauce,4,0,4,0.0
"Bagel Chips, Everything",268,118,150,44.02985074626866
Marvelous Muffins Baking Mix,7,1,6,14.285714285714285
Bean & Cheese Burritos,15,8,7,53.333333333333336
Original Rainbow Chip Frosting,49,8,41,16.3265306122449
Organic Italian Seasoning,215,27,188,12.558139534883722
Natural Glow + Firming Medium to Tan Skin Tones Daily Moisturizer,72,35,37,48.61111111111111
Peach,6274,3131,3143,49.904367229837426
2% Low Fat Cottage Cheese,1452,883,569,60.81267217630854
Persian Pickle Cucumbers,136,44,92,32.35294117647059
Premium Lite Coconut Milk,6,1,5,16.666666666666664
White Oak Cheddar Aged Cheddar Cheese,6,2,4,33.33333333333333
Adobo All Purpose Seasoning with Cumin,4,0,4,0.0
Tea House Organic Black Tea With Lemon & Honeysuckle,12,5,7,41.66666666666667
Sweet Potato Pie,21,8,13,38.095238095238095
Organic Khao Deng Ruby Red Rice,17,1,16,5.88235294117647
Cornmeal Crust 3 Cheese Pizza,999,525,474,52.552552552552555
Lemongrass & Tea Tree With Orange Peel Body Wash,14,1,13,7.142857142857142
Bedtime Bath™ Baby Bath,11,3,8,27.27272727272727
Vitamin E Stick,59,26,33,44.06779661016949
6.25 Oz LifeSavers Wintogreen Peg,304,152,152,50.0
Stout Steak & Potato Handheld Aussie Pies,251,121,130,48.20717131474104
Honey Butter,6,1,5,16.666666666666664
Cake Blend Unbleached Flour,847,131,716,15.466351829988193
Gluten-Free Cranberry Apple with Walnut & Cinnamon Instant Oatmeal,16,8,8,50.0
"Chicken Chunks, Lightly Breaded",58,34,24,58.620689655172406
Mediterranean Chickpea Veggie Burgers,185,66,119,35.67567567567568
"Cutlery, Plastic, Heavyweight, Wasabi Green",7,1,6,14.285714285714285
Black Pepper Croccantini,16,9,7,56.25
"Gum, Sugarfree, Polar Ice",16,9,7,56.25
Italian Herb Seasoning,25,2,23,8.0
Cavity Protection Regular Fluoride Toothpaste,370,75,295,20.27027027027027
Antiperspirants And Deodorants,14,0,14,0.0
K-Kritters Graham Animal Cookies,16,7,9,43.75
Skinless & Boneless Sardines In Water,7,1,6,14.285714285714285
Deluxe Toenail Clipper,16,1,15,6.25
No Drip Foam Mold and Mildew Stain Remover with Bleach,100,22,78,22.0
Himalayan Pink Salt,1368,316,1052,23.099415204678362
Cut Okra,3204,1560,1644,48.68913857677903
Baby Healing Ointment Advanced Therapy Skin Protectant,6,0,6,0.0
Organic Leeks,59,9,50,15.254237288135593
Organic Granny Smith Apples,1251,574,677,45.88329336530775
Minis King Size Candy,5,1,4,20.0
Vegetable Tray With Low Fat Dressing,2752,1428,1324,51.889534883720934
Apple Gouda Uncured Sausage,117,72,45,61.53846153846154
100% Colombian Ground Medium Dark Coffee,154,87,67,56.493506493506494
Jalapeno Tortilla Chips,64,24,40,37.5
Hamburger Dill Pickle Chips,47,15,32,31.914893617021278
Nasal Relief Spray,50,9,41,18.0
Shredded Mexican Style Four Cheese,173,68,105,39.30635838150289
Onion Buns,184,81,103,44.02173913043478
Balsamic Vinaigrette Salad Dressing,198,74,124,37.37373737373738
Children's Nighttime Cough Syrup + Mucus Reducer Grape Flavor,32,8,24,25.0
Cooked Organic Quinoa,37,20,17,54.054054054054056
2 in 1 Dry Scalp Care Shampoo & Conditioner,13,5,8,38.46153846153847
Umcka Cold & Flu Orange,10,0,10,0.0
French Lavender Organic Whole Milk Yogurt,69,33,36,47.82608695652174
Absolutely Ageless Nourishing Cleanser,7,2,5,28.57142857142857
Dark Chocolate Sugar Free Pudding Snacks,534,314,220,58.80149812734082
Gluten-Free Steel Cut Oats,17,4,13,23.52941176470588
Cocktail Peanuts,822,421,401,51.21654501216545
Basil & Herb Pearled Couscous,409,159,250,38.87530562347188
Calcium Magnesium w/ Vitamin D3,6,1,5,16.666666666666664
Chewy S'mores Granola Bars,726,424,302,58.40220385674931
Almond Meal/Flour Finely Ground,56,7,49,12.5
Traditionals With Gravy Salisbury Steak,37,7,30,18.91891891891892
Cheese Creations Creamy Mozzarella Cheese Sauce,18,3,15,16.666666666666664
Organic Lemon Pie Sprouted Cookies,198,83,115,41.91919191919192
Organic All Natural Dressing & Marinade Balsamic,26,5,21,19.230769230769234
Organic All Vegetable Shortening Butter Flavor,12,2,10,16.666666666666664
Extra Fiber Bread,9,4,5,44.44444444444444
Organic Mint Crunch Dark Chocolate Bar,168,101,67,60.11904761904761
Steel Wool Soap Pads,123,21,102,17.073170731707318
"Dark Chocolate, Extreme, with Cacao Nibs",8,2,6,25.0
Light Italian Style Vegetable Soup,20,3,17,15.0
Sweet Potatoes Tortilla Chips,13,4,9,30.76923076923077
Sweet Peas Creamed Spinach Medley,213,88,125,41.31455399061033
Pike Place Roast Whole Bean Coffee,197,107,90,54.314720812182735
"Hefty 8 7/8\"" 45ct Printed Foam Plate",10,6,4,60.0
Hot El Hombre Salsa,124,85,39,68.54838709677419
Gluten Free Organic Peanut Butter & Chocolate Cereal,1078,573,505,53.15398886827458
Foods Dry Salami Rosette De Lyon,11,2,9,18.181818181818183
Cheese Nut Black Ash,6,1,5,16.666666666666664
Prenatal Multivitamin+DHA,23,4,19,17.391304347826086
Unsalted Sweet Butter Sticks,433,151,282,34.8729792147806
Chocolate Chip Chewy Granola Bars,106,76,30,71.69811320754717
"Freshly Made. Filled with Tender Chicken, Lightly Seasoned with Rosemary and Roasted Garlic Family Size Herb Chicken Tortellini",162,74,88,45.67901234567901
Wholemega Whole Fish Oil 1000 mg,29,7,22,24.137931034482758
Vitamin A&E Moisturizer Lotion,8,1,7,12.5
Premium Green Tea,321,204,117,63.55140186915887
Shower Cleaner,8,2,6,25.0
72% Cacao Twilight Delight Intense Dark Bar,381,158,223,41.46981627296588
Olive Snack Pitted Green Olives,37,8,29,21.62162162162162
Paloma De Colores Mixed Popcorn,5,1,4,20.0
Originali Biscotti,113,47,66,41.5929203539823
Organic Lowfat Milk,3955,2759,1196,69.75979772439949
Dinn-A Rolls,24,13,11,54.166666666666664
Greek Yogurt Blueberry,39,6,33,15.384615384615385
Sprinkles Butter Flavor Granules,16,11,5,68.75
Chicken a la King Sauce,8,5,3,62.5
Mullein Garlic Ear Oil,65,5,60,7.6923076923076925
Roasted Garlic Chicken Skillet Sauce with Chipotle & Lime,58,19,39,32.758620689655174
Ginger Beer Premium,682,409,273,59.970674486803524
Jalapeno Pretzel Pieces,135,72,63,53.333333333333336
Santa Cristina Rosso Toscana,10,5,5,50.0
Goblin Chocolate Chip Energy Snack,20,7,13,35.0
Finley Shreeded Mild Colby Monterey Jack,132,36,96,27.27272727272727
Seasoning Bay Leaf,1076,85,991,7.899628252788105
Tricolor Rotini,54,20,34,37.03703703703704
Organic Chunky Medium Salsa,18,6,12,33.33333333333333
Naked Green Machine Boosted Juice Smoothie,5874,3433,2441,58.44399046646238
Buffalo Chicken Breast,43,21,22,48.837209302325576
Rolling Rock,11,2,9,18.181818181818183
Classic Original Scent Deodorant,197,46,151,23.3502538071066
Jumbo Slider Bags,167,48,119,28.74251497005988
Blue Sparkle Fabric Softener Dryer Sheets,299,60,239,20.066889632107024
Sugar Free Chocolate Reduced Calorie Pudding Snacks,510,267,243,52.352941176470594
Tomato Sauce & Three Cheese Pizza,577,347,230,60.13864818024264
Pear Vinaigrette Dressing and Marinade,17,4,13,23.52941176470588
4 Seasons Pepper Corns Mill Spices,126,26,100,20.634920634920633
Every 40+ Woman's One Daily Multivitamin,17,3,14,17.647058823529413
French Roast Single Serve Coffee K-Cups,552,278,274,50.36231884057971
L&#39;Or&Eacute;Al&Reg; Paris Pure Clay Mask Detox &#38; Brighten 1.7 Oz,20,6,14,30.0
Spot's Stew For Cats Wild Salmon Recipe,101,46,55,45.54455445544555
Masa Harina Golden Corn Flour,436,74,362,16.972477064220186
"Couscous, Organic, Brown Rice, Original",9,1,8,11.11111111111111
Garlic & Herb Rice Pilaf Mix,977,411,566,42.0675537359263
Dino Eggs Instant Oatmeal,636,394,242,61.94968553459119
White Bean Bites,4,1,3,25.0
94% Fat Free Microwave Butter Popcorn,201,101,100,50.24875621890548
"Shampoo, Miss Treated, Replenishing, Palmarosa Mint",2,0,2,0.0
Monterey Pinot Gris,120,55,65,45.83333333333333
Black Beans & Long Grain Rice,3,0,3,0.0
Original Choice Dry Cat Food,432,228,204,52.77777777777778
Lemon Zest Nutrition Bars,555,319,236,57.47747747747748
Overnight Maxi Pads,399,139,260,34.83709273182957
Andouille,161,71,90,44.099378881987576
Organic Red Pepper Hommus,1087,634,453,58.32566697332106
Peter Rabbit Organic Pea Spinach & Apple Puree Snack,1228,782,446,63.68078175895765
Naturally Hickory Smoked Hometown Original Bacon,584,234,350,40.06849315068493
Fresh Stack Italian Herb,8,1,7,12.5
Fireworks Moonlight Breeze In-Wash Scent Booster,18,8,10,44.44444444444444
Cheddar Baked Mini Snack Crackers,74,42,32,56.75675675675676
Dark Chocolate Hazelnut,431,231,200,53.596287703016245
Sundried Tomato & Basil Wheat Thins,476,233,243,48.94957983193277
Chocolate Reduced Fat Milk,144,100,44,69.44444444444444
Italian Sausage and Garlic Meat Sauce,398,176,222,44.221105527638194
Ready-to-Use Wasabi Paste,7,2,5,28.57142857142857
Natural Bacon,14,7,7,50.0
Raw Indonesian Creamy Cashews,54,24,30,44.44444444444444
Grovestand Lots of Pulp Orange Juice,871,617,254,70.83811710677382
Candy Cane Hot Cocoa with Peppermint Flavored Marshmallows,11,2,9,18.181818181818183
Grilled & Ready Chicken Breast Fillets,893,486,407,54.42329227323628
Pumpkin Butter,18,3,15,16.666666666666664
Napa Cabbage Kimchi,36,14,22,38.88888888888889
"9\"" Cherry Pie",164,80,84,48.78048780487805
"Fruit & Veggie Snacks, Chewy, Cinnamon Spiced Beet",223,133,90,59.64125560538116
Classic White Bread,6872,4552,2320,66.23981373690337
Adult Grain-Free & Poultry-Free Dog Food,183,103,80,56.284153005464475
Vanilla Caramel Coffee Creamer,29,15,14,51.724137931034484
Narino Peach Tea,29,16,13,55.172413793103445
Spectacular Sparkling Orange Soda,11,2,9,18.181818181818183
Brooklyn Rye Oval,27,12,15,44.44444444444444
Embrace Prenatal 35+ Food-Based Multivitamin,14,4,10,28.57142857142857
Vicks DayQuil Cold & Flu Multi-Sympton Relief,214,37,177,17.289719626168225
Sun Dried Tomatoes,437,65,372,14.874141876430205
Corn Tostadas,173,77,96,44.50867052023121
"Puffs, White Cheddar",15,8,7,53.333333333333336
PODS Original Scent Pacs Laundry Detergent,52,19,33,36.53846153846153
Pure Olive Oil,844,332,512,39.33649289099526
DHEA 25 mg,14,6,8,42.857142857142854
Sauce for Kung Pao Chicken,7,0,7,0.0
Sun Dried Tomato Bruschetta,9,0,9,0.0
Fume Free Spray Lemon Scent Oven Cleaner,10,0,10,0.0
Gluten Free Baking & Packing Mix,731,318,413,43.50205198358413
Lavender Thyme Body Lotion,24,6,18,25.0
Plant Enzymes,3,0,3,0.0
Disinfecting Bathroom Bleach-Free Cleaner,456,137,319,30.043859649122805
Naturally Smoked Mozzarella Balls,52,24,28,46.15384615384615
"Dark Chocolate, Mexican-Style Stone, Ground, Coffee",29,4,25,13.793103448275861
All Natural Peach Tea Bottles,712,480,232,67.41573033707866
"Deodorant, Regular",9,1,8,11.11111111111111
Soymilk Vanilla Value Size,154,105,49,68.18181818181817
"Chardonnay, California, 2012",6,2,4,33.33333333333333
Jamoca Almond Fudge Ice Cream,53,26,27,49.056603773584904
18-in-1 Hemp Almond Pure-Castile Soap,17,3,14,17.647058823529413
Select Tender Chicken with Vegetables & Brown Rice Dog Food Recipe,518,410,108,79.15057915057915
Freshly made pasta layered between a rich meat sauce and topped with Real Mozzarella cheese Lasagna with Meat & Sauce,867,399,468,46.02076124567474
Sippy Cup,16,2,14,12.5
Dark Chocolate Coconut Protein Bar,24,10,14,41.66666666666667
Chicken Seasoning,128,12,116,9.375
Reduced Fat Milk 2%,2268,1835,433,80.90828924162258
Dark Almond Organic Chocolate,534,286,248,53.558052434456926
"Handmade Vodka From Austin, Texas",1244,701,543,56.35048231511254
"Banana Bites, Chewy, Organic Coconut",771,452,319,58.62516212710766
Once And Done Wipes,35,13,22,37.142857142857146
Gentle And Predictable Overnight Relief Laxative Tablets,16,8,8,50.0
Magnesium 400 Mg Vegetarian,13,0,13,0.0
Spring Water Antibacterial Liquid Hand Soap with Moisturizer,600,202,398,33.666666666666664
Gluten Free Brown Rice English Muffins 6 ct,1610,834,776,51.80124223602485
Cell Stimulating Facial Mask,17,1,16,5.88235294117647
Greek 100 Calories Coconut Fat Free Yogurt,126,76,50,60.317460317460316
Thyroid Support Liquid Phyto-Caps,4,0,4,0.0
Organic Yerba Mate Unsweetened Hibiscus Lime,300,230,70,76.66666666666667
Nilla Wafers,1913,859,1054,44.903293256664924
Toasted Onion Brown Rice Snaps,256,173,83,67.578125
Brewer's Yeast Powder,92,10,82,10.869565217391305
Nourishing Cocoa Butter Creme,10,3,7,30.0
Semisweet Dark Chocolate  Baking Chunks,43,13,30,30.23255813953488
Miso Caesar Dressing,10,0,10,0.0
Wild Mackerel With Olive Oil,151,78,73,51.65562913907284
Ruby Grapefruit Segments,17,12,5,70.58823529411765
Bathroom Tub & Tile Cleaner,5,0,5,0.0
Furniture Polish,87,14,73,16.091954022988507
FreshCare Flushable Cleansing Cloths Refill,590,296,294,50.16949152542372
Fine Cut Shredded Mild Cheddar Cheese,75,24,51,32.0
Cherry Flavored Sublingual B-12 Dots 500 mcg,3,0,3,0.0
Orange Original Frozen Concentrate 100% Juice,22,8,14,36.36363636363637
Spectacular Club Soda,84,24,60,28.57142857142857
Large Curd Cottage Cheese,52,27,25,51.92307692307693
Brightening Even Skin Tone Moisturizing Cream,6,1,5,16.666666666666664
Ultra Soft Toilet Paper 6 Double Rolls,4,1,3,25.0
Almonds  Dark Chocolate Squares,19,7,12,36.84210526315789
Maximum Strength Ultra Rapid Action Pads Acne Medication,53,19,34,35.84905660377358
Hazelnut Liquid Coffee Creamer,43,21,22,48.837209302325576
Chia Pod Blueberry Yogurt,381,186,195,48.818897637795274
Cheese Franks,6,2,4,33.33333333333333
Sour Apple Pucker,5,0,5,0.0
Chewy Chocolate Chip & Oatmeal Cookies,8,1,7,12.5
Stripes Mini Bars,14,7,7,50.0
Training Pants Night Time Glow In The Dark Size 3T-4T,137,79,58,57.66423357664233
Zucchini Soup,105,61,44,58.0952380952381
100% Whole Wheat Pre-Sliced Bagels,2448,1562,886,63.807189542483655
Cheddar 'n Bacon Spray Cheese,7,0,7,0.0
Fresh Blueberries,5,0,5,0.0
Blueberry Beet & Brown Rice Cakes,2098,1335,763,63.63203050524309
Organic Blended Blue Juice,11,4,7,36.36363636363637
"Veggies On-The-Go Beet, Apple & Mango Puree Stage 2",7,4,3,57.14285714285714
Onion Soup And Dip Mix,31,6,25,19.35483870967742
Fancy Shredded Mild Cheddar Cheese,50,20,30,40.0
Organic Cocoa Cherry Bar,127,61,66,48.031496062992126
Semi Sweet Chocolate Mega Chunks Dairy Nut & Soy Free,1017,646,371,63.52015732546706
Sweet Baby Bell Peppers,30,11,19,36.666666666666664
Enchilada Black Bean Vegetable,2075,1083,992,52.19277108433735
Water Mineral,2244,1855,389,82.66488413547238
Matcha Snakaroons Coconut Macaroons,7,1,6,14.285714285714285
Healthy Kids Marvel Avengers Assemble Condensed Soup,35,15,20,42.857142857142854
Everyday 2-Ply White Facial Tissues,1243,546,697,43.925985518905875
The Ring Vegetable Brush,42,5,37,11.904761904761903
Milk Chocolate Chip Cookies,145,89,56,61.37931034482759
White Clam Italian Style Pasta Sauce,14,7,7,50.0
Organic Wrapped Broccoli,58,22,36,37.93103448275862
Swedish Meatballs Seasoning & Sauce Mixes,21,1,20,4.761904761904762
Oregon Strawberry Preserves,39,21,18,53.84615384615385
Medium Hold Sunflower & Citrus Hair Spray,9,3,6,33.33333333333333
"Sauce, Ginger Lime",10,0,10,0.0
Peach Light & Fit Greek Yogurt,101,60,41,59.4059405940594
Apple & Gouda Cheese Chicken Sausage,537,306,231,56.98324022346368
Mighty Dinos Cheddar Organic Baked Crackers,14,4,10,28.57142857142857
Alderwood Smoked Cracked Pepper Salmon,71,43,28,60.56338028169014
Honey Pecan English Tea Scones,164,101,63,61.58536585365854
"All White Meat Turkey Burgers, 93% Lean",32,9,23,28.125
Organic Dry Roasted Premium Flaxseed,5,1,4,20.0
Almond Biscotti,109,49,60,44.95412844036697
Sour Patch Kids Redberry Sugar-Free Chewing Gum,33,28,5,84.84848484848484
Adore Forever Body Wash,12,8,4,66.66666666666666
Hawaiian Shampoo Cocoa Butter,21,4,17,19.047619047619047
"Cauliflower, Cool",123,46,77,37.39837398373984
Dishmate Ultra Pear Natural Dish Liquid,246,55,191,22.35772357723577
Salsa Fresca,470,304,166,64.68085106382979
Real2 Alkalized Water 500 ml,451,389,62,86.25277161862527
"Gochujang Chicken, with Brown Rice",38,5,33,13.157894736842104
Watch 2032BP Batteries,36,1,35,2.7777777777777777
Imported Vodka,243,134,109,55.144032921810705
Sassy Creamy Horseradish Sauce,4,1,3,25.0
Organic Natural Creamy Peanut Butter,33,6,27,18.181818181818183
Mango Peach 100% Juice,38,17,21,44.73684210526316
Organic Vanilla Almond Milk,11621,8883,2738,76.4392048877033
Real Coconut Water,2947,2267,680,76.92568713946386
Low Fat Ice Cream Sea Salt Carmel Bar,421,271,150,64.37054631828978
Brown Sugar and Cinnamon Steel Cut Quick Oatmeal,147,59,88,40.136054421768705
Pure Life Purified Water,2099,1262,837,60.123868508813715
Turmeric Curcumin Capsules,27,5,22,18.51851851851852
Mesquite with Lime Juice Marinade,27,5,22,18.51851851851852
Organic Yukon Gold Potato,4718,2462,2256,52.18312844425604
Pure Leaf Extra Sweet Tea,16,9,7,56.25
Apple & Apricot Fruit Bar,1402,784,618,55.92011412268189
Buttery Spray,18,16,2,88.88888888888889
Organic Split Pea Soup,20,2,18,10.0
Peanut Butter Cookie Mix,181,43,138,23.756906077348066
Original Healing Soothing Repair Lotion,9,1,8,11.11111111111111
Sliced New Potatoes,24,17,7,70.83333333333334
Frosted Chocolate Cup Cakes  with Creamy Filling,776,425,351,54.76804123711341
Green Tea Dandelion,38,9,29,23.684210526315788
Galangal Thai Ginger,12,1,11,8.333333333333332
Mountain Spring Long Lasting Deodorant for Men,155,28,127,18.064516129032256
Strawberry Protein Shake,1376,938,438,68.1686046511628
Original Rice Drink,614,459,155,74.7557003257329
California Grown Crushed Garlic,43,6,37,13.953488372093023
Barbeque Baked Fries,16,11,5,68.75
Premium Roasted Chicken Base,7,0,7,0.0
Butter Flavored Cookies,103,56,47,54.36893203883495
ColorStay 201 Black Eyeliner,29,5,24,17.24137931034483
Five Cheese Sauce,87,32,55,36.7816091954023
Natural Mini Pork Pepperoni,2433,1387,1046,57.00780928894369
Condensed Old Fashioned Tomato Rice  Soup,84,40,44,47.61904761904761
Her Pleasure Ecstasy Ultrasmooth Lubricant Latex Condoms,27,10,17,37.03703703703704
Pan Liner Paper 30 sq ft,10,0,10,0.0
"Coffee, Medium Roast, Original Blend, K-Cup Packs",260,142,118,54.61538461538461
Organic Red Chard Greens,11029,6336,4693,57.4485447456705
Carrot Cake,583,303,280,51.97255574614065
Sea Salt Garden Veggie Chips,506,262,244,51.77865612648221
Soda Lemon Lime Diet,9,5,4,55.55555555555556
Naturals Purifying Facial Cleanser,41,6,35,14.634146341463413
Organic Sucanat Dehydrated Cane Juice,53,15,38,28.30188679245283
with Mac & Cheese Fish Sticks,13,6,7,46.15384615384615
Lindor Peppermint White Chocolate Truffles,1,0,1,0.0
Sparkling Cranberry 6 Pack,38,28,10,73.68421052631578
Carbon Filtered Water,111,56,55,50.45045045045045
"Zucchini, Carrots & Onion",9,1,8,11.11111111111111
Chicken with Peanut Sauce,442,233,209,52.71493212669684
Organic Baby Kale,18358,11715,6643,63.81414097396231
Twice Baked Potatoes,234,133,101,56.837606837606835
Gluten-Free Wheat-Free Bread Crumbs,83,16,67,19.27710843373494
Indicator Contour Clean Soft Toothbrush Twin Pack,108,16,92,14.814814814814813
Italian Parsley,551,195,356,35.39019963702359
Dutchman's Chocolate Ice Cream,159,75,84,47.16981132075472
Assorted Gummi Bears,8,1,7,12.5
Amber Sun Turmeric Tea,194,68,126,35.051546391752574
Umeboshi Pickled Ume Plum,24,2,22,8.333333333333332
Natural Hard Apple Cider,147,95,52,64.62585034013605
Chocolate Truffle Cake,8,0,8,0.0
Sweet Roasted Peppers,69,15,54,21.73913043478261
Kellogg's Chocolatey Peanut Butter Granola Bars,87,45,42,51.724137931034484
Whole Bean House Blend Deep Roast,329,169,160,51.3677811550152
Organic Tortilla Chips,13776,8638,5138,62.70325203252033
Gluten Free Organic Old Fashioned Rolled Oats,41,2,39,4.878048780487805
Grilled Artichoke Hearts,149,65,84,43.624161073825505
by Mennen Power Antiperspirant/Deodorant Fresh,43,12,31,27.906976744186046
Barley Beans,118,64,54,54.23728813559322
Stoneground Cinnamon Cluster Cereal Flakes,40,13,27,32.5
Elegant Medleys Whitefish & Shrimp Recipe Cat Food,17,6,11,35.294117647058826
Soft Baked Granola,723,376,347,52.00553250345782
Premium Pate Wet Cat Food - Chicken Entree,74,51,23,68.91891891891892
Milk Chocolate Variety Pudding,147,54,93,36.734693877551024
Turkey Flavored Collard Greens,10,2,8,20.0
Blueberry Walnut Granola,26,10,16,38.46153846153847
Original Roasted Potato Seasoning Mix,2,0,2,0.0
Medium Fresh Roma Roasted Salsa,5,2,3,40.0
Sesame Miso Chopped Salad,20,7,13,35.0
New Orleans Style Dinner Mix Rice Pilaf,7,3,4,42.857142857142854
Multi Seed English Muffin,595,312,283,52.43697478991597
Genoa Salame with White Cheddar Cheese & Toasted Rounds Small Plates,266,160,106,60.150375939849624
Vanilla Ice Cream Cups,84,41,43,48.80952380952381
Chocolate Moon Pies,23,10,13,43.47826086956522
Gluten Free Brown Rice White Cheddar Rice Thins,61,22,39,36.0655737704918
Original Unscented Roll-On Antiperspirant Deodorant,60,18,42,30.0
Veggie Platter,3,0,3,0.0
Pizza Four Cheese,768,309,459,40.234375
Crispy Rice Dark Chocolate Bar,689,463,226,67.19883889695211
Golden Oreo Sandwich Cookies Family Size,138,57,81,41.30434782608695
Golden Pure Honey,13,1,12,7.6923076923076925
Organics Tortilla Chips Blue Corn,107,25,82,23.364485981308412
Ramen Noodle Soup Sriracha Chicken Flavor,9,1,8,11.11111111111111
Pappardelle Pasta,18,4,14,22.22222222222222
Natural Reduced Fat Sharp Cheddar Cheese Sticks,456,278,178,60.96491228070175
Kidz Yellow Cupcake Nutrition Bars,7,3,4,42.857142857142854
Philly Steak & Cheese Seasoned Crust Sandwiches,70,40,30,57.14285714285714
Organic Hemp Plus Granola Cereal,2497,1591,906,63.71645975170204
Organic Large Grade AA Eggs,488,377,111,77.25409836065575
Chantilly Creme,74,33,41,44.5945945945946
Bay Area Honey,77,32,45,41.55844155844156
Cookie Thins Cake Batter,6,1,5,16.666666666666664
NyQuil Cold & Flu Nighttime Relief Cherry Flavor Liquid,82,17,65,20.73170731707317
Ritz Sour Cream & Onion Toasted Chips,627,348,279,55.50239234449761
Sensitive Skin Moisturizing Cream Soap Bars,1115,351,764,31.47982062780269
Seeded Italian Enriched Bread,16,8,8,50.0
Very Emollient Body Lotion Coconut Rescue,20,2,18,10.0
Maca Buttercups,100,90,10,90.0
Wee Brie,20,4,16,20.0
Chocolate Chip Frozen Dairy Dessert,20,2,18,10.0
Light in Sodium Country Cheddar Bowl,173,83,90,47.97687861271676
Stewed Roma Style W/Onions Celery & Green Peppers Tomatoes,4,0,4,0.0
Coconut Milk with Jasmine PetalsPurely Pampering Nourishing Body Wash,75,16,59,21.333333333333336
Smoked Garlic Teriyaki,198,106,92,53.535353535353536
Ocean Blue Lemonade,2,0,2,0.0
Minis Graham Cookies,20,6,14,30.0
Original Thin Supreme Pizza,623,384,239,61.63723916532905
Avocado Spread Basil,10,4,6,40.0
Peppered Gravy Mix,5,0,5,0.0
Fresh Frozen Mixed Berries,382,207,175,54.18848167539267
Disinfecting Wipes Citrus Scent,147,59,88,40.136054421768705
Rich & Hearty Loaded Potato with Bacon,213,82,131,38.497652582159624
Corn Chex Cereal,868,403,465,46.42857142857143
Powercore Color Protector Laundry Detergent 50 Count,15,6,9,40.0
Original Chili con Carne with Beans,6,0,6,0.0
50% Less Sodium Black Beans,960,425,535,44.27083333333333
Ibuprofen Tablets 200 mg,11,0,11,0.0
Hydrate + Repair Argan Oil of Morocco Conditioner,10,1,9,10.0
Ice Cubes Sugar-Free Peppermint Gum,36,27,9,75.0
Vegan Honey Mustard Dressing,148,91,57,61.48648648648649
Mellow Mango Sweet Dreams,115,87,28,75.65217391304347
Organic Strawberry Smoothie,11610,8989,2621,77.42463393626184
Coho Salmon,3077,1006,2071,32.69418264543387
Caramel Coated Popcorn & Peanuts Snack Mix,64,33,31,51.5625
Southern Pecan Ice Cream,30,14,16,46.666666666666664
"Hydrating Mist, with Hyaluronic Acid, Dry/Normal",11,3,8,27.27272727272727
Chocolate Peanut Butter,4657,2427,2230,52.11509555507837
Dark Chocolate Fudge,19,7,12,36.84210526315789
Half & Half Lemonade Tea,154,77,77,50.0
Fabulous Eye Cream,11,1,10,9.090909090909092
Artesian Hawaiian Volcanic Water,32,24,8,75.0
Marrobone®,5,0,5,0.0
Mrs Fields Chocolate Chunk Cookie Dough Frozen Dairy Dessert,11,1,10,9.090909090909092
Beer Brats Sausage,363,217,146,59.77961432506888
Intensive Healing Anti-Itch Creme,68,4,64,5.88235294117647
Cream of Mushroom Condensed Soup,153,52,101,33.98692810457516
Tuna Fillets With Lemon And Pepper In Olive Oil,18,6,12,33.33333333333333
Rub with Love Steak Rub,20,1,19,5.0
Rise Sports Drink,8,3,5,37.5
Purifying Tea Tree Pure Natural Deodorant Stick,53,5,48,9.433962264150944
Bing Cherry Pie,27,7,20,25.925925925925924
Butter Cookies,32,6,26,18.75
Alkalized Water,582,488,94,83.8487972508591
Vegan Shortening,29,1,28,3.4482758620689653
Eye Make-Up Remover Pads,71,11,60,15.492957746478872
Prosciutto Di Parma,4266,2553,1713,59.84528832630098
"Vitamin D3, High Potency, 1,000 IU, Sunny Gummies, Sour Lemon",90,30,60,33.33333333333333
Traina Sun Dried Tomato Ketchup,8,2,6,25.0
Entertainment Crackers,221,51,170,23.076923076923077
Pocket Pearl Regular Tampons,12,2,10,16.666666666666664
Lip Calm Lip Balm,44,11,33,25.0
Vegetable Juice,122,42,80,34.42622950819672
Peanut Butter Soft-Baked Cookies,13,4,9,30.76923076923077
Keurig Daybreak Morning Blend Coffee K Cups,182,93,89,51.098901098901095
Double Rolls 2 X Stronger Unscented Bathroom Tissue,49,29,20,59.183673469387756
Citrus Blend Air Freshener,29,17,12,58.620689655172406
Calming Bubble Bath,85,16,69,18.823529411764707
Aqua Impact Body and Face Wash,76,28,48,36.84210526315789
Nutter Butter Cookies,787,356,431,45.23506988564168
Chicken Flavor Dog Snacks,15,8,7,53.333333333333336
Fruit Fly Trap,43,4,39,9.30232558139535
Organic Alba Clamshell Mushrooms,33,19,14,57.57575757575758
Paper Towels Pick-A-Size,751,315,436,41.944074567243675
Organic Braised Tofu,616,375,241,60.87662337662337
Clarifying Hydro Serum Facial Mask,67,18,49,26.865671641791046
Tropical Flavored Fruit Snacks,440,226,214,51.36363636363637
Lemon Scent Dishwasher Detergent Pacs,114,39,75,34.21052631578947
Angel Food Loaf,16,1,15,6.25
Chamomile Lemon Tea Bags,25,7,18,28.000000000000004
Dots Assorted Fruit Gumdrops,260,121,139,46.53846153846154
Glass Cleaner with Ammonia,12,1,11,8.333333333333332
All Natural Organic Green Lentils,196,61,135,31.122448979591837
Cut Watermelon,21,3,18,14.285714285714285
Shelled Pecans,89,9,80,10.112359550561797
Premium Chunk White Chicken,3,0,3,0.0
Biscoff Cookie,1353,759,594,56.09756097560976
Lunchables Turkey Cheddar Cracker Stackers,16,5,11,31.25
Uncured Summer Sausage,135,70,65,51.85185185185185
Awapuhi Ginger + Holy Basil Volumizing Shampoo,19,1,18,5.263157894736842
Black Elderberry Nighttime Syrup,12,3,9,25.0
Organic Jalapeno Hot Sauce,499,119,380,23.847695390781563
Cocoa Bunnies Whole Grain Cereal,1498,707,791,47.19626168224299
Original Non-Dairy Beverage,689,496,193,71.98838896952104
Yellow Peaches,88,26,62,29.545454545454547
Cookies 'n' Creme Candy Bar,117,59,58,50.427350427350426
Gluten Free Chocolate Macaroons,5,1,4,20.0
Mailing & Storage Packaging Tape Roll,23,2,21,8.695652173913043
Sweet Potato Pancake & Waffle Mix,37,7,30,18.91891891891892
Maple & Brown Sugar Instant Oatmeal,279,150,129,53.76344086021505
Organic Dried Mango,373,164,209,43.96782841823057
Handy Size Sponges,435,105,330,24.137931034482758
Gluten Free Cafe Black Bean Soup,9,0,9,0.0
Fajita Whole Wheat Flour Tortillas,29,8,21,27.586206896551722
Nutri Stars Childrens Vitamins Fruit Punch Flavor chewable tablets,13,5,8,38.46153846153847
Whole Bean Medium Roast Decaf Coffee,39,24,15,61.53846153846154
Pineapple Tidbits in 100% Pineapple Juice,464,193,271,41.5948275862069
Pastry/Basting Brush,23,2,21,8.695652173913043
Gluten Free Hamburger Buns,775,367,408,47.35483870967742
Ranch Yogurt Dressing,6,0,6,0.0
Ancient Grains Bread,29,16,13,55.172413793103445
100% Pure Oolong Tea,35,16,19,45.714285714285715
Chocolate Coconut Chew Flavored Bar,2190,1003,1187,45.79908675799087
Color Extend Shampoo,7,0,7,0.0
Taste Of Asia Sukiyaki Beef,13,5,8,38.46153846153847
Heat & Eat Containers,12,6,6,50.0
"Salsa, Chipotle Corn Salsa, Medium",17,5,12,29.411764705882355
Apple Peach & Spinach Squeezable Fruit & Veggies,47,31,16,65.95744680851064
Seafood Sensations Cat Food,148,78,70,52.702702702702695
"Whole Grain Organic Waffles, Totally Original",2252,1227,1025,54.48490230905861
Arnold Italian Crustini Rolls,58,23,35,39.6551724137931
Jerusalem Baked Whole Wheat Matzo Thins,7,0,7,0.0
Reese's Peanut Butter & Chocolate Chunk Cookie Mix,6,0,6,0.0
Caffé Latte with Milk Espresso Drink,35,22,13,62.857142857142854
Mayan Chocolate Ice Cream,57,25,32,43.859649122807014
Irish Aged Cheddar Cheese,1172,552,620,47.098976109215016
Grilled Chicken & Mozzarella Ravioli,115,71,44,61.73913043478261
Mrs. Grass Soup Mix Extra Noodles,112,53,59,47.32142857142857
Honey Nut Crunch Cereal,274,160,114,58.3941605839416
Organic Oregano,3123,455,2668,14.56932436759526
All Natural Clam Juice,94,15,79,15.957446808510639
Whips! Key Lime Pie Flavored Lowfat Yogurt Mousse,725,457,268,63.03448275862069
Organic Herbamare Herb Seasoning Salt,22,0,22,0.0
Turkey Meatloaf,187,98,89,52.406417112299465
Venus Embrace Women's Razor Handle and 2 Razor Blade Refills,109,17,92,15.59633027522936
Cool Touch Coconut Oil & Aloe Facial Tissues,1657,942,715,56.84972842486421
Revitalizing Green Tea Hawaiian Broad Spectrum SPF 45 Sunscreen,53,8,45,15.09433962264151
Low Sodium Ham,14,7,7,50.0
Whole Chia Seeds,2781,701,2080,25.20676015821647
5 in 1 Protection Clinical Antiperspirant,19,6,13,31.57894736842105
50% Less Sodium Blue Lake Cut Green Beans,141,58,83,41.13475177304964
Fig + Rhubarb Hand Wash,61,23,38,37.704918032786885
Calabrese uncured italian Salami  with pepper and paprika,290,123,167,42.41379310344828
Rejuvenation Sweet Orange & Clove Travel Tin Candle,10,2,8,20.0
Toaster English Muffins Wheat Made With a Touch of Honey,56,25,31,44.642857142857146
Vanilla Alphabet Cookies,16,4,12,25.0
Honey Crunchy Flavor Corn Dogs 6 Count,360,192,168,53.333333333333336
Golean Crisp! Cinnamon Crumble Cereal,381,185,196,48.55643044619423
Genmai Miso Aged and Fermented Soy and Brown Rice,11,3,8,27.27272727272727
Broccoli Raisin Salad,31,21,10,67.74193548387096
Brown 'n Serve 12 Ct,51,22,29,43.13725490196079
Raw Vegan Spicy Miso Kale Chips,6,0,6,0.0
Rainbow Jimmies Sprinkles,180,21,159,11.666666666666666
Ginger Tea,3515,1375,2140,39.11806543385491
Organic Garbanzo Beans No Salt Added,4645,2387,2258,51.38858988159312
Indulgent Coconut Body Wash,20,12,8,60.0
Hardwood SmokedCenter Cut Original Bacon,5124,2793,2331,54.50819672131148
Alla Vodka Pasta Sauce,5,0,5,0.0
Vanilla Cherry Pecan Muesli,25,13,12,52.0
Restaurant Style Caesar Croutons,83,24,59,28.915662650602407
Apple Lemon Cayenne Ginger,753,435,318,57.76892430278885
Organic Kasha,3,0,3,0.0
Vienna Sausage Original,92,57,35,61.95652173913043
"Home Delights Dog Food, Beef Stew Flavor",67,44,23,65.67164179104478
Roasted Peppers Marinated,5,0,5,0.0
Ultra Thin Slices Sharp Cheddar Cheese,2444,1200,1244,49.09983633387889
Eggo Cinnamon Toast Waffles,2851,1930,921,67.69554542265872
Creamy with Tuna Chicken & Whitefish Cat Food,27,14,13,51.85185185185185
Free Flow Silicone Orthodontic Pacifiers,25,10,15,40.0
Slow Cured Pepper + Garlic Salame Molisana,352,131,221,37.215909090909086
AllNighter Ultra Thin Overnight with Wings Pads,38,4,34,10.526315789473683
Organic Power Greens,874,560,314,64.07322654462243
Assorted Donuts,27,8,19,29.629629629629626
Pure Foods Sea Salt Iodized,1133,145,988,12.797881729920565
Light Original Slaw Dressing,7,0,7,0.0
Milk Chocolate Covered Peanuts,32,12,20,37.5
1% Lowfat Cottage Cheese,166,89,77,53.6144578313253
Bread Crumbs 100 Whole Wheat Seasoned,4,0,4,0.0
Raw Probiotics Men 50 & Wiser Vegetarian Capsules,10,2,8,20.0
Natural Balance Overnight Maxi,16,5,11,31.25
"Protein Bar, Chocolate Coconut",126,92,34,73.01587301587301
Grapefruit Soda,84,46,38,54.761904761904766
Light Style Oatmeal  Bread,82,42,40,51.21951219512195
"1,000 mg Vitamin C Lemon-Lime Flavored Fizzy Drink Mix - 30 PK",138,36,102,26.08695652173913
Total Defense 5 Fresh Blast Invisible Solid Antiperspirant & Deodorant,13,4,9,30.76923076923077
Brownie Mix Semi Sweet,24,5,19,20.833333333333336
Mango Flavor Probiotic Juice Drink,2349,1437,912,61.1749680715198
Original Witch Hazel Pore Perfecting Toner,10,0,10,0.0
Lemon Sparkling Natural Spring Water,1076,740,336,68.77323420074349
"Broth Concentrate, Veggie, Reduced Sodium",3,0,3,0.0
"Raisin, Date & Walnut Instant Oatmeal",484,269,215,55.578512396694215
Even Advanced Sea Plus Renewal Night Cream,15,4,11,26.666666666666668
Harvest Organic Hunza Golden Raisins,325,174,151,53.53846153846153
"Papaya Enzyme, Super Plus, Chewable Tablets",8,2,6,25.0
Medium Super BBQ Sauce,42,13,29,30.952380952380953
Bove's Vodka Pasta Sauce,21,6,15,28.57142857142857
100% Organic Lemon Juice,187,103,84,55.080213903743314
Chili Beans,93,30,63,32.25806451612903
Kofta Curry,34,8,26,23.52941176470588
Mexican Restaurant Style Corn Tortilla Chips,300,154,146,51.33333333333333
Active 12+ 100% Raw Manuka Honey,17,1,16,5.88235294117647
Family Favorites Broccoli & Cauliflower,17,6,11,35.294117647058826
Crushed Tomatoes in Heavy Purée,63,17,46,26.984126984126984
Brown N Serve Maple Sausage Patties,10,6,4,60.0
Golden Tonic Turmeric Tea,71,19,52,26.76056338028169
DuraTowel,20,5,15,25.0
Organic Woman's Mother To Be Tea,32,9,23,28.125
Homestyle Tart Cherry Lemonade Drink,358,174,184,48.60335195530726
Continuous Control® Acne Cleanser Cleansers,81,37,44,45.67901234567901
Vegan Egg Substitute Mix,78,6,72,7.6923076923076925
Fior Di Latte Organic Fresh Mozzarella,176,100,76,56.81818181818182
Moisture Outlast Age Defying Beauty Bar 3.75 oz 6 count Personal Cleansing,5,1,4,20.0
Nourish + Shine Shampoo Hair Care,11,2,9,18.181818181818183
Dark Chocolate Almond Coconut Crunch Bars,13,4,9,30.76923076923077
Ultimate Softening Lotion,37,11,26,29.72972972972973
Non Alcoholic Hefeweizen,8,3,5,37.5
Burrito Seasoning Mix,9,1,8,11.11111111111111
Pronamel Multi-Action Cleansing Mint Toothpaste,98,29,69,29.591836734693878
Clam Stock,27,6,21,22.22222222222222
Dairy Free Gluten Free Chocolate Almond Butter Miracle Tart,1301,760,541,58.41660261337432
100% Cauliflower & Sweet Potato Riced Veggies,28,7,21,25.0
Emollient Sunscreen Fragrance Free Clear Spray SPF 50,87,23,64,26.436781609195403
Natural Dish Liquid,35,11,24,31.428571428571427
Light Organic Agave Nectar,1049,284,765,27.073403241182074
"Angel Hair, Whole Wheat/Whole Grain",9,2,7,22.22222222222222
Soba Pasta Wheat And Buckwheat,724,284,440,39.226519337016576
Star Wars Macaroni & Cheese,145,60,85,41.37931034482759
Complete Foaming Antibacterial Hand Soap Variety Pack,267,115,152,43.07116104868914
Boneless Chicken Breast,2556,1193,1363,46.67449139280125
Jumbo Franks,261,139,122,53.25670498084292
Baby Mixed Squash,406,199,207,49.01477832512315
Breaded Mozzarella Cheese Sticks,15,4,11,26.666666666666668
Lemon Berry Squeeze Fruit Drink,34,8,26,23.52941176470588
Nearly Naked Popcorn,126,100,26,79.36507936507937
"White Regular Rolls, 2-Ply Paper Towels",341,116,225,34.01759530791789
Mure Pepino Blackberry Cucumber Naturally Essenced Sparkling Water,11,3,8,27.27272727272727
Organic Sweet Potato Baby Food,11,7,4,63.63636363636363
Andouille  Chicken & Turkey Sausage,770,296,474,38.44155844155844
Bulgarian Organic Yogurt,12,6,6,50.0
Minced Dill Weed,85,12,73,14.117647058823529
Wide Ruled Notebook Paper,5,0,5,0.0
Dora The Explorer Assorted Bandages,12,4,8,33.33333333333333
Cumin Seed,1009,55,954,5.450941526263628
Maxi Always Maxi pads Extra Heavy Day with Flexi-Wings 24 count Feminine Care,22,5,17,22.727272727272727
"Milk Chocolate, Creamy",57,32,25,56.14035087719298
Coarse Ground with Parsley Garlic Powder,57,15,42,26.31578947368421
Organic Lemon Cayenne Sparkling Probiotic Drink,3868,2857,1011,73.86246122026887
Gluten Free Quinoa Rice & Shine Hot Cereal,67,38,29,56.71641791044776
Creamy Milk Chocolate Frosting,80,3,77,3.75
Yukon Gold Potato,1046,489,557,46.749521988527725
"Sausage, Hot Link, Louisiana Brand",133,76,57,57.14285714285714
Mini Spaghetti Ring & Meatballs Bowl,99,62,37,62.62626262626263
Soft Foam Ear Plugs,20,3,17,15.0
Rehab Energy Iced Tea + Pink Lemonade + Energy,117,83,34,70.94017094017094
Hearty Beef Cat Treats,210,137,73,65.23809523809524
Organic Greek Lowfat Yogurt With Cherries,3665,2365,1300,64.5293315143247
Detoxify & Energize with Ginger & Clay Pure Epsom Salt Soaking Solution,14,7,7,50.0
Organic Ground Chipotle Chili,117,9,108,7.6923076923076925
Graduates Breakfast Buddies Peach Cereal,13,8,5,61.53846153846154
Unbleached All-Purpose Flour,5177,1865,3312,36.024724744060265
Caramel Almond Creamer,6,0,6,0.0
Organic Sliced Medium Cheddar Cheese,162,92,70,56.79012345679012
Gluten Free Chewy Oatmeal Raisin Cookies,113,64,49,56.63716814159292
"Natural Calm, Plus Calcium, Original (Unflavored)",4,0,4,0.0
Go & Grow Milk Based Powder,15,10,5,66.66666666666666
Family Size Chicken Flavor Rice Blend,64,15,49,23.4375
Old Fashioned Light Caramel Dip,17,2,15,11.76470588235294
Typical Carribean Veggie Plate,28,15,13,53.57142857142857
Nuggets Milk Chocolate with Toffee & Almonds Classic Bag,208,117,91,56.25
Cream of Tomato Soup,848,431,417,50.82547169811321
Mediterranean Sea Salt Grinder,654,149,505,22.782874617737004
Chocolate Cake Mix Gluten-Free Non-Dairy,132,38,94,28.78787878787879
Organic Nama Shoyu Soy Sauce,88,17,71,19.318181818181817
California Organic Extra Virgin Olive Oil,10,0,10,0.0
Strawberry Watermelon Sports Drink,144,71,73,49.30555555555556
Organic Low Sodium Chunky Tomato Bisque Soup,1701,814,887,47.854203409758966
Home Style Chipotle Cheddar Dressing,23,1,22,4.3478260869565215
Cheese Stuffed Breadsticks,18,4,14,22.22222222222222
Scouring Pads,8,2,6,25.0
Super Lysine Plus Cream,27,1,26,3.7037037037037033
Quart Size Single Slide Storage Bags,6,0,6,0.0
Meaty Ground Dinner With Chopped Chicken Dog Food,31,21,10,67.74193548387096
Traditional Pumpkin Pie 6'',23,6,17,26.08695652173913
Cane Sugar Syrup,46,5,41,10.869565217391305
Chile & Lime $2 Only Puffed Wheat Snacks,27,14,13,51.85185185185185
General Purpose Masking Tape,5,1,4,20.0
Blueberry Brown Sugar Newtons Fruit Thins,18,6,12,33.33333333333333
Solid White Albacore Tuna In Spring Water,1377,692,685,50.25417574437182
White Fiber Spaghetti,62,40,22,64.51612903225806
Peach Iced Matcha Tea,8,1,7,12.5
Organic Blueberries Clamshell,2164,1135,1029,52.44916820702403
Organic Mixed Vegetables,9877,5407,4470,54.743343120380686
Tomato Ketchup No Salt,9,0,9,0.0
Vanilla Flavor Raw Vegan Warrior Blend Protein,84,35,49,41.66666666666667
Petite Black Eyed Peas,1,0,1,0.0
"Wonton Strips, Authentic",60,23,37,38.333333333333336
Graduates 7+ Months Bunch A Bowls With Lids,5,0,5,0.0
"Organic Cherry, Chia, and Vanilla Granola",90,49,41,54.44444444444444
Moisturizing Lotion,710,221,489,31.12676056338028
Trick or Treat Organic Fruity Bears,8,0,8,0.0
Friskies Party Mix Cat Treat Puffs Barnyard Bonanza,12,5,7,41.66666666666667
Ham Hock,9,2,7,22.22222222222222
Original Hot Sauce,12048,4745,7303,39.384130146082335
Organic Cherry Orchard Fruit Bites Pouches,390,170,220,43.58974358974359
Caffeine Free Diet Coke Soda,392,286,106,72.95918367346938
Extra Light & Fluffy Pancake & Waffle Mix,14,7,7,50.0
Vegan Garlic & Roasted Veggie Ravioli,384,174,210,45.3125
Gluten Free Garden Margherita Pizza,292,151,141,51.71232876712328
Fine Pasta,19,8,11,42.10526315789473
Imitation Vanilla Extract,58,6,52,10.344827586206897
Boneless & Skinless Chicken Breast,335,184,151,54.92537313432836
California Black Bread,444,355,89,79.95495495495496
Kraut,193,52,141,26.94300518134715
Garden Salsa Multigrain Chips,2247,1337,910,59.50155763239875
Porter,22,19,3,86.36363636363636
Whole Wheat Flour Tortilla,422,197,225,46.682464454976305
Organic California Brown Jasmine Rice,743,255,488,34.32032301480484
Filtered Fresh 1% Low Fat Milk,90,61,29,67.77777777777779
Dha Omega 3 Reduced Fat 2% Milk,10148,7995,2153,78.7839968466693
Smartfood Cheddar Flavored Popcorn 12 Count,357,196,161,54.90196078431373
Copy Paper,5,0,5,0.0
Organic Just Concord Grape Juice,361,217,144,60.11080332409973
100% Grass-Fed No-Grain Strawberry Yogurt,280,69,211,24.642857142857146
"Raspberries, Organic, Freeze-Dried",629,293,336,46.5818759936407
Ultra Vivid White + Bright Original Scent Powder Laundry Detergent 53 Loads,6,0,6,0.0
Organic Large Grade A Brown Eggs,13881,9746,4135,70.21107989337943
Fat Free Poppyseed Dressing,27,6,21,22.22222222222222
Taco 25% Less Sodium Seasoning Mix,784,327,457,41.70918367346938
Clarifying Facial Wash for Oily/Combination Skin,24,7,17,29.166666666666668
Sweet Lemon,16,0,16,0.0
Fresh Squeezed Grapefruit Juice,347,158,189,45.53314121037464
Fruit Fusions Gummies Candy,84,20,64,23.809523809523807
Moisturizing Facial Wash,42,8,34,19.047619047619047
Asiago All Natural Cheese Aged Over 5 Years,2,0,2,0.0
Holland Mints,6,0,6,0.0
Turkey & White Meat Chicken Recipe Cat Food,23,14,9,60.86956521739131
Skillet Sauces Creamy Parmesan Chicken,25,12,13,48.0
Blackberry Crumble Ice Cream,17,5,12,29.411764705882355
Organic Whole Milk Yogurt Tubes Very Vanilla Berry Patch,35,8,27,22.857142857142858
Unsweetened Vanilla Coconut Milk Beverage,1762,954,808,54.14301929625426
Blended Scotch Whiskey Black Label,107,58,49,54.20560747663551
Sugar Free Chocolate Fudge Brownie Mix,19,3,16,15.789473684210526
Orange Vitamin C Immune Support Adult Gummies,29,13,16,44.827586206896555
Organic Jalapeno Pepper,20262,11462,8800,56.56894679695983
Family Recipe Italian Dressing,1005,283,722,28.1592039800995
LittleSnug sz,6,0,6,0.0
Mojo Peanut Butter Bar,672,464,208,69.04761904761905
"La Lechera Sweetened Condensed Milk, Fat Free",393,112,281,28.498727735368956
Denogginizer Imperial IPA,70,53,17,75.71428571428571
L.A. Natural Styling Gel,30,4,26,13.333333333333334
Made With Organic Beans & Rice Burrito Non-Dairy,2908,1841,1067,63.308115543328746
4% Milkfat Small Curd Cottage Cheese with Chives,90,60,30,66.66666666666666
Tonic Water,4231,1967,2264,46.49019144410305
Camilia Teething Relief Single Doses,29,1,28,3.4482758620689653
Frozen Strawberries,94,36,58,38.297872340425535
Organic Unsweetened Almond Milk,57895,43875,14020,75.7837464375162
Peachtree Schnapps,1,0,1,0.0
Walden F. Raspberry Vinagrette,14,2,12,14.285714285714285
"Little Movers Diapers, Giant Pack - Size 5",54,26,28,48.148148148148145
Radical Raspberry Lemon Energy Bars,44,21,23,47.72727272727273
Fancy Feast Wet Classic Chicken Feast Cat Food,917,625,292,68.15703380588877
Diet Tropical Blend Juice Drink,59,32,27,54.23728813559322
Dairy Free Original Coconutmilk Coffee Creamer,1789,1294,495,72.3309111235327
Goldenseal Root,5,0,5,0.0
Whole Grain Teff,109,23,86,21.100917431192663
Organic Mikawa Mirin,11,1,10,9.090909090909092
Crystallized Ginger Chips,34,5,29,14.705882352941178
Pumpkin Pie Gelato,337,96,241,28.486646884272997
Chlorella + Edelweiss Stem Cell Eye Cream,45,3,42,6.666666666666667
Laundry Stain Remover,24,4,20,16.666666666666664
Original Silver Tequila,12,4,8,33.33333333333333
Restaurant Style Garlic & Butter Croutons,35,7,28,20.0
Organic Traditional Hummus,1883,1226,657,65.10886882634095
Hot Mango Chutney,60,13,47,21.666666666666668
Early Harvest Petite Peas,362,114,248,31.491712707182316
Beef Franks in a Blanket,340,149,191,43.8235294117647
"Organic  Tuscan White Bean Soup, Lightly Salted",98,53,45,54.08163265306123
Paprika,2837,219,2618,7.719421924568206
Original Plantain Chips,24,12,12,50.0
Sweet Corn Tamales,103,47,56,45.63106796116505
Sweet Cream Whipped Butter Salted,854,397,457,46.487119437939114
Peanut Butter Cups Milk Chocolate,174,68,106,39.08045977011494
Mozzarella Sticks with Marinara Sauce,114,38,76,33.33333333333333
Cacao & Coconut Bar,28,16,12,57.14285714285714
Organic Crunchy No Salt Added Peanut Butter,192,100,92,52.083333333333336
Blood Orange Vodka,22,14,8,63.63636363636363
Tall Kitchen Drawstring Trash Bags with Reinforcing Bands,468,120,348,25.64102564102564
Organic Torchiette,119,53,66,44.537815126050425
Original Velveeta Shells & Cheese,135,72,63,53.333333333333336
Meal Starters Grillers Recipe Crumbles,310,169,141,54.516129032258064
2-Ply 100% Recycled Bathroom Tissue,3792,2372,1420,62.552742616033754
"Merlot, California 2013",7,2,5,28.57142857142857
Mint Chip Coconut Milk Ice Cream,506,154,352,30.434782608695656
Coconut Flavored Sparkling Water,2967,1716,1251,57.83619817997978
Pure Moist Multi-Purpose Disinfecting Contact Solution Twin Pack,42,18,24,42.857142857142854
"Pizza, Thin & Crispy, Sliced Tomato & 5 Cheese",54,26,28,48.148148148148145
Large White Eggs,1867,1138,729,60.95340117836101
Reduced Sodium Tamari,327,87,240,26.605504587155966
Turkey Wings,25,11,14,44.0
Whole Mild Green Chiles,23,2,21,8.695652173913043
"Sauce, Hollandaise",15,4,11,26.666666666666668
Organic Chocolate Chip Cookie Dough,737,259,478,35.14246947082768
1 to 1 Gluten Free Baking Flour,231,59,172,25.541125541125542
Flavor Twists Honey BBQ Corn Snacks,157,67,90,42.675159235668794
Santitas Tortilla Chips 14.5 Oz,30,9,21,30.0
Party Peanuts,40,19,21,47.5
Savory Flax Seed Crackers,375,170,205,45.33333333333333
Ultra April Fresh® Liquid Fabric Softener,17,3,14,17.647058823529413
Murphy Oil Soap Squirt & Mop Wood Floor Cleaner,178,59,119,33.146067415730336
Seedless Strawberry Jam,1746,626,1120,35.853379152348225
Cucumber Pickles in Brine,4,1,3,25.0
Yellow Popcorn Kernels,4,0,4,0.0
Fish Flop Catnip Crinkle Toys,7,0,7,0.0
Fair Trade Organic French Roast Coffee,162,109,53,67.28395061728395
Rotini,222,89,133,40.090090090090094
Organic Fat Free Milk,26591,22119,4472,83.1822797187018
Garlic Stuffed Olives,300,128,172,42.66666666666667
Cristal Black Ball Pens Medium,45,7,38,15.555555555555555
Greek Yogurt 0% Fat Plain,80,44,36,55.00000000000001
Belladonna 6C Homeopathic Pellets,6,0,6,0.0
Argan & Sweet Orange Moisture Rich Shampoo,68,11,57,16.176470588235293
Rhodiola Extract,5,0,5,0.0
Rosemary Fabric Softener,4,0,4,0.0
Frozen Desert Fit Brownie Blast,142,80,62,56.33802816901409
Sour S'ghetti Gummi Candy,189,108,81,57.14285714285714
360 Degree Duster Refills,11,0,11,0.0
Sweet Gala Apples with Almonds & Sliced Apples with Mild Cheddar Cheese,5,1,4,20.0
Enriched Macaroni & Cheese Dinner!,363,259,104,71.34986225895317
Organic Chicken Cilantro & Lime Burrito,111,48,63,43.24324324324324
Toothpaste,119,29,90,24.369747899159663
Ice Cream Bars Value Pack,47,22,25,46.808510638297875
Cottage Cheese Large Curd 4% Milkfat,28,21,7,75.0
Ghee,247,62,185,25.101214574898783
S'mores Ice Cream,686,220,466,32.06997084548105
Blueberry Greek Yogurt,15,10,5,66.66666666666666
Jack Junior Pita Bread,144,77,67,53.47222222222222
Sopressata,59,17,42,28.8135593220339
All Purpose Cleaner With Bleach,5,0,5,0.0
Organic Tamari With Seaweed Rice Cake,943,527,416,55.885471898197245
Reduced Sodium Jambalaya Mix,42,18,24,42.857142857142854
Organic Orange Fruit Juice,5436,3876,1560,71.30242825607064
"Toothpaste, Ayurvedic Herbal, Foam-Free, Cardamom-Fennel Flavor",8,1,7,12.5
"Merlot, Central Coast",6,0,6,0.0
Organic Cocoa Crunch Protein Bar,744,419,325,56.31720430107527
"Nut Blends, Raw & Sprouted, Mesquite Pod Maple Walnuts",5,0,5,0.0
Lamb & Beef Stew With Brown Rice & Apples Canned Dog Food,43,26,17,60.46511627906976
Organic Japanes Sweet Yam,44,14,30,31.818181818181817
Natural Skincare for Men Shave Cream,28,2,26,7.142857142857142
Vanilla Slow Churned Yogurt Blends,38,8,30,21.052631578947366
Simmer Sauce Medium Rogan Josh Curry,27,8,19,29.629629629629626
Greek 100 Calories Mixed Berry Yogurt,720,437,283,60.69444444444444
Los Osos Merlot,70,32,38,45.714285714285715
Chocolate Flavor Warrior Blend Raw Protein,44,25,19,56.81818181818182
Garden Vegetable Lasagna,14,2,12,14.285714285714285
Rainbow Ice Pops,187,36,151,19.25133689839572
Glass Cleaner,1755,526,1229,29.971509971509974
"Party Cups, 18 oz",15,4,11,26.666666666666668
Flintstones Complete Multivitamin Supplement Tablets for Children,31,5,26,16.129032258064516
Eduardo's Elbow Macaroni Enriched Egg Pasta,18,1,17,5.555555555555555
Oikios Chocolate Greek Frozen Yogurt,20,5,15,25.0
Freezer Slider Bags,298,72,226,24.161073825503358
Splash Fruit Medley Juice,96,60,36,62.5
Natural Sliced Baby Swiss Cheese,1010,491,519,48.61386138613861
Acai Organic Freeze-Dried Acai Powder,3,0,3,0.0
Organic Ground Turmeric,188,17,171,9.042553191489363
"Coffee, Ground, Chocolate Glazed Donut",12,4,8,33.33333333333333
Brown Rice Lasagna Pasta,123,24,99,19.51219512195122
Panko Japanese-Style Bread Crumbs,19,2,17,10.526315789473683
Mango Nectar,292,164,128,56.16438356164384
Italian-Style Entrees Tomato & Basil Penne,112,77,35,68.75
SleepGels Nighttime Sleep Aid,185,95,90,51.35135135135135
Natural Care Wipes Travel Pack,8,0,8,0.0
Panela Cheese,23,12,11,52.17391304347826
Sensitive Shavers,18,1,17,5.555555555555555
"Super Spinach! Baby Spinach, Baby Bok Choy, Sweet Baby Kale",14572,8392,6180,57.58989843535548
Rigatoni No 50 Pasta,49,19,30,38.775510204081634
Volumizing Argan Conditioner Lavender Scent,6,1,5,16.666666666666664
Total 0%  Apple Cranberry Yogurt,25,7,18,28.000000000000004
Organic Sweet Beets Juice,146,74,72,50.68493150684932
Whole Dills,4,0,4,0.0
Everything Deli Style Pretzel Crisps Crackers,4892,2910,1982,59.48487326246934
Recovery Accelerator Tropical,23,3,20,13.043478260869565
Pate With Real Tuna Wet Cat Food,16,10,6,62.5
Pumpkin Spice Almond Nog,1,0,1,0.0
Lemon Pie,4,1,3,25.0
The Second Generation Super Dark Chocolate,26,20,6,76.92307692307693
Organic Mango,9382,4827,4555,51.44958431038158
Raspberry Chia Kombucha,8,4,4,50.0
Fruitables Tropical Orange Juice Beverage,91,55,36,60.43956043956044
Berry Berry Good Lemonade Organic Juice Drink,4081,2075,2006,50.845381034060274
Philadelphia Original Cream Cheese,7167,2890,4277,40.32370587414539
Sliced Sopressata,4,0,4,0.0
Cranberry Ginger Kombucha,41,29,12,70.73170731707317
"Moscato, Napa Valley",5,1,4,20.0
Virgin Coconut Oil,62,11,51,17.741935483870968
Savory Shreds Variety Pack Cat Food,20,6,14,30.0
Quantum MV2400 Battery - AAA Alkaline,19,0,19,0.0
Kids Grape Twisted Fruit,52,25,27,48.07692307692308
Maple Water,16,7,9,43.75
Chunk Light in Water 50% Less Sodium Tuna,87,35,52,40.229885057471265
Ready Crust Chocolate Graham Pie Crust,26,2,24,7.6923076923076925
"Cereal, Superfood, Cacao Crunch",108,58,50,53.70370370370371
High Protein Vanilla Nutritional Drink,104,61,43,58.65384615384615
Roast Beef,653,380,273,58.192955589586525
Easy Grab Pie Plate Glass Bakeware,10,0,10,0.0
Select Vegetables Sweet Garden Peas,374,142,232,37.967914438502675
Lentil Chips Baked Cucumber Dill,53,25,28,47.16981132075472
Extra Light Olive Oil,763,325,438,42.59501965923984
Organic Kale Spinach & Apple Greek Yogurt,5,0,5,0.0
Gluten Free Cheese Pizza,19,4,15,21.052631578947366
Donettes Frosted Mini Donuts,841,428,413,50.89179548156956
smartwater® Electrolyte Enhanced Water,4883,3343,1540,68.46201105877535
Cran-Apple Juice,17,10,7,58.82352941176471
Pro V Beautiful Lengths Strengthening Conditioner,10,0,10,0.0
Unscented Liquid Glycerine Soap,31,16,15,51.61290322580645
Complete Antibacterial Original Scent Foaming Hand Wash Refill,126,63,63,50.0
100% Pure Corn Oil,262,126,136,48.091603053435115
Ghost Shape Sugar Cookies Ready to Bake,5,0,5,0.0
Angel Sweet Tomatoes,269,125,144,46.468401486988846
Coffee Toffee Bar Crunch Ice Cream,440,143,297,32.5
Pimento Cheese Dip,157,73,84,46.496815286624205
Soft 10 Grain Bread,2611,1871,740,71.65836844121026
Double Fiber Whole Grain Sliced English Muffins,357,226,131,63.305322128851536
"Hulled, Organic Sunflower Seeds",7,1,6,14.285714285714285
Kitchen Fresh Hands Antibacterial Citrus Liquid Hand Soap,3,0,3,0.0
Smoked White Turkey,32,19,13,59.375
Spicy Chili Beans,14,5,9,35.714285714285715
Lamb Shoulder Chops,81,38,43,46.913580246913575
Culture Club Cabernet Grape Kombucha,21,15,6,71.42857142857143
Intense Dark Evening Dream 60% Cacao Chocolate,16,6,10,37.5
Sharp Cheddar Deli Sliced Cheese,1341,836,505,62.34153616703952
Freshly Squeezed Orange Juice,6220,4559,1661,73.29581993569133
Dark Chocolate Dulce De Leche Bar,42,26,16,61.904761904761905
Pure Decaf Green Tea,313,97,216,30.990415335463258
Natural Choice Deli Oven Roasted Turkey,1212,570,642,47.02970297029702
Elderberry Syrup,15,1,14,6.666666666666667
Strawberry Jel Dessert,44,6,38,13.636363636363635
BBQ Recipe Beef Frozen Sandwiches,108,59,49,54.629629629629626
Organic Clear Fiber,13,2,11,15.384615384615385
Green Tea Mochi Ice Cream Bonbons,740,408,332,55.13513513513514
Chunky Garlic Stir-In Paste,178,70,108,39.325842696629216
Iodized Sea Salt,90,14,76,15.555555555555555
Whipped Cream Cheese Frosting,194,27,167,13.917525773195877
Frosty Paws Peanut Butter Novelty Dog Treats,229,107,122,46.724890829694324
Million Dollar White Bread,17,10,7,58.82352941176471
Italian Style Breaded Chicken Patties,10,2,8,20.0
"Pears Apples + Baby Rice, 2 (from 6 Months)",311,209,102,67.20257234726688
Cinnamon Bun Yogurt Bar,9,2,7,22.22222222222222
Smoked Turkey Breast,2516,1421,1095,56.4785373608903
"Mashed Potatoes, Organic, Home Style",87,28,59,32.18390804597701
Classic Roast Medium Roast Coffee K-Cup Packs,28,14,14,50.0
In Spring Water No Salt Added Tin Overwrap Sardines,87,42,45,48.275862068965516
Organic Oat Bran Flakes,183,104,79,56.830601092896174
Beast Burger,2171,1060,1111,48.82542607093505
Stay Clean Non-Scratch Scrub Sponge,18,3,15,16.666666666666664
Premium Gold Firelog,6,2,4,33.33333333333333
Vanilla Passion Fruit & Hawaiian Breeze Scented Oil Refill,29,4,25,13.793103448275861
Sharp Light Cheddar & Cheese,43,23,20,53.48837209302325
Pods W/Febreeze Act Fresh,5,0,5,0.0
Early Stage Cold Support Yin Chiao Pills,14,3,11,21.428571428571427
"90708, Nightlight 4 Bulb, Long Life, Blister Pack",5,0,5,0.0
Turkey Burger,311,184,127,59.163987138263664
Gallon Storage Reclosable,9,1,8,11.11111111111111
"Cheese Stuffed Crust Four Cheese (Mozzarella, Parmesan, Asiago and Romano) Pizza",392,165,227,42.09183673469388
Cleaning & Disinfecting Solution Triple Action Cleaning,112,40,72,35.714285714285715
Pure Chocolate Cookies,141,86,55,60.99290780141844
Basic Bounty Basic Select-A-Size Paper Towels,239,87,152,36.40167364016737
Antibacterial Spray,8,0,8,0.0
Organics Spinach,3004,1741,1263,57.9560585885486
Homemade Corn Chips,1031,744,287,72.16294859359846
Organic Unsweet Lemon Tea,42,30,12,71.42857142857143
Medium Cheddar,33,18,15,54.54545454545454
Serious Cough,9,1,8,11.11111111111111
The Itch Eraser,8,1,7,12.5
Reduced Fat Original Baked Snack Crackers,1511,988,523,65.38716082064859
Scooby-Doo! Baked Honey Sticks Graham Crackers,62,32,30,51.61290322580645
Organic Sprouted Sonoma Sun Bread,27,10,17,37.03703703703704
Shiraz,254,136,118,53.54330708661418
Whole Pinto Beans,12,2,10,16.666666666666664
Ice Cream Cake Ice Cream,31,1,30,3.225806451612903
Black Bean Hummus,221,99,122,44.79638009049774
Black Chia Enlightened Kombucha Drink,188,110,78,58.51063829787234
Rao's Homemade Roasted Garlic Sauce,877,424,453,48.346636259977195
V8 Vegetable Juice Spicy Hot,124,64,60,51.61290322580645
Red Kidney Beans,3139,1192,1947,37.97387703090156
House & Garden Bug Killer Formula 7 Insecticide,27,4,23,14.814814814814813
Healthy Fasting Tea,62,13,49,20.967741935483872
Smooth Greens & Kale Vegetable and Fruit Juice Blend,935,535,400,57.21925133689839
Sliced Pancetta,21,6,15,28.57142857142857
Breaded Chicken Dunks Lunchables,180,99,81,55.00000000000001
Large Grade AA Organic Eggs,3936,2740,1196,69.61382113821138
0% Fat Greek Yogurt Vanilla,83,53,30,63.85542168674698
Cotija Whole Milk Cheese,126,33,93,26.190476190476193
Key Lime Yoghurt,1628,929,699,57.06388206388206
"Salame, Sopressata",9,1,8,11.11111111111111
Toddler Transitions Gentlease Powder Formula,6,2,4,33.33333333333333
Kool Ranch Kale Chips,513,243,270,47.368421052631575
Blackberry Pomegranate Ginger Sparkling Beverage,10,6,4,60.0
Vegan Chicken Veggie Kungpao,269,148,121,55.01858736059479
Crunch Frozen Dairy Dessert Bar,46,11,35,23.91304347826087
Applewood Smoked Uncured Bacon,160,59,101,36.875
Broad Spectrum SPF 30 Mineral Sunscreen,15,3,12,20.0
Organic Unsweetened Original Rice Drink,298,137,161,45.97315436241611
Red Currant Premium Fruit Spread,3,0,3,0.0
Baby Dry Diapers Size 6 Diapers,66,33,33,50.0
Cran Bran Muffin Tops,64,38,26,59.375
Organic Red Wagon Coffee K-Cups,4,0,4,0.0
Oven Sauces Cheesy Broccoli Chicken,11,2,9,18.181818181818183
Coriander Seed,36,2,34,5.555555555555555
Peanut Butter Egg White Protein Bar,2375,1243,1132,52.33684210526316
Gluten Free Original Recipe Tapioca Pudding,442,255,187,57.692307692307686
Mint & Honey Green Tea,463,284,179,61.33909287257019
Southern Butter Pecan,79,31,48,39.24050632911392
Traditional Liege Waffle,60,27,33,45.0
Louis Jadot,190,117,73,61.578947368421055
Red Pomegranate And Spruce Candle,29,18,11,62.06896551724138
Peanut Satay Sauce,130,18,112,13.846153846153847
Citrus Deodorant,89,22,67,24.719101123595504
Turkey Burger Patties,1331,818,513,61.457550713749065
Natural Unsalted Pignolia's,17,6,11,35.294117647058826
Lime Italian Sparkling Mineral Water,3809,2870,939,75.34786033079548
"Dressing & Marinade, Toasted Sesame",41,22,19,53.65853658536586
Double Ecstasy Lubricated Condoms,16,7,9,43.75
Savory Mix Variety Pack Rice Crisps,46,18,28,39.130434782608695
Root Touch-up Clairol Nice 'n Easy Root Touch-Up 003 Black 1 Kit  Female Hair Color,33,19,14,57.57575757575758
Caramel Frappuccino,134,50,84,37.3134328358209
Hot Jalapeno Peppers with Carrots & Onions,28,10,18,35.714285714285715
"Pizza Sauce, Neopolitan",27,4,23,14.814814814814813
Ham American Sub,70,39,31,55.714285714285715
Lentil Rice,44,28,16,63.63636363636363
Mandarin Oranges in Light Syrup Fruit,41,19,22,46.34146341463415
Sour Cream & Onion Flavored Potato Crisps,1611,939,672,58.28677839851024
Sinus-Max Clear & Cool Maximum Strength Severe Congestion Relief Liquid,11,0,11,0.0
Elderflower Tonic Water,100,39,61,39.0
Tofu Ravioli Verde,57,28,29,49.122807017543856
Men's Health Tablets Multivitamin/Multimineral Supplement,64,9,55,14.0625
"Argan Stem Cells, Conditioner for Thinning Hair, Age Defying,",32,8,24,25.0
High Brew Dark Chocolate Mocha,269,145,124,53.90334572490706
Organic Pure Extra Virgin Coconut Oil,32,2,30,6.25
Tampons 360 Degree Unscented Super Sport,69,18,51,26.08695652173913
Dental Chews Small/Medium Dog Treats,7,2,5,28.57142857142857
Sensitive Disposable Razors,59,29,30,49.152542372881356
Graduates Toddlers Pasta Pick Ups Chicken & Carrot Ravioli,186,97,89,52.1505376344086
Corer Peeler,13,0,13,0.0
Sugar & Fat Free Whipped Peanut Spread,36,22,14,61.111111111111114
Eskimo Pie Milk Chocolate Frozen Dairy Dessert Bars,23,9,14,39.130434782608695
Cheese Raviolo,27,5,22,18.51851851851852
Premium Organic Cut Green Beans,130,39,91,30.0
Hair Shampoo,9,1,8,11.11111111111111
Crunchy Shrimp Tempura Roll,131,58,73,44.274809160305345
Sea Salt Breadstick,191,99,92,51.832460732984295
Mint Chocolate Chunk Protein Bar,32,14,18,43.75
PB 8 Pro-Biotic Vegetarian Capsules,18,3,15,16.666666666666664
Grow Well Bone Baby Food,60,27,33,45.0
Jack Daniel's Marinade-in-a-Bag Classic Steakhouse Liquid Marinade,8,3,5,37.5
Uno Sausage Deep Dish Pizza,24,10,14,41.66666666666667
Parmesan Cheese Grated from the block,1496,737,759,49.26470588235294
Organic Loaded Baked Potato Soup,92,25,67,27.173913043478258
Organic Super C Fruit Puree & Juice Blend,16,7,9,43.75
Yellow Soft Corn Tortillas 8 Count,2980,1878,1102,63.02013422818792
Camembert Soft Ripened Cheese,69,39,30,56.52173913043478
Super Fruit Punch Organic Juice Drink,891,601,290,67.45230078563412
Whole Natural Value Pack Almonds,2184,1073,1111,49.13003663003663
Hamburger Dill Chips Pickles,182,44,138,24.175824175824175
Caffeine Free Echinacea Complete Care Tea,12,1,11,8.333333333333332
"Antacid/Analgesic, Extra Strength, Effervescent Tablets",47,14,33,29.78723404255319
Green Chile Medium Enchilada Sauce,161,51,110,31.67701863354037
Wicked Cool Toothpaste,249,76,173,30.522088353413658
Organic Moroccan Chermoula,5,0,5,0.0
Chicken Rice Mix,850,343,507,40.35294117647059
Gluten Free Cinnamon Heaven Cereal,300,132,168,44.0
Natural Juice Pineapple Coconut,359,156,203,43.45403899721448
Reserve Cabernet Sauvignon Wine,37,24,13,64.86486486486487
Popped Rice Snacks Butter Popcorn Flavor,16,7,9,43.75
Unsweet Lime Water,44,21,23,47.72727272727273
Kali Hart Pinot Noir,4,1,3,25.0
Scoopable Scented Clumping Cat Litter,115,55,60,47.82608695652174
Arnold Palmer Lite Half Iced Tea & Half Lemonade,1042,683,359,65.54702495201535
Hair Conditioners,158,46,112,29.11392405063291
Chocolate Vanilla Pudding,213,85,128,39.906103286384976
Mediterranean Sea Salt,23,2,21,8.695652173913043
Chocolate Breakfast Biscuits Chocolate,263,154,109,58.55513307984791
Chow Mein Wide Noodles,7,1,6,14.285714285714285
Original Deodorant Soap Bars,149,53,96,35.57046979865772
Brick Oven Crust Three Meat Medley Pizza,15,3,12,20.0
Everything Flatbread Crisps,30,17,13,56.666666666666664
"Fries, Rib Cut, Sweet Potato, BBQ",12,1,11,8.333333333333332
Sport Protein Chocolate Packet,279,145,134,51.971326164874554
White Rose Kombucha,294,203,91,69.04761904761905
Sugar Free Peppermint Mocha Coffee Creamer,23,4,19,17.391304347826086
Smooth Operator Natural Peanut Butter,2245,1367,878,60.890868596881965
Low Fat Vanilla Cereal,13,10,3,76.92307692307693
Apple Cinnamon Chia Squeeze Vitality Snack,88,46,42,52.27272727272727
Ready to Eat Tuna Salad Original Deli Style,315,184,131,58.41269841269842
Maximum Strength Original Paste Diaper Rash Ointment,270,100,170,37.03703703703704
Good'n'Fun Triple Flavor Twists Dog Treats,15,7,8,46.666666666666664
Alphabets Macaroni Pasta,6,0,6,0.0
Paleo Granola,456,325,131,71.27192982456141
Ginger Teriyaki Stir-Fry  Sauce,5,0,5,0.0
Corn Muffin,7,0,7,0.0
Jarro-Dophilus + Fos 3.4 Billion 6 Strains capsules,2,0,2,0.0
Korean BBQ Cooking Sauce,7,0,7,0.0
Fiery Mix Chips,9,3,6,33.33333333333333
Lotzza Motzza 4-Meat Pizza,23,8,15,34.78260869565217
Gold-Bears Gummi Candy,278,113,165,40.647482014388494
"Soap, Coconut Creme",25,5,20,20.0
Honey Butter Stix,10,3,7,30.0
Lavender Essential Oil Hand Sanitizing Gel,143,29,114,20.27972027972028
The Great Organic Uncured Chicken Hot Dogs,1290,693,597,53.72093023255814
"Fresh & Glow Hydrating Shower Cream Milk Protein, Almond & Coconut Body Wash",10,0,10,0.0
Milano Double Chocolate Cookies,1935,1108,827,57.2609819121447
Bottle Eddy Charcoal,4,0,4,0.0
Biotin Liquid Softgels - 5000 MCG,6,0,6,0.0
VIA Ready Brew Colombia Coffee,601,382,219,63.56073211314476
Sea Salt Sourdough Einkorn Crackers,92,62,30,67.3913043478261
Stir Fry Sauce Chow Mein,9,3,6,33.33333333333333
Organic Vitality Snack Strawberry Banana Chia Squeeze,687,418,269,60.84425036390102
Coconut Foot Creme,18,1,17,5.555555555555555
Low Fat Split Pea Soup,2475,1194,1281,48.24242424242424
Lemon Sparkling Water,9496,6613,2883,69.63984835720304
Positively Radiant Skin Brightening Daily Scrub,91,25,66,27.472527472527474
Small Shin Bones,36,11,25,30.555555555555557
Wild Strawberry + Tangy Citrus 14 Pieces Sugar Free Gum,39,16,23,41.02564102564102
Bites Strawberry Twists,49,22,27,44.89795918367347
Original Red Hot Cayenne Pepper Sauce,354,73,281,20.62146892655367
Thin Spaghetti No 11,2812,1334,1478,47.43954480796586
Fresh Citrus Antibacterial Hand Soap,330,106,224,32.121212121212125
Trumoo Whole Chocolate Milk,86,50,36,58.139534883720934
Jalapeño Tomato Ketchup,35,10,25,28.57142857142857
Multipurpose Sealing Wrap 70 Sq. Ft.,713,140,573,19.635343618513325
Ice Cream Mexican Chili Chocolate,20,4,16,20.0
Double Red Rooibos Red Tea Bags,84,21,63,25.0
Natural Mozzarella & Cheddar Fancy Shredded Cheese,35,10,25,28.57142857142857
Red & White Candy Canes,26,7,19,26.923076923076923
Buffalo Ranch Dip,22,3,19,13.636363636363635
Apple Strawberry Bar,1004,566,438,56.37450199203188
Heirloom Bean Veggie Burgers,749,277,472,36.9826435246996
"Medium Gauze Pads, 3\"" X 3\""",40,16,24,40.0
Whole Grain Cheese Pizza All Natural Sesame Street,29,12,17,41.37931034482759
Shin Ramyun Noodle Soup,27,10,17,37.03703703703704
Whole Milk Pure Cherry,70,35,35,50.0
Sensitive Baby Wipes,80,42,38,52.5
Cottage Cheese,546,380,166,69.59706959706959
Organic Root Vegetables & Apples with Beef Stage 3 Baby Food,321,186,135,57.943925233644855
Graduates Lil' Entrees Creamy Chicken Stew with Green Beans & Carrots,22,12,10,54.54545454545454
Carrot Raisin Flax Muffins,1435,954,481,66.4808362369338
"9\"" Pie Shell",17,9,8,52.94117647058824
Cinnabon Bakery Inspired Cinnamon Rolls,22,2,20,9.090909090909092
Organic Cabernet Marinara Pasta Sauce,409,139,270,33.98533007334964
Crystal Burst Ultra Power Laundry Detergent Plus OxiClean,58,17,41,29.310344827586203
Lowfat Coconut-Chia Kefir Cultured Milk Smoothie,23,16,7,69.56521739130434
Organic Baby Food Fruit Mashup Mama Bear Blueberry 7+ Mo,95,55,40,57.89473684210527
Caramel Apple Pie Soft Cookies,75,39,36,52.0
Premium Roast K Cup,44,17,27,38.63636363636363
"Conditioner, Leave-In, Weightless",48,7,41,14.583333333333334
Rich & Hearty Minestrone with Italian Sausage,40,11,29,27.500000000000004
9 Inch Graham Cracker Pie Crust,31,3,28,9.67741935483871
Bourbon Vanilla & Tangerine Hair Texturizer,7,2,5,28.57142857142857
Double Air-Pillo Custom Comfort with Memory Foam Insoles,5,0,5,0.0
Truly Radiant Whitening & Enamel Strengthening Fresh Mint Toothpaste,62,18,44,29.03225806451613
Stackers Bread & Butter Pickles,10,2,8,20.0
Costa Rican Blend Ground Coffee,36,19,17,52.77777777777778
Mighty 4 Strawberry with Spinach Essential Nutrition Bar,142,67,75,47.183098591549296
Lightly Salted Almonds,1165,600,565,51.50214592274678
Organic Cottage Cheese Blueberry Acai Chia,839,532,307,63.4088200238379
"Baked Crackers, Cheddar Cheese",234,137,97,58.54700854700855
Chocolate Toffee Almonds,38,23,15,60.526315789473685
Organic Corn Starch,863,125,738,14.484356894553882
Snack Size KitKat,110,53,57,48.18181818181818
Premium Plastic Food Wrap,55,7,48,12.727272727272727
Healthy Harvest Blueberry Delight Applesauce,38,18,20,47.368421052631575
Meze Dip Three-Pepper Salsa Greek Yogurt,34,13,21,38.23529411764706
Peroxi Clear Cleaning & Disinfecting Solution,5,1,4,20.0
Gluten Free Fig Bar,248,125,123,50.403225806451616
Organic Select  Extra Virgin Olive Oil,31,11,20,35.483870967741936
Party Flexible Straws,349,98,251,28.08022922636103
Gluten Free Chocolate Chip Pancake Mix,8,5,3,62.5
Vanilla Pecan Granola,27,13,14,48.148148148148145
Organic Stage 2 Veggie & Protein Puree Broccoli Red Lentil Oat,673,385,288,57.20653789004457
Old Fashioned Stone Ground White Corn Meal,11,0,11,0.0
Arnica Montana 200CK Homeopathic Pellets,107,32,75,29.906542056074763
Smart Ones Chicken Oriental,54,38,16,70.37037037037037
Real Mexican Style Hot Sauce,91,64,27,70.32967032967034
Liquid Smoke Mesquite Seasoning,4,0,4,0.0
Cool Mint Floss,8,0,8,0.0
Fish Oil With Vitamin D Softgels,2,1,1,50.0
Ready-Cut Strawberries Peaches & Bananas Fruit,135,45,90,33.33333333333333
ProActive Health Adult Indoor Weight & Hairball Care Dry Cat Food,69,21,48,30.434782608695656
Natural Steamer Portabella Spinach Parmesan,47,18,29,38.297872340425535
Bleach Splash-Less,1102,390,712,35.39019963702359
Fruit & Nut Mix,5,0,5,0.0
Hardwood Bacon,32,16,16,50.0
Organic Rainbow Chard Vegetable,7292,3891,3401,53.359846407021394
Grilled Chicken Alfredo Bake Frozen Dinner,250,135,115,54.0
Steamables Russet Potatoes,11,2,9,18.181818181818183
Individually Wrapped Chicken Breast,134,57,77,42.53731343283582
Eggo Buttermilk Waffles,2447,1374,1073,56.150388230486314
"Melatonin 3 mg, tablets",35,7,28,20.0
Strawberry Banana Freeze-dried Yogurt Snacks,147,58,89,39.455782312925166
Organic Cashew & Cacao Meal Bar With Whey,173,120,53,69.36416184971098
Gluten Free Millet-Chia Bread,4060,2790,1270,68.7192118226601
Diet Half & Half Lemonade/Iced Tea,27,18,9,66.66666666666666
California Style Minced Garlic,290,70,220,24.137931034482758
Carving Board Slow Roasted Roast Beef Cured,75,27,48,36.0
"Dish Soap, Natural, Valencia Orange",23,15,8,65.21739130434783
Cold Brew Coffee Caffe Latte,13,4,9,30.76923076923077
Steamers Roasted Red Potatoes & Green Beans,277,106,171,38.26714801444043
Neti Salt Refill,83,35,48,42.168674698795186
"Dish Scrub Refills, Soap Dispensing",8,2,6,25.0
Essential Greens With Lime  Vegetable and Fruit Juice Blend,3365,2041,1324,60.65378900445765
Pomegranate Blueberry 100% Vegetable & Fruit Juice,85,51,34,60.0
Fruit Salad,5,0,5,0.0
Whole Tellicherry Black Peppercorns,30,0,30,0.0
Multigrain Pancake Batter,191,111,80,58.1151832460733
Sourdough Cottage Bread,89,53,36,59.55056179775281
Pure Castile Peppermint Soap,1359,487,872,35.83517292126564
Fresh Spicy Guacamole,53,24,29,45.28301886792453
Wild Acacia Honey,10,6,4,60.0
Alcohol Prep Swabs,7,0,7,0.0
First Aid 1 Inch 20 Yd Durable Cloth Tape,4,1,3,25.0
Mini Bagel Dogs,6,1,5,16.666666666666664
Grapes Green Seedless,1675,908,767,54.208955223880594
Cashmere,10,4,6,40.0
Sugar Free Vanilla Syrup,82,44,38,53.65853658536586
Reg; Quinoa Corn &#38; Roasted Pepper Granola Bars Pack Of 10,20,4,16,20.0
Home Style Roasted Turkey Gravy,343,104,239,30.32069970845481
"Chocolate Cupcakes, Creme Filled",55,15,40,27.27272727272727
First Aid Cream/Ointment,130,12,118,9.230769230769232
Chardonnay Wine,1999,1222,777,61.13056528264133
"Fire-Roasted Tomato Taco Sauce, Medium",249,101,148,40.562248995983936
G Series Tangerine,50,34,16,68.0
Organic Promise Cranberry Spelt & Flax Granola,14,9,5,64.28571428571429
Classic Mini Corn Dogs,31,6,25,19.35483870967742
Pork Roast Carnitas,28,10,18,35.714285714285715
Hardwood Smoked Bacon,3970,2178,1792,54.86146095717884
Brune Brown Original Belgian Abbey Ale,8,2,6,25.0
Porcini Mushroom Italian Risotto,16,10,6,62.5
Napkins,336,157,179,46.726190476190474
Unisex Free & Clear 4T-5T Baby Training Pants,37,13,24,35.13513513513514
Coffee Chocolate Chip Frozen Greek Yogurt Bars,635,355,280,55.90551181102362
"Freshly Shredded Cheese, Parmesan & Romano",149,48,101,32.21476510067114
Organic Premium Roasted Seaweed Snack,1275,816,459,64.0
Grand Reserve Sonoma County Merlot,3,0,3,0.0
Artisan Black Bean,13,2,11,15.384615384615385
Baby Wipes,1254,632,622,50.398724082934606
Coconut Sugar,144,29,115,20.13888888888889
Pure Canola Oil,1300,508,792,39.07692307692307
Go Lean Chocolate Crunch Cereal,8,3,5,37.5
Organic Fajita Seasoning Mix,6,3,3,50.0
Honey Roasted Turkey Breast,295,149,146,50.50847457627119
Olive & Aloe Soap,17,3,14,17.647058823529413
Fiber d'Lish Soft Baked Chocolate Brownie Bar,90,43,47,47.77777777777778
Zero Calorie Tangerine Lime Flavored Sparkling Water Beverage,19,12,7,63.1578947368421
Twice Baked Potato,17,3,14,17.647058823529413
Sunflower Scent Liquid Hand Soap,92,12,80,13.043478260869565
Chocolatier 72% Dark Chocolate with Almonds,21,6,15,28.57142857142857
Size 3 M  Skulls Diapers,7,1,6,14.285714285714285
Soft Works Locking Tongs,4,0,4,0.0
Bianco,10,1,9,10.0
Organic Monterey Jack Cheese,264,133,131,50.378787878787875
Goya Rice Black Beans 8 Oz,42,23,19,54.761904761904766
Sta-Flo Concentrated Liquid Starch,17,1,16,5.88235294117647
Natural Choice Original Uncured Bacon,524,313,211,59.732824427480914
Surfside  Body Wash,20,7,13,35.0
Dry Touch Sunscreen SPF 30 Posted 5/21/2013 Ultra Sheer Sunblock,23,2,21,8.695652173913043
Organic Grain Free Chicken & Liver Dinner Canned Dog Food,37,19,18,51.35135135135135
Chili Sauce,375,91,284,24.266666666666666
Jalapeno & Cheddar Potato Chips,41,20,21,48.78048780487805
"8\"" Red Velvet Cake",20,2,18,10.0
Palmer's® Cocoa Butter Formula® Moisturizing Lotion,27,10,17,37.03703703703704
Adult Urinary Tract Health Formula Dry Cat Food,35,20,15,57.14285714285714
Coco-Coconut Ice Cream Bars,30,17,13,56.666666666666664
Rib Eye Steak,144,56,88,38.88888888888889
Spinach And Pine Nut Ravioli in Spinach Pasta,28,11,17,39.285714285714285
Kaiser Rolls,135,52,83,38.51851851851852
Nutri Grain Bars Multi Pack,3596,2554,1042,71.0233592880979
Hibiscus Tea Sangria,20,12,8,60.0
Ibuprofen 200 Milligram Tablets,30,7,23,23.333333333333332
2% Shredded Sharp Cheddar Cheese,202,89,113,44.05940594059406
Grilled Chicken Breasts,344,217,127,63.08139534883721
Take Alongs Rectangle Containers with Lids - 3 CT,6,0,6,0.0
Organic Whole Grain Quinoa,10,1,9,10.0
"Cookie Mix, Almond Flour, Chocolate Chip",112,32,80,28.57142857142857
Pods Ocean Mist Scent Laundry Detergent + Stain Remover + Brightener,290,128,162,44.13793103448276
Organic Gluten Free Maple Buckwheat Flakes,540,350,190,64.81481481481481
Corn Sweet Potato Tortilla Chips,546,340,206,62.27106227106227
"100% Juice, Apple Peach Mango",82,54,28,65.85365853658537
Lowfat Peach Kefir Probiotic Cultured Milk Smoothie,208,120,88,57.692307692307686
Organic Stage 2 Winter Squash Baby Food Puree,1322,762,560,57.639939485627835
Lower Sodium Oven Roasted Turkey Breast,209,121,88,57.89473684210527
Plus Lubricant Eye Drops,146,46,100,31.506849315068493
Organic Elderberry Tonic,111,43,68,38.73873873873874
Full Volume Conditioner Lavender & Biotin,33,6,27,18.181818181818183
Toffee Almond Fudge Frozen Dessert,199,101,98,50.753768844221106
Living Jewel Junmai Sake,4,1,3,25.0
Toilet Enzyme Cleaner,4,0,4,0.0
Zero Calorie Half Green Tea & Half Lemonade,773,523,250,67.65847347994826
Gelato Limoncello,21,8,13,38.095238095238095
Focaccia Tuscan Cheese,23,8,15,34.78260869565217
Oh My Yog! Trilayer Yogurt Apple Cinnamon,613,306,307,49.9184339314845
Cookies & Cream Greek Crunch Yogurt,5,1,4,20.0
ZzzQuil Nighttime Sleep-Aid LiquiCaps,105,47,58,44.761904761904766
Large Fruit Platter,22,1,21,4.545454545454546
Organic Beef Stew Baby Food Stage 3 Pouch,366,211,155,57.650273224043715
DGL Fructose Free Sugar Free Digestive Relief Chewable Tablets,14,2,12,14.285714285714285
Chimichurri Hemp Tofu,8,3,5,37.5
Packaging Tape,10,1,9,10.0
Natural Premium Coconut Water & Pineapple Juice From Concentrate,5,0,5,0.0
Body Powder,24,9,15,37.5
Extra Cheesy Cheddar Bunnies Crackers,553,247,306,44.66546112115732
Butter Boom Microwave Popcorn,83,46,37,55.42168674698795
All I Oli Garlic Spread,20,0,20,0.0
Americone Dream Pint Slices Ice Cream,2,0,2,0.0
Lightly Breaded Turk'y Cutlets,470,293,177,62.34042553191489
Brussels Sprout Season,79,22,57,27.848101265822784
Sweet & Creamy Light Mocha Iced Coffee,87,46,41,52.87356321839081
Medium Grain Enriched Rice,11,1,10,9.090909090909092
Flour All Purpose,69,39,30,56.52173913043478
Invisible Solid Powder Fresh Deodorant,27,3,24,11.11111111111111
Fructis Pure Clean Shampoo Normal Hair,63,24,39,38.095238095238095
Cultured Coconut Water Probiotic Beverage,416,175,241,42.06730769230769
Sweet Buttercream Dairy Creamer,7,1,6,14.285714285714285
Pure Butter Shortbread Rounds,377,176,201,46.684350132625994
Yellow Cake Icing,9,3,6,33.33333333333333
Ubiquinol QH+ Pqq Softgels,6,1,5,16.666666666666664
Sweet Italian Chicken Sausage,2972,1541,1431,51.850605652759086
Cold-Pressed Coconut Water & Greens High Pressure Processed Fruit & Vegetable Juice Blend,265,112,153,42.26415094339623
Chocolate Drink,107,58,49,54.20560747663551
Chocolate Fudge Greek Yogurt Bar,4,0,4,0.0
Long Grain American Basmati White Rice,294,108,186,36.734693877551024
Chips Ahoy Thin Crisps,163,103,60,63.190184049079754
Organic Brown Rice Lasagne Pasta,235,74,161,31.48936170212766
Organic Whole Grain Vegan Crispy Sunflower Twigs,3,0,3,0.0
Cacao Nibs,8,1,7,12.5
Organic Okra,22,5,17,22.727272727272727
Pieces And Stems Mushrooms,28,10,18,35.714285714285715
Reduced Fat Crescent Rolls,734,316,418,43.05177111716621
Epsom Salt,1791,864,927,48.24120603015075
Rice Pilaf Mix,63,47,16,74.60317460317461
Vitamin D3 1000 Iu,6,0,6,0.0
Almond Walnut Macadamia Plus Bar,680,392,288,57.647058823529406
Grilled And Ready Oven Roasted Diced Chicken Breast,196,50,146,25.510204081632654
"Raw Shea Butter Deep Treatment Hair Masque w/ Sea Kelp & Argan Oil for Dry, Damaged Hair",6,2,4,33.33333333333333
Fuji Apple Vinaigrette Dressing,11,4,7,36.36363636363637
Rosemary Chicken Roasting Sauce,69,16,53,23.18840579710145
100% Natural Stevia Sweetener,67,21,46,31.343283582089555
Bars Peanut Butter,67,60,7,89.55223880597015
Apple Cinnamon Bar,8,5,3,62.5
All in 1 Powerball Fresh Scent Automatic Dishwasher Detergent,432,122,310,28.240740740740737
Sandal Soap,6,0,6,0.0
Aloe Vera Juice Whole Leaf,40,12,28,30.0
Discreet Incontinence Pads Maximum Long Length,27,18,9,66.66666666666666
Light and Lean Mattar Paneer,338,197,141,58.28402366863905
Organic Extra Large Grade AA Brown Eggs,13587,9554,4033,70.31721498491204
Flavor Blasted Xtra Cheddar Goldfish Crackers,1024,586,438,57.2265625
Gourmet Popping Corn Original,961,298,663,31.00936524453694
Berry Blast 100% Juice Smoothie,160,66,94,41.25
Vegan Aged White Cheddar  Popcorn,1682,937,745,55.70749108204518
Tart And Tangy Mango Frozen Kefir,173,88,85,50.86705202312138
Pop Tarts Dunkin' Donuts Frosted Chocolate Mocha Toaster Pastries,2,0,2,0.0
Campari Tomato,777,492,285,63.32046332046332
Co-Q10 100 Mg Capsules,4,0,4,0.0
Pork & Vegetable Dumplings Potstickers,77,38,39,49.35064935064935
Broad Noodles with Chicken & Chinese Broccoli,68,26,42,38.23529411764706
Sea Salt & Vinegar Kettle Chips,408,233,175,57.107843137254896
Adult Maximum Strength DM Max Liquid Cough & Chest Congestion Relief,23,2,21,8.695652173913043
"Green Mexican Salsa, Medium",24,10,14,41.66666666666667
Gone Nuts! Raw & Sprouted Clusters of Cacao,14,10,4,71.42857142857143
Dog Food,49,19,30,38.775510204081634
Sweet Vermouth Rosso,12,5,7,41.66666666666667
Butterscotch Chips Baking Pieces,5,1,4,20.0
Hi-Chew Mango Fruit Chews,40,28,12,70.0
Plain Wheat Crackers,33,15,18,45.45454545454545
Town House  Mediterranean Herb Pita Crackers,89,16,73,17.97752808988764
Melissa's Blackeyed Peas,30,7,23,23.333333333333332
Rye Bread,70,36,34,51.42857142857142
Peppered Bacon,4,0,4,0.0
Fruit & Nut Trail Mix Chewy Granola Bars,1306,713,593,54.594180704441044
Rich Maple Toastables Quinoa,4,2,2,50.0
Unstoppables Liquid Shimmer,12,1,11,8.333333333333332
Kitten Chow Nurture Kitten Food,4,1,3,25.0
Small Disposable Swimpants,17,3,14,17.647058823529413
English Tea Scones Orange,22,8,14,36.36363636363637
Multi-Faceted Shimmering Colour 21 Bright Black Hair Color,16,7,9,43.75
Clear Strips 30 ct All One Size Value,23,3,20,13.043478260869565
Powerball Max In 1 Shine & Protect,11,0,11,0.0
Organic Fruit and Veggie Smoothie Beetbox Berry Mashups Smoothie Pouch,189,102,87,53.96825396825397
Renola Berry Fruit Nut & Seed Mix,2,0,2,0.0
6B Linguine,9,5,4,55.55555555555556
Veganic Sprouted Ancient Grain O's,217,128,89,58.986175115207374
Organic Lemon Cayenne Hummus,153,75,78,49.01960784313725
"Nut, Spice, Honey Roasted Sea Salt Bar",21,8,13,38.095238095238095
Milk Chocolate Baking Bar,37,4,33,10.81081081081081
Brownish Black Great Lash Mascara,11,4,7,36.36363636363637
100% Whole Wheat Medium Soft Taco Flour Tortillas,2739,1345,1394,49.10551296093465
Organic Vat-Cultured European Style Unsalted Butter,22,7,15,31.818181818181817
Rainbath® Renewing Shower and Bath Gel - Pear & Green Tea,40,14,26,35.0
70% Dark Chocolate Stevia Sweetened Vegan Non GMO Bar,318,187,131,58.80503144654088
Gluten Free Gold Lager,2,0,2,0.0
Kiev Breaded Stuffed Chicken Breasts,173,114,59,65.89595375722543
Vanilla Flavor Multi-Symptom Relief,3,0,3,0.0
Original Ritz Toasted Chips,396,193,203,48.73737373737374
Non-Medicated Saline & Aloe Nasal Spray,95,7,88,7.368421052631578
Beer Cans,353,217,136,61.47308781869688
Moscato,329,147,182,44.680851063829785
Sugar Free Caramel Sundae Syrup,35,9,26,25.71428571428571
Lemon Lime Sparkling Seltzer Water,470,314,156,66.80851063829788
Antibacterial Toilet Bowl Cleaner,23,2,21,8.695652173913043
White Fiber Shells Pasta,172,87,85,50.58139534883721
Sprouted Multi-Grain Bread,5358,3631,1727,67.76782381485629
Organic Quinoa Squares Pineapple & Spinach,85,42,43,49.411764705882355
Organic Regular Tampons No Applicator,34,4,30,11.76470588235294
Organic Sliced Sharp Cheddar Cheese,514,305,209,59.33852140077821
Organic Just Peaches,88,65,23,73.86363636363636
Egg White Chocolate Protein Powder,15,9,6,60.0
Original Wheat Berry Flakes,176,105,71,59.65909090909091
Original Unsweetened Almondmilk,43,11,32,25.581395348837212
Peach Rings,6,2,4,33.33333333333333
OTC Acid-Reducer Omeprazole 20mg,257,106,151,41.245136186770424
Gin,308,129,179,41.883116883116884
Sweet Crunch Sprouted Super Cookie,120,57,63,47.5
"12\"" Aluminium Foil",1803,323,1480,17.91458679977815
Pure Goat Milk Herb Chabis Cheese,542,192,350,35.42435424354243
Liquid Egg White,169,104,65,61.53846153846154
Taco Shells Box,126,58,68,46.03174603174603
Meat-filled Cabbage Roll with Tomato Sauce & Whipped Potatoes,18,7,11,38.88888888888889
3 Antifungal Treatment Cream - Combination,26,0,26,0.0
2% Milkfat Greek Yogurt Key Lime Blended,807,530,277,65.67534076827756
100% Apple Cider,58,13,45,22.413793103448278
Supreme Turtle Brownie Mix,24,8,16,33.33333333333333
Minced Turkey Entree Cat Food,79,55,24,69.62025316455697
Adult Gummies Multi Dietary Supplement - 90 CT,29,5,24,17.24137931034483
Lucky Irish Breakfast Pot Of Gold Tea,9,2,7,22.22222222222222
Butternut Ravioli,89,29,60,32.58426966292135
Soothing Relief Diaper Rash Cream,4,0,4,0.0
Hot Hungarian Paprika,20,3,17,15.0
Reserve Asiago Rosemary And Olive Oil Cheese,92,46,46,50.0
"Syrup, Maine Maple",72,18,54,25.0
Angel Hair Coleslaw Shredded Cabbage,110,34,76,30.909090909090907
Riserva Spicy Arrabbiata Pasta Sauce,24,11,13,45.83333333333333
"Rigatoni, No. 26, 100% Whole Wheat",19,9,10,47.368421052631575
Scottish Breakfast Tea,85,43,42,50.588235294117645
Key Lime Pie Gelato,552,193,359,34.96376811594203
Sprouted Grain Low Sodium Bread,2564,1351,1213,52.69110764430577
Fat Free Chicken Broth,64,14,50,21.875
Bearglove Body Wash,8,2,6,25.0
Vanilla Draft Latte Cold Pressed Espresso,78,39,39,50.0
"Organic Chicken, Brown Rice, and Flaxseed Weight Management Adult Dry Dog Food",116,72,44,62.06896551724138
Multi + Omega-3 Fruit Gummies,9,2,7,22.22222222222222
Lactose Free Sour Cream,1538,937,601,60.92327698309493
Green Chile Zucchini,12,1,11,8.333333333333332
Indonesian Sumatra Organic Whole Bean Coffee,101,45,56,44.554455445544555
Color Cups,86,22,64,25.581395348837212
Cinnamon Sugar Pita Chips,753,344,409,45.68393094289508
Pizza Poppers Uncured Pepperoni,2758,1392,1366,50.4713560551124
Sunflower Lecithin - 1200 Mg,10,0,10,0.0
Sharp Wisconsin Cheddar Aged 9 Months,12,6,6,50.0
Organic 1st Foods Butternut Squash,29,14,15,48.275862068965516
XXtra Flamin' Hot Crunchy Cheese Flavored Snacks,61,35,26,57.377049180327866
Sesame Chicken Stir-Fry Skillet Sauce,12,6,6,50.0
Sesame Garlic Sauce & Glaze,5,2,3,40.0
Sliced Yellow Cling Peach Slices in 100% Real Fruit Juice,555,240,315,43.24324324324324
Liquid Detergent,54,17,37,31.48148148148148
French Roast Dark Roast K-Cup Packs Coffee,21,12,9,57.14285714285714
Men's One Daily Vegetarian Tablet,7,1,6,14.285714285714285
Foaming All-Natural Antibacterial Orange Vanilla Handsoap,128,68,60,53.125
"Dipping Chips, 3 Seed, Veggie",13,3,10,23.076923076923077
Baked Soft Pretzels,1806,1046,760,57.91805094130675
Sensitive Skin Fragrance Free Shave Gel,87,15,72,17.24137931034483
Harvest Wheat Crackers,93,56,37,60.215053763440864
Laundry Detergent Flings Moonlight Breeze,6,1,5,16.666666666666664
Peanut Butter Filled Pretzel Nuggets,201,118,83,58.70646766169154
Fruit Cocktail in 100% Juice,4,0,4,0.0
Beef Pot Pie,557,305,252,54.7576301615799
Via Caramel Latte,5,0,5,0.0
Organic Agave Nectar,346,142,204,41.040462427745666
Sensitive Skin Beauty Bar,42,11,31,26.190476190476193
Great White Beer,64,47,17,73.4375
"Kale Krunch, Organic, Southwest Ranch",1060,513,547,48.39622641509434
Organic Plain Nonfat Yogurt,1506,1060,446,70.3851261620186
Old Fashioned Beef Jerky,16,8,8,50.0
Dessert Shells,34,7,27,20.588235294117645
Organic Lollipops Variety Pack,250,84,166,33.6
Vegan Split Pea Soup,344,164,180,47.674418604651166
Spanish Style Yellow Rice,333,150,183,45.04504504504504
Real Ice Cream Caramel Waffle Cone,3,0,3,0.0
Vindaloo Curry Sauce,20,6,14,30.0
Pad Thai Rice Stick Noodles,53,13,40,24.528301886792452
50/50 Spring Mix & Baby Spinach,3033,1533,1500,50.54401582591493
Charcoal Lighter Fluid,56,10,46,17.857142857142858
Sea Salt Crunchy Chickpeas,483,176,307,36.43892339544513
Potato Bag,4,0,4,0.0
Original Lite Syrup,804,238,566,29.601990049751244
Ocean Whitefish & Tuna Feast in Sauteed Seafood Flavor Gravy Cat Food,236,155,81,65.67796610169492
Purified Drinking Water,2343,1678,665,71.61758429364063
Turkey Sausage Snack Sticks,30,15,15,50.0
Smart Pop! Kettle Korn Microwave Popcorn,132,62,70,46.96969696969697
White Tea Unsweetened Hint O'Mint,28,10,18,35.714285714285715
Organic Hothouse Cucumbers,23892,16124,7768,67.48702494558849
The Original Natural Herb Drops Cough Suppressant,1264,415,849,32.83227848101266
Premium White Unscented Bathroom Tissue - 12 CT,477,234,243,49.056603773584904
Ginger Fire Probiotic Kombucha,615,384,231,62.4390243902439
Cheese Delicato Ravioli,123,46,77,37.39837398373984
Barbecue Chicken Breast,5,1,4,20.0
RefillReuse Bottle Blue,3,0,3,0.0
Active Electrolyte Enhanced Drink Tabs 10 Servings Tri-Berry,344,168,176,48.837209302325576
Athlete's Foot Clotrimazole Antifungal Cream,33,6,27,18.181818181818183
Bandaid Securflex Wrap,7,0,7,0.0
"Crackers, Wafer Thin, Sesame & Poppy Seed",4,1,3,25.0
Sugar Free Maple Syrup,4,0,4,0.0
Fat Free Beef Broth,419,105,314,25.059665871121716
Wheat Thins Cheese Crunch 8oz,4,1,3,25.0
Vanilla Goats Milk Yogurt,454,346,108,76.2114537444934
Orange Seedless Watermelon,29,14,15,48.275862068965516
"Paper Napkins, 1-Ply",105,35,70,33.33333333333333
Robust Extra Virgin Olive Oil,82,33,49,40.243902439024396
Omega Flax,16,6,10,37.5
Dr. Zevia Zero Calorie Soda,1726,1199,527,69.46697566628042
Guacamole Ranch Salad Dressing,2,0,2,0.0
Crisp White,67,53,14,79.1044776119403
Double Fiber Bread,3027,2429,598,80.24446646845061
Tuna Belly In Ventresca Tin,12,7,5,58.333333333333336
Sf Berry Frt Snak 4.8 Z,45,19,26,42.22222222222222
Chopsticks,10,0,10,0.0
Twister Tropical Punch,28,17,11,60.71428571428571
Classic Cherry Lipbalm,51,3,48,5.88235294117647
Oat Bran Hot Cereal,14,4,10,28.57142857142857
Organic Sea Salt Roasted Seaweed Snacks,10345,6580,3765,63.60560657322378
Egg Nog,460,152,308,33.04347826086956
"Cookies, Fudge Striped",693,380,313,54.83405483405483
Complete Sensitive All Day Moisturizer With SPF 15,28,10,18,35.714285714285715
Country Mild Premium Pork Sausage,105,44,61,41.904761904761905
Butter Popped Corn Rice Cakes,478,284,194,59.41422594142259
Ezekiel 4:9 Sprouted Original Waffles,59,33,26,55.932203389830505
Tierra Intenso Ground Coffee,22,9,13,40.909090909090914
"Stir Fry Oil, Pan Asian",23,1,22,4.3478260869565215
Natural Cherry Gel Toothpaste For Kids,47,8,39,17.02127659574468
Peach Lemonade Stick,11,5,6,45.45454545454545
Organic Roasted Sliced Chicken Breast,12056,7317,4739,60.69177173191772
Iodized Salt,2607,530,2077,20.32988108937476
Pizza Uncured Pepperoni Gluten Free,776,499,277,64.30412371134021
Traditional Flavor Smoked Salmon,24,13,11,54.166666666666664
Embrace Prenatal 35+ Multivitamin,4,0,4,0.0
Organic Mango Beet Berry Smoothie Kickstart,33,5,28,15.151515151515152
Za'atar Thyme with Roasted Sesame Seeds,10,3,7,30.0
Original Cream Strawberry Cheesecake,84,31,53,36.904761904761905
Cilantro Lime Rice,116,32,84,27.586206896551722
Extra Dry Antiperspirant Deodorant Regular Spray,11,4,7,36.36363636363637
"Rice Roll, Crunchy, Black Pearl Rice & White Rice",32,15,17,46.875
Authentic French Brioche Rolls,2023,1278,745,63.173504695996044
The Original Creole Seasoning,38,6,32,15.789473684210526
"10.25\"" Cast Iron Skillet",10,1,9,10.0
Grated Supremo Cotija Cheese Shaker,18,11,7,61.111111111111114
"Chunky Garden, Tomato, Garlic & Onion Pasta Sauce",95,41,54,43.15789473684211
Children's Multi-Symptom Cold Relief Dye-Free Grape Flavored Syrup,6,1,5,16.666666666666664
Lightly Salted Dry Roasted Peanuts,78,32,46,41.02564102564102
Medium Suprema Salsa,235,91,144,38.72340425531915
Age Defying Classic Cleanser,7,3,4,42.857142857142854
Halos Mandarin Oranges,44,18,26,40.909090909090914
Cut Asparagus Spears,11,2,9,18.181818181818183
BAC-OUT Fresh Natural Lemon Thyme Fabric Refresher spray bottle,21,3,18,14.285714285714285
Triple Berry Blend,1565,988,577,63.13099041533546
Unscented Long Lasting Stick Deodorant,414,78,336,18.84057971014493
Potato Fennel Leek Soup,13,6,7,46.15384615384615
Italiano Tomato Sauce,30,2,28,6.666666666666667
Lavender Red Rose Cacao Bar,79,56,23,70.88607594936708
Pretzels Original Thins,870,392,478,45.05747126436781
Organic Cold-Pressed Orange Juice,1658,1177,481,70.9891435464415
Simply Floored! Natural Floor Cleaner,294,84,210,28.57142857142857
Chicken Biryani,1377,716,661,51.99709513435003
A&D First Aid Ointmnt,6,0,6,0.0
Natural Uncured Center Cut Applewood Smoked Bacon,209,76,133,36.36363636363637
"Granola, Organic, Original",36,13,23,36.11111111111111
Large Cheese Ravioli,32,16,16,50.0
Twig Kukicha Tea,62,27,35,43.54838709677419
Bunny Pasta with Yummy Cheese Macaroni & Cheese,8103,4648,3455,57.3614710601012
"Gourmet Popcorn, White Pepper Parmesan, Bag",127,51,76,40.15748031496063
Chanuka Candles,10,0,10,0.0
Kettle Chips Vegan Cheddar,301,170,131,56.47840531561462
Ginger Thins Delicate Swedish Cookies,117,47,70,40.17094017094017
SweetLeaf Natural Stevia Sweetener Packets,142,59,83,41.54929577464789
Dark Chocolate Mint Snack,5,0,5,0.0
Nutrition Bars Apple Cinnamon & Pecan,76,48,28,63.1578947368421
90 Calorie Chocolate Chewy Bars,386,217,169,56.21761658031088
Poppy Thyme Crackers,30,13,17,43.333333333333336
Mahogany Dark Roast Woodsy & Rich Ground Coffee,22,12,10,54.54545454545454
"Corn Meal, Yellow",76,21,55,27.631578947368425
Oikos Triple Zero Mixed Berry Yogurt,224,131,93,58.48214285714286
Natural Crunchy Peanut Butter,53,19,34,35.84905660377358
Raspberry Dark Chocolate Cake,12,3,9,25.0
Prima Pils German Style Pilsner,4,2,2,50.0
Ginger Ale Unfiltered Passion Fruit,69,48,21,69.56521739130434
UltimateCare Premium Liquid Bleach,180,71,109,39.44444444444444
Spring Water Body Wash,348,165,183,47.41379310344828
Grapefruit Ginger Organic Drink,35,8,27,22.857142857142858
Gluten Free Omega Flax & Fiber Bread,3157,2072,1085,65.6319290465632
Italian Seasoning,504,46,458,9.126984126984127
1st Foods Prunes,298,140,158,46.97986577181208
5 Symptom Digestive Relief Liquid,165,29,136,17.575757575757574
Primo Thin Margherita Pizza,307,122,185,39.73941368078176
Raspberry Lemonade Sparkling Spring Water,48,17,31,35.41666666666667
Butter with Canola Oil,84,44,40,52.38095238095239
American Cheese Snack,95,41,54,43.15789473684211
"General Purpose Light Bulbs, Soft White, 25W",49,2,47,4.081632653061225
Organic Blueberry B Mega,96,85,11,88.54166666666666
Peach Nectar,333,135,198,40.54054054054054
Macro Greens,4,0,4,0.0
White & Blue Thermoscan Ear Thermometer,20,2,18,10.0
Truffles Lindor White Chocolate,10,3,7,30.0
French Onion Party Dip,14,7,7,50.0
Variety Drink,60,26,34,43.333333333333336
Simply...Chocolate Chip Cookie Dough,390,177,213,45.38461538461539
Organic Black Chia Seed,742,174,568,23.450134770889488
Original Pancake and Baking Mix,1191,292,899,24.517212426532325
Colossal Smoked Oysters,51,32,19,62.745098039215684
All Hair Types Pure Clean Styling Gel,27,14,13,51.85185185185185
Sour Cream & Onion Potato,71,29,42,40.845070422535215
Organic Coconut Acai Energy Bar,29,12,17,41.37931034482759
Mozzarella Flavor Shreds Cheese Alternative,53,28,25,52.83018867924528
Immune+ Super Orange Drink Mix Dietary Supplement,50,6,44,12.0
"Whole Wheat, No. 17 Spaghetti",27,14,13,51.85185185185185
ORGANIC Cocoa Mint Protein Single,323,188,135,58.204334365325074
"Crushed Fire Roasted With Eggplant, Kale & Beet Puree",161,55,106,34.161490683229815
Red Chili Sauce,4,0,4,0.0
"The Second Generation Premium Dog Food, Organic Beef",86,33,53,38.372093023255815
Cioccolati Biscotti,232,148,84,63.793103448275865
Heritage Collection Purple Pint Jars,5,0,5,0.0
Mushroom Lo Mein Noodles,13,4,9,30.76923076923077
Cookie Dough Grand Ice Cream,17,10,7,58.82352941176471
Select Harvest Jasmine Rice,11,6,5,54.54545454545454
Mediterranean Quinoa & Brown Rice,9,1,8,11.11111111111111
Four Cheese with Roasted Mushrooms and Tropea Onions Frozen Pizza,6,3,3,50.0
Beef Lit'l Smokies,433,178,255,41.10854503464203
Protein Bar Coconut Cashew,516,253,263,49.031007751937985
"Cruisers Diapers Giant Pack, Size 6",20,7,13,35.0
"Yellow Corn Grits, Organic",167,40,127,23.952095808383234
Original Cheese,262,152,110,58.01526717557252
Bumpy Bristle Massage Brush,7,0,7,0.0
Dairy Free Greek Yogurt Black Cherry,558,316,242,56.63082437275986
Quick Cooking Medium Whole Grain Brown Rice,15,7,8,46.666666666666664
Arnica Gel,156,70,86,44.871794871794876
Original Triple Chocolate Protein Energy Bar,313,212,101,67.73162939297124
Pure Cane Granulated Sugar,390,202,188,51.7948717948718
Slap Ya Mama Cajun Seasoning,4,0,4,0.0
Creamy Milk Chocolate with Crisped Rice Chocolate Candy Bars,15,4,11,26.666666666666668
Organic Tulsi Ginger Tea,18,3,15,16.666666666666664
Honey Maid Teddy Grahams,195,83,112,42.56410256410256
"Crispy Apple Chips, Original",93,39,54,41.935483870967744
Italian with Sun Dried Tomato Dressing,8,0,8,0.0
Chocolate Dipped Cream Puffs,37,9,28,24.324324324324326
Organic Yukon Gold Potatoes,275,123,152,44.72727272727273
Gluten Free Quick Cooking Oats,2250,1202,1048,53.422222222222224
Milk Chocolate Candy Bars,1685,694,991,41.18694362017804
Carrot Yogurt,67,31,36,46.26865671641791
Mallow Bites Toasted Coconut Marshmallows,9,2,7,22.22222222222222
Original Healing Soothing Repair Creme Jar,26,14,12,53.84615384615385
1 Mg Melatonin Sublingual Orange Tablets,108,34,74,31.48148148148148
Hot Sauce,2560,837,1723,32.6953125
Kitchen Citrus Liquid Hand Soap,60,14,46,23.333333333333332
Premium Chocolate Coconut Water,920,488,432,53.04347826086957
Gluten Free Double Chocolate Muffins,1429,928,501,64.9405178446466
Savory Cracker Mix,59,25,34,42.3728813559322
Colloidal Oatmeal Lavender Bath and Body Wash,5,1,4,20.0
Leafy Romaine,111,31,80,27.927927927927925
Original Korean BBQ Sauce & Marinade,150,49,101,32.666666666666664
12 Hour Non Drowsy Tablets,11,1,10,9.090909090909092
Flavor Enhancer Shaker,8,0,8,0.0
Sugar Free Chocolate Chip With Almonds Cookies,36,12,24,33.33333333333333
Non Fat Raspberry Yogurt,16377,12227,4150,74.659583562313
Dark & Sea Salt Caramel Chocolate Squares,827,448,379,54.17170495767836
100% Carrot 100% Vegetable Juice,95,40,55,42.10526315789473
Sport Fresh Balance Lightly Scented Regular/Super Absorbency Multi-Pack Tampons,25,6,19,24.0
O'Soy Smooth & Creamy Vanilla Organic Soy Yogurt,1445,1036,409,71.6955017301038
Basil 4x Concentrated Laundry Detergent,83,28,55,33.734939759036145
Smoked Gouda Potato Chips,3,0,3,0.0
Lemon Natural Dishwasher Detergent Gel,1350,512,838,37.925925925925924
Organic Peppermint Extract,30,4,26,13.333333333333334
Diakon Radish Kimchi,255,59,196,23.137254901960784
Chablis,47,28,19,59.57446808510638
Magnesium Citrate Cherry,18,14,4,77.77777777777779
Ultra Strength Anti-Gas Medicine,4,0,4,0.0
Caesar Salad,1170,696,474,59.48717948717949
Private Selection Riesling,6,2,4,33.33333333333333
"Stix, Original, Sea Salt",55,21,34,38.18181818181819
Raspberry Gluten-Free Figgies And Jammie's Bars,385,255,130,66.23376623376623
Crisp 'n Light Wholesome Wheat Crackerbread,11,2,9,18.181818181818183
Medium Spicy Tandoori Marinade,15,1,14,6.666666666666667
"Pain Reliever/Fever Reducer (NSAID), Ibuprofen 200mg",504,139,365,27.579365079365083
Rose,765,444,321,58.03921568627452
1000 Mg Vitamin C Tablets,2,0,2,0.0
"Marmalade, Pink Grapefruit",2,0,2,0.0
Tomato Basil,15,6,9,40.0
Imported Beer Can,6,1,5,16.666666666666664
"Healthy Cycle Herbal Tea Bags, Caffeine Free",18,2,16,11.11111111111111
Superfruit Pomegranate Green Tea,5,0,5,0.0
Twister Fruit Punch Juice Beverage,37,27,10,72.97297297297297
Irish Steel Cut Oatmeal,14,3,11,21.428571428571427
Creamy Chipotle Ranch Dressing,45,18,27,40.0
Arnica Extract,12,0,12,0.0
Ultimate Pomegranate Margarita,25,15,10,60.0
Tomato Juice,192,92,100,47.91666666666667
Turkey Thighs,31,15,16,48.38709677419355
Spaghetti with Spinach No. 12,38,13,25,34.21052631578947
"Cutlery, Plastic, Heavyweight, Clear Assorted",46,5,41,10.869565217391305
Natural Unbleached Cheesecloth,206,28,178,13.592233009708737
RX Stress Herbal Iced Tea,22,16,6,72.72727272727273
PODs HE Free & Gentle Laundry Detergent,8,3,5,37.5
Organic Castor Oil Skin Care,67,0,67,0.0
Natural Toothpaste Creme de Mint,141,56,85,39.71631205673759
Sweet Potato Hash Browns,425,143,282,33.64705882352941
Kickstart Orange Citrus,12,8,4,66.66666666666666
Sliced Peperoncini,36,11,25,30.555555555555557
Grapefruit & Green Tea Dishwashing Liquid,8,0,8,0.0
Crispy Sauerkraut,138,34,104,24.637681159420293
Cranberry Granola Fruit Clusters,33,20,13,60.60606060606061
Grilled Beef Feast in Gravy Cat Food,110,66,44,60.0
Uncured Bacon + Cranberry Bison Bar,1361,791,570,58.11903012490816
Organic Gravenstein Apple Juice,1068,572,496,53.558052434456926
"Natural Food For Adult Cats, Chicken, Duck & Shrimp Recipe",6,1,5,16.666666666666664
Sponch Marshmallow Cookies With Strawberry & Coconut,5,1,4,20.0
Olia Oil Powered Permanent Haircolor,8,4,4,50.0
Legendary Bar-B-Q Sauce Hickory Bourbon,207,45,162,21.73913043478261
Garden Vegetable,55,18,37,32.72727272727273
Farro Perlato,154,37,117,24.025974025974026
"Organic Chunky Salsa, Medium",9,5,4,55.55555555555556
Coffee Instant Espresso,248,117,131,47.17741935483871
Trop50 No Pulp Orange Juice,1965,1183,782,60.20356234096692
Organic Yellow Asian Pear,152,41,111,26.973684210526315
Caramel Flan,7,1,6,14.285714285714285
Organic Sweet Potato Spirals,776,370,406,47.680412371134025
Tropical Mango Juice Smoothie,48,30,18,62.5
Avocados,65,42,23,64.61538461538461
"Milk, Vitamin D",8732,6057,2675,69.36555199267063
Taramosalata,28,17,11,60.71428571428571
Artichoke Hearts In Water,35,12,23,34.285714285714285
"Olives, Spanish, Manzanillas, Stuffed with Minced Pimiento",61,31,30,50.81967213114754
Raw Tahini Seasame Seed Butter,128,28,100,21.875
Cultured 1% Lowfat Buttermilk,272,80,192,29.411764705882355
Pure Coconut Water with Peach & Mango,68,34,34,50.0
Long Term Relationship Hair Conditioner for Long Hair,33,8,25,24.242424242424242
Two Bite Brownies,5,1,4,20.0
Exhilarations Liquid Fabric Softener White Lavender & Sandalwood 32 Loads,67,14,53,20.8955223880597
Exquisitely Rich 85% Dark Chocolate,1102,687,415,62.34119782214156
Chicken Culinary Stock,631,320,311,50.71315372424723
Rock It Red Frozen Veggie and Fruit Pops,194,98,96,50.51546391752577
Baked  Aged White Cheddar Rice and Corn Puffs,21,7,14,33.33333333333333
Cinnamon Swirl Bagels,617,410,207,66.45056726094003
All Natural Original Guacamole Mix,1263,485,778,38.4006334125099
Sponge Bottle Brush,94,14,80,14.893617021276595
Uncured Canadian Bacon,14,6,8,42.857142857142854
Sweet & Sour Cocktail Mix,9,3,6,33.33333333333333
Rehab Lemonade Tea,139,108,31,77.6978417266187
Crispy Fruit Banana,38,30,8,78.94736842105263
Stew Meat,171,74,97,43.27485380116959
Organic White Tea,6,0,6,0.0
Granola Cereal,34,14,20,41.17647058823529
Free & Clear Automatic Dishwasher Detergent,1461,640,821,43.80561259411362
Original Dry Dog,221,111,110,50.2262443438914
Springs Distilled Water,53,40,13,75.47169811320755
Stringless Sugar Snap Peas,5410,2945,2465,54.4362292051756
Hazelnut Meal/Flour Finely Ground,99,16,83,16.161616161616163
Ultra 5-in-1 Exfoliating Wash Acne Medication,8,5,3,62.5
Fruit Punch Burst Organic Quenchers,50,25,25,50.0
"Cream Of Chicken Condensed Soup, 50% Reduced Sodium",23,5,18,21.73913043478261
Pink Cripps Apple,1365,751,614,55.01831501831502
Dill Pickle Spears,1838,906,932,49.29270946681175
Organic French Agen Mini Plums,9,3,6,33.33333333333333
White Chocolate & Raspberry Protein Bar,89,46,43,51.68539325842697
"Hot Cocoa Mix, Chocolate Supreme",13,2,11,15.384615384615385
Pepperoni Poblano Pizza,37,19,18,51.35135135135135
Cat Litter Deodorizer,110,47,63,42.72727272727273
Organics Big Bird's Apple 100% Juice,1248,891,357,71.39423076923077
Happy Hips Grain Free Dog Food Chicken & Sweet Potato Stew Recipe,121,79,42,65.28925619834712
5 Sugarfree Gum Wintermint Ascent,29,17,12,58.620689655172406
Maximum Strength Nasal Decongestant,9,4,5,44.44444444444444
Peach Fruit Nectar,143,50,93,34.96503496503497
Fast Max Cold Flu Sore Throat,11,1,10,9.090909090909092
Scalp & Hair Damage & Color Repair,10,1,9,10.0
Alka-Seltzer Plus Cold Formula Orange Zest Effervescent,178,25,153,14.04494382022472
Bananas + Apples Puree  2 (from 6 Months),764,492,272,64.3979057591623
Soft Moisturizing Crème,19,6,13,31.57894736842105
Animal Crackers,280,148,132,52.85714285714286
Non Alcoholic Malt Beverage,31,12,19,38.70967741935484
Jasmine White Rice,27,17,10,62.96296296296296
Brownie Brittle Chocolate Chip,165,89,76,53.939393939393945
Fun Size,42,18,24,42.857142857142854
Olive Oil Kettle Cooked Potato Chips,116,78,38,67.24137931034483
Villa Toscana Wine,33,8,25,24.242424242424242
Omega-3 1000 g  Dietary Supplement,30,2,28,6.666666666666667
Peanut Butter Crunch Nutrition Bar,52,37,15,71.15384615384616
"Anti-Perspirant & Deodorant, Gel, Men, Mountain Air",18,7,11,38.88888888888889
Low Salt Ham,527,417,110,79.12713472485768
Even Thinner Limited Edition Crackers,4,1,3,25.0
Choice Cuts In Gravy with Chicken & Rice Wet Dog Food,29,17,12,58.620689655172406
Thin Ultra Always Ultra pads Overnight w/Flexi-Wings Feminine Care,12,0,12,0.0
Raspberry Lemonade Cans,14,4,10,28.57142857142857
Chocolate Flavored Syrup,80,36,44,45.0
Organic Graham Crunch Cereal,2952,1422,1530,48.170731707317074
Honey Roasted Cashews,20,10,10,50.0
Cool Sport Spray-On Sunscreen SPF 50,63,16,47,25.396825396825395
Moisture Rich For Dry Or Damaged Hair Shampoo,16,4,12,25.0
Microwavable Triple Cheese Macaroni & Cheese,1,0,1,0.0
Mango Strawberry Granola Bar,82,41,41,50.0
Pro V  Smooth & Sleek with Argan Oil Anti-Frizz Shampoo,3,0,3,0.0
Gluten Free Rice Millet Bread,385,199,186,51.688311688311686
Green Jalapeno Pepper Sauce,487,180,307,36.96098562628337
"Organic Apples, Carrots and Parsnips Puree",2568,1745,823,67.95171339563862
Whole Grain Thin Spaghetti Pasta,701,213,488,30.385164051355208
Soft N Flex Natural Feel Assorted Bandages,3,1,2,33.33333333333333
Brioche Sandwich Buns,159,90,69,56.60377358490566
"Tall Kitchen Bags, Drawstring, 13 Gal",139,46,93,33.093525179856115
Hot Bean Dip with Jalapenos Peppers,42,18,24,42.857142857142854
Honey Mustard & Onion Deli Style Pretzel Crisps,133,84,49,63.1578947368421
Organic Veggie Italian Sausage,6,3,3,50.0
Artichokes,6536,3691,2845,56.471848225214195
Chocolate Peppermint Stick Soymilk,25,14,11,56.00000000000001
Honey Grahams,158,63,95,39.87341772151899
Sloppy Joe Sandwich Makers,1,0,1,0.0
Beef Bone Broth,8,1,7,12.5
Graham Cracker Pie Crust,76,6,70,7.894736842105263
All Natural Chicken Tenderloins,229,125,104,54.58515283842795
Young Chicken,130,43,87,33.07692307692307
Dairy Free Gluten Free Cookie Dough Coconut Milk Frozen Dessert,974,401,573,41.17043121149898
Three Cheese Asparagus Ravioli Refrigerated Pasta,29,13,16,44.827586206896555
Go Organic-Cherry Hard Candies,22,7,15,31.818181818181817
Plain Cultured Goat Milk Kefir,3095,2358,737,76.18739903069466
Mango Sauce,6,3,3,50.0
Fortified Tomato & Basil Pasta Sauce,9,6,3,66.66666666666666
Raw Spicy Veggie Wrappers,5,2,3,40.0
Mane 'n Tail Original Conditioner,28,12,16,42.857142857142854
Brazillian Keratin Therapy Conditioner,86,29,57,33.72093023255814
Polish Kilbasa,21,8,13,38.095238095238095
Cream Cheese Spread,11975,7228,4747,60.35908141962422
Basil Pesto Sauce,238,77,161,32.35294117647059
3 Inch Novelty Unscented Yellow White Birthday Candle,15,0,15,0.0
Hawaiian Hazelnut Flavored Coffee,162,103,59,63.580246913580254
Non-Stick Parchment Paper,1647,229,1418,13.904068002428657
Roast Beef & Cheddar,6,2,4,33.33333333333333
Glass Cleaner With Ammonia,29,10,19,34.48275862068966
Ultra Dawn Ultra Dishwashing Liquid Antibacterial Orange 21.6 Oz Dish Care,674,265,409,39.317507418397625
Redseedless,20,2,18,10.0
Organic Maca Chocolate Dietary Supplement,30,12,18,40.0
Shiraz Cabernet,22,10,12,45.45454545454545
Fanta Orange Soda,475,255,220,53.68421052631579
Homestyle Light Italian Style Wedding Spinach & Meatballs in Chicken Broth,33,11,22,33.33333333333333
Lowfat Peach Smoothie,732,556,176,75.95628415300546
Chocolate Chip Energy Bar,7,1,6,14.285714285714285
Basil Scented Counter Top Spray,235,51,184,21.70212765957447
Calendula Oat Everyone Baby Wash,28,2,26,7.142857142857142
Passata Biodynamic Tomato Puree,308,125,183,40.58441558441558
Turbinado Cane Sugar Packets,1136,428,708,37.67605633802817
3rd Stage Chicken with Pasta,5,1,4,20.0
Caramel Double Chocolate Crunch Bar,86,47,39,54.65116279069767
"Multi-Vitamin & Mineral, Gummy Bears, Fruit Flavors",487,220,267,45.17453798767967
Smooth Sensation Body Lotion,78,18,60,23.076923076923077
Natural Bliss Cinnamon Cream Coffee Creamer,602,348,254,57.80730897009967
Just Mayo,4582,2162,2420,47.1846355303361
5 Cheese Garlic Bread Loaf,43,15,28,34.883720930232556
Organic Cheesy Ravioli,1220,430,790,35.24590163934426
Wild Rose Smoothing Eye Cream,4,0,4,0.0
Potato Bread,4,0,4,0.0
Notes Cube,4,0,4,0.0
Lemon & Lime Blossom Ocean Fresh Scent Disinfecting Wipes,562,155,407,27.580071174377224
Calrose Medium Grain Brown Rice,37,16,21,43.24324324324324
"Cocktail Mixer, Margarita",6,2,4,33.33333333333333
Pineapple Coconut Water Enhancer,5,0,5,0.0
Natural Havarti Cheese,391,212,179,54.21994884910486
Blueberry Banana Almondmilk,16,2,14,12.5
Serrano Chile Peppers,7912,3521,4391,44.50202224469161
Original Cherry Orchard Yogurt,1964,1276,688,64.96945010183299
Organic Banana,18583,11172,7411,60.11946402626056
24/7 Performance Clumping Litter,415,240,175,57.831325301204814
Liquid Drain Cleaner,115,12,103,10.434782608695652
Peeled Tomatoes,123,73,50,59.34959349593496
"Herbal Tea, Caffeine Free, True Blueberry",41,9,32,21.951219512195124
Select Tomato Basil Pasta Sauce,168,63,105,37.5
Kids Berry Body Wash,8,2,6,25.0
Dairy Free Black & Bold Cold-Brew Coffee,300,199,101,66.33333333333333
"Ale, Amber",105,48,57,45.714285714285715
Alfabeto Alphabet Enriched Egg Pasta,237,97,140,40.92827004219409
Hot Garlic Baked Shrimp Flavored Chips,9,4,5,44.44444444444444
Usda Grade A Cage Free Eggs,50,28,22,56.00000000000001
Oatmeal To Go Apples & Cinnamon Squares,13,5,8,38.46153846153847
Vegan Hot & Sour Noodle Soup,477,198,279,41.509433962264154
Snipped Chives,26,3,23,11.538461538461538
Top Chef Barbecue Seasoned Steak with Red Potatoes Cafe Steamers,82,30,52,36.58536585365854
Nickelodeon Smiles Children 2+ Dora The Explorer Extra Soft Toothbrush,13,3,10,23.076923076923077
Tostadas Caseras Amarillas,363,137,226,37.74104683195592
Nexcare Waterproof Assorted Bandages,40,11,29,27.500000000000004
Organic Tomato & Basil Pasta Sauce,373,196,177,52.54691689008043
"Volume Triple Action Mousse, Maximum Hold",7,1,6,14.285714285714285
Lndbrg White Quinoa 16 Z,1,0,1,0.0
Caribou Blend Coffee K-Cups,189,92,97,48.67724867724868
Concentrated Citrus Cleaner and Degreaser,7,1,6,14.285714285714285
"Shortbread, Highlanders, Pure Butter",9,2,7,22.22222222222222
Rocky Road Slow Churned Ice Cream,236,110,126,46.61016949152542
L&#39;Or&Eacute;Al&Reg; Paris Revitalift&Reg; Bright Reveal Brightening Peel Pads 30 Count,10,5,5,50.0
Sweet Spirulina Sprouted Bites,418,218,200,52.15311004784689
Snow Drift Vanilla Porter,8,0,8,0.0
Jet Puffed Miniature Marshmallows,2234,562,1672,25.156669650850493
Butter Flavored Cooking Spray,66,21,45,31.818181818181817
Granulated Garlic,97,18,79,18.556701030927837
Chocolate Dipped Coconut Bars,79,36,43,45.56962025316456
Dry Touch Sunscreen SPF 45 Posted 7/9/2013 Ultra Sheer Sunblock,5,0,5,0.0
"Facial Tissue, Unbleached, 2-Ply",9,2,7,22.22222222222222
Honey Lemon Ginseng Green Tea Bags,18,4,14,22.22222222222222
Sparkling Peach,2339,1296,1043,55.408294142796066
Tortilla Strips,579,315,264,54.40414507772021
Chunk Light in Water  Tuna,32,20,12,62.5
Muscle Aches & Pain Reliever Caplets,24,9,15,37.5
Ground Cumin,4486,591,3895,13.174320106999554
Dust & Allergen Furniture Spray,85,22,63,25.882352941176475
Vitamin E Severely Dry Skin Creme,8,0,8,0.0
Real Cola,142,59,83,41.54929577464789
Organic Chef's Blend Fingerling Potatoes,31,1,30,3.225806451612903
Everything Hommus,50,21,29,42.0
Brown Gravy Mix,645,217,428,33.64341085271318
Sweets Jelly Beans,56,5,51,8.928571428571429
Party Bag Kisses Milk Chocolate,458,189,269,41.26637554585153
Epazote,9,0,9,0.0
Health Elderberry Immune Defense Herbal Capsules - 60 CT,8,1,7,12.5
"Peach, Natural Black Tea",24,20,4,83.33333333333334
Uncured Pepperoni,8010,4530,3480,56.55430711610487
Dill Weed,925,46,879,4.972972972972973
100% Cacao Unsweetened Chocolate Baking Bar,426,110,316,25.821596244131456
Original Hot Cereal,4,1,3,25.0
Organic Promise Sprouted Grains Cereal,142,63,79,44.36619718309859
Melatonin 5 Mg Tablets,133,37,96,27.819548872180448
Fabric Fresheners,31,5,26,16.129032258064516
Pasta Sauce Artichoke & Garlic,12,8,4,66.66666666666666
Pesto Genovese 6.5oz,12,1,11,8.333333333333332
Esterelle Rose,19,9,10,47.368421052631575
"Whey Protein, Grass-Fed, Chocolate Flavor",5,1,4,20.0
70% Cacao Extra Bittersweet Chocolate,42,6,36,14.285714285714285
Tomato Yellow Cherry,2973,1594,1379,53.615876219307104
Zero Mixed Berry,418,284,134,67.94258373205741
Vegetable Eggroll,25,3,22,12.0
Rising Crust Spinach and Mushroom Pizza,51,33,18,64.70588235294117
Liquid Laundry Detergent Mountain Rain,41,24,17,58.536585365853654
Alkaline AA Batteries,12,2,10,16.666666666666664
"Kasha, Medium Granulation",36,6,30,16.666666666666664
Permanent Hair Color - Golden Chestnut 4G,25,13,12,52.0
Tamari Ginger Asian Dressing,6,0,6,0.0
Gluten Free Pantry All Purpose Flour,51,4,47,7.8431372549019605
Dairy Free Coconut Milk Vanilla Yogurt Alternative,3456,1990,1466,57.581018518518526
50% Less Sodium Pinto Beans,116,32,84,27.586206896551722
Strawberry Truffle Gelato,25,6,19,24.0
"Freshly Made. Filled with Creamy Ricotta, Aged Parmesan and Romano Cheeses Three Cheese Ravioletti",281,143,138,50.88967971530249
Select Natural Applewood Smoked Turkey Breast,1528,931,597,60.92931937172775
Ice Cube Tray Stackable White,43,5,38,11.627906976744185
Organic Soy Tempeh,2609,1535,1074,58.834802606362594
"Milk Chocolate Candies, Bonus Bag",689,243,446,35.268505079825836
Sliced Van Gough Smoked Gouda Cheese,27,7,20,25.925925925925924
Strawberry & Blackcurrant Preserves,5,0,5,0.0
Anderson Valley Pinot Noir,13,8,5,61.53846153846154
Watermelon Fruit Drink,105,44,61,41.904761904761905
Naturals Smoked Turkey Breast,12,5,7,41.66666666666667
"Herbal Tea, Lemon Ginger, Caffeine-Free, Bags",3,1,2,33.33333333333333
Hazelnut Flavored Ground Coffee K-Cup Pods for Use in All Keurig K-Cup Brewers,6,1,5,16.666666666666664
Chile Verde Chicken,459,256,203,55.773420479302835
Lemon Jel Dessert,15,1,14,6.666666666666667
Chicken & Maple Breakfast Sausage,18602,12793,5809,68.77217503494248
Wasabi Sauce,38,6,32,15.789473684210526
"Cookies, Chocolate Chocolate Chip, Crunchy, Mini",25,10,15,40.0
Blueberry Acai Yogurt,30,18,12,60.0
Colossal Chocolate Chip Cookie,84,29,55,34.523809523809526
Hummus Cucumber and Tomato Sandwich,108,68,40,62.96296296296296
Salmon Dinner Classic Pate Cat Food,331,215,116,64.95468277945619
Strawberry Remix Sugar-Free Gum,79,51,28,64.55696202531645
Yogurt Mint Sauce,33,12,21,36.36363636363637
Mustard Potato Salad,271,97,174,35.79335793357934
Organic Coconut Sugar,118,28,90,23.728813559322035
Organic Chocolate Pudding,24,6,18,25.0
Pistachio Instant Pudding and Pie Filling,120,29,91,24.166666666666668
Special K Chocolatey Caramel Pastry Crisps,10,3,7,30.0
Size 4 Diapers,83,24,59,28.915662650602407
Light Sea Salt Plentils,1474,1042,432,70.69199457259158
Medium Pitted California Ripe Olives,43,15,28,34.883720930232556
Organic Gelatinized Maca Powder,85,14,71,16.470588235294116
Diet Ginger Ale Soda,261,144,117,55.172413793103445
Premium Fruit Pectin,8,1,7,12.5
Hawaiian Kettle Style Potato Chips Sweet Maui Onion,148,59,89,39.86486486486486
Advantage Strawberry Shakes,58,22,36,37.93103448275862
Original Almond Breeze Almond Cashew Milk,28,12,16,42.857142857142854
Dark Melting Wafers for Candy Making & Dipping,35,1,34,2.857142857142857
Chinese Style Noodles,67,19,48,28.35820895522388
Diet Strawberry Lemonade,25,10,15,40.0
Coldstone Sweet Cream,18,15,3,83.33333333333334
Vienna Sausage,110,49,61,44.54545454545455
"Soup, Japanese Style Noodles & Beef Flavored",13,4,9,30.76923076923077
Mangos Organic Baby Food,15,6,9,40.0
Organic Lori's Lemon Tea,1630,1227,403,75.2760736196319
Maple Pork Sausage Links,6,3,3,50.0
Krinkle Cut Buffalo Bleu Potato Chips,144,70,74,48.61111111111111
Soup Bones Minis for Small Dogs Real Chicken & Veggies Flavor Chew Bones,8,3,5,37.5
Smart Ground Original Veggie Protein Crumbles,906,445,461,49.11699779249448
Shelled Edamame,2961,1061,1900,35.83248902397839
Peppermint Sugar-Free Gum,253,122,131,48.22134387351779
Divines Filled Chocolates Caramel,14,8,6,57.14285714285714
"Tequila, Blanco",4,0,4,0.0
Elderflower & Rose Lemonade,556,289,267,51.97841726618705
Raspberry Jel Dessert,100,20,80,20.0
Falcon Blend Whole Bean Coffee,145,101,44,69.6551724137931
Wrinkle Releaser Plus Light Fresh Scent,26,12,14,46.15384615384615
Kalamata Hummus,884,532,352,60.18099547511312
Mandarin Orange Kiwi,9,3,6,33.33333333333333
Flexible Straws,1524,599,925,39.30446194225722
Almond Milk Nog,325,94,231,28.923076923076923
Sinus Neti Pot With Salt Packets,12,0,12,0.0
Pro-V Sheer Volume Shampoo,48,9,39,18.75
Pizza Crust,53,17,36,32.075471698113205
Salted Caramel Iced Coffee With Almond Milk,1294,616,678,47.60432766615147
GoBeyond Hibiscus Passion Kombucha Sorbet,5,0,5,0.0
Organic Mint Green Tea,7,1,6,14.285714285714285
Overstuffed Italian Sausage Ravioli,59,17,42,28.8135593220339
Caffeine Free Zero Calorie Cola,89,46,43,51.68539325842697
Excellence 70% Cocoa Smooth Dark Chocolate Bar,1441,850,591,58.986814712005554
York Dark Chocolate Peppermint Patties,125,71,54,56.8
100% Cranberry Juice,4672,2252,2420,48.20205479452055
"Preserves, Pure, Strawberry",22,6,16,27.27272727272727
Party Mix Cheezy Craze Crunch Cat Treats,38,14,24,36.84210526315789
Frozen Dark Sweet Cherries,28,11,17,39.285714285714285
Cornbread Mix White Corn Meal,11,2,9,18.181818181818183
Organic Strawberry Fruit Spread,11238,5853,5385,52.08222103577149
Mocha Coffee,151,114,37,75.49668874172185
Wildflower California,11,0,11,0.0
"Candle, Meadows & Rain",47,24,23,51.06382978723404
Blue Cheese Center Cut,6,0,6,0.0
Fruit Bars Mango Ice Cream,4,0,4,0.0
Valerian Extract Mineral Supplement,22,7,15,31.818181818181817
Deep Clean Facial Cleanser,86,24,62,27.906976744186046
Mango Lowfat Kefir,255,130,125,50.98039215686274
"Bathroom Tissue Softness & Strength, Double Rolls",3145,1534,1611,48.7758346581876
"Cereal, TropicO's",16,7,9,43.75
Georgia Pecan Pie Slices,3,0,3,0.0
Mushroom & Cheese Swirls,49,8,41,16.3265306122449
Macaroni & Beef,114,72,42,63.1578947368421
Strawberry Apple Juice,275,187,88,68.0
Sprout & Shine Cereal,15,6,9,40.0
2003 Bordeaux,8,0,8,0.0
Country Sausage Gravy,16,4,12,25.0
Vantage Choose-A-Size Regular Roll Towels,700,222,478,31.71428571428571
Dark Chocolate Covered Almond Toffee,70,34,36,48.57142857142857
Emerald City Green Sparkling Sugar,6,0,6,0.0
Juice Grape 100% Pure,409,235,174,57.457212713936435
Lindor Truffles White Chocolate With A Smooth Filing,48,17,31,35.41666666666667
Clean Mint Anticavity Fluoride Toothpaste With Whitening MaxFresh With Mini Breath Strips,17,6,11,35.294117647058826
Farmer's Garden Salad,38,13,25,34.21052631578947
Passata Di Pomodoro Al Basilico,42,28,14,66.66666666666666
"Soybean Paste (White), Shiro Miso Instant Soup",52,12,40,23.076923076923077
Instant Vanilla Pudding & Pie Filling,726,176,550,24.242424242424242
2% Milk Velveeta,24,3,21,12.5
Vanilla Bliss Ultra Moisturizing Shave Cream,77,21,56,27.27272727272727
Cut Green Beans,4777,2424,2353,50.74314423278208
"Cauliflower, Broccoli & Red Peppers with Brown Rice in a Butter Sauce",15,1,14,6.666666666666667
Medium Size Premium Cheese Dog Treats,15,4,11,26.666666666666668
Asian Dressing & Marinade,3,0,3,0.0
Whenever Green Tea & Lime Scented Conditioner,3,0,3,0.0
Light Creamy Alfredo Sauce,204,76,128,37.254901960784316
Reusable Soup & Salad Containers with Lids,23,2,21,8.695652173913043
Organic Sweetened Cranberries,2610,1162,1448,44.52107279693487
Butternut Squash Soup,110,36,74,32.72727272727273
Smoked Wild Keta Peppered Salmon,19,7,12,36.84210526315789
Dark Chocolate Cold Brew,13,6,7,46.15384615384615
French Cheesecake,13,5,8,38.46153846153847
Original Bran Cereal,990,583,407,58.88888888888889
Heavy Duty Foil 50 sq ft,8,0,8,0.0
Traditional German Egg Pasta Thin Soup Noodles,79,8,71,10.126582278481013
Balanced Breaks White Cheddar with Cashews & Cranberries Cheese Snacks,354,195,159,55.08474576271186
Tater Treats Seasoned Shredded Potatoes,365,168,197,46.02739726027397
Sensitive Infant Formula,19,10,9,52.63157894736842
Laxative Suppositories,20,12,8,60.0
Pearl's Specialities Pitted Kalamata Greek Olives 6 Oz,10,1,9,10.0
Sweet Basil Pesto Sauce Mix,106,18,88,16.9811320754717
Superfruit + Mango Puree & Passion Fruit Juice Blend Mixed Fruit Chunks,6,1,5,16.666666666666664
Keurig House Blend Extra Bold Medium Roast Coffee K Cups,4,1,3,25.0
Hawaiian Aloha Scent Car Air Freshener Vent Clip,22,5,17,22.727272727272727
Tryst Black Bean Hummus,261,116,145,44.44444444444444
Sofia Blanc De Blancs,28,4,24,14.285714285714285
"Bar, Toffee & Almonds in Milk Chocolate",4851,3136,1715,64.64646464646465
"All Natural Gluten Free Green Chili, Cheese and Ranchero Sauce Egg White Omelette",85,60,25,70.58823529411765
Sweet Olive Oil Torta Cracker,43,15,28,34.883720930232556
Washable Disappearing Purple School Glue,34,2,32,5.88235294117647
Steak & Potato Boom Bites,12,1,11,8.333333333333332
White & Dark in Roasting Pan Turkey & Gravy (2115),4,0,4,0.0
Oreo Cookies and Cream Mint Frozen Dairy Dessert,45,14,31,31.11111111111111
Homestyle Meatballs,231,92,139,39.82683982683983
Shelled Pistachios Roasted And Salted,294,145,149,49.31972789115646
Extra Nasal Strips,80,22,58,27.500000000000004
Brown & Wild Ready Whole Grain Medley,326,133,193,40.79754601226993
Bath & Kitchen Multi-Surface Cleaner,55,7,48,12.727272727272727
Organic Black Plum,5341,2584,2757,48.380453098670664
Morning Mish Mash Blueberry Oats & Quinoa Snack,333,220,113,66.06606606606607
Ultra Clean Breeze Liquid Fabric Conditioner 150 Loads,18,8,10,44.44444444444444
Peppermints,289,121,168,41.86851211072664
Organic Dark Chocolate Bar with Sea Salt and Turbinado Cane Sugar,99,84,15,84.84848484848484
"Raw Shea Butter Moisture Retention Shampoo with Sea Kelp & Argan Oil for Dry, Damaged Hair",21,4,17,19.047619047619047
Red Apple Bites Multi Pack Healthy Snacks,141,94,47,66.66666666666666
Bite Size Frosted Shredded Wheat,23,8,15,34.78260869565217
Itallian Entrees Spicy Marinara Penne Pasta,9,3,6,33.33333333333333
Brown & Red Rice With Chia & Kale,110,41,69,37.27272727272727
"Energy B-Complex, Tablets",8,2,6,25.0
Ice Cream Toppers Nut Topping,46,20,26,43.47826086956522
Bone Broth Protein Turmeric,14,2,12,14.285714285714285
Boss Hog Italian Sausage Pizza,69,43,26,62.31884057971014
Chocolate Chip & Oatmeal Cookies,153,115,38,75.16339869281046
Chipotle Chili Pepper,39,1,38,2.564102564102564
"Jerky, Real Chicken, Honey Barbecue",10,3,7,30.0
Vegan Tomato Basil Pasta Soup,22,10,12,45.45454545454545
Take & Bake Multigrain Loaf,109,50,59,45.87155963302752
Organic Asian Chopped Salad Kit,288,58,230,20.13888888888889
Black Elderberry Dietary Supplement Syrup Original Formula,7,3,4,42.857142857142854
Chocolate Squares Premium Dark Assortment,46,23,23,50.0
Creme Moisturizer,10,3,7,30.0
Whole Frozen Strawberries,500,224,276,44.800000000000004
Itch & Flake Therapy Medicated Anti-Dandruff Shampoo,50,6,44,12.0
Tropical Pineapple Chunk,6,2,4,33.33333333333333
Gold Digital Pregnancy Test,27,7,20,25.925925925925924
Fresh Hen Turkey,12,0,12,0.0
Vanilla Oval Wafers,17,0,17,0.0
Wonderful 100% Pomegranate Juice,3283,2042,1241,62.19920804142552
2nd Foods Pears,185,91,94,49.18918918918919
Chili Garlic Hot Sauce,59,9,50,15.254237288135593
Sours Jelly Beans,84,45,39,53.57142857142857
"Squirt 'N Mop Multi-Surface Floor Cleaner, Original",9,2,7,22.22222222222222
Organic Gluten-Free Apple Rice Cakes,310,136,174,43.87096774193549
Golden Sweet Corn Muffin Mix,14,2,12,14.285714285714285
with Twist Ties Sandwich & Storage Bags,22,9,13,40.909090909090914
Cheesy Chicken & Bacon Pot Pie,16,1,15,6.25
EZ Foil All Purpose Pan With Lids,4,0,4,0.0
Twisted Greens,8,2,6,25.0
Fabric Softener Dispenser Ball,11,0,11,0.0
Total Advanced Floss Tip Soft Toothbrush,28,6,22,21.428571428571427
Pure Cane Washed Raw Sugar,227,91,136,40.08810572687225
Mild Casera Salsa,18,7,11,38.88888888888889
Almond Breeze Unsweetened Vanilla Almond Milk,481,247,234,51.35135135135135
Smokehouse Cheddar & Bacon Cold Dip & Appetizer Mix,3,0,3,0.0
Trapper Creek Organic Decaf Blend Whole Bean Coffee,252,144,108,57.14285714285714
Thin Whole Wheat Sandwich Buns,3000,1927,1073,64.23333333333333
Gluten Free Mushroom Ravioli,54,26,28,48.148148148148145
Kalamata Olive Tapenade,28,4,24,14.285714285714285
OPA Greek Yogurt Blue Cheese Dressing,35,15,20,42.857142857142854
Fusillata Casareccia,10,2,8,20.0
Dark Chocolate & Raspberry,21,11,10,52.38095238095239
Fly Ribbon,23,2,21,8.695652173913043
Sinus-Max Maximum Strength Caplets Severe Congestion Relief,24,4,20,16.666666666666664
"Kefir, Nonfat, with FOS, Organic, Vanilla",12,4,8,33.33333333333333
Vitamin D3 Cholecalciferol 1000 IU,13,5,8,38.46153846153847
Organic Edible Pansies,19,2,17,10.526315789473683
Propolis Spray,6,0,6,0.0
V-Fusion Strawberry Banana Vegetable & Fruit 100% Juice,259,172,87,66.40926640926641
Fully Cooked Applewood Smoked Chicken Sausage Patties,11,1,10,9.090909090909092
Licorice,760,515,245,67.76315789473685
Lilac Votive,69,44,25,63.76811594202898
Arnica 30C Pellets Tubes,120,29,91,24.166666666666668
Tikka Masala Indian Cooking Sauce,184,86,98,46.73913043478261
Spicy Szechuan Asian Noodle Cup,79,20,59,25.31645569620253
Flour Tortillas Soft Taco,2609,1394,1215,53.430433116136456
Organic Extra Virgin Coconut Oil,1442,533,909,36.9625520110957
Japanese Harmony,6,1,5,16.666666666666664
"Natural Laundry Detergent, Free & Clear 33",2386,1080,1306,45.26404023470243
Frozen Limeade Concentrate,202,48,154,23.762376237623762
"Toothpaste, All-One, Peppermint",558,166,392,29.749103942652326
Meaty Ground Dinner Chopped Combo W/Chicken Beef & Liver Wet Dog Food,5,0,5,0.0
Strawberry Cream Fruitfull Bar,51,29,22,56.86274509803921
"Meal Replacement Shake, Cocoa Fudge",10,3,7,30.0
Grain Free Gravy Beef & Spinach In Gravy Natural Dog Food,15,5,10,33.33333333333333
Sparkling Apple Cranberry 100% Juice,201,62,139,30.845771144278604
Fiery Sriracha,18,8,10,44.44444444444444
Stadium Style Cooked Bratwurst,232,122,110,52.58620689655172
Sea Salt Bagel Chips,38,8,30,21.052631578947366
Concentrated Dishwashing Liquid,18,2,16,11.11111111111111
Ranch Lil' Crunchies Savory,82,44,38,53.65853658536586
Biscuits Maple Sausage,9,2,7,22.22222222222222
Homestyle Ranch,330,144,186,43.63636363636363
Homestyle (101744) Meatballs,88,22,66,25.0
All Natural Chocolate Syrup,7,1,6,14.285714285714285
Cherubs Tomatoes,1614,926,688,57.372986369268894
Original Chicken Seasoning Mix,17,7,10,41.17647058823529
Grands! Homestyle Buttermilk Biscuits,288,104,184,36.11111111111111
No Sugar Added Applesauce,609,377,232,61.904761904761905
T/Gel Therapeutic Shampoo Original Formula,84,16,68,19.047619047619047
Pasta Sides Chipotle Side Meal,30,17,13,56.666666666666664
Sweet Mini Peppers,64,9,55,14.0625
Burts Thick Cut Potato Chips,12,0,12,0.0
Organic Low Fat Minestrone Soup,217,80,137,36.86635944700461
Pert Plus Classic Clean 2 in 1 Shampoo and Conditioner,17,6,11,35.294117647058826
Mustard (Ground),75,3,72,4.0
Organic Red Kale,879,451,428,51.30830489192264
Sugar Free Apricot Preserves with Fiber,52,35,17,67.3076923076923
Classic Honey Wheat Bread,63,32,31,50.79365079365079
Cream Top Blueberry Yogurt,1676,1107,569,66.05011933174224
Whispering Angel Rosé,153,85,68,55.55555555555556
"Ultra Rapid Action Vanishing Treatment Cream, Maximum Strength",7,0,7,0.0
Raw Protein and Greens Chocolate Organic Plant Formula Powder,43,5,38,11.627906976744185
Asian Ginseng Liquid Herbal Extract,4,0,4,0.0
Strawberry Lemonade Drink Mix,31,12,19,38.70967741935484
Sparkling Brut France,43,21,22,48.837209302325576
Organic Whole Poppy Seed,15,0,15,0.0
Banana Nut Muffins,141,74,67,52.4822695035461
Advance Revival Nail Polish Remover,26,3,23,11.538461538461538
Ancient Grain Mini Naan 4 Pk,18,6,12,33.33333333333333
Pure Leaf Lemon Iced Tea,9,1,8,11.11111111111111
Organic Tangerine,396,119,277,30.05050505050505
Rapid Relief Zinc Oxide Diaper Rash Cream,54,17,37,31.48148148148148
Original Pancake Syrup,256,59,197,23.046875
Organic Dark Chocolate Raisins,9,1,8,11.11111111111111
Peach Mango Unsweetened Soft Drink Mix,7,4,3,57.14285714285714
Frosted Mini-Wheats Little Bites Chocolate Cereal,187,128,59,68.44919786096256
Double Fudge Moose Tracks Premium Ice Cream,16,6,10,37.5
"Moroccan Seasoned Chicken Stew, Organic",28,10,18,35.714285714285715
Italian-Style Entrées Meat Sauce Gemelli Pasta,45,27,18,60.0
50% Less Sodium Chicken Broth,161,38,123,23.60248447204969
Vanilla Snowflake Goat's Milk Ice Cream,239,133,106,55.64853556485355
Saaa-Wheat! Organic Bread,160,93,67,58.12500000000001
Sinus & Allergy Nasal Spray,11,1,10,9.090909090909092
Bacon Bleu Chopped Salad Kit,72,30,42,41.66666666666667
Seeded Hearty Rye Loaf Bread,152,93,59,61.18421052631579
"Shine Moroccan Sleek Oil Treatment For Frizzy, Dry Hair",17,1,16,5.88235294117647
Honeycrisp Apple Cider,102,22,80,21.568627450980394
Gluten Free Pretzel Twists,3699,2361,1338,63.82806163828062
Mojo Chocolate Almond Coconut Bar,491,334,157,68.0244399185336
Flat Fillets Of Anchovies In Pure Olive Oil,49,14,35,28.57142857142857
Gingerbread Spice Herbal Tea,33,2,31,6.0606060606060606
One Smart Blend Classic Ground-Beef & Brown Rice Entree Adult Dog Food,11,1,10,9.090909090909092
Classic Italian Style Meatballs,144,67,77,46.52777777777778
Extra Crispy for Chicken Seasoned Coating,33,14,19,42.42424242424242
Cherry/ Apple/ Chia Fruit Bar,30,14,16,46.666666666666664
Cafe Steamers Cajun Style Chicken & Shrimp,61,37,24,60.65573770491803
Toaster Strudel Danish Style Cream Cheese Toaster Pastries,26,13,13,50.0
Chunk Bleu Cheese Dressing and Dip,95,40,55,42.10526315789473
2-Ply White Dinner Napkins,157,87,70,55.4140127388535
"All in One Fluoride Toothpaste, Peppermint Twist",13,1,12,7.6923076923076925
Saline Nasal Spray - 2 CT,13,5,8,38.46153846153847
Chocolate Chip Cookie Dough Tube,599,221,378,36.89482470784641
Lunchables Turkey & Low Fat Cheddar Cheese Meal Combinations,48,17,31,35.41666666666667
Organic Flax Paks Flax Seeds,15,6,9,40.0
Coconut Oil Cooking Spray,146,29,117,19.863013698630137
Diced Green Beans,25,6,19,24.0
Kit Kat & Reese's Assorted Miniatures,1134,603,531,53.17460317460318
Strike Anywhere Penny Size Matches,25,8,17,32.0
Iris Hydrating Night Cream,8,2,6,25.0
Sourdough English Muffin,46,24,22,52.17391304347826
Ginger & Turmeric Organic Herbal Tea,70,15,55,21.428571428571427
Spaghettini,13,2,11,15.384615384615385
Vegan Egg,392,147,245,37.5
Taco Dip,13,4,9,30.76923076923077
Premium Jumbo Lump Crab Meat,18,1,17,5.555555555555555
Ultra Strength 1000 Assorted Berries Antacid/Calcium Supplement Chewable Tablets,24,5,19,20.833333333333336
Gentle Detox for the Whole Body,11,2,9,18.181818181818183
Cheese Natural Medium Cheddar,53,26,27,49.056603773584904
"Thermometer, Candy/Fry",13,1,12,7.6923076923076925
Natural Muenster Cheese,2278,1261,1017,55.355575065847226
Falafel Balls,99,37,62,37.37373737373738
Regular Absorbency Cardboard Tampons,12,3,9,25.0
Chicken Fettuccini Alfredo,77,44,33,57.14285714285714
Deep Italian Roast Whole Bean Coffee,224,156,68,69.64285714285714
Talenti Tahitian Vanilla Bean Gelato Pop,169,78,91,46.15384615384615
Smoked Ham,916,589,327,64.30131004366812
With Garlic Black Bean Sauce,15,1,14,6.666666666666667
Tip N' Grind Whole Black Peppercorns,18,2,16,11.11111111111111
Crushed Red Peppers,1014,85,929,8.382642998027613
Grade A Creme Fraiche Culinary Creme,43,19,24,44.18604651162791
No Sugar Added Variety Fruit Bars,1816,826,990,45.48458149779736
Pomodoro Basilico Pasta Sauce,112,63,49,56.25
Brown Rice Pasta Spirals,1427,712,715,49.89488437281009
Sardines in Extra Virgin Olive Oil with Spicy Cracked Pepper,11,7,4,63.63636363636363
Apple Cinnamon Instant Oatmeal,5615,3517,2098,62.635796972395376
Original Bomb Pops Ice Pops,353,188,165,53.25779036827195
Pinot Griis Oregon 2012,9,1,8,11.11111111111111
Southwestern Seasoned Chicken Breast Strips,97,52,45,53.608247422680414
Rich and Creamy Vanilla Frosting,319,49,270,15.360501567398119
Gemelli  No. 97,31,13,18,41.935483870967744
65% Dark Chocolate Vanilla Nib Bar,12,5,7,41.66666666666667
Hot Ranchera Salsa,44,20,24,45.45454545454545
Green Chile Hummus,32,8,24,25.0
NOTICEables Gain Original & Fresh Linen Scented Oil Refill,64,41,23,64.0625
Chicken Jerky Strips Dog Treats,92,43,49,46.73913043478261
Moist Supreme Cake Mix Classic White,91,20,71,21.978021978021978
2 In 1 Dandruff Shampoo + Conditioner Smooth & Silky,10,5,5,50.0
Low Sodium Soy Sauce,312,79,233,25.320512820512818
Gluten Free Whole Grain Hamburger Buns 4 Count,1104,426,678,38.58695652173913
April Fresh® Liquid Fabric Softner,35,10,25,28.57142857142857
Lil Beanies Original,10,4,6,40.0
Apollo Revitalizing Shower Gel,52,19,33,36.53846153846153
Loofah Complexion Discs,41,5,36,12.195121951219512
Full Flavor Molasses,43,3,40,6.976744186046512
Purina Beyond Superfood Blend Dry Dog Food Salmon Egg & Pumpkin Recipe,23,9,14,39.130434782608695
Brown Sugar Hickory Baked Beans,103,67,36,65.0485436893204
"Organic Nonfat Yogurt, Peach",428,295,133,68.92523364485982
Pure Leaf Unsweetened Iced Tea,239,121,118,50.627615062761514
Health Loaf,110,73,37,66.36363636363637
Kale Salad,1346,677,669,50.29717682020802
Wholesome Organic Powdered Sugar,329,24,305,7.29483282674772
Roasted Portabella Mushrooms & Spinach Brick Oven Crust Pizza,28,9,19,32.142857142857146
Cranberry Blueberry Juice Blend,127,56,71,44.09448818897638
Bolillo Rolls,72,43,29,59.72222222222222
Naproxen Sodium 220mg Caplets Pain Reliever/Fever Reducer,22,6,16,27.27272727272727
"Super Fresh Seared Ahi Tuna, Garlic Peppercorn Rub",6,0,6,0.0
Organic Deep Dark Sea Salt Chocolate,4338,2534,1804,58.41401567542647
Organic Elxir Protein Coconut Vanilla Chai,84,51,33,60.71428571428571
Seasoned Southern Style Mustard Greens,18,11,7,61.111111111111114
"Sauce, Duck, All Natural, Jar",35,16,19,45.714285714285715
Fresh Cut Sliced Beets,92,36,56,39.130434782608695
Chorizo Picante Hot,14,3,11,21.428571428571427
French Onion Veggie Dip,33,12,21,36.36363636363637
"Pizza, Naan, Artisan Crust, Eggplant",106,61,45,57.54716981132076
Green & Crisp Premium Garden,695,329,366,47.33812949640288
Ginger Citrus Ginseng Green Tea,41,29,12,70.73170731707317
Free Ride Hibiscus Brew Herbal Refresher,328,217,111,66.15853658536585
Maximum Strength Tablets Acid Reducer,196,65,131,33.16326530612245
0% Fat Organic Greek Vanilla Yogurt,1744,1195,549,68.52064220183486
Light Chicken Noodle Soup,798,318,480,39.849624060150376
Steamfresh Lightly Sauced Broccoli With Cheese Sauce,70,27,43,38.57142857142858
Organic Cookies & Cream Ice Cream,1656,929,727,56.09903381642513
Seasonal Mini Bagel,26,3,23,11.538461538461538
For Tummys Infants Gas Drops,22,6,16,27.27272727272727
Organic Maple Stroopwafels Cookies,136,53,83,38.970588235294116
Olive Bruschetta,42,9,33,21.428571428571427
"Barbecue Sauce, Kansas City",16,2,14,12.5
Natural Honey Creamy Peanut Butter,51,23,28,45.09803921568628
Ground Cardamom,422,17,405,4.028436018957346
First Essentials Bottles Silicone Medium Flow,26,11,15,42.30769230769231
Indoor Cat Food,1025,587,438,57.26829268292683
Lavender Hand & Body Lotion,121,30,91,24.793388429752067
Handcrafted French Pot Ice Cream Toffee Chocolate Chip,15,3,12,20.0
Bar Chocolate Salty,82,47,35,57.3170731707317
Fresh Mozzarella Ball,10101,5219,4882,51.668151668151665
Yellow Kernel Popcorn,13,9,4,69.23076923076923
Swiss Muesli Original Recipe All Natural,4,0,4,0.0
Chocolate Dipped Almond Biscotti,269,170,99,63.19702602230484
Organic Kale Salad with Red Cabbage and Carrots,505,250,255,49.504950495049506
Skinny Girl Organic Stevia Sweetener,63,38,25,60.317460317460316
Organic Pale Ale,22,16,6,72.72727272727273
Five Star Chocolate Bar Peanut,462,305,157,66.01731601731602
Sunscreen Face SPF 60+ Sensitive Skin Sunblock,6,0,6,0.0
Original Hand Sanitizer,2,1,1,50.0
Unprocessed Wheat Bran,11,2,9,18.181818181818183
Voluminous Extra-Volume Collagen Mascara - Blackest Black 680,9,5,4,55.55555555555556
Taquitos Steak & Cheese,115,45,70,39.130434782608695
Tea Lights Candle,25,2,23,8.0
Organic Sweet Pea,2303,1199,1104,52.06252713851498
Brown Butter Plum,23,16,7,69.56521739130434
Pineapple Slices in Heavy Syrup,6,0,6,0.0
Classic Iceberg Salad Mix,17,5,12,29.411764705882355
Orange Juice with No Pulp,201,144,57,71.64179104477611
Spiced Rum,491,301,190,61.30346232179226
Eggplant Appetizer,16,6,10,37.5
One Step Fresh Citrus Multi-Surface Floor Cleaner,137,34,103,24.817518248175183
Sponge Cosmetic Wedges,20,8,12,40.0
Replenish Juicing Greens,145,67,78,46.206896551724135
Gluten Free Free Corn Spaghetti Style Pasta,63,39,24,61.904761904761905
Chocolate Cake Mix,119,16,103,13.445378151260504
Chia Bars Banana Nut,14,4,10,28.57142857142857
Pinot Grigio White Wine Vinegar,31,2,29,6.451612903225806
Sparkling Blackberry Juice,4799,2627,2172,54.74057095228173
Iced Coffee Lightly Sweet,1026,690,336,67.2514619883041
Fresh Scent Dishwasher Cleaner Action Pacs,41,9,32,21.951219512195124
Oatmeal Cranberry Place & Bake Cookie Dough,16,2,14,12.5
Mango Tango Fruit Smoothie,53,33,20,62.264150943396224
Green Clary Sage & Citrus All-Purpose Cleaner,259,83,176,32.04633204633205
DHA 580mg Omega 3 Strawberry-Flavor Soft Gels,22,2,20,9.090909090909092
Fish Fillets,81,27,54,33.33333333333333
4% Milkfat Small Curd  Cottage Cheese,45,29,16,64.44444444444444
Artichoke Lemon Pesto,129,40,89,31.007751937984494
Rainbow Roll,77,46,31,59.74025974025974
Coconut Milk Yogurt Alternative Mango Flavor,144,62,82,43.05555555555556
Hardwood Smoked Lower Sodium Bacon,563,300,263,53.285968028419184
Sharp Cheddar Spreadable Cheese,315,183,132,58.0952380952381
Pineaplle Jalapeño Yoghurt,22,8,14,36.36363636363637
Water Filtration System Pitcher Basic/Slim Model 5 Cups,8,1,7,12.5
Traditional Lenticchie Sicilian Lentil Soup,8,2,6,25.0
Wheat Thins Spicy Buffalo Crackers,74,29,45,39.189189189189186
"Ice Cream, Super Premium, Dutch Chocolate",912,404,508,44.29824561403509
Color Preserve Shine Shampoo,57,14,43,24.561403508771928
Vitamin B6 100 mg Tablets,4,0,4,0.0
"Chimichanga, Steak & Cheese",172,88,84,51.162790697674424
Vegetable Tikka Masala,59,9,50,15.254237288135593
"Mediterranean Blend, Italian Sunflower & Extra Virgin Olive Oil",29,3,26,10.344827586206897
Chunk Light Tuna in Water,527,216,311,40.98671726755218
Hardwood Floor Polish 4-In-1,39,15,24,38.46153846153847
Roasted Turkey Gravy,25,2,23,8.0
Almond Paste,41,8,33,19.51219512195122
Reduced Fat Alfredo Pasta Sauce,25,3,22,12.0
Fiber Good Gummies Fruit Flavored Fiber Supplement,11,4,7,36.36363636363637
Cafe Latte Non Dairy Frozen Dessert Bars,59,26,33,44.06779661016949
Organic Small Red Beans,4,0,4,0.0
Unscented Soap Bar,18,8,10,44.44444444444444
Lasagna & Meat Sauce,15,4,11,26.666666666666668
Whole Grain Oat Flour,408,92,316,22.54901960784314
40 W Indoor Light Bulbs,5,0,5,0.0
Extreme Scoopable Litter Scented,178,93,85,52.24719101123596
Lycopodium Clavatum 30 C,3,1,2,33.33333333333333
Tropical Twist Sugar Free Gum,392,221,171,56.37755102040817
Lightly Salted Tortilla Strips,79,22,57,27.848101265822784
Cherry Zero Cola,347,223,124,64.26512968299711
Medicated Calamine Lotion,4,0,4,0.0
French Vanilla Yogurt,1756,1034,722,58.88382687927107
Dead Sea Minerals Eucalyptus Triple Milled Soap,3,0,3,0.0
Shredded Chicken & Chicken Liver Recipe,16,4,12,25.0
Ten Orange Soda,9,4,5,44.44444444444444
Schar Bonta d' Italia Spaghetti Gluten-Free,28,8,20,28.57142857142857
Neon Clip Large,39,4,35,10.256410256410255
Organic Kettle Corn,243,124,119,51.028806584362144
Acne Eliminating Spot Gel Rapid Clear®,7,0,7,0.0
Mexican Coffee,670,469,201,70.0
Rustic Bread,59,20,39,33.89830508474576
Spring & Renewal Detergent,77,35,42,45.45454545454545
Organic Wheat Grass Single Pack Drink Powder,74,27,47,36.486486486486484
White Quilted Napkins,1668,790,878,47.3621103117506
Packaged Organic Blueberries,25,2,23,8.0
Tangy Original Citrus Punch Juice,36,28,8,77.77777777777779
Extra Crispy Tator Tots,662,266,396,40.181268882175225
Beeswax Cake Candle - 5,12,0,12,0.0
Spaghetti with Meatballs,990,554,436,55.959595959595966
Organic Cleanse Herbal Tea Bags,22,4,18,18.181818181818183
Santa Fe Rice and Beans,117,40,77,34.18803418803419
Advanced Haircare Volume Filler Thickening Shampoo,19,9,10,47.368421052631575
Veggie Pick Ups Diced Carrots,108,61,47,56.481481481481474
Natural Brown Rice,85,26,59,30.58823529411765
Nourish Lotion with Pump,10,0,10,0.0
Calm Banana Pumpkin Coconut Blackberry Vanilla Passion Flower Chia,9,1,8,11.11111111111111
Light Vegetable Oil Spread,251,130,121,51.79282868525896
Chia Sweet Peach Smoothie,55,15,40,27.27272727272727
Plus The Power of Oxiclean Stain Fighters Fresh Scent 80 Loads Powder Laundry Detergent,14,6,8,42.857142857142854
Chocolate Mocha Premium Hot Cocoa Mix,49,6,43,12.244897959183673
Core Protein-Focused Nutrition Reduced Fat Adult Dog Food,17,8,9,47.05882352941176
Complete All Day Moisturizer with Broad Spectrum SPF 15 - Sensitive,33,12,21,36.36363636363637
Guacamole Authentic,1501,654,847,43.5709526982012
Oatmeal Raisin Bite-lettes,278,156,122,56.11510791366906
Homemade Taste Wrap Size Flour Tortillas,7,2,5,28.57142857142857
Spirited Prints Paper Towel Roll,10,6,4,60.0
Clamato Tomato Cocktail,194,74,120,38.144329896907216
Boneless & Skinless Wild Alaskan Sockeye Salmon,1125,604,521,53.68888888888888
Zesty Bread & Butter Chips Pickles,16,6,10,37.5
Daily Fiber Caps,30,3,27,10.0
Barbecue Seasoning,8,2,6,25.0
Toilet Bowl Cleaner with Bleach Rain Clean,940,224,716,23.829787234042556
Chili with Beans,160,71,89,44.375
Hit The Trail Mix,6,1,5,16.666666666666664
Pure Cane Confectioners Powdered Sugar,1720,319,1401,18.546511627906977
Lentils with Onion,98,48,50,48.97959183673469
Original Recipe Chili Two Step Mix,33,12,21,36.36363636363637
Consomme Chicken Cubes,51,17,34,33.33333333333333
Vanilla Frosting Mix,12,1,11,8.333333333333332
Ccnut Raw Cocoaminos,2632,809,1823,30.737082066869302
Light & Fit Greek Nonfat Yogurt Peach,138,90,48,65.21739130434783
Mango Hair Wash,27,2,25,7.4074074074074066
Original Flavor Bean Dip,442,244,198,55.203619909502265
Organic Gala Apples,72846,53406,19440,73.31356560415122
Creamline Milk,259,125,134,48.26254826254826
Potato Starch Flour,17,0,17,0.0
Regular Pizza Sauce,38,11,27,28.947368421052634
Organic Coconut Milk Caramel Sea Salt,94,60,34,63.829787234042556
Golden Hot Dog Buns,18,4,14,22.22222222222222
Espresso Iced Coffee,4,1,3,25.0
The Original Spicy Sauce,13,7,6,53.84615384615385
Butter with Canola Oil Spread,2213,1186,1027,53.592408495255306
Thicker Style Hot Barbecue Sauce,85,25,60,29.411764705882355
Fresh Fruit Tart,290,95,195,32.758620689655174
Center Pull 1 Ply Bath TIssue,90,75,15,83.33333333333334
Snack Pack Mini Classic,1911,1144,767,59.863945578231295
Clean & Fresh 125 Loads Laundry Detergent,116,97,19,83.62068965517241
Yellow Fish Breading,1,0,1,0.0
Wild Alaskan Salmon Sockeye Salmon Gravlox,28,10,18,35.714285714285715
Sugar Free Caramel Coffee Syrup,13,3,10,23.076923076923077
Tropical Punch Soft Drink Mix,103,38,65,36.89320388349515
Organic Sliced Provalone Cheese,1982,1170,812,59.03128153380423
"Splits\"" Pretzels Original",563,378,185,67.14031971580818
Sweet baby Cukes Persian Cucumbers,18,2,16,11.11111111111111
Deluxe Chickpea Elbow Pasta Mac &Cheese with White Cheddar,8,1,7,12.5
American Slices 2%,161,53,108,32.91925465838509
Triple Nut Temptation Dark Chocolate Caracas Bar,18,6,12,33.33333333333333
Total Repair Extreme Reconstructing Conditioner,5,1,4,20.0
Blueberry with Whole Grains Yogurt Blends,103,66,37,64.07766990291263
Organic Extra Virgin Imported Olive Oil,29,5,24,17.24137931034483
Organic Whole Rosemary,63,0,63,0.0
Sweet Tangerine Positive Energy Tea,457,176,281,38.51203501094092
Dark Chocolate Cinnamon Pecan Bars,386,209,177,54.145077720207254
Spinach Fettuccine Pasta,24,5,19,20.833333333333336
Natural Hand Sanitizer,69,22,47,31.88405797101449
100% Canola Oil,23,6,17,26.08695652173913
Electrolyte Power Pak Acai Berry Packet,5,1,4,20.0
Bakery Gourmet Mini Lemon Bites,136,64,72,47.05882352941176
Tortilla Crusted Fish,655,412,243,62.90076335877862
Concord Grape Spread,57,29,28,50.877192982456144
White Bubblemint Sugar-Free Gum,71,44,27,61.97183098591549
Coronado Cherry Air Freshener,5,1,4,20.0
Orange Cream Gourmet Soda,47,19,28,40.42553191489361
Delights Super Moist German Chocolate Cake Mix,62,6,56,9.67741935483871
Organic Spring Mix,31768,21272,10496,66.96046335935533
Loose Traditional Mate,138,68,70,49.275362318840585
Everyday Soak Proof Bowls,42,3,39,7.142857142857142
Calypso Fresh 2X Concentrated ScentSations 166 Loads Liquid Laundry Detergent,7,1,6,14.285714285714285
Almond Dark Chocolate,1159,787,372,67.90336496980154
Horseradish Cheddar Cheese,15,6,9,40.0
Classic Blend Vegan Shreds Cheese,474,246,228,51.89873417721519
Salsa Picante Mexican Hot Sauce,109,24,85,22.018348623853214
"Hybrid Advance Triple Blade Disposable System Razor for Men,",55,14,41,25.454545454545453
Strengthening Nail Polish Remover,156,12,144,7.6923076923076925
Coconut Soft Curls Hair Cream,7,3,4,42.857142857142854
Sliced Pears In Heavy Syrup,83,63,20,75.90361445783132
Fragrance Free Shampoo & Wash,12,2,10,16.666666666666664
Just Fruit Munchies,6,3,3,50.0
Baby Romaine,76,32,44,42.10526315789473
French Butter Liegoise Waffle,24,8,16,33.33333333333333
"Organic Strawberry, Apple & Beet Greek Yogurt Baby Food ",80,41,39,51.24999999999999
Carrot Kombucha,107,63,44,58.87850467289719
Ground Mace,11,0,11,0.0
Tangerine Citrus African Black Soap,18,4,14,22.22222222222222
Sliced Multi-Grain Bread,38,11,27,28.947368421052634
Dairy Free Semi Sweet Baking Chips,676,357,319,52.81065088757396
Trail Mix,12068,9443,2625,78.24825986078886
"Valdosta Pecans With Cranberries, Black Pepper & Orange Zest",344,161,183,46.80232558139535
Gluten Free Raspberry Truffle Slim Bars,23,15,8,65.21739130434783
"Lasagna, Roasted Vegetable",55,21,34,38.18181818181819
Natural Calm Plus Calcium,30,8,22,26.666666666666668
1000 Roses Moroccan Beauty Oil for Sensitive Skin,14,4,10,28.57142857142857
"Multi-Surface Cleaner, Sparkling Wave",31,14,17,45.16129032258064
"Quinoa, 100% Whole Grain, Organic",86,29,57,33.72093023255814
Blueberry Whole Milk Yogurt Pouch,4924,3865,1059,78.49309504467912
Organic Licorice Root Herbal Tea,221,93,128,42.081447963800905
Quilted Napkins,190,91,99,47.89473684210526
Keratin Smooth Shine Spray,18,2,16,11.11111111111111
Gluten Freen Original Rice Pudding,1049,617,432,58.81792183031459
RAW Probiotics Men,146,63,83,43.15068493150685
Organic Edensoy Extra Original Soy Milk,666,530,136,79.57957957957959
Rice Sides Cheddar Broccoli,452,203,249,44.911504424778755
Juicy Limes,29,6,23,20.689655172413794
Organic Pears Level 1 Baby Food,243,130,113,53.49794238683128
Dips Original Ranch Mix,666,236,430,35.43543543543544
Coconut Water & Pineapple Fruit,130,38,92,29.230769230769234
Vintner's Reserve Syrah Wine,12,4,8,33.33333333333333
Chocolate Bars Minis Mix Variety Pack,715,308,407,43.07692307692308
Organic Pears Baby Food,34,19,15,55.88235294117647
Uncured Pepperoni Mini Pizza Bagels Frozen Snacks,1302,511,791,39.247311827956985
Lemon Bars,175,96,79,54.85714285714286
Organic Black Cherry Preserves,4,0,4,0.0
Original Glazed Doughnuts,137,78,59,56.934306569343065
Carb Smart Fudge Bar,55,32,23,58.18181818181818
Organic Raw Love Bar,69,42,27,60.86956521739131
Sea Salt & Vinegar Potato,761,437,324,57.42444152431012
Organics Chicken & Brown Rice Formula For Dogs,14,8,6,57.14285714285714
Compostable Cleaning Wipes,70,21,49,30.0
"100% Juice Apple Juice, No Sugar Added",330,187,143,56.666666666666664
"Hydro Towel, Exfoliating",38,10,28,26.31578947368421
Fresh Cut Whole Leaf Spinach,127,49,78,38.582677165354326
Honey Wheat English Muffins,146,69,77,47.26027397260274
"Potato Chips, Kettle Cooked, Sweet Maui Onion",28,18,10,64.28571428571429
Green Writing Gel,3,0,3,0.0
Mars Chocolate Variety Pack,121,54,67,44.62809917355372
Organic Buckwheat Flour,359,53,306,14.763231197771587
Special Dark Cocoa,207,53,154,25.60386473429952
Clean Care Bath Tissue Rolls,213,97,116,45.539906103286384
Dinner Rolls,806,436,370,54.09429280397022
Roasted Creamy Almond Nut Butter,135,46,89,34.074074074074076
Organic Blended Raspberry Whole Milk Greek Yogurt,2598,1907,691,73.40261739799845
Rhubarb Lip Shimmer,14,1,13,7.142857142857142
Prune Juice with Pulp,31,23,8,74.19354838709677
Fresh Ground Crunchy Peanut Butter,45,28,17,62.22222222222222
Kissed Caramel Flavored Vodka,6,2,4,33.33333333333333
SpongeBob SquarePants™ Adhesive Bandages,7,1,6,14.285714285714285
Cherry Flavor Infants' Oral Suspension,22,2,20,9.090909090909092
Curry Spice,36,1,35,2.7777777777777777
Strawberry Kefir,13,4,9,30.76923076923077
"Disinfectant Cleanser, with Bleach",265,59,206,22.264150943396228
Orange Ocean Juice Drink,10,1,9,10.0
Gluten Free Snack Crackers Rosemary & Olive Oil Flavored,347,158,189,45.53314121037464
XL Emerald White Seedless Grapes,15740,9682,6058,61.51207115628971
"Sauce, Spicy Marinara",31,7,24,22.58064516129032
Sugar Free Apricot Preserves,135,42,93,31.11111111111111
Black Tea Organic Darjeeling,83,36,47,43.373493975903614
Nail Polish Shimmering Shale,5,0,5,0.0
Magnesium 250 mg Tablets,18,0,18,0.0
Double Barrel Ale,7,3,4,42.857142857142854
Lime Juice,253,45,208,17.786561264822133
Artesian Sparkling Water,1779,1249,530,70.2079820123665
Whole Peeled Itaian Plum Tomatoes,20,8,12,40.0
Vanilla All Natural Liquid Coffee Creamer,868,663,205,76.38248847926268
Moroccan Infusion Color Care Shampoo,15,6,9,40.0
"Cake Pans, Round",42,9,33,21.428571428571427
Raw Organic Spirulina Powder,19,4,15,21.052631578947366
Connecticut Cottage Chicken Noodle Soup,40,12,28,30.0
"Juice Beverage Blend, Sparkling Grapefruit",16,4,12,25.0
"Edamame & Mung Bean, Organic, Fettuccine Shape",99,30,69,30.303030303030305
Organic Dried Pineapple Rings,105,39,66,37.142857142857146
Organic Dulse With Garlic Granules,4,1,3,25.0
Peanut Satay Asian Cuisine,13,4,9,30.76923076923077
Pure Butter Chocolate Chip Shortbread,7,1,6,14.285714285714285
Granola Chocolate Elation,109,57,52,52.293577981651374
All Natural Gluten Free Probiotic Pineapple Yoghurt,689,401,288,58.20029027576198
Organic Gooseberry Yogurt,3,0,3,0.0
Naked Pineapple Coconut Water,31,8,23,25.806451612903224
Organic Blueberry Hibiscus Herbal Tea Bags,18,2,16,11.11111111111111
Original Baked Cheese Puffs,1458,908,550,62.27709190672154
Premium Silicone Personal Lubricant,5,0,5,0.0
Miso Dressing,36,13,23,36.11111111111111
Dairy Pure 2% Reduced Fat Milk,600,272,328,45.33333333333333
"Soap, Dead Sea Mud",87,42,45,48.275862068965516
100% Natural Spring Water Minis,156,79,77,50.641025641025635
GravyBones - For Small Dogs Dog Biscuits,46,18,28,39.130434782608695
Body Envy Volumizing Shampoo,57,16,41,28.07017543859649
Chicken Broth Fat Free & Lower Sodium,134,52,82,38.80597014925373
Permanent Hair Color 2N Poppy Seed,6,1,5,16.666666666666664
Wild Alaskan Salmon Oil 1000 Mg,5,0,5,0.0
Oyster Mushrooms,424,130,294,30.660377358490564
Non Gmo Cornstarch,29,4,25,13.793103448275861
Triple Fudge Brownie Mix,65,17,48,26.153846153846157
Foot And Sneaker Spray Powder,38,14,24,36.84210526315789
Small Walnut Levain Bread,1115,799,316,71.6591928251121
9 Sea Salt Caramels,6,0,6,0.0
Robusto Italian Dressing,8,4,4,50.0
99% Dark Chocolate Critters,86,34,52,39.53488372093023
Color Me Happy Conditioner,45,9,36,20.0
Pepperoni Pizza Pocket,40,18,22,45.0
Hot Madras Curry Powder,13,3,10,23.076923076923077
Mochi Mango Ice Cream,6,2,4,33.33333333333333
Jivara Milk Feves Chocolate 40%,5,0,5,0.0
Premium Dental Vegan Cinnamon Floss,3,0,3,0.0
Slim Cut Swiss Reduced Fat Made with 2% Milk Cheese Slices,284,164,120,57.74647887323944
Gluten Free Cinnamon Sugar Donuts 6 Count,348,182,166,52.29885057471264
Otis Oatmeal Stout Beer,10,5,5,50.0
Complete Extra Whitening with Tartar Protection Toothpaste Clean Mint,154,42,112,27.27272727272727
Hydrating Cleanser Bar,6,2,4,33.33333333333333
Kitten Pate with Gourmet Chicken Wet Cat Food,18,6,12,33.33333333333333
Organic Kombucha Gingerberry - 12 CT,8,2,6,25.0
Stage 1 Banana Apricot + Baby Rice,253,151,102,59.683794466403164
Organic Whole Wheat Fusilli,6948,3656,3292,52.61945883707541
Hickory BBQ Veggie Riblets,107,51,56,47.66355140186916
Organic Acai with Pomegranate Juice Beverage Blend,12,2,10,16.666666666666664
Quilted Crystal Regular Mouth Jelly Jars,10,0,10,0.0
Oven Crispy Clam Strips,6,1,5,16.666666666666664
Argentina Steak Rub,10,0,10,0.0
Milk Thistle Yellow Dock Supreme Herbal Extract,8,3,5,37.5
"Baking Bars, Gourmet, Bittersweet Chocolate",271,84,187,30.996309963099634
Soft Regular Pulsar Toothbrush,169,52,117,30.76923076923077
Coconut Drink Unsweetened Original Enriched,34,14,20,41.17647058823529
Chlorine Free Versatile Stain Remover,357,131,226,36.69467787114846
Milano Milk Chocolate Cookies,852,463,389,54.34272300469484
Traditional Balsamic Vinegar Of Modena,22,12,10,54.54545454545454
Iced Passion Herbal Tea,338,203,135,60.05917159763313
Dairy-Free Smoked Gouda Style Cheese Block,135,56,79,41.48148148148148
Golden White English Muffins,622,450,172,72.34726688102894
Organic Chewy Kid-Sized Oatmeal Raisin Granola Bars,687,421,266,61.280931586608446
Sea Salt Small Curd Cottage Cheese,63,37,26,58.730158730158735
Cinnamon Sugar Mexican Style,11,1,10,9.090909090909092
Calcium + Vitamin D Lots of Pulp Orange Juice,15,9,6,60.0
"Natural Just Spinach, Zucchini & Peas Stage 2",68,41,27,60.29411764705882
Scented Baby Wipes,4,1,3,25.0
Doggie Waste Bags And Dispenser,13,4,9,30.76923076923077
Frozen Lemonade Concentrate,290,121,169,41.724137931034484
Velveeta Shells & Cheese Pasta,2109,1219,890,57.79990516832621
Tomato Purée No Salt Added,38,7,31,18.421052631578945
"All-In-One Nutritional Shake, Chocolate",241,100,141,41.49377593360996
Organic Cranberry Juice,128,44,84,34.375
Brilliant Brunette Color Protecting Shampoo,36,10,26,27.77777777777778
Berry Medley Oatmeal,11,3,8,27.27272727272727
Triple Sec,30,0,30,0.0
Double Sided Dark Chocolate Sea Salt Cookies,4,0,4,0.0
Toilet Fresh Brush Starter Kit & Caddy,77,4,73,5.194805194805195
Asian Sesame Dressing,37,13,24,35.13513513513514
Brownie,621,332,289,53.4621578099839
Crunchy Cheddar Jalapeno,165,82,83,49.696969696969695
100 Calories Sugar Free Protein Nutrition Shake,22,11,11,50.0
String Cheese Mozzarella,4,0,4,0.0
Teas Organic Cocoa Spice Tea,15,2,13,13.333333333333334
Muscle Health Strawberry Balanced Nutrition Shake,4,1,3,25.0
Vanilla Blueberry Granola Bar,50,28,22,56.00000000000001
Nonfat Milk,817,595,222,72.82741738066095
Classic Variety Pack Donuts,727,338,389,46.49243466299862
Relax Herbal Tea Sachets,18,5,13,27.77777777777778
Breakfast Essentials® Classic French Vanilla Powder Drink Mix,82,37,45,45.1219512195122
14oz Passion Fruit,20,16,4,80.0
Super Soft Medium Toothbrush,4,1,3,25.0
Free & Clear Size 4 22-37 Lbs Disposable Diapers,8,1,7,12.5
100% Extra Virgin Olive Oil,72,26,46,36.11111111111111
Enjoy Yourself Cappuccino Organic Protein Shake,62,35,27,56.451612903225815
Diet Cran-Grape Juice,101,58,43,57.42574257425742
Grated Reggiano Parmigiano,1067,494,573,46.29803186504217
Thin Crispy Crust Pepperoni Pizza,139,57,82,41.007194244604314
Angel hair pasta in a chunky marinara sauce with Parmesan cheese. Angel Hair Pomodoro,36,17,19,47.22222222222222
Sheer Moisture Lip Tint Glisten,7,1,6,14.285714285714285
Gelous Grip Hairbrush Frizz-Free + Anti-Static Smoothing,5,0,5,0.0
Ziti Rigate Penne,12,0,12,0.0
Unstoppable™ Eyeliner - Onyx,8,0,8,0.0
Odor Shield Scoopable Cat Litter Scented,15,6,9,40.0
Thick Sliced Bologna,8,6,2,75.0
Nacho Tortilla Chips,102,41,61,40.19607843137255
Extra Creamy Dairy Whipped Topping,1664,737,927,44.29086538461539
Chocolate Crunch Ice Cream,4,0,4,0.0
Wash & Shampoo Baby Bath,83,29,54,34.93975903614458
Ear Plugs Xtreme Protection Series,26,4,22,15.384615384615385
Roasted Tomato Basil Soup,679,262,417,38.58615611192931
Raspberry Tart Fruit Spread,226,115,111,50.88495575221239
Loose White Button Mushrooms,2306,1062,1244,46.05377276669558
Thin Mint Baking Brownies,7,1,6,14.285714285714285
Zero Calories Natural Sweetener,8,3,5,37.5
Shredded Steak Taquitos,237,101,136,42.616033755274266
Organic Grilled Eggplant,54,8,46,14.814814814814813
Organic Fresh Blends Mango 100% Juice Blend,221,128,93,57.9185520361991
Vanilla Dairy Free Almond Milk Creamer Made With Real Almond & Coconut Cream,7,2,5,28.57142857142857
Chunk Light In Water,17,7,10,41.17647058823529
Chocolate Muffins made with Fresh Zucchini and Carrots,66,28,38,42.42424242424242
Garlic Sea Salt,14,0,14,0.0
Dry Ice,6,4,2,66.66666666666666
Woman's Nursing Support Tea,136,56,80,41.17647058823529
Selected Red Wine Vinegar,483,74,409,15.320910973084887
"Gillette Venus Swirl Razor, With Flexi Ball, Purple",15,1,14,6.666666666666667
"Toothpaste, Anticavity Fluoride and Antigingivitis, Clean Mint, Paste",14,2,12,14.285714285714285
Apricot Halves,7,2,5,28.57142857142857
Pieces Peanut Butter Candy,155,49,106,31.61290322580645
Coffee Liqueur Made with Tequila,7,2,5,28.57142857142857
Diced Peppers,43,26,17,60.46511627906976
Organic Honest Fizz Root Beer,192,88,104,45.83333333333333
Wheat Germ,475,102,373,21.47368421052632
Perfect Pinch Rotisserie Chicken Seasoning,5,0,5,0.0
Kashmir Garam Masala,26,1,25,3.8461538461538463
"Cheese \""Forte\"" Ravioli",217,82,135,37.78801843317972
"Kids only! Natural Toothpaste, Orange",63,12,51,19.047619047619047
Orange Peach Mango,1063,663,400,62.37064910630291
Pomegranate Infused Red Wine Vinegar,8,0,8,0.0
Organic 2% Chocolate Milk,3087,2254,833,73.01587301587301
Flaked Tuna & Mackerel Cat Food,47,30,17,63.829787234042556
Original Mild Mint Peroxyl Mouth Sore Rinse,11,3,8,27.27272727272727
Chocolate Peanut Butter Protein Superfood,20,9,11,45.0
Prosecco Sparkling Wine,1770,937,833,52.93785310734464
Original Family Pack Potato Chips,16,5,11,31.25
Reading 3 Way Indoor 50/200/250 Watts Light Bulb,7,3,4,42.857142857142854
Maple Flavor Extract,20,2,18,10.0
Chicken Corn Dog,358,251,107,70.11173184357543
Falafel With Tahini Sauce,21,9,12,42.857142857142854
Red Miso Soup,317,156,161,49.21135646687697
100% Cold Pressed Apricot Apple Nectar,73,50,23,68.4931506849315
Minced Onion,515,79,436,15.339805825242719
Red Velvet Cookies,8,1,7,12.5
Dairy Free New York Style Cheezecake,495,211,284,42.62626262626263
Berry Nectar,24,13,11,54.166666666666664
Light and Lean 3 Cheese Penne Marinara,1599,926,673,57.91119449656035
Freshly made pasta in a Real white Cheddar cheese sauce White Cheddar Macaroni & Cheese,47,12,35,25.53191489361702
Power & Fresh Cling Gel Ocean Fresh Scent Toilet Bowl Cleaner,106,22,84,20.754716981132077
Organic Beets Veggie Chips,378,212,166,56.08465608465608
Brown Rice Pilaf Whole Grain Blends,200,73,127,36.5
Original Strawberry Low Fat Yogurt,4167,2530,1637,60.71514278857691
Shea Butter Curl Enhancing Leave In Conditioner,19,0,19,0.0
Fluoride Free Tea Tree Oil Whitening Toothpaste Cool Mint,43,9,34,20.930232558139537
Black Cherry Seltzer,56,42,14,75.0
Amethyst Balance Incense Sticks,5,0,5,0.0
Vienna Fingers Sandwich Cookies,88,41,47,46.590909090909086
"Ibuprofen Drops for ages 6-23 Months, White Grape Flavor",42,15,27,35.714285714285715
Organic Peach Lowfat Yogurt,4244,2979,1265,70.19321394910462
Slow Kettle Kickin' Crab & Sweet Corn Chowder Soup,197,79,118,40.10152284263959
Diapers Swaddlers Size 2 (12-18 lb),89,21,68,23.595505617977526
Small Enriched Bread,88,58,30,65.9090909090909
Sweet Italian Pork Sausage,510,231,279,45.294117647058826
Soup Lentil,49,21,28,42.857142857142854
Fruit Squish'ems! Squeezable Fruit Pouch Apple,50,27,23,54.0
Spicy Black Bean Burgers With Organic Sweet Corn,30,7,23,23.333333333333332
Homestyle Oatmeal Raisin Granola,35,20,15,57.14285714285714
Berry Energy Shot,176,97,79,55.11363636363637
Snake Dog IPA,10,2,8,20.0
Bread Sticks With a Twist,43,20,23,46.51162790697674
Egg White Patties,398,190,208,47.73869346733669
Extended Moisture Body Lotion,28,2,26,7.142857142857142
Grain Free Beef & Egg,5,0,5,0.0
Green & Mean Salsa Verde,5,1,4,20.0
Bubble Gum,14,6,8,42.857142857142854
Big Kid Flushable Wipes,33,12,21,36.36363636363637
Sparkling Raspberry Lime Natural Spring Water,209,122,87,58.3732057416268
French Baguette Bread,2537,1252,1285,49.34962554197872
Strawberry from Concentrate Nectar,5,2,3,40.0
Pain Relieving Cleansing Spray,20,6,14,30.0
Roasted Almonds,5,0,5,0.0
Bartlett in Heavy Syrup Pear Halves,19,10,9,52.63157894736842
Organic Cranberry Pomegranate Juice,2286,1406,880,61.50481189851269
No Pulp Frozen Concentrated Orange Juice,15,8,7,53.333333333333336
Apricot-Raspberry Preserves,429,147,282,34.26573426573427
Peanut Butter Chub Cookie 30oz,5,1,4,20.0
Heirloom Forbidden Rice,203,65,138,32.01970443349754
"5\"" Santoku Knife",5,1,4,20.0
Original Scent Dish Soap,166,77,89,46.3855421686747
Full Sheet Big Rolls 12 Ct,219,121,98,55.25114155251142
Coastal Chardonnay Wine,54,18,36,33.33333333333333
Madeleines,653,451,202,69.06584992343032
Indoor Purna Bynd Gf,1,0,1,0.0
Disinfecting Wipes - 3x35ct - Variety Scent,440,132,308,30.0
Purple Rice & Black Sesame Rice Toast,72,42,30,58.333333333333336
Lemon Lime Seltzer Water,104,77,27,74.03846153846155
Salty Sweet Cashew Bar,61,36,25,59.01639344262295
Old Fashioned Mustard,31,3,28,9.67741935483871
Original Thoroughly Clean  Oily & Combination Skin Face Wash,138,27,111,19.565217391304348
"Ginger Beer, Organic",26,9,17,34.61538461538461
DM Fusions Peach Mango,22,9,13,40.909090909090914
Baking Soda and Peroxide Whitening with Tartar Protection Fresh Mint Flavor Toothpaste,151,36,115,23.841059602649008
8 Inch Pumpkin Pie,188,72,116,38.297872340425535
Grape Nutrient Enhanced Water Beverage Mix,113,65,48,57.52212389380531
Coppertop AA Batteries,975,178,797,18.25641025641026
Hungarian Hot Paprika,15,0,15,0.0
Calabrese Spicy Salame with Sangiovese Wine,400,162,238,40.5
Cookies 'N' Creme Drops,72,40,32,55.55555555555556
Cherry Pie Fruit & Nut Bars,340,137,203,40.294117647058826
Chocolate Whey Protein,27,7,20,25.925925925925924
Antioxidant Infusions Ipanema Pomegranate Beverage,765,464,301,60.65359477124183
Unsweetened Apple Sauce,299,147,152,49.163879598662206
Original Smoked Snack Stick,66,35,31,53.03030303030303
with Seasoned Roasted Potatoes Scrambled Eggs & Sausage,96,79,17,82.29166666666666
Sicilian Pistachio,3029,1341,1688,44.27203697589964
"Curry Powder, Madras",129,19,110,14.728682170542637
"Goldenberries, Organic Dried Fruit",9,2,7,22.22222222222222
Fresh Salmon Fillet,25,7,18,28.000000000000004
Naturally Sweet Plantain Chips,48,34,14,70.83333333333334
Beyond Grain Free Chicken & Sweet Potato Recipe Pate Cat Food,51,14,37,27.450980392156865
Honey Crisp Apple Cider,4,0,4,0.0
Magnesium 500 mg Plus Vitamin B6 Muscles And Nerves 1 daily capsules,13,2,11,15.384615384615385
Sparkling Wild Berry Calorie Reducing Drink,18,14,4,77.77777777777779
Organic Cream of Mushroom Condensed Soup,2581,846,1735,32.77799302595893
Gluten Free Fig Fruit Filled Cookies,136,70,66,51.470588235294116
Boneless Half Ham,16,3,13,18.75
Honeysuckle Dish Soap,1053,378,675,35.8974358974359
Chocolate Malt Mix,294,161,133,54.761904761904766
Manzanilla Chamomile Herbal Tea Bags,17,4,13,23.52941176470588
Freeze-Dried Crunchy Blueberries,38,13,25,34.21052631578947
Potatoes,13,3,10,23.076923076923077
Avocado Oil Non-Stick Cooking Spray,14,0,14,0.0
Baklava,26,9,17,34.61538461538461
"Cumin, Whole",16,0,16,0.0
Club Minis Multi-Grain Crackers,6,2,4,33.33333333333333
Tandoori Rice,79,31,48,39.24050632911392
Mello Yello Citrus Soda,50,23,27,46.0
Tomato Basil Cream Sauce,61,42,19,68.85245901639344
"Easter Candy Coated Royal Dark Chocolate Eggs, 10 oz bag",20,4,16,20.0
White Sliced Mushrooms,7004,3793,3211,54.154768703597945
Outshine Blueberry Yogurt,52,23,29,44.230769230769226
White Vanilla Candy Dips,6,0,6,0.0
Gluten Free Wheat Free Italian Breadsticks,33,9,24,27.27272727272727
"Cone Snack Pack 3 Cheddar Cheese, 3 Caramel Corn & 3 Zebra Popcorn, 3 Kettle Corn",30,9,21,30.0
Ground Coffee Dark Roast,1327,741,586,55.84024114544084
Gluten Free Cherry Breakfast Bars,10,3,7,30.0
Its Not Your Mom's Sponge Cloth,101,25,76,24.752475247524753
Toasted Sesame Water Crackers,24,5,19,20.833333333333336
PRO Alphonso Mango Lassi Yogurt Drink,5,2,3,40.0
Layered Chewy Bars Double Chocolate Almond Naturally Flavored,9,2,7,22.22222222222222
Smart Bran With Psyllium & Oatbran Cereal,549,311,238,56.64845173041895
Mission District Pizza,3,0,3,0.0
Orange Sparkling Water Beverage,60,45,15,75.0
EasyWring Spin Microfiber Mop & Bucket System,32,3,29,9.375
Chopped Bbq Seasoned Ranch Chicken Salad Bowl,51,23,28,45.09803921568628
Bocconcini Bite Sized Fresh Mozzarella,526,218,308,41.44486692015209
Orange Recharge,1,0,1,0.0
Braunschweiger,42,21,21,50.0
John Frieda Frizz Ease Moisture Barrier Firm Hold Hair Spray,15,3,12,20.0
Chewy Chocolate Chip Bar,58,18,40,31.03448275862069
Crispy Rounds Tortilla Chips,624,278,346,44.55128205128205
All Natural Boneless Skinless Chicken Breasts,837,367,470,43.847072879330945
Shiitake Mushroom,2655,1034,1621,38.94538606403013
2 Ply Paper Towel Rolls,87,37,50,42.5287356321839
Pecan Spinwheels Sweet Rolls,18,11,7,61.111111111111114
Fancy Feast Wet Classic Turkey & Giblets Feast Cat Food,477,330,147,69.18238993710692
Organic Dragonwell Tea,7,1,6,14.285714285714285
Top The Tater Chive & Onion Sour Cream,139,90,49,64.74820143884892
Spicy Organic Microgreens,13,1,12,7.6923076923076925
Tasty Treasures with Chicken & Cheese in Gravy Cat Food,62,29,33,46.774193548387096
Organic Pomegranate Raspberry Lip Balm,8,1,7,12.5
"Clean Care Toilet Paper, Double Rolls, 1 Ply",560,265,295,47.32142857142857
Organic Raw Coconut Butter,541,186,355,34.380776340110906
Enamel Health Cool Mint Toothpaste,10,0,10,0.0
Cocoa Puffs Cereal,1360,680,680,50.0
Philadelphia Blueberry Cream Cheese Spread,42,15,27,35.714285714285715
Soy Isomil Infant Formula with Iron Birth to 12 Months Infant Formula,31,19,12,61.29032258064516
Mini Milk Chocolate Kisses,14,2,12,14.285714285714285
Coconut Flakes,3468,1123,2345,32.38177623990773
Shower Clean Antiperspirant Deodorant,164,34,130,20.73170731707317
Pomegranate Craisins,51,15,36,29.411764705882355
3 Wick Creamy Vanilla Swirl Candle,33,19,14,57.57575757575758
Organic Jalapeno Peppers Stuff Green Olives,97,40,57,41.23711340206185
Chicken Breast Tenderloins,272,136,136,50.0
Organic Honey Hemp Sprouted Oat Granola,155,68,87,43.87096774193549
Applesauce Strawberry Snack & Go Pouches,298,173,125,58.053691275167786
Health Thera Zinc Lozenges Orange - 24 CT,19,0,19,0.0
Sugar-Free Maple-Flavored Syrup,103,34,69,33.00970873786408
Hemp Hearts Raw Shelled Hemp Seeds,2369,889,1480,37.526382439848035
Yaki Nori Roasted Seaweed Sheets,178,64,114,35.95505617977528
Peach Nonfat Yogurt,78,41,37,52.56410256410257
Sprouted Spelt Flour,22,7,15,31.818181818181817
Nonfat Instant Dry Milk,15,5,10,33.33333333333333
Crispy Crust Pizza Pan,5,0,5,0.0
"Yellow Rice, Saffron",70,37,33,52.85714285714286
Natural Minerals Color Quench Lip Tint Sugar Fig,5,1,4,20.0
Ester-C,8,1,7,12.5
"Bean and Rice Chips, Unsalted",36,19,17,52.77777777777778
Gluten Free Ice Cream Cones,303,102,201,33.663366336633665
Grenadine Syrup,110,12,98,10.909090909090908
Ground Sirloin 90/10,63,33,30,52.38095238095239
Classic Scent Liquid Dish Soap,489,242,247,49.48875255623722
Flat Fillets of Anchovies in Olive Oil,108,32,76,29.629629629629626
Strawberry Flavor Extract,3,0,3,0.0
Organic Smoky Maple Barbeque Sauce,319,59,260,18.495297805642632
Sriracha Ketchup,89,17,72,19.101123595505616
Vegetable Garden Four Bean 99% Fat Free Chili,23,17,6,73.91304347826086
Pure All Natural Maine Lobster Juice,15,4,11,26.666666666666668
Slim Espresso Bar,74,40,34,54.054054054054056
Baby Bee Calming Shampoo & Wash,24,4,20,16.666666666666664
Amaz!n Prunes Pitted Cherry Essence,6,0,6,0.0
Head-to-Toe Baby Wash,272,97,175,35.661764705882355
"Ailoi, Sriracha",8,3,5,37.5
Very Young Small Small Peas,315,179,136,56.82539682539682
Maximum Speed False Nail Glue,8,0,8,0.0
Alcohol Free Mouthwash With Tea Tree Oil,11,4,7,36.36363636363637
Steakhouse Mayo,13,3,10,23.076923076923077
Sweet Basil & Garlic Premium Marinara Sauce,38,9,29,23.684210526315788
Steak & Jalapeno Burrito,3,0,3,0.0
Sausage Buns,2917,1769,1148,60.644497771683234
Senior Formula Chicken And Sweet Potato Canned Dog Food,9,3,6,33.33333333333333
Organic Promise Indigo Morning Cereal,92,42,50,45.65217391304348
Original Menthol Cough Drops,78,21,57,26.923076923076923
"Pro Health Toothbrush, Soft",2,0,2,0.0
Whole Grain Spaghetti,722,246,476,34.07202216066482
Bounty Chocolate Candy Bar,4,1,3,25.0
NyQuil Cold & Flu Nighttime Relief,131,22,109,16.793893129770993
"Moisturizing Gel, Aloe Vera",58,3,55,5.172413793103448
Pasta with Swedish Meatballs Tasty American Favorites,222,104,118,46.846846846846844
Whole Grain Lavash,698,400,298,57.306590257879655
Vanilla Frozen Dairy Dessert Cones,179,85,94,47.486033519553075
Twists Strawberry Candy,194,79,115,40.72164948453608
D'Anjou Pears,21,8,13,38.095238095238095
24oz Heat & Eat Container,29,13,16,44.827586206896555
Jalapeño Seasoned Tuna,2,0,2,0.0
Roarin' Waters Tropical Fruit,210,128,82,60.952380952380956
Caramel Pot De Creme,263,104,159,39.543726235741445
Raspberry Chipotle Salsa Medium,8,2,6,25.0
Lowfat Strawberries 'n Cream Kefir,1126,669,457,59.41385435168739
Garlic & Vegetable Instant Rice Noodle Soup,108,23,85,21.296296296296298
Organic Hearty Tomato Bisque,581,218,363,37.52151462994836
Spring Sprinkles Mix,7,0,7,0.0
"100% Pure Fresh Royal Jelly 60,000 mg",8,2,6,25.0
Beef Demi-Glace,16,4,12,25.0
Rich Chocolate Diabetic Shake,83,49,34,59.036144578313255
Old World Style Meat Pasta Sauce,15,5,10,33.33333333333333
Blackberry Greek Yogurt + Chia,297,171,126,57.57575757575758
Bite Back Tartar Sauce,14,4,10,28.57142857142857
Yan Yan Chocolate Cream Dip And Crispy Cracker Sticks,20,5,15,25.0
Mango Pineapple,12,4,8,33.33333333333333
Multiple Cat Clumping Formula Cat Litter,297,199,98,67.003367003367
Dusk Deodorant,87,16,71,18.39080459770115
"Fiber & Protein Organic Pears, Raspberries, Butternut Squash & Carrots Snack",2167,1339,828,61.7904937701892
Black Pepper Salami,5,0,5,0.0
Peanut Pretzel Ice Cream,15,2,13,13.333333333333334
Vanilla Chai Tea Latte,34,11,23,32.35294117647059
Cabaret Crisp And Buttery Crackers,178,58,120,32.58426966292135
Thick & Creamy Vanilla Lowfat Yogurt,132,95,37,71.96969696969697
Home Style Champagne Caper Vinaigrette Dressing,285,80,205,28.07017543859649
Cherry Flavored  Nausea Relief,16,2,14,12.5
Sensitive Stomach with Chicken Cat Food,24,18,6,75.0
Grilled Cheddar & Chicken,224,166,58,74.10714285714286
Seasoned Garlic & Romano Croutons,102,39,63,38.23529411764706
Small Cherry Pie,85,39,46,45.88235294117647
Original Pizza Crusts Frozen,125,63,62,50.4
Original Sour Cream,2072,1016,1056,49.034749034749034
Strawberry Sorbet With Milk Chocolate Bar,17,7,10,41.17647058823529
Organic Harvarti Sliced Cheese,157,86,71,54.77707006369427
Instant Brown Rice,130,54,76,41.53846153846154
On the Go Cherry Pomegranate Drink Mix,104,47,57,45.19230769230769
Organic Yellow Peaches,21301,12789,8512,60.03943476832073
Classic Pate Variety Pack Wet Cat Food,398,241,157,60.55276381909548
Himalayan Pink Salt Grinder,22,2,20,9.090909090909092
Milk Chocolate Gold Bunny - 5 CT,5,0,5,0.0
Heavy Duty Oven Cleaner,6,1,5,16.666666666666664
Almonds & Sea Salt in Dark Chocolate,12905,8597,4308,66.61759008136382
Riesling Central Coast,15,3,12,20.0
Ultimate Loaded Bacon And Cheddar,18,4,14,22.22222222222222
Ultra Downy® Clean Breeze™ Liquid Fabric Conditioner 51 Fl oz. 60 loads Fabric Enhancers,472,246,226,52.118644067796616
Kale Greens Bunch,152,59,93,38.81578947368421
Chai Ultra Spice Tea,10,2,8,20.0
Whole Tomatoes,34,11,23,32.35294117647059
46 / 94 Proof Bourbon Kentucky Whiskey,17,2,15,11.76470588235294
Fiery Mix Singles,168,81,87,48.214285714285715
Orange Flavor Tea Biscuits,3,0,3,0.0
Marinated Morsels Chicken Feast In Gravy Cat Food,72,46,26,63.888888888888886
Meatloaf & Gravy,165,74,91,44.84848484848485
Chocolate Chips,254,76,178,29.92125984251969
Gluten-Free Seeded Cinnamon-Raisin Bread,13,3,10,23.076923076923077
Sticks Candy Bar,19,11,8,57.89473684210527
Cran-Lemonade Juice,142,70,72,49.29577464788733
Organic Chia Sprouted Oat Vanilla Granola,380,175,205,46.05263157894737
Rtd 3 2 1 Rich Choc Royal,7,1,6,14.285714285714285
Sriracha Hot Sauce,903,271,632,30.011074197120706
Catfish Nuggets,4,0,4,0.0
Poppy Bagels,33,21,12,63.63636363636363
Hint of Lime Flavored Tortilla Chips,4990,2768,2222,55.47094188376753
Lemon Fresh Concentrated Bleach,107,46,61,42.99065420560748
Premium Ground Kona Blend,26,16,10,61.53846153846154
"Cake Mix, Yellow",64,11,53,17.1875
Clif Kid ZBar Organic Iced Lemon Cookie Energy Bars,225,115,110,51.11111111111111
Organic Drumsticks,334,165,169,49.40119760479042
Antifungal Liquid Athletes Foot Spray,27,5,22,18.51851851851852
Pear & Mango Stage 2 Baby Food,4021,2572,1449,63.96418801293211
"Purple Asparagus, Bunch",204,33,171,16.176470588235293
Venus Embrace Women's Razor Blade Refills,239,68,171,28.451882845188287
Beef Flavour Stock Cube,7,2,5,28.57142857142857
Hands & Face Antibacterial Citrus Scent Wipes,110,68,42,61.81818181818181
70% Dark Chocolate Candy Bar with Raspberries,141,48,93,34.04255319148936
Salsa Lisa Original Garden Recipe,48,20,28,41.66666666666667
Blueberry Pancake and Waffle Mix,31,16,15,51.61290322580645
Apple Juice,8121,5352,2769,65.90321388991504
Raw Wheat Germ,50,4,46,8.0
Original Lip Balm,52,8,44,15.384615384615385
Unsweetened Chocolate Baking Bar,278,61,217,21.942446043165468
Dark Chocolate Almond Nutrition Bars,35,18,17,51.42857142857142
Cheddar Cheezy Mac,1281,740,541,57.767369242779075
Pain Reliever/Fever Reducer Gelcaps Soft Grip Arthritis Cap,8,2,6,25.0
Organic Ginger,386,176,210,45.59585492227979
Spinach Salad Dressing,8,1,7,12.5
28 Qt Clear Storage Tote Clear With Blue Lid,43,8,35,18.6046511627907
Liquid Vitamin B-Complex Natural Tangerine Flavor,9,1,8,11.11111111111111
Radiant Plastic Super Plus Absorbency Tampons,12,7,5,58.333333333333336
Tomato Basil Bisque,80,19,61,23.75
Organic Herbalozenge Tropical Soother Lozenges,2,0,2,0.0
Avent Pacifier Soothie (0-6m),47,13,34,27.659574468085108
Organic Golden Turmeric Lassi,50,19,31,38.0
Disney Zootopia Assorted Flavored Fruit Snacks,39,15,24,38.46153846153847
Snackimals Vanilla Blast Cereal,120,50,70,41.66666666666667
Rising Crust Three Meat Pizza,1076,548,528,50.92936802973978
Color Safe Brightener Power Paks,42,24,18,57.14285714285714
Baby Artichokes,53,12,41,22.641509433962266
Organic High Lignan Flax Oil Cold Pressed & Unrefined,12,1,11,8.333333333333332
Dandelion Greens Juice,559,296,263,52.95169946332737
Stage 1 Just Sweet Peas With Mint Baby Food,750,415,335,55.333333333333336
Dual 2 in 1 Shampoo and Conditioner,19,3,16,15.789473684210526
Chai Latte Tea K-Cup Pods,10,2,8,20.0
Dark Chocolate Chips,1999,1009,990,50.47523761880941
Sensitivity Infant Formula with Iron,71,54,17,76.05633802816901
Monster Trail Mix,773,485,288,62.74256144890039
Lemon Lime SuperDrink,10,6,4,60.0
Petite Diced Tomatoes In Tomato Juice,96,22,74,22.916666666666664
Classic Air-Puffed Vanilla Flavored Marshmallows,2498,969,1529,38.79103282626101
Daily Moisturizing Lotion Tube Body Moisture,26,4,22,15.384615384615385
Ginger Snaps,531,255,276,48.0225988700565
Texas Fresh Portabella Mushrooms,181,56,125,30.939226519337016
100% Pure Australian Tea Tree Oil,66,9,57,13.636363636363635
Quinoa,777,195,582,25.096525096525095
Coconut Milk Non Dairy Frozen Dessert  Mini Sandwiches Banana Split,46,9,37,19.565217391304348
Chunky Salsa Mild,111,47,64,42.34234234234234
Honeysuckle Clean Day 2X Liquid Laundry Detergent,62,14,48,22.58064516129032
Vegan White Cheddar Mac & Cheese,507,238,269,46.942800788954635
Low-Fat Mango on the Bottom Greek Yogurt,3594,2543,1051,70.75681691708404
Bai Bubbles Peru Pineapple,120,67,53,55.833333333333336
Gold Antibacterial Deodorant Soap,126,38,88,30.158730158730158
Soft Scuba Toothbrush Right Hand,9,0,9,0.0
Fresh Stacks Original Crackers,32,15,17,46.875
Paraduxx Z Red Blend,37,29,8,78.37837837837837
Men Dry Protection Cool Rush Antiperspirant & Deodorant,515,151,364,29.320388349514566
Vegetable Turkey Dinner Stage 2,1737,967,770,55.67069660333909
Frankfurters Vegetarian,1218,744,474,61.083743842364534
Cheddar Squares Cheddar Squares,698,365,333,52.29226361031518
Benchbreak Chardonnay,111,99,12,89.1891891891892
Raging Bitch Belgian Style IPA,3,0,3,0.0
Fruit Punch Soda,13,2,11,15.384615384615385
Garlic Press,16,0,16,0.0
"Gelato Squares, Key Lime Graham",617,294,323,47.64991896272285
Maple Glazed Pecan & Sea Salt Bar,1852,1154,698,62.31101511879049
Baby Nighttime Tiny Cold Syrup,14,0,14,0.0
Deluxe White Cheddar & Garlic & Herbs,22,5,17,22.727272727272727
Blueberry Greek Yogurt + Chia,323,208,115,64.39628482972137
Artisan Pizza Crust with Whole Grain,76,21,55,27.631578947368425
Yams Cut Sweet Potatoes In Syrup,4,0,4,0.0
Fancy Whole Smoked Oysters in Cottonseed Oil,47,16,31,34.04255319148936
Basic Dust Clean Living 300 Filtration Level Filter 16 x 20 x 1,10,5,5,50.0
Chocolate Macaroons,1504,1035,469,68.81648936170212
"Hand & Body Lotion, Yuzu",8,1,7,12.5
Fresh Basil,2494,870,1624,34.883720930232556
Vanilla Almond Creamer,537,367,170,68.34264432029795
Newtons Strawberry Fruit Chewy Cookies,80,46,34,57.49999999999999
April Fresh Fabric Softener Sheets,58,16,42,27.586206896551722
Ultimate Care Hand Cream With Baobab Oil,5,0,5,0.0
Light Chicken Pot Pie Style Soup,389,133,256,34.19023136246786
Organic Raw Coconut Flour,66,4,62,6.0606060606060606
Marinara Pasta Sauce,11066,5795,5271,52.36761250677752
Ice Cream Sandwiches Vanilla,6394,3922,2472,61.33875508289021
Cocktail Style Cubes  Spring Water Ice,2419,1641,778,67.83794956593634
Chocolate Peppermint Tart,1,0,1,0.0
Dairy Free Vanilla Coconut Milk,1803,1159,644,64.28175263449806
Pink Beans,240,141,99,58.75
Multi-Grain Soft Taco,394,192,202,48.73096446700508
Premium Oyster Flavored Sauce,57,4,53,7.017543859649122
Organic Extra Thick Rolled Oats,1166,658,508,56.43224699828473
Citra Sour,7,2,5,28.57142857142857
Real Salt Coarse Sea Salt,26,3,23,11.538461538461538
"Pasta Sauce,  Low Sodium Marinara",58,34,24,58.620689655172406
"For Fussiness, Gas & Crying Infant Powder Formula",83,34,49,40.963855421686745
Whole 7 Ancient Grains Bread,333,236,97,70.87087087087087
Carnation Fat Free Evaporated Milk,201,45,156,22.388059701492537
Pizza Sauce,4906,2167,2739,44.17040358744394
Pomegranate Italian Soda,1208,561,647,46.44039735099338
Vegan Crunchy Peanut Butter,458,314,144,68.5589519650655
Traditional Crumbled Feta Cheese,1803,748,1055,41.48641153632834
Holiday Crackers,10,2,8,20.0
Ground Turkey Breast,26721,17179,9542,64.29025859810635
"Pizza, Margherita, Rice Crust",286,105,181,36.71328671328671
Habanero Roasted Tomato Salsa,561,330,231,58.82352941176471
Primo Thin Pepperoni,22,10,12,45.45454545454545
Lady Alice Apple,183,68,115,37.15846994535519
Organic Cold Pressed Carrot Juice,251,140,111,55.77689243027888
Mini Italian Eggplant,719,206,513,28.650904033379692
Tall Kitchen Bag With Febreze Odor Shield,1640,547,1093,33.35365853658537
Vent Clips Air Freshener Linen & Sky,37,5,32,13.513513513513514
Organic Peanut Butter Banana Bite,103,45,58,43.689320388349515
Almond Paleo Bread Non GMO Gluten Free,938,250,688,26.652452025586353
Beef with Country Vegetables Soup,11,4,7,36.36363636363637
Extra Sweet Iced Tea,10,2,8,20.0
RediTabs 12 Hour Non-Drowsy Allergy Relief,8,0,8,0.0
Simply Unwrapped Burrito,76,29,47,38.15789473684211
Arrabbiata Tomato & Red Pepper Italian Pasta Sauce,238,98,140,41.17647058823529
Omega 3D,11,1,10,9.090909090909092
Organic Orange Soda,357,236,121,66.1064425770308
Lemon Love Juice Drink,1970,1459,511,74.06091370558376
Almond Milk Strawberry Yogurt,5719,4080,1639,71.34114355656584
Organic Apple Banana GoGo Squeez,4625,3215,1410,69.51351351351352
Blue Raspberry Lemonade Unsweetened Soft Drink Mix,25,7,18,28.000000000000004
100% Pure Rosemary,28,2,26,7.142857142857142
Sunburst (Patty Pan) Squash,9,0,9,0.0
Mini Easter Candy Cane,3,0,3,0.0
Original Flavor Instant Oatmeal,1898,1045,853,55.05795574288725
Lavender Dead Sea Mineral Soap,22,7,15,31.818181818181817
Cranberry Heritage Beans,7,1,6,14.285714285714285
Baby Kale,243,83,160,34.15637860082305
Oil Free Original Hummus,1069,753,316,70.43966323666979
Preservision Eye Vitamin And Mineral Supplement AREDS Lutein Soft Gels,5,1,4,20.0
2010,4,1,3,25.0
Sourdough Round Loaf,160,93,67,58.12500000000001
Beef Meatballs,22,3,19,13.636363636363635
Los Crestones,68,38,30,55.88235294117647
Organic Protein Dark Chocolate Coconut Granola,12,3,9,25.0
Broccoli & Cheese Couscous,23,8,15,34.78260869565217
Made with Organic Pasta & Cheddar Cheese Alphabet Shapes Macaroni & Cheese Dinner,14,4,10,28.57142857142857
Strawberry Protein Monster Protein Shake,40,17,23,42.5
Frozen Wild Blueberries,29,12,17,41.37931034482759
Squash,6,0,6,0.0
Sweet 'N Crunchy Caramel Microwave Popcorn,46,12,34,26.08695652173913
Men Hair & Body Wash,3,0,3,0.0
Skellig 100% Natural Cheese Sweet Cheddar,87,23,64,26.436781609195403
Tarnish Remover,10,0,10,0.0
Banana 3.5 oz Cups 4 Yogurt,7,1,6,14.285714285714285
"Antigingivitis Rinse, Orange Zest",15,8,7,53.333333333333336
Everyday Plates 8.5 in,928,423,505,45.581896551724135
Flavor Blasted Xtra Cheddar Baked Goldfish Crackers,1107,660,447,59.62059620596206
Fancy Sliced Water Chestnuts,408,134,274,32.84313725490196
Salsa de Chile Fresco,147,62,85,42.17687074829932
Organic Montebello Orecchiette Italian Pasta,192,83,109,43.22916666666667
Crabby Rice Chips,31,5,26,16.129032258064516
Calming Magnolia & Cherry Blossom Scented Oil Refills,71,26,45,36.61971830985916
"Tequila, Silver",183,88,95,48.08743169398907
Grahamfuls Peanut Butter & Chocolate,12,6,6,50.0
Simply Smart Gluten Free Breaded Chicken Breast Tenders,403,243,160,60.297766749379655
Honey Spelt Pretzel Sticks,52,35,17,67.3076923076923
Organic Forest Berry Black Tea Tonic,20,14,6,70.0
Good & Clean Toxin Release Scrub,8,0,8,0.0
Blue Cheese Dressing,133,41,92,30.82706766917293
Vegetable Glycerine,23,1,22,4.3478260869565215
Mighty Sticks Fruit and Veggie Snacks,309,138,171,44.66019417475729
Unseasoned Stuffing,4,0,4,0.0
Original Multigrain Crackers,1106,629,477,56.87160940325497
Cheese Stuffed Shells,22,9,13,40.909090909090914
Sharp Farmhouse,13,7,6,53.84615384615385
Lemon Poppy Seed The Complete Cookie,134,66,68,49.25373134328358
Instant Bouillon Chicken Flavor Powder,10,0,10,0.0
Gravenstein Apple,5,1,4,20.0
Jellied Mint Sauce,9,1,8,11.11111111111111
Be My Valentine Iced Brownies,14,1,13,7.142857142857142
Size 5 Cruisers Diapers Super Pack,324,191,133,58.95061728395061
Whole Grain Thin Crust Uncured Mild Pepperoni Pizza,36,14,22,38.88888888888889
Ginger Ale Soda Syrup,6,1,5,16.666666666666664
Organic Pineapple,233,135,98,57.93991416309014
Lavender Chamomile Bubble Bath,16,2,14,12.5
Daisy Classic Disposable Women's Razors,131,44,87,33.587786259541986
Plus Lotion Facial Tissues,2747,1255,1492,45.68620313068802
Clear Care Plus with Hydraglyde Cleaning & Disinfecting Solution,10,4,6,40.0
Cocomels Original,2,0,2,0.0
Milk and Cookies Ice Cream,5003,2620,2383,52.36857885268839
Mach3 Sensitive Cartridges,6,0,6,0.0
Clean Energy Zero Lime,226,159,67,70.35398230088495
"Original 7\"" Pizza Crusts",93,50,43,53.76344086021505
Country Fresh Premium Ice Cream Chocolate Moose Tracks,13,3,10,23.076923076923077
Premium Small Red Beans,112,31,81,27.67857142857143
Earl Greyer Black Tea Bags,147,35,112,23.809523809523807
Lavender Scent Multi-Surface Cleaner Concentrate,296,78,218,26.351351351351347
Campo De Montalban,185,82,103,44.32432432432433
Organic White Onions,23641,14793,8848,62.57349519901866
Organic Stevia Packets,457,200,257,43.7636761487965
White Balsamic Pear Infused Vinegar,8,3,5,37.5
Powdered Peanut Butter Chia & Flax,10,1,9,10.0
Vanilla Bite Size Wafer Cookies,433,240,193,55.42725173210161
Kalamata Olive Flat Bread,68,27,41,39.705882352941174
Graduates Lil' Crunchies Garden Tomato Corn Snacks,92,48,44,52.17391304347826
Sliced Mild Cheddar Cheese,407,211,196,51.842751842751845
Antibacterial Singles,60,19,41,31.666666666666664
Cheddar Cheese Popcorn,30,15,15,50.0
Condensed Soup Manhattan Clam Chowder,36,31,5,86.11111111111111
Vitamin D3 5000 I.U.,44,7,37,15.909090909090908
BBQ,924,531,393,57.467532467532465
Raw Sea Kraut,19,12,7,63.1578947368421
Chocolate Cupcakes,237,95,142,40.08438818565401
"Gravy Mix, Country",9,1,8,11.11111111111111
Dutch Yellow Pee Wee,81,41,40,50.617283950617285
Asparation/Broccolini/Baby Broccoli,16535,9077,7458,54.89567583912912
Classic Crust Sausage Pizza,35,18,17,51.42857142857142
Fire Grilled Steak Quesadillas,57,30,27,52.63157894736842
Chunky No Beans Chili,9,3,6,33.33333333333333
Vanilla Crisp Energy Bar,16,3,13,18.75
Organix Grain Free Chicken Paté Cat Food,190,129,61,67.89473684210526
Harvest Coarse Ground Mustard,154,36,118,23.376623376623375
Freezer Bag Gallon,264,68,196,25.757575757575758
Mrs Meyers Dish Soap Rosemary,678,241,437,35.54572271386431
Clean Breeze® Brise Pure® Liquid Laundry Detergent,18,6,12,33.33333333333333
I Love Lemon Herbal Tea,13,1,12,7.6923076923076925
Spanish Style Yellow Rice  3 Ct,26,12,14,46.15384615384615
Pitted Green Olives,77,39,38,50.649350649350644
Artisan Vinaigrette Cherry Balsamic & Rosemary,25,11,14,44.0
Muffin Pans with 18 Bake Cups,131,15,116,11.450381679389313
"Lean Pockets Applewood Bacon, Egg & Cheese Frozen Sandwiches with Whole Grain Crust",382,192,190,50.26178010471204
Garden Vegetable Cream Cheese Spread,642,332,310,51.71339563862928
Fusion Hydra Gel Moisturizing  Shave Gel,13,2,11,15.384615384615385
Super Daily D3 2000 IU,9,1,8,11.11111111111111
Parsnip,3921,1480,2441,37.74547309359857
Bella Romaine Salad Mix,14,3,11,21.428571428571427
7 Year Bourbon,3,1,2,33.33333333333333
Jumbo Fudge Sticks Original,17,7,10,41.17647058823529
Hydrate + Repair Argan Oil of Morocco Shampoo,5,0,5,0.0
Classic White Square Dinner Plates,54,42,12,77.77777777777779
Hot Kid Baby Mum-Mum Organic Rice Rusks Vegetable,696,368,328,52.87356321839081
Organic Cotton Balls,1103,375,728,33.998186763372615
Soft Rolls,598,300,298,50.16722408026756
Keurig Green Mountain Coffee Breakfast Blend Light Roast Coffee K-Cups,184,106,78,57.608695652173914
Oatmeal Raisin Cookie Dough,12,3,9,25.0
Protein Power Cold Pressed Fruit Smoothie,663,407,256,61.38763197586727
Diaper Rash & Thrush,13,5,8,38.46153846153847
Green Goddess Dressing,71,19,52,26.76056338028169
Glacier Freeze,1310,689,621,52.59541984732824
Snug & Dry Size 6 Diaper,85,45,40,52.94117647058824
Cheddar Cheese Stuffed Jalapenos,28,9,19,32.142857142857146
Dark Chocolate Cranberry Granola,10,4,6,40.0
Wide Yolk Free Noodles,19,5,14,26.31578947368421
Almond Orgeat Syrup,27,24,3,88.88888888888889
Mara Natha Organic Peanut Butter Creamy,1726,892,834,51.680185399768256
Lindor Truffles,766,502,264,65.53524804177546
Buffalo Style Breaded Chicken Wings,2,0,2,0.0
Whole Jalapenos In Escabeche,8,2,6,25.0
"Handsaver Gloves, Large",57,12,45,21.052631578947366
Chardonnay,6153,4230,1923,68.74695270599707
Mango Ginger Fruit Snacks,55,36,19,65.45454545454545
Macaroni & Cheese Meal,86,33,53,38.372093023255815
"Salted Caramel Organic Dark Chocolate, 57% Cocoa",338,178,160,52.662721893491124
Chunk White Albacore Tuna in Water,422,158,264,37.44075829383886
Ocean Mist Pods,6,0,6,0.0
Turmeric Strength for Whole Body,15,1,14,6.666666666666667
ProActive Health Adult Large Breed Weight Control Premium Dry Dog Food,38,30,8,78.94736842105263
Organic Whole Milk Washington Black Cherry Yogurt,1391,703,688,50.5391804457225
Reduced Fat Chocolate Milk,3480,2302,1178,66.14942528735632
Non-Alcoholic Margarita Mix,50,18,32,36.0
Jalapeno Kettle Cooked Potato Chips,583,287,296,49.22813036020583
Large Grapefruit,21451,12023,9428,56.04866905971749
Seasoned Steamables the Mix'd Vegetable Medley,209,118,91,56.45933014354066
Ivory Concealer,7,1,6,14.285714285714285
Red Vines Candy,224,87,137,38.839285714285715
Tostadas Caseras Doraditas,33,7,26,21.21212121212121
Chicken Fried Chicken Meal,76,37,39,48.68421052631579
Chunky 7-Herb Tomato Pasta Sauce,4,0,4,0.0
"Crispety, Crunchety Peanut Buttery Candy Chocolate Candy Pieces",46,10,36,21.73913043478261
Labne Kefir Cheese,495,326,169,65.85858585858585
Lime & Sea Salt Tortilla Chips,1187,702,485,59.14069081718618
"Truffles, Organic, Hippie Hemp",17,5,12,29.411764705882355
"Raspberries, Red, Organic",131,70,61,53.43511450381679
Gluten Free Organic Steel Cut Oats,21,2,19,9.523809523809524
Lemongrass Tempeh Laab,18,14,4,77.77777777777779
Mild Taco Seasoning Mix,393,169,224,43.00254452926209
Protein Plus Rotini Pasta,408,236,172,57.84313725490197
"Craisins, Cherry Dried Cranberries",14,2,12,14.285714285714285
Dark Coconut Toffee Organic Chocolate,1156,617,539,53.37370242214533
Butter Snaps Bonus Bag,2,0,2,0.0
Original Graham Crackers,292,120,172,41.0958904109589
Black Bean Chipotle Veggie Burger Patties,333,152,181,45.645645645645644
Pomegranate Repair Serum,16,9,7,56.25
Movie Theater Mini Bags Butter Popcorn,52,15,37,28.846153846153843
Squeez Yogurt Berry,72,40,32,55.55555555555556
Organic Gluten Free Cranberry Crunch Bar,1564,1132,432,72.37851662404093
Organic Vegetable Masala Stew,45,9,36,20.0
Fiorucci All Natural Uncured Pancetta,16,3,13,18.75
Antibacterial Concentrated Dish Soap,1055,437,618,41.4218009478673
"Cupcake Gems, Gold Pearls",3,0,3,0.0
Cheese Dippers,79,37,42,46.835443037974684
Tamari Sesame Baked Brown Rice Snaps,152,71,81,46.71052631578947
Apple Cranberry Chutney,8,0,8,0.0
Coco Cream of Coconut,154,13,141,8.441558441558442
Echo Falls Lemon Pepper Wild Alaska Sockeye Smoked Salmon,40,19,21,47.5
Coconut Water Organic,1911,1390,521,72.7367870225013
Beef Quarter Pound 4 Ct Franks,104,57,47,54.807692307692314
Maple Yogurt,31,22,9,70.96774193548387
Pet Hair Roller Sheets,3,0,3,0.0
Sweet Peas Steamers,205,95,110,46.34146341463415
"Marketplace Cheese Tortellini in a Roasted Red Pepper Sauce with Aged Parmesan Cheese, Organic",290,149,141,51.37931034482759
Spring Blonde Wheat Ale,9,0,9,0.0
Apple Scent Foaming Hand Soap,69,18,51,26.08695652173913
Party Mix Crunch Picnic Cat Treats,34,19,15,55.88235294117647
Harvest Snaps Black Bean Habanero,15,3,12,20.0
Pain Relief Patch,15,2,13,13.333333333333334
Konaberry Noodles,6,2,4,33.33333333333333
Butterfinger Chocolate Chocolates,27,4,23,14.814814814814813
Green Tea and Ginseng & Honey,50,40,10,80.0
Belgian Endive,1926,1092,834,56.69781931464174
Organic Sprouted Brown Rice Flour,5,1,4,20.0
Roasted Garlic & Onion Pasta Sauce,109,60,49,55.04587155963303
Gluten Free Greek Honey Yogurt,6,1,5,16.666666666666664
Lightly Salted Kettle Potato Chips - Sea Salt,2479,1369,1110,55.223880597014926
Therappe Shampoo,31,8,23,25.806451612903224
Organic Celery Bunch,1645,472,1173,28.693009118541035
1 Ply Paper Towels,2707,1679,1028,62.0243812338382
Major Grey's Chutney,61,11,50,18.0327868852459
No Stick Extra Virgin Olive Oil Cooking Spray,137,32,105,23.357664233576642
Natural Brown Paper 8-12 Cups Basket Coffee Filters,219,35,184,15.981735159817351
Organic  Unsalted  Butter,211,128,83,60.66350710900474
Medium Nacho Cheese Sauce,64,20,44,31.25
Cranberry Pecan Quinoa Cookie,5,0,5,0.0
Kids+ Orange Juice With Vitamins & Calcium,47,35,12,74.46808510638297
Night Time Make-Up Remover Cleansing Cloths,28,7,21,25.0
Millet Rice Bread,48,36,12,75.0
Feng Shui Rice Crackers Nori Seaweed,31,18,13,58.06451612903226
FiberPlus Antioxidants Protein Mixed Nut Chewy Bars,5,1,4,20.0
Large Flap Top 30 Gallon Trash Bags,25,5,20,20.0
Choconut Chunky Cookies,9,4,5,44.44444444444444
1st Foods Squash,99,35,64,35.35353535353536
Garlic Bread With Mozzarella,321,170,151,52.95950155763239
Snackimals Cookies Vanilla,533,301,232,56.47279549718574
Traditional Spaghetti Sauce,10,1,9,10.0
Very Rare Blended  Scotch Whisky,41,36,5,87.8048780487805
Dark Chocolate Paso Brittle Ice Cream,191,111,80,58.1151832460733
Organic Sweet Potato Multigrain Tortilla Chips,1613,1006,607,62.36825790452573
Farmers Harvest Whole Grain Veg Lasagna,14,6,8,42.857142857142854
Creamy Deluxe Macaroni Dinner Elbows & Four Cheese Sauce,2775,1592,1183,57.36936936936937
"Organic Blueberry, Beet & Banana Baby Food",28,12,16,42.857142857142854
Red Beans & Rice Mix,24,12,12,50.0
Chocolate Caramel Turtle Brownie Mix,57,9,48,15.789473684210526
All Natural Carob Powder,89,12,77,13.48314606741573
Sour Chewy Candy,19,2,17,10.526315789473683
Beef Brisket Flat Cut,686,162,524,23.61516034985423
Ham & Swiss with Crackers,247,154,93,62.34817813765182
Organic Satsuma Mandarin,65,16,49,24.615384615384617
Deli Style Mustard,28,8,20,28.57142857142857
Red Lentil Penne With Roasted Red Pepper Sauce,46,14,32,30.434782608695656
Organic Whole Milk Strawberry Beet Berry Yogurt Pouch,6281,4992,1289,79.47779016080241
Pesto Paste,38,4,34,10.526315789473683
Organic Macaroni & Mild Cheddar Cheese,228,90,138,39.473684210526315
Bubblegum Flavor Natural Chewing Gum,362,164,198,45.30386740331492
Gala Apple,602,216,386,35.880398671096344
Roasted Vegetable & Chicken Long Grain & Wild Rice Mix,23,3,20,13.043478260869565
"Body Wash, Creamy, Sea Buckthorn",18,4,14,22.22222222222222
Calorie Free Chocolate Syrup,41,25,16,60.97560975609756
Lime Setlzer Water,2,0,2,0.0
"Bean, Rice and Cheddar Burrito",1284,605,679,47.1183800623053
Beneful Originals with Salmon Dry Dog,57,19,38,33.33333333333333
Amber Alt Style Ale,33,26,7,78.78787878787878
Shreds Finely Shredded Monterey Jack Cheese,55,12,43,21.818181818181817
Citrus Mandarins Organic,4932,1677,3255,34.00243309002433
Organic Low Fat Cottage Cheese,3767,2593,1174,68.83461640562783
Gluten-Free Graham Style Crackers Chocolate Grahams,49,19,30,38.775510204081634
Clay Cat Litter With Odor Eliminating Carbon,76,52,24,68.42105263157895
All Natural Carrot Juice,15,6,9,40.0
Pomegranate Arils,3030,1684,1346,55.57755775577557
Mint Chocolate Chip Ice Cream,3433,1691,1742,49.25720943780949
Euphoric Ylang Ylang Mineral Bath,15,2,13,13.333333333333334
Milk Magic Chocolate Milk Flavoring Straws,3,0,3,0.0
Italian Six Cheese Blend,61,16,45,26.229508196721312
Hearty French Country Vegetable Soup,862,443,419,51.39211136890951
Zesty Jalapeno Kettle Cooked Potato Chips,27,16,11,59.25925925925925
Old Vine Zinfandel Wine,510,274,236,53.72549019607843
Amber & Sandalwood Oils,48,14,34,29.166666666666668
"Fruit Snacks Banana, Cherry, Peach & Strawberry Snack Packs",62,29,33,46.774193548387096
Mature Cheddar,15,9,6,60.0
Large Trash Bags 30 Gallon,348,184,164,52.87356321839081
Love Crunch Aloha Blend Granola,35,10,25,28.57142857142857
All Purpose Cleaner Concentrate Grapefruit Seed & Orange Peel,10,1,9,10.0
The Epic Seed Greek Yogurt Strawberry & Chia,267,170,97,63.670411985018724
Green Medium Mexican Salsa,8,0,8,0.0
Organic Fuji Red Crunchy Apple Chips,76,22,54,28.947368421052634
Original Style Yoghurt Plain,2102,1299,803,61.79828734538535
Kettle Cooked Sea Salt & Vinegar Flavored Potato Chips,193,81,112,41.968911917098445
Cotija Cilantro Dressing & Dip,29,13,16,44.827586206896555
Low Carb-Low Sodium Wraps,130,78,52,60.0
Vegetarian Organic Garbanzo Beans Low Sodium,304,182,122,59.86842105263158
Chesapeake Dark Chocolate Pecan Cookies,184,82,102,44.565217391304344
Chicken & Apple Sausage,119,57,62,47.89915966386555
Daily Silk Body Wash,96,38,58,39.58333333333333
Beeswax Votive Candles,8,1,7,12.5
Beef & Spicey Bean Burrito,33,16,17,48.484848484848484
Instant Pistachio Pudding,3,0,3,0.0
Organic Breaded Chicken Breast Nuggets,88,16,72,18.181818181818183
Organic Whole Wheat,3,0,3,0.0
Toilet Bowl Cleaner With Bleach,6,0,6,0.0
Classic Fajita Skillet Sauce with Chipotle and Lime,991,355,636,35.822401614530776
Honeydew Nourishing Hair Conditioner,4,0,4,0.0
Boneless Pork Chop,86,18,68,20.930232558139537
Part Skim Ricotta Cheese,3948,1376,2572,34.853090172239106
"Natural Deodorant, Tea Tree, Lavender",44,14,30,31.818181818181817
Tahini Garlic Sauce,133,39,94,29.32330827067669
Hot Fudge Ice Cream Sauce,3,0,3,0.0
Pickled Asparagus,19,9,10,47.368421052631575
Breakfast Americana,478,267,211,55.85774058577406
Medium Shells,156,48,108,30.76923076923077
3D White Luxe™ Toothpaste  - Vibrant Mint,178,65,113,36.51685393258427
Advanced Hairstyle Boost It Volume Inject Mousse,6,0,6,0.0
Handi Scrub,9,0,9,0.0
Raspberry Sherbert,32,7,25,21.875
Mini Baked Fillo Shells,40,12,28,30.0
Lowfat Cottage Cheese 2%,1030,679,351,65.92233009708738
Beef Short Ribs,1172,406,766,34.641638225255974
Vanilla Spice Perfect Energy,241,107,134,44.398340248962654
Baby Derma White Mallow Face Cream,27,3,24,11.11111111111111
The Vegan Caesar,25,13,12,52.0
Large Ataulfo Mango,171,76,95,44.44444444444444
Clean Up Fresh Scent Spray,44,3,41,6.8181818181818175
Cheese & Garlic Texas Toast Croutons,214,91,123,42.523364485981304
Almond Breeze Vanilla Almond Coconut Milk,50,19,31,38.0
Strawberry Dha From Purified Fish Oil,4,0,4,0.0
Organic Chunky Vegetable Soup,1897,910,987,47.97047970479705
Crunchy Organic Apple Chips With Sea Salt Caramel Flavor,3,0,3,0.0
Sparkling Clementine Beverage,586,289,297,49.31740614334471
CoQ10 200 mg Liquid Softgels,17,9,8,52.94117647058824
Cheddar Snack Crackers Cheddar Bunnies,4422,2553,1869,57.73405698778833
"Wild Rice, 100% Natural",5,1,4,20.0
Coconut Cashew Flavor Protein Bar,19,6,13,31.57894736842105
Tomato Sauce With Basil,112,71,41,63.39285714285714
Candy Pieces Made of Milk Chocolate with Crisped Rice Mixed In Chocolate Candy Bar,22,5,17,22.727272727272727
Spring Mint Mouthwash,6,2,4,33.33333333333333
Oikos Greek Nonfat Yogurt Crunch Vanilla Almond with Toppings,49,22,27,44.89795918367347
Crystal Clear Rinse Aid,45,12,33,26.666666666666668
Spaghetti Rings With Meatballs,14,10,4,71.42857142857143
Organic  Cranberry Lemon Flavored Herbal Tea,18,6,12,33.33333333333333
Vietnamese Rice Noodles,126,42,84,33.33333333333333
Acne Solutions Spot Treatment,9,2,7,22.22222222222222
Medium Shells No. 22 Enriched Macaroni,96,35,61,36.45833333333333
Steamed Baby Beets,612,281,331,45.91503267973856
Flamin' Hot Fries $2 Only Corn & Potato Snacks,278,153,125,55.03597122302158
Organic Mayo,63,17,46,26.984126984126984
"Ibuprofen Tablets, 200 mg",20,3,17,15.0
Natural Dog Food Lamb & Sweet Potato Formula,95,70,25,73.68421052631578
Jalapeño Salsa Raw Pumpkin Seeds,4,0,4,0.0
Organic Fruit Punch Sensible Sippers,286,147,139,51.39860139860139
Hot Chili Oil,192,17,175,8.854166666666668
Anti-Slip Grip Cardboard Applicator Super Absorbency Tampons,116,35,81,30.17241379310345
Organic Thai Basil,460,130,330,28.26086956521739
Five Cheese Pizza Self Rising Crust,7,1,6,14.285714285714285
Cloud 9 Pancake Mix,9,2,7,22.22222222222222
Organic Raw Sharp Cheddar Cheese,4163,2455,1708,58.97189526783569
Rosewater Toner,19,0,19,0.0
Quinoa Cookies Chocolate Chip,172,111,61,64.53488372093024
Organic Red Lentils,7836,3291,4545,41.99846860643186
Authentic Cornbread & Muffin Mix,96,15,81,15.625
Yerba Mate Orange Exuberance Tea,693,527,166,76.04617604617604
100 Calorie Pineapple Coconut Blended Greek Yogurt,137,72,65,52.55474452554745
Dinner Soft Country Style Rolls,8,0,8,0.0
Organic Sea Salt Pretzels,297,158,139,53.198653198653204
Gluten Free Peanut Butter Dark Chocolate Chewy With a Crunch Granola Bars,6692,3963,2729,59.21996413628213
Za'atar Veggie Burger,322,121,201,37.577639751552795
White Cheddar Seasoning,158,43,115,27.21518987341772
Unbleached Enriched All Purpose Flour,228,62,166,27.192982456140353
Matzo Balls in Chicken Broth,26,4,22,15.384615384615385
Issimo Mochaccino Iced Coffee Drink with Domori cocoa and lowfat milk,59,36,23,61.016949152542374
Roasted Almond Butter,3976,2709,1267,68.13380281690141
Original Swedish Rye Crispbread,12,6,6,50.0
Peach Iced Tea,812,551,261,67.85714285714286
Fontina & Asiago Italian Sauce,17,2,15,11.76470588235294
Wheat Hot Dog Rolls,627,261,366,41.62679425837321
Pudding Chocolate,14,0,14,0.0
Ultra Tide Plus Bleach Laundry Detergent Powder,29,16,13,55.172413793103445
"Xtra Protection Always Xtra Protection Daily Liners, Long 40 Count Feminine Care",115,33,82,28.695652173913043
Organic Turkish Bay Leaves,19,1,18,5.263157894736842
Creamy Tomato Organic Soup,85,42,43,49.411764705882355
Hazelnut Fat Free Liquid Coffee Creamer,1468,993,475,67.64305177111717
Pineapple Cottage Cheese,15,5,10,33.33333333333333
"Turmeric Tea, Three Roots, Tea Bags",222,68,154,30.630630630630627
Pods Ocean Mist Laundry Detergent Pacs,42,15,27,35.714285714285715
"Brussels Bytes, Chili Pumpkin Seed Crunch",21,6,15,28.57142857142857
Chilli Beans In Sauce,15,2,13,13.333333333333334
Red Plum Jam,13,3,10,23.076923076923077
Peanut Butter Fudge Core Ice Cream,1112,476,636,42.805755395683455
Chocolate,49,26,23,53.06122448979592
California White Zinfandel,91,27,64,29.67032967032967
Gluten Free Instant Oatmeal Strawberry Shortcake Flavor,46,21,25,45.65217391304348
Organic Apple Cider Vinegar Ginger Spice All Natural Drink,994,677,317,68.10865191146881
Organic White Chia Seed,1190,300,890,25.210084033613445
Organic Italian Vinaigrette,45,2,43,4.444444444444445
Organic Golden Cashew Live Food Bar,19,5,14,26.31578947368421
Fexofenadine HCL 180 mg Antihistamine Tablets,38,14,24,36.84210526315789
Vegan Lemon Herb Salad Dressing,79,21,58,26.582278481012654
Organic Reduced Fat Milk,35663,30338,5325,85.0685584499341
Original Sea Salt Bagel Crisps,101,54,47,53.46534653465347
Garlic Vegetable Soup Cup,97,36,61,37.11340206185567
100% Natural Fruit Chew C Chewable Wafers Tangy Orange,33,7,26,21.21212121212121
Meyer Lemon,4529,1983,2546,43.784499889600355
BBQ Chopped Salad,1384,1016,368,73.41040462427746
Natural Dark Chocolate Espresso Beans,35,12,23,34.285714285714285
Seedless Raisins,37,21,16,56.75675675675676
Organic Fennel Tea,249,118,131,47.389558232931726
"Popcorn, Yellow",239,82,157,34.30962343096235
Single Origin Peru Bar,34,28,6,82.35294117647058
Organic Farfalle #328,5,1,4,20.0
French Roast Coffee K-Cups,191,109,82,57.06806282722513
"Spread, Premium, Organic, Apricot",17,9,8,52.94117647058824
Rain Tingling Spearmint Sugar-Free Gum,223,136,87,60.98654708520179
Organic Fair Trade 70% Dark Chocolate with Sea Salt,447,309,138,69.12751677852349
Frozen Roasted Corn,8,1,7,12.5
Philly Steak & Cheese Frozen Sandwiches,130,59,71,45.38461538461539
Hot Thai Red Curry Paste,164,28,136,17.073170731707318
House Italian,37,15,22,40.54054054054054
Sesame Water Crackers,24,11,13,45.83333333333333
"Moscato, Red, California",19,9,10,47.368421052631575
Caesar Vinaigrette with Parmesan Dressing & Marinade,5,1,4,20.0
Soothing 84% Aloe Vera Hand & Body Lotion,16,2,14,12.5
Herb Grinder Basil,5,0,5,0.0
Chocolate Vanilla Swirls Pudding Snacks,840,467,373,55.595238095238095
Professional Potato Masher,4,0,4,0.0
Chocolate Chip Cookie Coffee Creamer,105,67,38,63.8095238095238
Light Apricot Mango Sorbet Fat Free Yogurt,65,17,48,26.153846153846157
Rhino Swirlin' Calci-Bears With Vitamin D,4,0,4,0.0
Homestyle French Toast,133,70,63,52.63157894736842
Real French Vinaigrette Dressing,2334,943,1391,40.40274207369323
Tropical Lime Twist Dish Liquid,5,0,5,0.0
3 Cheese Italian Freshly Shredded Cheese,65,31,34,47.69230769230769
Diced Tomato,29,11,18,37.93103448275862
"Chardonnay, Columbia Valley, 2006",7,1,6,14.285714285714285
Wild Peppermint Drops,18,10,8,55.55555555555556
Dill Sandwich Pickle Slices,1231,578,653,46.95369618196588
"Merlot, Columbia Valley, 2007",82,32,50,39.02439024390244
Vienna Turkey Pastrami,5,1,4,20.0
Original Detergent,653,321,332,49.15773353751914
Brownie Crunch High Protein Bar,3022,1825,1197,60.390469887491726
Decaffeinated Green Tea,31,8,23,25.806451612903224
Beef & Cheese Burritos,54,15,39,27.77777777777778
Pinot Grigio Emerald Label,22,10,12,45.45454545454545
Wheat Sandwich Thins,1816,1344,472,74.00881057268722
Ultra Clean Mint Floss,33,11,22,33.33333333333333
Made with Real M&M's Brownies,9,0,9,0.0
Heavy Whipping Crean Ultra Pasteurized Grade A,159,77,82,48.42767295597484
Mints Pep O Mint,125,78,47,62.4
Hass Avocado,17565,10490,7075,59.721036151437524
Ginger Peach Black Bagged Tea,69,12,57,17.391304347826086
Stracciatella Gelato,69,32,37,46.3768115942029
Night Relaxing Deep Cleaning Face Wash,11,0,11,0.0
Moroccan Argan Creme Conditioner,12,0,12,0.0
Chocolate Caramel Premium Hot Cocoa Mix,2,0,2,0.0
Stewed Tomatoes,24,2,22,8.333333333333332
1000 Roses Pearl Exfoliator for Sensitive Skin,8,1,7,12.5
Kettle Cooked Sea Salt & Vinegar Potato Chips,2285,1311,974,57.374179431072214
Polish Kielbasa,146,51,95,34.93150684931507
Swiss Style Slices Dairy Free,235,100,135,42.5531914893617
"Protein Bar, Chocolate Pretzel",1655,1258,397,76.01208459214502
Organic Nondairy Lemon Cashew Yogurt,440,187,253,42.5
Peas Corn Green Beams Lima Beams Steamables,17,7,10,41.17647058823529
"Coffee, Ground, House Blend, Medium Roast",57,28,29,49.122807017543856
Organic Spelt Rotini,189,138,51,73.01587301587301
Lentil Beans,457,121,336,26.477024070021884
Well Yes! Italian Vegetables with Farro Soup,18,7,11,38.88888888888889
Organic & Raw Ginger Berry Kombucha,94,47,47,50.0
Tabouleh Wheat Salad Mix,122,27,95,22.131147540983605
Low Sodium Vegetable Soup,7,1,6,14.285714285714285
California Chardonnay,273,198,75,72.52747252747253
Tortilla Crisps Zesty Salsa,6,2,4,33.33333333333333
Healthy Indulgence Turkey & Duck Cat Food,34,15,19,44.11764705882353
Caramel Syrup,202,48,154,23.762376237623762
100% Australian Tea Tree Oil,93,29,64,31.182795698924732
"Braided Twists, Pumpernickel & Onion",10,2,8,20.0
Turkey & Sweet Potato Dog Treats,162,58,104,35.80246913580247
Garden Herb Premium Croutons,23,12,11,52.17391304347826
Sweet Kale Salad Mix,11362,8054,3308,70.88540749867981
Organic Red Sprouted Rice,24,2,22,8.333333333333332
Chopped Green Chiles,763,204,559,26.736566186107467
Chocolate Pudding With Sea Salt,7,3,4,42.857142857142854
Provolone,8337,4701,3636,56.38718963655991
Organic Brown Rice Bowl,280,171,109,61.07142857142858
"Chicken & Sweet Potato Formula, Natural Food for Dogs",160,100,60,62.5
Blueberry Muffins,2478,1396,1082,56.33575464083938
Zyflamend Whole Body,6,0,6,0.0
Organic Green Seedless Grapes,21745,13481,8264,61.99586111749827
Non Dairy Frozen Vanilla Pie Dessert,80,57,23,71.25
Asian Yogurt Mango & Coconut,153,92,61,60.130718954248366
Hot Buffalo Wings Potato Chips,20,15,5,75.0
Professional Sapphire File Nail Care Professional Quality Two Textures for Shaping and Finishing,4,0,4,0.0
Purely Pampering Body Wash Shea Butter and Warm Vanilla,454,115,339,25.33039647577093
Hair Expertise EverSleek Reparative Smoothing Shampoo,13,4,9,30.76923076923077
Gluten Free Pizza Crust Whole Grain Mix,177,42,135,23.728813559322035
Ultraclean Arctic Mint,37,7,30,18.91891891891892
Detox Cellulite Soap Exfoliating With Arabica Coffee,23,8,15,34.78260869565217
Zesty Italian Dressing & Recipe Mix,34,10,24,29.411764705882355
Visibly Soft Coconut Milk Lip Balm Sphere,11,1,10,9.090909090909092
Peanut Butter Cups Minis,733,322,411,43.92905866302865
Raw Vitamin C Capsules,10,1,9,10.0
Organic Buttermilk Pancake Mix,2,0,2,0.0
Nesquik Double Chocolate,6,3,3,50.0
Pretzel Snaps Pretzel Packs,400,240,160,60.0
Apple Cinnamon Uncured Breakfast Sausage,52,29,23,55.769230769230774
Clearly Crafted Zucchini Apples Quinoa & Basil Baby Food,46,10,36,21.73913043478261
Dark Chocolate Covered Raisins,241,129,112,53.52697095435685
Chicken Stock,1984,759,1225,38.256048387096776
"Automatic Dish Packs, Basil Scent",77,28,49,36.36363636363637
Oikos Vanilla Nonfat Greek Yogurt,590,359,231,60.84745762711864
"Purifying, 2-in-1 Charcoal Mask",31,1,30,3.225806451612903
Oat Clusters Toasted Granola Raisin Almond Crunch,53,28,25,52.83018867924528
Country Potato Hamburger Buns,690,315,375,45.65217391304348
Oatmeal Raisin Cookie,129,55,74,42.63565891472868
Dairy Free Mexican Style Shreds,34,13,21,38.23529411764706
Twisted Tropical Tango Organic Juice Drink,84,22,62,26.190476190476193
Maccheroni Al Torchio,56,29,27,51.78571428571429
Tomato Chutney,15,9,6,60.0
Massage Oil Stretch Mark Box,3,0,3,0.0
Lavender Lemonade,1026,731,295,71.24756335282652
e-Tronic Wipes,13,1,12,7.6923076923076925
Chocolate Hazelnut Cream Filled Wafers,9,1,8,11.11111111111111
100% Whole Wheat Oatmeal Bread,64,28,36,43.75
Hard Candy Family Size Bag,82,37,45,45.1219512195122
Jammers Blue Raspberry,67,51,16,76.11940298507463
Renewable BPA-Free Compostable Assorted Cutlery,75,31,44,41.333333333333336
Baby Beets,2,0,2,0.0
Sugarfree,1639,1152,487,70.28676021964613
Slim Can Cola,711,474,237,66.66666666666666
Shoestrings French Fried Potatoes,716,347,369,48.463687150837984
Organic Red Lentil Penne Pasta,57,19,38,33.33333333333333
Vanilla Cream Seltzer,18,12,6,66.66666666666666
Premium Capers,53,18,35,33.9622641509434
Sriracha,15,5,10,33.33333333333333
Deli Sliced Swiss Cheese,388,178,210,45.876288659793815
Yakisoba Roast Chicken Flavor,12,0,12,0.0
Blueberry Soft-Baked Oatmeal Squares,180,100,80,55.55555555555556
Organic Traditional Flour Tortillas,4451,2888,1563,64.88429566389576
Raisin Crunch Sprouted Bar,126,63,63,50.0
OPA Greek Yogurt Feta Dill Dressing,65,23,42,35.38461538461539
Natural Artichoke Parmesan Dressing Dressing,39,8,31,20.51282051282051
Energy On The Go Wild Strawberry Drink Mix,283,157,126,55.47703180212014
Mint Tea Tree Flavored Toothpicks,54,24,30,44.44444444444444
Organic Refined High Heat Sunflower Oil,238,53,185,22.268907563025213
Organic Razzi Raspberry Frosted Toaster Pastries 6 Count,902,546,356,60.532150776053214
Artisan Three Cheese Pasta Sauce,60,20,40,33.33333333333333
Starmont Cabernet Sauvignon Napa Valley,11,2,9,18.181818181818183
Crispy Chick'n Sliders,1898,1167,731,61.48577449947313
Purely O's Organic Cereal,2667,1338,1329,50.168728908886386
Instant Chocolate Fudge Pudding & Pie Filling,36,7,29,19.444444444444446
Nantucket Blend Trail Mix,311,172,139,55.30546623794213
"Slow Cooker Sauces, Apple Bourbon Pulled Pork",39,12,27,30.76923076923077
Sweet Mandarin Oranges,3,0,3,0.0
Dark Raspberry Cup Cakes,12,2,10,16.666666666666664
Oatmeal Raisin Walnut Energy Bar,1915,1107,808,57.80678851174935
PubHouse Battered Cod,52,22,30,42.30769230769231
Chicken Pho Concentrate,42,7,35,16.666666666666664
Organic Whole Kernel Unrefined Coconut Oil,1056,475,581,44.98106060606061
Spicy Chicken Flavor Big Cup Noodles,81,23,58,28.39506172839506
Homestyle Some Pulp 100% Florida Orange Juice,1068,721,347,67.50936329588015
Strawberries Whole,35,9,26,25.71428571428571
Chicken & Brown Rice Flaxseed Organix Healthy Adult Cat Food,4,1,3,25.0
Total 0% All Natural Mango Guanabana Nonfat Greek Strained Yogurt,293,148,145,50.51194539249146
Udon Soup,8,1,7,12.5
Go Gurt Low Fat Yogurt Vitamin A & D,9,1,8,11.11111111111111
Cinnamon Frosted Flakes of Corn,20,3,17,15.0
Real Vegetable Chips Mediterranean Herbs & A Hint Of Lemon,290,143,147,49.310344827586206
Man Care Beard Oil,3,0,3,0.0
Bio-Active Silver Hydrosol Dietary Supplement,40,24,16,60.0
Wild Lingonberry Sauce,26,4,22,15.384615384615385
Natural Wood & Furniture Polish,3,0,3,0.0
Gluten Free Cafe Veggie Noodle Soup,116,42,74,36.206896551724135
Zesty Italian Salad Dressing & Recipe Mix,127,44,83,34.645669291338585
Organic Cajun Andouille Sausage,35,3,32,8.571428571428571
"Ultra Dish Liquid Soap, Original",6,0,6,0.0
Natural Ultramix Adult Dry Dog Food,37,9,28,24.324324324324326
Lite Gingerly Vinaigrette Dressing,88,28,60,31.818181818181817
Fresh Scent Super Plus Gentle Glide 360 Tampons,39,11,28,28.205128205128204
Red Pesto With Truffles Sauce,16,7,9,43.75
Toilet Bowl Cleaner,5,0,5,0.0
Organic Probiotic Cashew Mango Smoothie,41,9,32,21.951219512195124
Lemon Iced Tea With Real Sugar,63,25,38,39.682539682539684
Apple Cranberry Yoghurt,32,9,23,28.125
Calorie Free Seltzer Water,98,79,19,80.61224489795919
Pure Squeezed Orange Juice,137,53,84,38.68613138686132
Gluten Free Pancake Mix,475,175,300,36.84210526315789
Milk Chocolate Mini Eggs,94,28,66,29.78723404255319
Pro-V Sheer Volume 2 In 1 Shampoo & Conditioner,18,7,11,38.88888888888889
Sparkling,10,4,6,40.0
"Tostada Bowls, 6\""",35,6,29,17.142857142857142
Pure Green Tea K-Cups,108,70,38,64.81481481481481
Shredded Iceberg Lettuce,1136,744,392,65.49295774647888
Goldfish Grahams Cinnamon,18,4,14,22.22222222222222
Artichoke And Jalapeño Dip & Spread,794,438,356,55.16372795969773
Pure Cane Certified Organic Sugar,145,72,73,49.6551724137931
Porcini & Truffle Ravioli In Egg Pasta,400,295,105,73.75
Pomegranate Blackberry Probiotic Juice Drink,534,324,210,60.67415730337079
STREITS      UNSLTD MATZO CRKRS 11Z,157,59,98,37.57961783439491
Cheddar Cheese Condensed Soup,247,66,181,26.720647773279353
Perrier Lime,2163,1499,664,69.30189551548774
No Pulp Calcium & Vitamin D Pure Premium 100% Pure Orange Juice,7501,4357,3144,58.085588588188244
Excellence Non-Drip Crème - 5G Medium Golden Brown Level 3 Permanent Hair Color,4,0,4,0.0
Toll House Butterscotch Morsels,401,102,299,25.43640897755611
Mango Fruit Bar,97,61,36,62.88659793814433
Venus with Olay Women's Razor Blade Refill Cartridges,6,1,5,16.666666666666664
Super Natural Organic Reduced Fat 2% Milk,599,463,136,77.29549248747914
Gluten Free Tapioca Flour,1049,210,839,20.019065776930407
Fragrance Free Baby Soothing Relief Moisture Cream,6,1,5,16.666666666666664
Very Veggie Vegetable Juice Blend Low Sodium,20,9,11,45.0
Little Movers Size 3 Diapers,7,2,5,28.57142857142857
Plain Golden Toasted Bread Crumbs,12,2,10,16.666666666666664
Unwrap & Roll Mozzarella Cheese,15,2,13,13.333333333333334
Creamy Peanut Free Spread,155,77,78,49.67741935483871
Spanish Saffron,524,72,452,13.740458015267176
Grapefruit Brightening Facial Towelettes,6,2,4,33.33333333333333
Fully Cooked Naturally Wood Smoked Thick Sliced Bacon,498,267,231,53.6144578313253
Butcher Thick Cut Hickory Smoked Bacon,10,2,8,20.0
Fire Roasted Chile & Garlic Coarse Ground Blend Seasoning Salt,7,0,7,0.0
Dairy Free Mocha Almond Fudge Frozen Coconut Milk,240,77,163,32.083333333333336
Gluten Free Rotini,548,253,295,46.167883211678834
The Original Sauce,29,14,15,48.275862068965516
Fun Size Variety Mix,109,48,61,44.03669724770643
Traditional Sage Stuffing Mix,110,32,78,29.09090909090909
"100% Concord Grape Juice, No Sugar Added",21,8,13,38.095238095238095
Night Severe Cold + Flu Honey Lemon Packets,12,3,9,25.0
Bamboo And Green Tea Soy Wax Candle,9,2,7,22.22222222222222
Organic Lemony Herb Salad Dressing,50,12,38,24.0
FiberWell Fit Adult Gummies,38,16,22,42.10526315789473
Pirouette French Vanilla Creme Filled Wafers,87,26,61,29.88505747126437
Honey Mustard Lighten Up! Dressing,207,72,135,34.78260869565217
"Shampoo, Hydrating Clarifying, for Normal to Dry Hair",193,57,136,29.533678756476682
Gluten Free Cracklebred Sun Dried Tomato & Oregano,147,95,52,64.62585034013605
Mini Malted Milk Candy,24,0,24,0.0
Sd All Purpose Scouring Pad,6,0,6,0.0
Organic Young Jackfruit,76,31,45,40.78947368421053
Lightly Smoked Portuguese Sardines in Cayenne Pepper with Extra Virgin Olive Oil,305,144,161,47.21311475409836
Roasted Peanut Oil,713,79,634,11.079943899018232
Lipton Lemon Iced Tea,39,17,22,43.58974358974359
0% Greek Strained Yogurt,13238,10958,2280,82.77685450974468
Original Pretzel Crisps,514,324,190,63.035019455252915
Mini Chocolate Frosted Donuts,186,96,90,51.61290322580645
Select Roasted Lamb with Vegetables & Barley Dog Food Recipe,2,0,2,0.0
"Herbal Tea, Acai Mango Zinger, Caffeine Free, Tea Bags",9,0,9,0.0
"Tea, Organic, Green Rooibos",93,25,68,26.881720430107524
P+S Cheesy Bacon Mac Side Meal,24,18,6,75.0
Cheese Danish,194,119,75,61.34020618556701
1st Foods Bananas Baby Food,262,119,143,45.41984732824427
Original Instant Oatmeal Hot Cereal,68,30,38,44.11764705882353
"Maca Powder, Raw",253,60,193,23.715415019762844
Gentle Facial Scrub with Jojoba Oil and Almond Meal,4,0,4,0.0
Premium Sweet Relish,273,49,224,17.94871794871795
Yogurt Honey Peanut Energy Bar,304,210,94,69.07894736842105
Organic Gluten Free Whole Grain Chicken Nuggets,13,3,10,23.076923076923077
Mac & Cheese Cups,13,8,5,61.53846153846154
Seven Grain Crispy Tenders,7082,4733,2349,66.83140355831686
Paper Towels With dawn,37,7,30,18.91891891891892
Everyday Original Turkey Bacon,440,235,205,53.40909090909091
Party Size Cheese Flavored Snack Puffs,183,89,94,48.63387978142077
Petit Ecolier Milk Chocolate Biscuits,1089,726,363,66.66666666666666
Febreze Fresh Clean Garbage Bags,1216,343,873,28.207236842105267
Herring in Wine Sauce,6,3,3,50.0
Numeral 9 Birthday Candle,5,0,5,0.0
Skin Relief Moisturizing Lotion Fragrance Free Body Moisture,19,3,16,15.789473684210526
Original Hot Wheat Cereal,91,30,61,32.967032967032964
Kid's Bubblegum Flavor Finding Dory Toothpaste,44,7,37,15.909090909090908
Belladonna 30 C,16,1,15,6.25
Whole Beets,12,5,7,41.66666666666667
Wild Alaskan Sockeye Salmon,157,81,76,51.59235668789809
Crispy Thin Crust Spinach & Artichoke Pizza,45,11,34,24.444444444444443
"Smoothies, Strawberries Wild",480,270,210,56.25
Gluten-Free Boom Chicka Pop Salted Caramel popcorn,275,122,153,44.36363636363637
Gourmet All Purpose Medium Cinnamon Hazelnut Ground Coffee,19,9,10,47.368421052631575
Super B-Complex Key B Vitamins + Vitamin C Dietary Supplement Tablets,29,2,27,6.896551724137931
"Crackers, Baked, Mediterranean, Sea Salt",234,140,94,59.82905982905983
Red Pepper Stuffed Green Olives,247,111,136,44.93927125506073
Ultra Strong Coated Paper Plates,40,7,33,17.5
Unsalted Peanut Butter Filled Pretzels,351,197,154,56.12535612535613
Cauliettes Culinary Cuts,386,173,213,44.81865284974093
Seasoning Whole Madagascar Vanilla Beans,118,19,99,16.101694915254235
Geranium Scented Multi-Surface Cleaner Concentrate,132,22,110,16.666666666666664
Organic Light Brown Sugar,851,134,717,15.746180963572268
Scalp & Hair Total Care Conditioner,8,1,7,12.5
"Cabernet Sauvignon, Mendoza, Argentina, 2009",52,36,16,69.23076923076923
Organic Whole Grain Southwestern Rice & Seasoning Mix,32,8,24,25.0
Chopped Kit Southwest Salad Greek Yogurt Jalapeno Ranch Dessing,501,297,204,59.2814371257485
Light Butter with Sea Salt,13,7,6,53.84615384615385
Coffee Nut Peanut Chocolate Candy,13,4,9,30.76923076923077
Original Jerky,1,0,1,0.0
Angus Cheeseburgers,616,427,189,69.31818181818183
Gluten Free Crackers Cheddar,250,135,115,54.0
Tip and Coupler Set,4,1,3,25.0
Crisp Cucumber & Melon Hand Soap,19,3,16,15.789473684210526
Pure Ground Gumbo File,14,0,14,0.0
Milk Based Infant Formula,24,18,6,75.0
Kale & Spinach Superfood Puffs,3423,1736,1687,50.715746421267895
Organic Stage 4 Spinach Mango & Pear Baby Food,4011,2365,1646,58.96285215656943
Hot Links Sausage,5,0,5,0.0
Good Start Gentle Infant Formula,83,42,41,50.602409638554214
White English Muffins,3456,2373,1083,68.66319444444444
Naturally Smoked Atlantic Salmon,12,0,12,0.0
Bean & Cheddar Burrito,141,83,58,58.86524822695035
Banana Nut Chia Bar,898,452,446,50.33407572383074
Honestly Healthy Blackberries,174,66,108,37.93103448275862
Vodka 525,375,269,106,71.73333333333333
Acai Mixed Berry Vegetable & Fruit Juice,48,28,20,58.333333333333336
Pomelo Grapefruit & Aloe Appeal,725,342,383,47.172413793103445
Grape Tomatoes,8698,4051,4647,46.57392504023913
Original Soymilk,1011,613,398,60.633036597428294
Deep Dish Frozen Pie Shells,25,18,7,72.0
All Natural Smoked Chicken Breast Chicken and Apple,44,17,27,38.63636363636363
Bakery Classics Sliders Wheat Buns,92,31,61,33.69565217391305
Organic Avocados Hass Variety,2788,1770,1018,63.48637015781923
Sparkling Apple Cider,948,265,683,27.953586497890292
Rich & Creamy Triple Chocolate Fudge Chip Frosting,6,0,6,0.0
Linguine Fini No. 8,247,71,176,28.74493927125506
100% Whole Wheat Farfalle No. 87,787,348,439,44.218551461245234
Ground Decaffeinated Coffee,3,0,3,0.0
Acid Reducer Tablets 75 mg,7,1,6,14.285714285714285
Egg Noodle Flakes,24,11,13,45.83333333333333
Smoked Andouille Chicken Sausage,271,144,127,53.13653136531366
Premium Pink Lemonade Concentrate,59,9,50,15.254237288135593
Original Fire Roasted Diced Green Chiles,5,0,5,0.0
"Baby Food, Organic, Green Beans, Peas & Sweet Corn, 2, 6 Months & Up",21,8,13,38.095238095238095
Smoked Fresh Turkey Kielbasa,1757,832,925,47.35344336937962
Egg Sausage And Cheese Burrito,61,29,32,47.540983606557376
Original Snack Size French Twists,35,22,13,62.857142857142854
Organic Thai Red Curry Sprouted Rice,37,5,32,13.513513513513514
Unscented 3 in 1 Soap,62,20,42,32.25806451612903
Organic Tomato Pasta Sauce,11,0,11,0.0
Reduced Sodium Fat Free Chicken Broth,117,47,70,40.17094017094017
Original Original Honest O's Cereal,13,2,11,15.384615384615385
Large Elbow Macaroni,447,149,298,33.33333333333333
Sesame-Ginger Jackfruit,95,28,67,29.47368421052631
Salt & Vinegar Potato Crisps,614,344,270,56.02605863192183
Edamame In Pod,4127,1650,2477,39.98061545917131
Mens Classic Clean Anti Dandruff 2 in 1 Shampoo and Conditioner,15,1,14,6.666666666666667
Organic Caesar Kit,18,6,12,33.33333333333333
Sun Dried Tomato Hummus,225,58,167,25.77777777777778
Roasted Garlic Mashed Potatoes,418,189,229,45.21531100478469
Breathe Easy Herbal Tea Bags,130,23,107,17.692307692307693
Sour Patch Kids Gummy Candy,59,26,33,44.06779661016949
Body Wash and Shower Gel Citrus Scrub,56,21,35,37.5
Hearts Of Romaine,3498,2044,1454,58.4333905088622
Calabrian Chili & Garlic,20,13,7,65.0
Organic Community Green Tea,14,8,6,57.14285714285714
Stage 1 Just Peaches Baby Food,1112,611,501,54.94604316546763
Goldfish Baked Snack Crackers Cheddar,108,65,43,60.18518518518518
Quick & Easy Fresh Green Beans,649,263,386,40.52388289676425
Verona Blend Decaf Ground Coffee,107,58,49,54.20560747663551
Organic Nama Sake,9,3,6,33.33333333333333
Organic Sliced Crimini Mushrooms,7812,4759,3053,60.91909882232463
Original Wheat Thins,4605,2432,2173,52.812160694896846
Girl Scout Caramel Crunch Cereal,28,9,19,32.142857142857146
Yellow Freestone Peaches Slices in Heavy Syrup,12,4,8,33.33333333333333
Plenti Black Cherry Plentiful Greek Yogurt,9,4,5,44.44444444444444
Deep Scalp Follicle Treatment & Volumizer For Thinning Hair,7,0,7,0.0
Smok Cured Turkey Bacon,4068,2587,1481,63.59390363815143
Carrots and Pasta In A Creamy Lemon Garlic Sauce,3,0,3,0.0
Organic Italian Herb Seitan,14,4,10,28.57142857142857
Naturally Hickory Smoked Butcher's Cut Bacon,20,3,17,15.0
Toasted Wheat & Sesame Crackers,13,4,9,30.76923076923077
Organic Tropical Fruit Blend,147,60,87,40.816326530612244
Pinot Sage,41,25,16,60.97560975609756
Indulgent Banana & Dark Chocolate Greek Yogurt,19,14,5,73.68421052631578
Unsweetened Cocoa Powder,2422,437,1985,18.042939719240298
Mild Salsa Roja,5075,3215,1860,63.34975369458128
Sweet & Spicy Barbecue Sauce,6,0,6,0.0
Hazelnut Light Roast K-Cup Packs,514,296,218,57.58754863813229
Peach Multigrain Cereal with Blackberries Organic Baby Food for 3 and Up,9,0,9,0.0
Extra Long Grain Enriched Rice,2489,1008,1481,40.49819204499799
Touch-Up Cleaner Multi Surface Disinfectant Fresh Scent,14,7,7,50.0
Low Carb Traditional Flour Tortillas,178,85,93,47.752808988764045
Wasabi Rice Snack,61,39,22,63.934426229508205
Frozen White Ready Dough,52,17,35,32.69230769230769
Home Style Dressing,10,3,7,30.0
Redcut Seeded Rye Bread,60,30,30,50.0
Corn Blue Tortilla Chips,355,166,189,46.76056338028169
Cherubs Snacking Tomatoes,97,41,56,42.2680412371134
Triple Cheddar with a Touch of Philadelphia Shredded Cheese,28,9,19,32.142857142857146
Chocolate Coconut Almond Protein Bar,202,84,118,41.584158415841586
Super Daily D3 4000 IU Vitamin D Drops,26,0,26,0.0
Walnuts,568,140,428,24.647887323943664
Organic Whole Peeled Tomatoes with Basil,127,30,97,23.62204724409449
Whole Wheat Buttermilk Pancake Mix,21,2,19,9.523809523809524
All Italiana Quinoa Mix,6,1,5,16.666666666666664
Dish It Out Natural Unscented Dish Soap,168,91,77,54.166666666666664
Salsa Casera,127,31,96,24.409448818897637
Brat Buns,49,18,31,36.734693877551024
Air Effects Meadows & Rain Air Freshener,197,35,162,17.766497461928935
Via Instant Sweetened Iced Coffee,65,36,29,55.38461538461539
Organic Original Pretzels,18,8,10,44.44444444444444
Spicy Bean and Cheese Burrito,39,23,16,58.97435897435898
Cellophane Frills Toothpicks,14,1,13,7.142857142857142
Assorted Food Color and Egg Dye,464,18,446,3.8793103448275863
Pain Relieving Liquid,18,2,16,11.11111111111111
Sriracha Flavored Deli Chicken Breast Natural Choice,21,9,12,42.857142857142854
Diet Sparkling Beverage Orange Dry,8,4,4,50.0
Tampons Unscented Multi-Pack Regular/Super Absorbency Sport,66,15,51,22.727272727272727
100% Lactose Free Milk Vitamin D,8,3,5,37.5
Natural Puffed Wheat Cereal,4,0,4,0.0
Fillets of Anchovies in Olive Oil,256,105,151,41.015625
Classic Coconut Bar,12,4,8,33.33333333333333
Smart Sandwich,410,46,364,11.219512195121952
Chewy Caramels in Milk Chocolate,53,9,44,16.9811320754717
Barbeque Potato Chips,2635,1596,1039,60.56925996204934
"Scrubbers, Multi-Purpose, Ultimate",33,19,14,57.57575757575758
Pink Lemon and Mandarin Orange Scrub,40,5,35,12.5
Gluten Free White Sandwich Bread,6607,4415,2192,66.82306644467988
Complete Health Kitten Dry Food,2,0,2,0.0
Egg & Green Chile Burrito,1424,912,512,64.04494382022472
All Natural Ground White Pepper,32,0,32,0.0
Friendo Blendo Espresso Beans,736,553,183,75.13586956521739
Sound Sleep Vegetarian Capsule,19,2,17,10.526315789473683
Apple Cinnamon Hemp Heart Bar,8,2,6,25.0
4 in 1 Air Freshener Fresh Waters,41,9,32,21.951219512195124
Fine Permanent Marker,4,0,4,0.0
Variety Pack Summer Styles,39,8,31,20.51282051282051
Onion Bagels,989,686,303,69.36299292214359
Pulp Free Orange Juice,9733,6404,3329,65.79677386211856
Butternut Squash & Chestnut Ravioli,25,8,17,32.0
Red Chili Flakes,98,10,88,10.204081632653061
No Mess Automatic Lavender Fields Scent Toilet Bowl Cleaner,51,13,38,25.49019607843137
Organic Scottish Oatmeal,158,100,58,63.29113924050633
Baby Sugar Snap Peas,944,378,566,40.04237288135593
"Hair Spritz, Maximum Hold",37,12,25,32.432432432432435
Pink Grapefruit Sparkling Natural Mineral Water,287,179,108,62.36933797909408
Ginger Snap Granola,344,172,172,50.0
Lemon Ultra Dishwashing Liquid,200,82,118,41.0
Rutherford Cabernet Sauvignon Wine,38,26,12,68.42105263157895
After Eight Mint Chocolate Thins,63,31,32,49.2063492063492
Malanga Root,6,1,5,16.666666666666664
Organic Jasmine Rice,6676,4427,2249,66.31216297183943
Freeze Dried Dill,42,0,42,0.0
Value Size Home Style Gravy Classic Chicken,20,4,16,20.0
Half Tea & Half Lemonade,118,79,39,66.94915254237289
Drops Strawberry Kiwi Flavor Enhancer,151,77,74,50.993377483443716
Berry 100% Juice,130,31,99,23.846153846153847
Classic Crust Pepperoni Pizza,334,163,171,48.80239520958084
"Bread, Organic, Spelt Ancient Grain",519,363,156,69.94219653179191
Vanilla Almond Flour Cake Mix,79,14,65,17.72151898734177
All Natural Roasted Garlic Pasta Sauce,458,180,278,39.30131004366812
Calendula Soap,11,5,6,45.45454545454545
Plastic Cup Squared Base - 30 CT,1780,895,885,50.28089887640449
Dairy Free All American Cheese Slices 12 Count,20,6,14,30.0
All Natural Red Tomato Mild Salsa Mexican with Green Chile & Cilantro,843,390,453,46.263345195729535
Merlot Napa Valley,8,4,4,50.0
EveryDay Detox Tea,123,35,88,28.455284552845526
Swiss Cheese,400,211,189,52.75
Bac Out Drain Care Gel,84,13,71,15.476190476190476
Minis Assorted Candy,304,190,114,62.5
Sunflower & Citrus Brilliant Shine Shampoo,25,2,23,8.0
Gluten Free Classic White Bread,176,80,96,45.45454545454545
Old Fashioned Oats,504,250,254,49.60317460317461
Diet Old-Fashioned Root Beer,4,2,2,50.0
Natural Zinc-Plus Herbal Mouthwash,5,0,5,0.0
Onion & Chive Toasted Edamame,8,2,6,25.0
Original Flax Milk,520,396,124,76.15384615384615
Shiitake Mushrooms,219,111,108,50.68493150684932
Baby Cough Syrup,29,2,27,6.896551724137931
Cinnamon Apple Spice Herb Tea,264,73,191,27.65151515151515
MultiVites Adults Gummy Vitamins,11,2,9,18.181818181818183
Heavy Duty Shipping Packaging Tape,6,0,6,0.0
Wild Caught Sardines in Extra Virgin Olive Oil,93,30,63,32.25806451612903
Iced Lemongrass Green Tea,30,8,22,26.666666666666668
Eucalyptus Room And Body Mist,6,0,6,0.0
Chevremousse Whipped Goat's Cheese,74,55,19,74.32432432432432
"Salsa, Verda, Medium",64,19,45,29.6875
Craisins Dried Cranberries,589,329,260,55.85738539898133
"Laxative Tea, Senna Stimulant, Smooth Move, Chocolate, Bags",35,9,26,25.71428571428571
Chuck Eye Steak,15,9,6,60.0
Kefir Cultured Strawberry Milk Drink,2584,1523,1061,58.93962848297214
Florentine Collection Cat Food,231,135,96,58.44155844155844
Clean Day Basil Hand Soap,2515,795,1720,31.610337972166995
Bayley Hazen Blue,116,33,83,28.448275862068968
Roasted Carrots,7,3,4,42.857142857142854
Diet Caffeine Free Cola,30,16,14,53.333333333333336
Organic Puffed Kamut Cereal,411,258,153,62.77372262773723
Organic Granulated Garlic with Parsley,11,4,7,36.36363636363637
Gluten-Free Double Chocolate Chip Cookies,874,388,486,44.39359267734554
Take Alongs Round Small Bowls,6,1,5,16.666666666666664
Oatmeal Crème Pies,870,427,443,49.08045977011494
Candle Limited Edition Matcha Garden Green Tea & Aloe,4,0,4,0.0
Organic Unsalted Vegetable Broth,90,40,50,44.44444444444444
Indian Hemp & Haitian Vetiver Body Wash,6,0,6,0.0
Honey Nut Cheerios Medley Crunch Cereal,393,195,198,49.61832061068702
Chunk White Albacore in Water,7,2,5,28.57142857142857
Chicken Florentine & Farfalle Pasta,63,19,44,30.158730158730158
Peanut Butter Reese's Pieces,195,76,119,38.97435897435898
Organic Blood Orange Energy Drink,257,169,88,65.75875486381322
Chewy Mints,58,17,41,29.310344827586203
Organic Lowfat 1% Milk,14869,12488,2381,83.98681821238819
Cinnamon Apple Chips,4,0,4,0.0
"Soup, Traditional, with Tofu",620,182,438,29.354838709677416
Perfect Size Cake Mix Golden Fudge,17,0,17,0.0
Down To Earth IPA,110,61,49,55.45454545454545
Honey Buns,292,162,130,55.47945205479452
Compostable Lawn & Leaf Bags,99,47,52,47.474747474747474
Rajma Masala Red Kidney Beans Curry,15,4,11,26.666666666666668
Cupcakes,43,11,32,25.581395348837212
Nestle Drumstick Sundae Cone Grand Ice Cream,15,2,13,13.333333333333334
Vanilla Unsweetened Almond Milk,10972,6294,4678,57.36419978126139
Hot Enchilada Sauce,39,4,35,10.256410256410255
SleepTabs Nighttime Sleep Aid,72,33,39,45.83333333333333
Korean Kalbi Bulgogi BBQ Sauce,8,4,4,50.0
Bean & Rice Chips sea salt,1231,789,442,64.09423233143785
Chocolate Protein Shake,11,3,8,27.27272727272727
Skinny Dipped Dark Chocolate Almonds,67,45,22,67.16417910447761
Long Lasting Dry Eye Lubricant EyeDrops,11,3,8,27.27272727272727
Gluten Free Organic Gluten Free Quick Golden Gravy Mix,15,3,12,20.0
Tangerine Lemongrass Sparkling Water,275,207,68,75.27272727272727
Wild Sweet Orange Herbal Tea,1009,363,646,35.97621407333994
Jumbo Beef Franks,687,365,322,53.12954876273653
Chips Ahoy Mini Chocolate Chip Cookies,206,108,98,52.42718446601942
Unsweetened Cucumber Water,402,263,139,65.4228855721393
Mighty Pacs Free Clear,196,98,98,50.0
Phantom Red,10,3,7,30.0
Miso Vinaigrette,9,1,8,11.11111111111111
Hair Repair Shea & Grapefruit Deep Conditioner,4,0,4,0.0
Puttanesca di Napoli,11,5,6,45.45454545454545
Fruity Bites 100% Natural Fiber Supplement,14,4,10,28.57142857142857
Super Premium Chocolate Ice Cream,86,67,19,77.90697674418605
Fideo Cut Spaghetti,29,8,21,27.586206896551722
Sensitive Skin Body Wash,65,12,53,18.461538461538463
Blackcurrant Spread,9,2,7,22.22222222222222
Adult Dog Food,45,21,24,46.666666666666664
Scented Multi-Cat Scoopable Cat Litter,361,220,141,60.94182825484764
Original Multigrain Spoonfuls Cereal,5509,3706,1803,67.27173715737884
Sensor 2 Pivot Plus With Lubrastrip Disposable Razors,39,26,13,66.66666666666666
Hommus Artichoke Kalamata,386,182,204,47.15025906735752
Artichoke Quarters,87,28,59,32.18390804597701
Skin Relief Body Wash Fragrance Free,202,64,138,31.683168316831683
Dish Liquid Oxy Plus Degree,11,4,7,36.36363636363637
Lavendar Coconut Shea & Coconut Enriching Conditioner,3,0,3,0.0
Smokehouse Brussels,10,4,6,40.0
Macaroni & Cheese Dinner,716,377,339,52.6536312849162
Golden Fishless Filet,1131,672,459,59.41644562334217
Straight Fries French Fried Sweet Potatoes,125,32,93,25.6
Amaranth & Quinoa Ratatouille With Basil Hearty Meals Organic Baby Food,70,27,43,38.57142857142858
Gluten Free Uncured Pepperoni Pizza,816,470,346,57.59803921568627
Original Superfood Bar,75,36,39,48.0
"Saffron, Pure Selected",3,0,3,0.0
Certified Organic Ginger Ale Soda,9,2,7,22.22222222222222
Basil Pesto Quinoa Meal,32,9,23,28.125
Honey Coconut Greek Yogurt,21,10,11,47.61904761904761
Vanilla Cupcake Goldfish Graham Crackers,16,4,12,25.0
"Red Pepper, Crushed",84,6,78,7.142857142857142
Beef Jalapeno Sea Salt Bone Broth,730,365,365,50.0
"GSM, Central Coast, Vintage: 2011",32,12,20,37.5
"Tea, Organic, Egyptian Licorice Mint, Caffeine Free, Bags",538,254,284,47.21189591078067
Singapore Street Classic Curry Noodles,21,8,13,38.095238095238095
Crispy Original Pear Chips,9,2,7,22.22222222222222
Healthy Naturals Dry Cat Chicken,15,11,4,73.33333333333333
"Juice, Raw & Cold-Pressed, Purity",456,241,215,52.85087719298246
Lavender Fields Incense Sticks,61,26,35,42.62295081967213
High Protein Chocolate Liquid,3,1,2,33.33333333333333
No Salt Wild Albacore Tuna,344,184,160,53.48837209302325
Bliss White Chocolate Meltaway Candy,35,17,18,48.57142857142857
Mango,2431,1026,1405,42.20485396955985
Go Curry! Organic Curry Cashews,25,10,15,40.0
Organic Persian Cucumber,895,317,578,35.41899441340782
Essential Orange-Orange Vitamin Water Drink,714,453,261,63.4453781512605
Peppermint Stick Ice Cream,302,157,145,51.98675496688742
Beyond Natural Cat Food White Meat Chicken & Whole Oat Meal Recipe,69,37,32,53.62318840579711
Go Chia! Organic Raw Chia Seeds,33,5,28,15.151515151515152
"Jelly, Red Hot Jalapeno",6,0,6,0.0
Crispy Mini Wafer Sticks,47,30,17,63.829787234042556
"Cheese, Sausage, and Pepperoni topped Mini Bagels",191,96,95,50.26178010471204
Whole Wheat Matzos,10,0,10,0.0
Jojoba + Sacred Lotus Revitalizing Shampoo,9,1,8,11.11111111111111
Rustic Tomato Vodka Sauce,64,36,28,56.25
Sour Cream and Onion Flavored Potato Chips,10,1,9,10.0
"Fancy Lump White, Crab Meat",584,164,420,28.08219178082192
Nestle Toll House Cookie Dough Grand Ice Cream,235,94,141,40.0
Oakheart Spiced Rum,7,3,4,42.857142857142854
Mini Madeleines French Sponge Cakes with Chocolate Chips,22,6,16,27.27272727272727
Ground Coriander,745,42,703,5.6375838926174495
Suddenly Caesar Salad Pasta,110,44,66,40.0
Chili Oil,141,14,127,9.929078014184398
Cream Antifungal,5,1,4,20.0
Chunky Cookies Family Size,72,42,30,58.333333333333336
"Original Red Licorice Twists, Tub",272,127,145,46.69117647058824
No Bake Strawberry Cheesecake Dessert,5,1,4,20.0
Organic English Breakfast Black Tea,116,37,79,31.896551724137932
Light White Grape Juice Drink,17,11,6,64.70588235294117
Cheese Food Slices American,25,13,12,52.0
Organic Blueberries,100060,62922,37138,62.88426943833699
Bananas,5140,3935,1205,76.55642023346303
White Sugar Free Peppermint Gum,436,231,205,52.981651376146786
Sea Salt Chickpea Snacks,126,64,62,50.79365079365079
Fat Free Smart Ground Mexican Style Taco Protein Crumbles,701,386,315,55.0641940085592
White Big Roll,876,514,362,58.675799086758
Baked Scalloped Potatoes,330,167,163,50.60606060606061
Oven Baked Scoops Tortilla Chips,583,325,258,55.74614065180102
Certified Organic Salad Bowl,13,6,7,46.15384615384615
Organic Vegetarian Traditional Refried Beans,138,62,76,44.927536231884055
Vanilla Raspberry Swirl Frozen Yogurt,399,197,202,49.373433583959894
"Melatonin, Super Strength 5 mg Rapid Release Liquid Softgel",83,19,64,22.89156626506024
Banana Coconut Fruit Leather,87,36,51,41.37931034482759
Chicken Strips,10,4,6,40.0
Medium Designer Hook Clipstrip,10,3,7,30.0
Cafe Steamer Sweet & Sour Chicken,47,22,25,46.808510638297875
Apricot Oat Bar,39,18,21,46.15384615384615
Cheese Fantastico Dressing & Marinade,4,0,4,0.0
Organic Soymilk Original Value Size,146,103,43,70.54794520547945
Ham & Cheddar,18,7,11,38.88888888888889
Fresh Breath Mint-Coated Capsules,12,7,5,58.333333333333336
Original Bleu Cheese Dressing & Dip,8,1,7,12.5
Original potato Chips,161,101,60,62.732919254658384
Strawberry Spread,317,144,173,45.42586750788644
Organic Chocolate Chip ZBar Kids Energy Snack,1168,757,411,64.81164383561644
No Sugar Added Vanilla Frozen Dairy Dessert,100,51,49,51.0
Extra Firm Tofu,1127,603,524,53.504880212954745
Soft White Halogen 72 Watt Double Life Light Bulb,15,3,12,20.0
Organic Sea Salt Potato Chips,3779,2419,1360,64.01164329187615
White Corn Canned,6,1,5,16.666666666666664
Quick Bread Pumpkin Bread & Muffin Mix,72,29,43,40.27777777777778
Mango Tea,4,0,4,0.0
Xtra Cheddar + Pretzel Baked Snack Crackers,17,5,12,29.411764705882355
Delights With Cheddar Grilled Tuna & Cheddar Cheese Feast In Gravy,141,104,37,73.75886524822694
Refresh Juicing Greens,6,3,3,50.0
2nd Foods Apple Strawberry Banana,74,26,48,35.13513513513514
Cajun Spice Blend,29,1,28,3.4482758620689653
Wine Sonoma County Chardonnay,49,13,36,26.53061224489796
Organic Whipped Honey Pure & Raw,5,0,5,0.0
Organic Original Soymilk,172,131,41,76.16279069767442
Natural Chicken Drumsticks,215,100,115,46.51162790697674
Creamy Butter Mashed Potato,25,5,20,20.0
WellBars With Crunchy Peanuts & Honey,8,1,7,12.5
Salted Cod Fillets,18,7,11,38.88888888888889
Pretzel Spoonz Pretzels,5,1,4,20.0
Summer Shandy,8,3,5,37.5
Milk Chocolate Hot Cocoa Mix,1038,307,731,29.57610789980732
Caramel Almond and Sea Salt Nut Bar,3617,2361,1256,65.27508985346972
"Body Wash, Patchouli & Buriti",10,2,8,20.0
Just Cherries Resealable Pouch,29,11,18,37.93103448275862
Unscented Bubble Bath,4,1,3,25.0
Smart Water,24,8,16,33.33333333333333
Coolmint® Antiseptic Mouthwash,613,215,398,35.07340946166394
Organic Mexican Chocolate Ice Cream,203,123,80,60.591133004926114
Dr. Better Soda,112,65,47,58.03571428571429
Multi-Benefit Cavity Protection Ultra Mint Gel Toothpaste,86,38,48,44.18604651162791
Clean Linen Candle,134,43,91,32.08955223880597
Dried Mangoes,2704,1676,1028,61.98224852071006
Bleu Cheese Salad Dressing & Dip,8,1,7,12.5
Wood Fired Crust Supreme Pizza,15,11,4,73.33333333333333
"Pasta Sauce, Original, Traditional",148,72,76,48.64864864864865
"Great Northern Beans, Deluxe",13,2,11,15.384615384615385
Organic Refried Vegetarian Black Beans,862,508,354,58.93271461716937
Yuzu Ponzu Dressing,88,20,68,22.727272727272727
Green Vibrance +25 Billion Probiotics,128,58,70,45.3125
Bathroom Tissue - 4 CT,7,1,6,14.285714285714285
Organic Greek Seasoning,25,1,24,4.0
Rectangular King Roaster With Handles Foil Pan,36,1,35,2.7777777777777777
Yellow Food Color,14,0,14,0.0
MicroThin Condoms,3,0,3,0.0
Original Turkey Cooking Stock,75,7,68,9.333333333333334
"Camembert, Original",96,21,75,21.875
Balsamic Vinaigrette with Tomato & Basil Dressing & Marinade,7,1,6,14.285714285714285
Gummy Vitamin C Slices Plus Vitamin E,230,127,103,55.21739130434783
Sliced Varzi Salami Meat,925,532,393,57.513513513513516
"Cabernet Sauvignon, California, 2005",333,147,186,44.14414414414414
Made with Extra Virgin Olive Oil Pesto sauce with Basil,1531,806,725,52.64532984977139
Cream Of Celery Condensed Soup,377,94,283,24.93368700265252
Organic Brown Rice Cereal,285,116,169,40.70175438596491
Chocolate Nirvana Ice Cream,22,6,16,27.27272727272727
Green Tea With Honey,14,5,9,35.714285714285715
Whole New Potatoes,162,67,95,41.358024691358025
Organic Honey Bear Bottle,36,16,20,44.44444444444444
Strawberry Banana Yogurt Smoothie,26,6,20,23.076923076923077
Goji & Acai Green Superfood Drink Powder,55,12,43,21.818181818181817
5 Italian Cheese Pizza Brick Oven Crust,136,93,43,68.38235294117648
Jaipur Vegetables,140,66,74,47.14285714285714
Organic Raw Fudge Brownie Bar,4,0,4,0.0
Uncured Bacon & Pork Bar,782,470,312,60.10230179028133
Golden Margarita,14,0,14,0.0
French Vanilla Syrup,102,54,48,52.94117647058824
Homeopathic Grape Flavor Baby Gas Drops,10,3,7,30.0
Breakstones Cottage Doubles Strawberry,4,0,4,0.0
Fat Free Fudge Bars,59,18,41,30.508474576271187
Ultra Free & Gentle Fabric Softener,269,147,122,54.646840148698885
Honey Peanut Butter Hot Oatmeal Bowl,129,41,88,31.782945736434108
"Natural Laundry Stain Remover, Free & Clear",144,42,102,29.166666666666668
Sweet Curry with Lentils Quinoa Burgers,11,2,9,18.181818181818183
"Protein Shake, Cookies & Cream",8,2,6,25.0
Sea Salt,1923,470,1453,24.440977639105565
Mirin Rice Cooking Wine,1180,195,985,16.52542372881356
Light Sweet & Spicy French Salad Dressing,3,0,3,0.0
Low Fat Ice Cream Sandwiches Vanilla Bean,111,52,59,46.846846846846844
Natural Detergent 2X Ultra With Coconut Oil Based Fabric Softener Cleaner,340,156,184,45.88235294117647
Grands! Homestyle Corn Biscuits,20,6,14,30.0
Variety Pack Sandwich Crackers,181,90,91,49.72375690607735
Strawberry Banana Yogurt Bars,136,83,53,61.029411764705884
Loaded Baked Potato,21,5,16,23.809523809523807
Freeze-Dried Cilantro,60,5,55,8.333333333333332
Non-GMO Cacao Banana Protein Bar,27,10,17,37.03703703703704
"Just Mayo, Sriracha",15,3,12,20.0
AdvantEDGE Carb Control Chocolate Fudge Protein Shake,163,103,60,63.190184049079754
Honey Roasted Sweet Corn Steamers,8,0,8,0.0
"Organix Adult Dry Dog Food, Chicken Brown Rice & Flaxseed",71,34,37,47.88732394366197
Clay Instant Luminous Facial Mask,56,11,45,19.642857142857142
All Natural Chimichurri,72,29,43,40.27777777777778
Prosciutto Cotto,456,308,148,67.54385964912281
Herb Crusted Cod Fillets,25,2,23,8.0
"Cat Food, Premium, Organic Beef",5,0,5,0.0
Rich Frosted Donuts,615,338,277,54.95934959349593
Juniper Berries,9,2,7,22.22222222222222
Ultra Purified Drinking Water,114,88,26,77.19298245614034
Chicken in a Biskit Baked Snack Crackers,568,287,281,50.52816901408451
"Natural Vitamin E, Skin Beauty Oil 9000 IU",21,2,19,9.523809523809524
Pork Tamales,113,40,73,35.39823008849557
Beef Merlot,222,125,97,56.30630630630631
Organic Peruvian Crunch Bar,13,3,10,23.076923076923077
Keynote Coffee,76,43,33,56.57894736842105
Light & Fit Caramel Crunch Yogurt,38,14,24,36.84210526315789
G2 Low Calorie Raspberry Lemonade,342,198,144,57.89473684210527
Cream Almond Vanilla Deodorant,6,1,5,16.666666666666664
Dry Valencia Orange Grown-Up Soda,43,24,19,55.81395348837209
Strawberry Syrup,188,51,137,27.127659574468083
Gala Apples,24086,15040,9046,62.442912895457944
"Ginger Root Beer, Naturally Flavored Zero Calorie Soda, Caffeine Free",4317,3019,1298,69.93282372017605
Gatherings Turkey & Cheese Snack Tray,14,4,10,28.57142857142857
Organic Cinnamon Harvest Cereal,4638,2696,1942,58.12850366537301
Molasses,7,0,7,0.0
Salt-Free Blend All Purpose Seasoning,33,7,26,21.21212121212121
Plain Diced Potatoes,80,26,54,32.5
Garlic Granules,496,106,390,21.370967741935484
Acetyl L Carnitine 500mg,12,3,9,25.0
Cajun Krab Dip,26,16,10,61.53846153846154
Sparkling Spruce Timeless Joy Holiday Candle,20,4,16,20.0
3 in 1 Healthy Trinity Probiotic Dietary Supplement Capsules,18,13,5,72.22222222222221
Ultra Dawn® Ultra Dishwashing Liquid Antibacterial Apple Blossom™ 75 Oz Dish Care,24,2,22,8.333333333333332
Achiote Organic Seasoning,28,2,26,7.142857142857142
Season Tyme Leaves .5 Oz,23,0,23,0.0
Disinfecting Wipes Lemon & Fresh Scent,308,101,207,32.7922077922078
Bacon Cheeseburger,99,73,26,73.73737373737373
Crystallized Ginger,578,200,378,34.602076124567475
Yellow Enriched & Degermed Corn Meal,15,0,15,0.0
Apples + Strawberries Organic Nibbly Fingers,3294,2310,984,70.12750455373407
Peaches Large,2622,1373,1249,52.36460717009916
Organic Large Flour Tortillas 6 Count,472,219,253,46.39830508474576
New Mexico Taco Skillet Sauce For Chicken,4680,2267,2413,48.44017094017094
Cottage Cheese 4% Milkfat Minimum,476,222,254,46.63865546218487
Italian Round Loaf,316,178,138,56.32911392405063
Eucalyptus & Peppermint Seaweed Argan Balancing Conditioner,5,0,5,0.0
Lifewater 0 Cal Blood Orange Mango Vitamin Enriched Water,116,86,30,74.13793103448276
Chai Keurig Brewed K-Cups Black Tea,48,23,25,47.91666666666667
Pure Grapeseed Oil,120,55,65,45.83333333333333
Wild Blueberry Muffins,68,40,28,58.82352941176471
Cherry Works Tart Cherry Concentrate Montmorency,11,7,4,63.63636363636363
Five Star SPF 30 Lip Protection,6,1,5,16.666666666666664
Thin & Crispy White Pizza,3,0,3,0.0
"Instant, Irish Oatmeal, Maple & Brown Sugar",512,312,200,60.9375
Hot Kid Toddler Mum-Mum Organic Rice Biscuit Strawberry,536,268,268,50.0
Organic Multigrain Apple Cobbler Cereal Bars,40,22,18,55.00000000000001
Australian Style Licorice Candy,13,6,7,46.15384615384615
Crunchy & Flavorful Salad Toppins,72,21,51,29.166666666666668
Pepogest Peppermint Oil,19,6,13,31.57894736842105
Original Fabric Enhancers Dryer Sheets,12,1,11,8.333333333333332
Cold Brew Coffee Mocha,2538,1547,991,60.95350669818755
Restaurant Style Seasoned Croutons,4,0,4,0.0
Oragnic Ginger Lemon Kombucha,2882,1716,1166,59.541984732824424
Soft & Strong Bath Tissue,137,49,88,35.76642335766424
California Brown Basmati Rice,417,125,292,29.97601918465228
Nesquik Strawberry Milk Mix,21,2,19,9.523809523809524
Vitamin C Supplement Drops,30,19,11,63.33333333333333
Glass Medium Rectangle,32,4,28,12.5
"Gum, Peppermint",44,28,16,63.63636363636363
Lotzza Motzza Pepperoni Pizza,174,105,69,60.3448275862069
White Chocolate Peppermint Crisps,30,5,25,16.666666666666664
Multi Surface Antibacterial,581,206,375,35.45611015490533
Radiance Night Cream,3,0,3,0.0
Coffee Mate French Vanilla Creamer Packets,794,572,222,72.04030226700252
Long Grain White Rice,1440,492,948,34.166666666666664
Diet Cranberry Raspberry Juice Drink,13,5,8,38.46153846153847
Craveables Pepperoni Pizza,1447,903,544,62.40497581202488
Cucumber and Green Tea Body Wash,408,136,272,33.33333333333333
Magic Organic Fair Trade Shikakai Body Soap Lavender,7,2,5,28.57142857142857
Duck Liver Mousse w/ Cognac,39,13,26,33.33333333333333
"Apples, Kale & Avocados Organic Baby Food",2736,1600,1136,58.47953216374269
Organic Chocolate Flavored Syrup,930,194,736,20.86021505376344
Children's Outrageous Orange Mango Natural Fluoride Toothpaste,472,133,339,28.177966101694917
Nonfat Plain Soy Milk,9,2,7,22.22222222222222
Pro-Health Toothpaste Clean Mint,20,10,10,50.0
"Gluten Free Granola, Extreme Fruit and Nut, Family Value Size",13,3,10,23.076923076923077
Appetizers for Cats Steamed Wild Alaskan Salmon,10,5,5,50.0
Total Greek Strained Yogurt,26443,18679,7764,70.63873236773436
100% Juice Grape,65,35,30,53.84615384615385
"Broccoli Florets, Organic",899,436,463,48.49833147942158
Orange Plus All Purpose Everyday Cleaner,39,11,28,28.205128205128204
Ground Paprika,332,40,292,12.048192771084338
Sesame Hamburger Bun,9,1,8,11.11111111111111
Triscuit Brown Rice & Wheat Sea Salt & Black Pepper Crackers,364,171,193,46.97802197802198
Orange/Mango Flavor Multi Vitamin & Mineral,177,99,78,55.932203389830505
Sinus Rinse Regular Refill Packets,30,4,26,13.333333333333334
Sliced Turkey Feast in Gravy Cat Food,43,25,18,58.139534883720934
Organic Traditional Gluten Freen Quinoa,2524,958,1566,37.955625990491285
Clinical Strength Antiperspirant Deodorant Advanced Solid Powder Protection Scent,46,14,32,30.434782608695656
Organic Hot Cocoa,109,35,74,32.11009174311927
Enriched Bran Flakes Cereal,45,17,28,37.77777777777778
Light & Fit Nonfat Peach Yogurt,166,98,68,59.036144578313255
Breakfast Blend Premium Whole Bean Full City Roast (Medium) Coffee,19,4,15,21.052631578947366
Pirate's Booty Aged White Cheddar Baked Rice and Corn Puffs,2968,1646,1322,55.458221024258755
Mild Fresh Green Salsa,154,94,60,61.038961038961034
Stuffed Mushrooms,38,21,17,55.26315789473685
Delicate Blossom Cleansing Wash,74,19,55,25.675675675675674
Cauliflower Rice,1279,662,617,51.75918686473807
"Variety Pack - Chocolate Chunk, Peanut Butter Chocolate Chip, S'mores Granola Bars",70,28,42,40.0
Popped Sea Salt Wheat Thins,33,14,19,42.42424242424242
Green Apple Sparkling Water,27,5,22,18.51851851851852
All Natural Chocolate Covered Cranberries,4,0,4,0.0
Pepperoni Rising Crust Pizza,15,7,8,46.666666666666664
Heirloom Tomatoes,146,68,78,46.57534246575342
Authentic Black Beans,93,31,62,33.33333333333333
Cherry Jel Dessert,33,3,30,9.090909090909092
Vanilla Shake Packet,212,50,162,23.58490566037736
Triscuit Thin Crisps Wasabi & Soy Sauce Flavor,64,34,30,53.125
Daisy Sugar Cookies,43,20,23,46.51162790697674
Pop-Tarts Unfrosted Strawberry,135,72,63,53.333333333333336
Cherry Berry Blend,23,3,20,13.043478260869565
Organic Sunny Citrus Bunny Fruit Snacks,910,348,562,38.24175824175824
Home-Style Meatloaf,32,14,18,43.75
Baby Diaper Rash Ointment,14,2,12,14.285714285714285
Sweet Relish,862,180,682,20.88167053364269
Organic Ground Peeled Tomatoes,79,14,65,17.72151898734177
Hero Twists Mozzarella String Cheese,34,22,12,64.70588235294117
Potato Ridges Salted Chips,15,8,7,53.333333333333336
Onion Salt,24,3,21,12.5
Whole Roasted Chestnuts,84,7,77,8.333333333333332
Curry Cauliflower Soup,192,64,128,33.33333333333333
Dark Chocolate Peanut Butter Cups,768,429,339,55.859375
"Mustard, Delicatessen Style",8,2,6,25.0
Premium Potatoes Organic Fingerling Medley,25,1,24,4.0
Hot Chili with Beans,1,0,1,0.0
Organic Cumin Seed Ground,6,0,6,0.0
More Milk Plus,10,2,8,20.0
Rocky Road Ice Cream Tub,14,9,5,64.28571428571429
Hickory Smoked BBQ Dippin' Sauce,3,0,3,0.0
Chocolate Lowfat Milk,4659,3251,1408,69.77892251556128
Bruschettini Garlic & Parsley,11,2,9,18.181818181818183
Fuel High Chocolate Protein Shake,515,336,179,65.24271844660194
French Vanilla Light Roast Ground Coffee,10,3,7,30.0
Vanilla Cola,13,6,7,46.15384615384615
Tea Tree Gel Cleanser,14,5,9,35.714285714285715
Simply Strawberry Banana & Apple Freeze Dried Fruits,4,0,4,0.0
Grilled Chicken Strips,2338,1539,799,65.82549187339607
Witch Hazel Astringent Pads,103,21,82,20.388349514563107
"Tea, St. John's Wort, Blues Away, Caffeine Free, Bags",21,3,18,14.285714285714285
Mountain Menthol Menthol Drops Cough Suppressant/Oral Anesthetic,63,15,48,23.809523809523807
Cook Top Daily Cleaner,11,1,10,9.090909090909092
Milk Chocolate with Whole Hazelnuts,270,169,101,62.59259259259259
Romana Style Medley Dog Food,20,10,10,50.0
Very Emollient Body Lotion Maximum,14,3,11,21.428571428571427
Canine Cuisine Prime Rib Flavor Gourmet Filets in Sauce Wet Dog Food,59,32,27,54.23728813559322
"Water, Sparkling",88,45,43,51.13636363636363
Vegetable Base,247,76,171,30.76923076923077
Corn Muffin Mix,1573,505,1068,32.10425937698665
Fragrance Free Bleach Alternative Laundry Pods,55,21,34,38.18181818181819
Tempranillo,63,28,35,44.44444444444444
Pacific Rose Apple,132,55,77,41.66666666666667
Ginger & Sesame Salad Dressing,481,96,385,19.95841995841996
Berry Vanilla Puffs,666,298,368,44.74474474474475
Beef Flavored Cup Noodles,56,16,40,28.57142857142857
"Liqueur, Irish Cream",16,6,10,37.5
Phosphorus 30 C,4,0,4,0.0
Original Light Flatbread Wraps,247,77,170,31.17408906882591
Organic Ground Beef Patties,102,19,83,18.627450980392158
Honest Lemon Verbena Dish Soap,52,23,29,44.230769230769226
Organic Premium Raspberry Spread,1288,617,671,47.90372670807454
Gold Potato,8677,4726,3951,54.46582920364181
Frozen Dark Sweet Pitted Cherries,363,200,163,55.09641873278237
Go Lean Crunch! Honey Almond Flax Cereal,4115,2355,1760,57.22964763061968
Crackers Cheddar Bunnies Snack Packs,12315,7488,4827,60.803897685749085
"Baking Soda Toothpowder, Dazzling Mint",32,4,28,12.5
Healthy Pop Butter Microwave Popcorn,117,61,56,52.13675213675214
Voila! 3 Cheese Chicken Dinner,150,70,80,46.666666666666664
Pizza Cutter,5,0,5,0.0
Ibuprofen 200 mg Tablets,178,40,138,22.47191011235955
Organic Apricot Nectar,15,9,6,60.0
Kick Ass Allergy,6,1,5,16.666666666666664
80% Dark Stone Ground Chocolate,37,22,15,59.45945945945946
Organic Red Lentil Rotini Pasta,630,358,272,56.82539682539682
S'mores Slow Churned Ice Cream,30,4,26,13.333333333333334
Blister Water Proof Bandages,6,2,4,33.33333333333333
Egg Noodles,7,1,6,14.285714285714285
Thin Sliced Honey Ham,151,79,72,52.317880794701985
Deli Style Mustard Horseradish,18,4,14,22.22222222222222
Sesame Deli Style Pretzel Crisps,21,6,15,28.57142857142857
Organic Garlic Dill Pickle Kraut,597,315,282,52.76381909547738
Organic Go Go Apple Peach Applesauce,2629,1596,1033,60.70749334347661
Wheat & Gluten Free Original New York Style Bagels 5 Count,21,3,18,14.285714285714285
Heart Healthy Reduced Sodium Chicken & Wild Rice Soup,92,26,66,28.26086956521739
French Vanilla Creamer,8987,6326,2661,70.39056414821408
Jumbo Butterfly Shrimp,248,118,130,47.58064516129033
Borage Therapy Cleanse Bar,5,0,5,0.0
Cinnamon Sugar Spice Biscuits,34,11,23,32.35294117647059
Chinese Fried Rice Seasoning Mix,8,0,8,0.0
"Critical Care, 50 Billion, One a Day, Capsules",19,2,17,10.526315789473683
Beneful IncrediBites Variety Pack Dog Food,25,16,9,64.0
Organic Brown Clamshell Specialty Mushrooms,22,4,18,18.181818181818183
Grassmilk Organic Fat Free Milk,1027,827,200,80.52580331061344
Light Bologna,85,43,42,50.588235294117645
Grilled Beef Patty,30,20,10,66.66666666666666
Whole Artichoke Hearts,37,13,24,35.13513513513514
Fruities Pear Mango Squash,15,8,7,53.333333333333336
Low Calorie G2 Perform Thirst Quencher Fruit Punch,53,19,34,35.84905660377358
"Soap, Pure Coconut Milk",9,2,7,22.22222222222222
Jalapeno Nacho Slices Hot,69,12,57,17.391304347826086
Ramen Cup Noodles Soup With Shrimp,57,18,39,31.57894736842105
"Granola, Artisan, Cranberry",3,0,3,0.0
Seasonal Blood Orange Yoghurt,285,137,148,48.07017543859649
Refined High Heat Safflower Oil,330,129,201,39.09090909090909
Healthy Weight With Real Chicken Dog Food,115,66,49,57.391304347826086
Medium Breakfast Blend Ground Coffee,270,181,89,67.03703703703704
Leather Cleaner & Polish,21,1,20,4.761904761904762
Turkey Breakfast Sausage Links,436,187,249,42.88990825688073
Apricot Mango Juice,638,407,231,63.793103448275865
"Hummus, Smoked Tomato & Basil",70,24,46,34.285714285714285
Japanese Style Rice Crackers,27,15,12,55.55555555555556
French Roast,21,8,13,38.095238095238095
Fresh Small-Medium Dentastix,35,14,21,40.0
Organic Bay Leaf,135,18,117,13.333333333333334
Blackberry Merlot Wine,10,1,9,10.0
Grated Pecorino Romano Cheese,728,250,478,34.34065934065934
Whole Grain Ancient Grain Bread,27,11,16,40.74074074074074
Pure Leaf Sweet Iced Tea,447,281,166,62.86353467561522
Original Sweetened Dried Cranberries,160,43,117,26.875
Ultra Apple Blossom Anti-Bacterial Dish Soap,14,1,13,7.142857142857142
"Shredded Cheese, Cheddar",19,12,7,63.1578947368421
Simply 100 Peach Blended  Non-Fat Greek Yogurt,529,314,215,59.35727788279773
Organic Tomato Basil Pasta Sauce,16824,8892,7932,52.853067047075605
Crunchy Taco Shells,1168,379,789,32.4486301369863
Organic Artichoke,1358,588,770,43.29896907216495
Sweet Midgets,4,0,4,0.0
Organic Medium Chili With Vegetables,692,279,413,40.31791907514451
"Vitamin C, 500 mg, Chewable Wafers, Peach, Passionfruit and Mango Flavor",5,0,5,0.0
Soy Whip Whipped Topping,199,69,130,34.67336683417086
Cotes Du Rhone,25,3,22,12.0
Falafel Mix,46,7,39,15.217391304347828
Mascarpone,767,257,510,33.50717079530639
Your Life Multi Prenatal Softgels,3,0,3,0.0
Zipper Bags Storage Quart,18,1,17,5.555555555555555
Banana Nonfat Yogurt,12,5,7,41.66666666666667
Oil-Free Acne Wash Cream Cleanser,37,11,26,29.72972972972973
Cleansing Milk,16,2,14,12.5
Tex Mex Salsa,14,3,11,21.428571428571427
Original Bloody Mary Mix,135,51,84,37.77777777777778
With Bleach Cleanser,636,170,466,26.729559748427672
Deep Dish Sausage & Gravy Pot Pie,44,19,25,43.18181818181818
Restaurante Style Salsa Con Queso,5,0,5,0.0
Unsweetened Plain Soy Yogurt,242,126,116,52.066115702479344
Dark Chocolate with Cinnamon Cayenne  & Cherries,28,6,22,21.428571428571427
"Sauvignon Blanc,  Livermore Valley, San Francisco Bay, 2007",5,2,3,40.0
"Guayusa Beverage, Sparkling, Original Zero with a Hint of Lime",111,79,32,71.17117117117117
Organic Dairy Iron-Fortified Toddler Formula,1002,722,280,72.0558882235529
Banana Nut Nourishing Bar,51,32,19,62.745098039215684
"Ecos 2X Ultra Magnolia & Lily Laundry Detergent, HE",4,1,3,25.0
"Red Onions, Fresh Diced",1022,670,352,65.55772994129158
Quick'n Easy Combos Vegetable Stir Fry,172,57,115,33.13953488372093
Full Head Medium Toothbrush,85,30,55,35.294117647058826
Dove Dark Chocolate Snowflake Promises,1576,1014,562,64.34010152284264
Whole Bean Grizzly Claw Dark Roast Coffee,12,4,8,33.33333333333333
Honey Lemon Flavor Oral Mist Cold Remedy,3,0,3,0.0
Ladyfingers,33,13,20,39.39393939393939
Organic Split Green Peas,346,100,246,28.901734104046245
Pain Reliever and Nighttime Sleep Aid Caplets,59,18,41,30.508474576271187
Organic Turkey Pate Cat Food,13,7,6,53.84615384615385
California Grown Chopped Dates,117,48,69,41.02564102564102
Milk Chocolate Almonds,5019,3846,1173,76.6288105200239
Triple Distilled Irish Whiskey,77,53,24,68.83116883116884
Dill Chips,16,3,13,18.75
Buffalo Breast Bites,101,56,45,55.44554455445545
Authentic Pizza Sauce,74,34,40,45.94594594594595
Gluten & Dairy FreeWheat  Pizza Dough,193,49,144,25.38860103626943
Hemp Lavender Pure Castile Soap,292,73,219,25.0
Crispy Chicken Strips,268,135,133,50.373134328358205
A Path of Light Shea Butter + Coconut Water Hand Cream Lime Blossum,3,1,2,33.33333333333333
Nice 'n Easy Root Touch-Up 5A Medium Ash Brown,6,0,6,0.0
Natural Shiitake Sesame Vinaigrette Dressing,300,138,162,46.0
Passover Crackers Lightly Salted Tam Tams,14,1,13,7.142857142857142
Snack Well's Vanilla Creme 7.75 Oz,29,17,12,58.620689655172406
Spicy Salmon Roll,134,86,48,64.17910447761194
Mild Cheddar Cheese Slices,30,7,23,23.333333333333332
Series Shave Gel Moisturizing,14,3,11,21.428571428571427
Organic Blue Corn Meal,7,0,7,0.0
"Toothbrush, Medium, Adult 31 + Refill Head",4,1,3,25.0
Dead Sea Minerals Rose Petal Triple Milled Soap,13,0,13,0.0
Coconut Water with Peach & Mango,696,394,302,56.60919540229885
Cashews Roasted With A Handful Of Herbs,29,13,16,44.827586206896555
Free & Clear Natural Dishwasher Detergent,1758,772,986,43.91353811149033
Mission Corn Corn Chips 2 Ea,12,3,9,25.0
AdvanceCare Oral Electrolyte Solution - Cherry Punch,382,155,227,40.575916230366495
Bun Length Skinless Beef Franks,651,328,323,50.38402457757296
Detox Tea,128,44,84,34.375
Organic Quinoa Macaroni,215,110,105,51.162790697674424
High Protein Bar White Chocolate,114,67,47,58.77192982456141
Frontier Straight 95% Rye Mash Whiskey,412,218,194,52.9126213592233
Baby Wipes With Shea Butter,7,3,4,42.857142857142854
Sage & Onion Stuffing Mix,13,3,10,23.076923076923077
Age Defying Argan Stem Cells Thinning Hair Treatment Hair Spray,4,0,4,0.0
"Rondele Light Gourmet Spreadable Cheese, Garlic & Herbs",15,6,9,40.0
Tootsie Pop,4,0,4,0.0
Chisel Tip Permanent Marker,8,0,8,0.0
"Creamy Potato Leek Organic Soup,",637,276,361,43.328100470957615
Fresh Dill,2889,1127,1762,39.01003807545864
Sliced Fancy French Style Green Beans,66,41,25,62.121212121212125
Zesty Lemon Hummus,29,10,19,34.48275862068966
Vegetable Lasagna Light In Sodium,915,491,424,53.66120218579235
Good Buddy Peanut Butter Flavor Dog Cookies,86,39,47,45.348837209302324
Garlic Mashed Potatoes,514,265,249,51.55642023346303
Whole Wheat Shells & White Cheddar Macaroni and Cheese,2772,1441,1331,51.98412698412699
Honey BBQ Flavored Boneless Chicken Wyngz,77,26,51,33.76623376623377
Adrenal Support Tonic,4,0,4,0.0
Low Fat Milk,458,295,163,64.41048034934498
Mexican-Style Chicken & Vegetables,22,14,8,63.63636363636363
One Chocolate Coconut Cashew Meal Bar,142,82,60,57.74647887323944
Right Foods Lower Sodium Soup Lentil,134,47,87,35.07462686567165
Unsweetened Organic Ginger Oasis Tea,450,273,177,60.66666666666667
Breakfast Claws,170,87,83,51.17647058823529
Daybreak Morning Blend Light Roast Ground Coffee,315,205,110,65.07936507936508
FreezerWare Large Containers & Lids,19,4,15,21.052631578947366
Decaf Caribou Blend Medium Roast Ground Coffee,58,33,25,56.896551724137936
Kids Apple Detangler Spray,33,11,22,33.33333333333333
"Cinnamon, Whole",49,5,44,10.204081632653061
Whitefish Caviar,12,3,9,25.0
Bistro Style Polish Sausage,21,8,13,38.095238095238095
Organic White Peach,78,21,57,26.923076923076923
Multivitamin And Multimineral Supplement Tablets For Women,9,1,8,11.11111111111111
No Scratch Sponges,7,0,7,0.0
Meaty Pate Super Supper Cat Food,46,29,17,63.04347826086957
"Freshly Made. Filled with Creamy Ricotta, Aged Parmesan and Romano Cheeses Three Cheese Tortellini",2931,1643,1288,56.055953599454114
Ranch Dressing Avocado,30,6,24,20.0
Organic Grapefruit Juice,1574,1098,476,69.75857687420584
Stone Ground Organic Corn Tortillas,37,11,26,29.72972972972973
Margarita Mix,174,46,128,26.436781609195403
Light Buttery Spread Omega-3,68,36,32,52.94117647058824
Fettucini Alfredo & Garlic Bread,66,30,36,45.45454545454545
Smooth Ranch Dip,417,157,260,37.64988009592326
Skin Food,151,41,110,27.1523178807947
"8\"" Square Cake Pan",89,30,59,33.70786516853933
Organic Apple Cider,661,285,376,43.11649016641452
Blackberry Syrup,11,3,8,27.27272727272727
Raspberry Merlot Vinaigrette Dressing,21,6,15,28.57142857142857
Pitted Kalamata Olives,3575,1553,2022,43.44055944055944
WetJet Floor Mop Starter Kit,4,0,4,0.0
Graduates Grabbers Apple & Sweet Potato With Cinnamon Baby Food,148,99,49,66.8918918918919
Shells & White Cheddar Pasta,318,144,174,45.28301886792453
Sensational Tasting All Natural Probiotic Rose Yogurt Drink,54,38,16,70.37037037037037
Organic Sandwich Crackers Peanut Butter,351,184,167,52.42165242165242
Natural Stain And Odor Eliminator,35,9,26,25.71428571428571
Organic Nondairy Strawberry Cashew Yogurt,914,503,411,55.032822757111596
Blissfuls In-Wash Scent Booster,33,16,17,48.484848484848484
Dentastix Fresh Toy/Small Dog Care & Treats,94,40,54,42.5531914893617
Sun Dried Tomatoes with Italian Herbs,83,8,75,9.63855421686747
Horchata Original Milk & Rice Drink,55,26,29,47.27272727272727
Complete Protection Toothpaste,14,1,13,7.142857142857142
Coconut Fruitfull Bar,54,27,27,50.0
A.R. Milk Based Infant Formula for Spit‑Up Powder,78,67,11,85.8974358974359
Mixed Berry English Tea Scones,916,671,245,73.2532751091703
Organic Whole Grain Infant Oatmeal Cereal with Bananas,741,414,327,55.87044534412956
Feta Cheese with Herbs & Spices in Oil,76,39,37,51.31578947368421
Coconut & Warm Ginger Hand Soap,35,10,25,28.57142857142857
Sausage Egg & Cheese Breakfast Sandwich,175,94,81,53.714285714285715
Grands Southern Homestyle Buttermilk Biscuits,34,7,27,20.588235294117645
Powder Aerosol Antiperspirant Deodorant,8,0,8,0.0
Decorating Sugar Raspberry Red,33,1,32,3.0303030303030303
Al Pastor Marinade with Chipotle + Pineapple,7,0,7,0.0
"Soup, No Salt Added, Potato Leek",3,1,2,33.33333333333333
Clear Complexion Cream Cleanser,11,6,5,54.54545454545454
Chewy 25% Low Sugar Chocolate Chip Granola,2349,1379,970,58.70583226905066
"Indoor & Outdoor Allergies, Allergy & Congestion, 24 Hour, Extended Release Tablets",1,0,1,0.0
Pudding Snacks Chocolate Vanilla Swirls Fat Free,212,113,99,53.301886792452834
Mini Cones Caramel,56,25,31,44.642857142857146
Chicken Sriracha Bar,146,57,89,39.04109589041096
Mashed Potatoes Loaded Refrigerated Sides,6,1,5,16.666666666666664
Fresh and Clean 2 in 1 Shampoo,206,48,158,23.300970873786408
Icelandic Style Skyr Strained Non-Fat Yogurt Pomegranate & Passion Fruit,36,8,28,22.22222222222222
Gluten Free Fig Bars,154,73,81,47.4025974025974
Rotisserie Seasoned Chicken Breast,34,9,25,26.47058823529412
Rescue Natural Sleep Liquid Melts,25,10,15,40.0
Slow-Simmered Hickory Smoke Barbecue Sauce & Dip,23,8,15,34.78260869565217
Blueberry Lemonade Seltzer,35,20,15,57.14285714285714
"Kava Kava Root, Liquid Herbal Extract",10,1,9,10.0
Organic Baby Red Potatoes,120,30,90,25.0
Latex Free Vinyl Gloves,14,1,13,7.142857142857142
Cucumber Dill Lentil Chips,297,149,148,50.16835016835017
Cashew Milk Vanilla,7,0,7,0.0
Organic Plant Protein Vanilla Single Pack,40,17,23,42.5
Uplifting Citrus Verbena Shower Gel,23,7,16,30.434782608695656
Cool Mint Ayurvedic Oral Pulling Rinse,4,0,4,0.0
Beef Wieners,51,27,24,52.94117647058824
The original Pizza Naan Cilantro Pesto,118,49,69,41.52542372881356
Original 7 Grain Crackers,2119,1119,1000,52.807928268050965
Organic Raspberry Mate Energy Drink,420,332,88,79.04761904761905
18-in-1 Unscented Baby Mild Pure Castile Soap,258,102,156,39.53488372093023
Black Cherry Bio Kefir Cultured Milk,81,52,29,64.19753086419753
Amber,31,10,21,32.25806451612903
White Peony Tea,21,11,10,52.38095238095239
Smoked Wild Alaskan Coho Salmon,206,87,119,42.23300970873786
"Balsamic Vinaigrette & Marinade, Fat Free",5,0,5,0.0
Fresh Green Salsa Hot Habanero,38,23,15,60.526315789473685
Magnesium 250 mg,80,56,24,70.0
Comfort Cheddar Bacon Chicken,89,52,37,58.42696629213483
Beef Chuck with Sweet Onions Burgers,136,55,81,40.44117647058824
Ziti Pasta,5,2,3,40.0
Red Plum,4871,2341,2530,48.05994662287005
Slippery Elm Pure Maple Sugar Lozenges,12,2,10,16.666666666666664
Babybel Gouda Semisoft Cheese,497,238,259,47.88732394366197
Honey Mustard Crackers,9,0,9,0.0
Spinach & Artichoke Dip,4,1,3,25.0
Classic Ketchup,1349,491,858,36.397331356560414
Dark Chocolate Cherry Cashew Plus Antioxidants 1.4 oz Fruit & Nut Bars,138,75,63,54.347826086956516
Oatmeal Chocolate Chip Lactation Cookie,34,18,16,52.94117647058824
Smart Pop! Butter Microwave Popcorn,249,98,151,39.3574297188755
Original 0 Calorie Sweetener Packets 115 Count,384,203,181,52.864583333333336
Creamy Balsamic Dressing,737,224,513,30.39348710990502
Cold + Head Congestion Severe Caplets,21,2,19,9.523809523809524
Medium La Vieja Salsa,552,379,173,68.65942028985508
Ancient Grain Oatmeal Cranberry Pumpkin Seed,121,63,58,52.066115702479344
Natural California  Raisins,14,3,11,21.428571428571427
Temptations Mixups Surfers Delight Cat Treats,46,28,18,60.86956521739131
Fenugreek Seeds,6,0,6,0.0
"4-in-1 Daily Facial Cloths, Normal",15,5,10,33.33333333333333
Organic Thyme,19544,8102,11442,41.45517805976259
Rice Sea Salt & Pepper Snacks,62,16,46,25.806451612903224
Hawaiian Style Teriyaki Chicken Bowl,435,256,179,58.85057471264368
Diet Half Lemonade 'n Half Iced Tea,166,91,75,54.81927710843374
Super Dark Guajillo & Chipotle Chili Chocolate Bar,59,41,18,69.49152542372882
Sweet Vanilla Dream Energy Bar Crisp,8,3,5,37.5
"Soap, Pure-Castile, 18-in-1 Hemp, Citrus Orange",32,0,32,0.0
Organic Maple Sugar,5,0,5,0.0
Advance Infant Formula with Iron On-the-Go,229,181,48,79.03930131004367
S.O.S Reusable Steel Wool Soap Pads,215,53,162,24.651162790697676
Curl Enhancing Smoothie - Coconut and Hibiscus,17,4,13,23.52941176470588
Traditional Split Pea with Ham Soup,196,101,95,51.53061224489795
Chlorine Free Baby Wipes - 30 CT,25,17,8,68.0
Deep Green Power Blends Salad Mix,223,92,131,41.25560538116592
Salmon with Basil,110,41,69,37.27272727272727
Triple Action Power Scrub Microfiber Roller Mop,19,0,19,0.0
Caper Hummus,44,24,20,54.54545454545454
Organic Elbow Macaroni,41,18,23,43.90243902439025
Organic Guatemalan Dark Roast Whole Bean Coffee,11,5,6,45.45454545454545
Organic Black Bean Rotini Pasta,178,48,130,26.96629213483146
Rise Krisipies Toasted Rice Cereal,2005,877,1128,43.740648379052374
Pimiento Sliced Manzanilla Olives,27,12,15,44.44444444444444
Chocolate Low Fat Milk,402,313,89,77.86069651741293
Cheddar/Pretzel/Grahams Vanilla Cupcake Variety Pack Baked Snack Crackers/Baked Graham Snacks,49,19,30,38.775510204081634
For Normal Hair Pure Clean Conditioner,36,7,29,19.444444444444446
Organix Butcher & Bushel Grain-Free Tender Chicken Canned Dog Food,334,194,140,58.08383233532935
Spectacular Sparkling Grapefruit,62,17,45,27.419354838709676
"Syrup, Boysenberry",50,17,33,34.0
Bacon & Cheese Flavors Dog Snacks,28,11,17,39.285714285714285
White Tea Adult Energy Drink,20,15,5,75.0
Organic & Raw Kombucha Pomegranate,5,1,4,20.0
Fabric Refresher - Tide Original,7,1,6,14.285714285714285
Mini Sweet Peppers,3399,1671,1728,49.16151809355693
Rising Crust Cheese Pizza,120,52,68,43.333333333333336
Chocolate Chip Macadamia Love Cookies,61,8,53,13.114754098360656
Premium Cod Fish Fillets,32,5,27,15.625
Cranberry Fruit Dietary Supplement,9,2,7,22.22222222222222
Asiago Cheese Crackers,27,9,18,33.33333333333333
Sesame Street Organic Original Cruchin' Cracker,706,434,272,61.47308781869688
"Kitchen Twine, 75 Feet",6,0,6,0.0
Wrap Delight,32,25,7,78.125
Slim Pack Doublemint Gum,95,75,20,78.94736842105263
Fruteria Chewy Mango Strawberry Chewy Granola Bars,9,5,4,55.55555555555556
Naturally Sun Dried Organic Raisins,35,12,23,34.285714285714285
Organic Peach Conserve,17,6,11,35.294117647058826
"Baby Food, Organic, Banana Brown Rice with Cinnamon, 2 (6 Months & Up)",66,25,41,37.878787878787875
Hydrogen Peroxide,1023,275,748,26.881720430107524
Soft White Bread,350,196,154,56.00000000000001
Pumpkin Hard Cider,8,3,5,37.5
Flax Plus Hot Oatmeal,1425,936,489,65.6842105263158
All Natural Chicken Thighs,181,87,94,48.06629834254144
Organic 2% Milk,1490,1178,312,79.06040268456375
Gluten Free Vanilla Cake Mix,24,9,15,37.5
Trios Triple Chocolate,7,1,6,14.285714285714285
Cabbage Soup,6,1,5,16.666666666666664
Lunch To-Go Light Tuna,99,62,37,62.62626262626263
Sea Salt Slow Roasted Pumpkin Seeds,108,61,47,56.481481481481474
Guacamole Dip Mix,103,23,80,22.330097087378643
"Cherries and Chocolate, Organic 70% Cocoa",27,12,15,44.44444444444444
Organic Orange Mango Juice,1061,561,500,52.874646559849204
Drinkable Strawberry Banana Yogurt,16,8,8,50.0
Purrin' Beef Recipe Cat food,15,7,8,46.666666666666664
Porter & Spicy Brown Mustard,114,22,92,19.298245614035086
Wet Jet Solution with Gain Scent Refill,18,4,14,22.22222222222222
Coffee Flavor Frozen Yogurt,276,123,153,44.565217391304344
Organic Granny Smith Apple,58779,41566,17213,70.7157318089794
Chile Picante con Limon Crunchy Corn Snack,29,12,17,41.37931034482759
Organic Whole Sage,33,1,32,3.0303030303030303
Come Clean Shampoo,4,0,4,0.0
Organic 7 Grain Non-Dairy Vanilla Beverage,4,1,3,25.0
Peas & Prosciutto Ravioli Provolone,103,59,44,57.28155339805825
Herb Cashew Reserve,118,57,61,48.30508474576271
Calorie Free Pancake Syrup,51,31,20,60.78431372549019
Vanilla Cranberry Granola,18,8,10,44.44444444444444
Gin Gins Original Chewy Ginger Candy,1848,882,966,47.72727272727273
"Fruit Roll, Watermelon Flavor",51,24,27,47.05882352941176
"Automatic Dish Powder, Free & Clear, Unscented",23,14,9,60.86956521739131
Light Squeeze Mayonnaise,530,157,373,29.62264150943396
"Stock, Roasted Chicken",691,326,365,47.178002894356005
Steamers Broccoli & Cheese Sauce,1044,445,599,42.62452107279693
No Stir Creamy Coconut Almond Butter,100,43,57,43.0
Mushroom Base,7,2,5,28.57142857142857
Sweet Red Pepper Hummus,6,0,6,0.0
Sinus Congestion Relief,59,8,51,13.559322033898304
Tangerine Nordic Omega-3 Gummy Fish,45,14,31,31.11111111111111
Organic Caesar Salad,43,19,24,44.18604651162791
Smart Ones Slow Roasted Turkey Breast,193,73,120,37.82383419689119
Paella Rice,98,31,67,31.63265306122449
Organic Whole Milk Yogurt Tubes Berry Patch & Strawberry Banana,97,34,63,35.051546391752574
Scent Expressions Antiperspirant/Deodorant Invisible Solid Ooh La La Lavender Scent,26,5,21,19.230769230769234
Original Jersey Ketchup,7,1,6,14.285714285714285
Medium Roast Hazelnut Herbal Coffee Alternative All-Purpose Grind,15,5,10,33.33333333333333
Orange Flavored Drink,22,16,6,72.72727272727273
Vegan Dark Chocolate Ice Cream,125,66,59,52.800000000000004
"Bare Almond Butter, Crunchy",13,1,12,7.6923076923076925
Harvest Bouquet Frosted Sugar Cookies,4,1,3,25.0
Organic Cranberry Almond Trail Mix Bar,52,12,40,23.076923076923077
Aerosol,57,14,43,24.561403508771928
Perfect Portions Premium Pate Poultry,89,56,33,62.92134831460674
Sensible Foods Kale Veggie Burgers - 4 CT,2617,1337,1280,51.08903324417272
Easy Pumpkin Pie Mix,112,16,96,14.285714285714285
Cran-Pomegranate Light 50 Calorie Juice,30,21,9,70.0
Penne di Ziti 15,5,2,3,40.0
Real Medleys Supergrains Blueberry Pecan With Other Natural Flavor,58,10,48,17.24137931034483
Lamb & Rice Dog Food,5,1,4,20.0
"Marinade, Original",15,3,12,20.0
Simply Dressed Light Blue Cheese Dressing,14,3,11,21.428571428571427
Chicago Style All Natural Garlic Bagel Chips,7,0,7,0.0
Wafer Bars Snack Size Candy,6,0,6,0.0
Lemon Lime Soda,5134,2859,2275,55.68757304246201
Celery Sticks,7393,3785,3608,51.197078317327204
Milano Slices Salted Pretzel Cookies,49,16,33,32.6530612244898
Cherry Lime Vitality Beverage,470,282,188,60.0
Grand-Mere Pork & Chicken Liver Pate With Armagnac,9,5,4,55.55555555555556
California Almond French Twists,17,13,4,76.47058823529412
Steamed Lentils,309,169,140,54.69255663430421
Organic Kiwi,50141,35765,14376,71.3288526355677
Organic Heirloom Tomatoes,443,226,217,51.0158013544018
Cheese Sticks with A Twist,36,11,25,30.555555555555557
Baby Bee Original Nourishing Lotion,26,7,19,26.923076923076923
"Pure-Castile Soap, 18-in-1 Hemp, Eucalyptus",6,0,6,0.0
Protocolo Vino de la Tierra Tinto,42,30,12,71.42857142857143
Green Apple Soda,8,1,7,12.5
Sour Cherries & Rhubarb Jam,21,5,16,23.809523809523807
Dark Espresso Roast Whole Bean Coffee,281,140,141,49.8220640569395
Texas Pit BBQ Sauce,8,1,7,12.5
7 Grain Waffles,175,81,94,46.285714285714285
Alpha Lipoic Sustain 300mg w/ Biotin Tablets,7,1,6,14.285714285714285
Cheese Slicer,5,0,5,0.0
Iced True Black Tea Bags,52,32,20,61.53846153846154
Serenity Bubble Bath,99,32,67,32.323232323232325
Pro-V Smooth and Sleek Conditioner Smoothing Conditioner  Female Hair Care,12,5,7,41.66666666666667
Ouchless Black No Metal Elastics,15,4,11,26.666666666666668
Magic Eraser Extra Power,884,213,671,24.09502262443439
Skyn Elite Condoms,5,1,4,20.0
Blackberry Cucumber Sparkling Water,11237,7629,3608,67.89178606389605
Advanced Redness Eye Relief,8,3,5,37.5
Slow Cookers Chili Seasoning Mix,17,4,13,23.52941176470588
Original Fresh Stacks Saltine Crackers 8 Pack,621,244,377,39.291465378421904
Yellow Cling Chunks in Heavy Syrup Peaches,27,12,15,44.44444444444444
Puffs Real Cheesy,4,1,3,25.0
Grands! Southern Homestyle Buttermilk Biscuits,1011,326,685,32.24530168150346
Organic Strawberry Spread,1079,417,662,38.6468952734013
Extra Hot Salsa Picante Mexican Hot Sauce,53,21,32,39.62264150943396
Cranberry Extract,25,2,23,8.0
Winter Ale,27,10,17,37.03703703703704
Organics Gummy Bears,1300,812,488,62.46153846153846
"Life Water Zero Calorie, Variety Pack",113,74,39,65.48672566371681
Golden Raisin Cinnamon Breakfast Bars,24,7,17,29.166666666666668
Classic Pate Poultry Platter Cat Food,142,93,49,65.49295774647888
Intense Orange Dark Chocolate Bar,338,192,146,56.80473372781065
Tropical Cooler Sports Drink,76,39,37,51.31578947368421
Assorted Bagels,1121,669,452,59.67885816235504
Pork & Poblano Pesto Fajita Cups,15,3,12,20.0
Rice Pasta & Cheddar Gluten Free Macaroni & Cheese,679,304,375,44.77172312223859
Cacao Nib Crunch Stone Ground Organic,26,6,20,23.076923076923077
Miso Soup,558,291,267,52.1505376344086
Kittles Tuna & Cranberries Recipe Cat Treats,82,47,35,57.3170731707317
Sleepytime Decaf Green Blackberry Pomegranate Tea Bags,7,0,7,0.0
"Soap, Pure-Castile, All-One Hemp Almond",484,232,252,47.93388429752066
Chocolate Fudge High Protein Bar,845,489,356,57.8698224852071
Organic Whole Berry Cranberry Sauce,565,108,457,19.115044247787612
Original Organic Freekeh Roasted Green Wheat,39,12,27,30.76923076923077
Taco Seasoned Ground Turkey,591,333,258,56.34517766497462
Coolmint Gum,23,8,15,34.78260869565217
Pumpkin & Spinach Stage 2 Baby Food,2014,1143,871,56.75273088381331
D3 1000 Iu Softgels,33,10,23,30.303030303030305
Chicken and Liver Canine Cuisine Wet Dog Food,182,112,70,61.53846153846154
Organic Black Molasses,228,29,199,12.719298245614036
Italian Meatballs,348,124,224,35.63218390804598
Sausage  Links,1763,1210,553,68.63301191151446
Multi Health Fiber Laxative Sugar Free Orange Smooth,29,12,17,41.37931034482759
Organic Dill,15954,7936,8018,49.743011157076594
Kung Pao Sauce,50,12,38,24.0
Sugar Free Orange Low Calorie Gelatin Dessert,47,9,38,19.148936170212767
Keratin Smooth Conditioner,73,10,63,13.698630136986301
Sliced Smoked Atlantic Nova Salmon,395,195,200,49.36708860759494
Chlorine Free Light Pantiliners,73,16,57,21.91780821917808
Vegetable Fried Rice,1857,920,937,49.54227248249865
Seedless Grapes Green,471,238,233,50.530785562632694
"Energy Shot, Grape Flavor",22,20,2,90.9090909090909
Vine Ripe Tomatoes,15367,8630,6737,56.159302401249434
Get Clean Herb Tea For Detoxing No. 7,74,14,60,18.91891891891892
"Seasoning, Gourmet Natural, Vege-Sal Magic",3,0,3,0.0
San Marzano Tomatoes With Basil,20,6,14,30.0
Cheese Bread Snacks with Bacon,71,25,46,35.2112676056338
Red Salmon,6,2,4,33.33333333333333
Body Bar Soap Garden Mint,5,0,5,0.0
Select Starts Cranberry Almond Instant Oatmeal,7,3,4,42.857142857142854
Vanilla 0% Milkfat Yogurt,4596,3081,1515,67.03655352480418
Strawberry Ice Cream,6129,2893,3236,47.20182737803883
Chipotle Pepper Flakes,5,0,5,0.0
Garden Veggie Straws Lightly Salted,338,178,160,52.662721893491124
"Waffle, Honey Flavor",55,29,26,52.72727272727272
Smoked Turkey Tails,6,1,5,16.666666666666664
Premium Oreo Ice Cream Cake,26,1,25,3.8461538461538463
Organic Brown Rice Pasta Rotini,261,109,152,41.7624521072797
Red Seedless Grapes Bunch,1770,964,806,54.463276836158194
Rolled Fillets Of Anchovies,99,35,64,35.35353535353536
Organic Sprouted Pumpkin Seeds,74,23,51,31.08108108108108
"Coconut Water, with Pulp",121,65,56,53.71900826446281
Chicken Caesar Wrap,247,132,115,53.441295546558706
General Tsao Stir-Fry Sauce,18,7,11,38.88888888888889
Best Grillin Steakhouse Recipe Beans,20,5,15,25.0
Gucamole,30,11,19,36.666666666666664
Lasagna,278,88,190,31.654676258992804
Protein Peanut Butter Cups,8,4,4,50.0
Cocoa Butter Petroleum Jelly,28,3,25,10.714285714285714
Alive! Prenatal Gummy Vitamins,73,28,45,38.35616438356164
Kix Crispy Corn Puffs Cereal,750,331,419,44.13333333333333
G2 Low Calorie Lemon Lime Sports Drink,348,200,148,57.47126436781609
Relaxing Chamomile Body Wash,47,14,33,29.78723404255319
Egg Replacer Powder,9,1,8,11.11111111111111
Sprouted Grain Burger Buns,289,93,196,32.17993079584775
Lavender Toilet Bowl Cleaners,46,9,37,19.565217391304348
"Fabric Softener Sheets, Fresh Linen scent",205,56,149,27.31707317073171
Deluxe Cinnamon Raisin Bagels,1475,1009,466,68.40677966101694
Pinot Noir Sparkling Soda,4,1,3,25.0
Cotton Ovals,7,0,7,0.0
"Olives, Spanish, Manzanilla",977,513,464,52.50767656090072
Pear Juice Drink,259,165,94,63.7065637065637
Butterflake Rolls,3,0,3,0.0
Basic Puffs Basic Facial Tissues; 3 Family Boxes; 180 Tissues per Box  Personal Tissue,264,140,124,53.03030303030303
Country Fresh TruMoo Chocolate 1% Lowfat Milk,59,45,14,76.27118644067797
Sultry Red Bistro Style Wine,29,10,19,34.48275862068966
Pineapple Ginger Green Tea Bags,2,0,2,0.0
Pure Black Cherry Juice,67,47,20,70.1492537313433
Organic Medium Tikka Masala,64,12,52,18.75
Teriyaki Beef Jerky Protein On-the-Go,19,4,15,21.052631578947366
Citrus + Mint,37,4,33,10.81081081081081
Premium Organic Coconut Water,410,221,189,53.90243902439025
Tolnaftate Antifungal Lotion,22,0,22,0.0
Chocolate Style Cheesecake,161,53,108,32.91925465838509
Fisher Boy Fish Sticks,33,22,11,66.66666666666666
Multi Purpose Lighter,23,4,19,17.391304347826086
Original Recipe Long Grain & Wild Rice,480,206,274,42.916666666666664
Triple Moisture Deep Recovery Hair Mask,35,13,22,37.142857142857146
Volumizing Argan  Lavender Scent Shampoo,11,4,7,36.36363636363637
Ultra Oxi Liquid,34,4,30,11.76470588235294
Raw for Enzymes Women,16,4,12,25.0
Vegan Pesto Pasta,76,46,30,60.526315789473685
Port Salut,154,101,53,65.5844155844156
Organic Tagliatelle Traditional Egg Pasta,1333,591,742,44.33608402100525
Unbleached Bread Flour,1906,693,1213,36.358866736621195
Krispy Original Saltine Crackers,195,101,94,51.7948717948718
Family Size Mexican Casserole,25,4,21,16.0
Grilled Italian Style Carved Chicken Breast,137,62,75,45.25547445255474
Tea Bags,4,0,4,0.0
Healthful Steal Cut Oats & Honey,3,0,3,0.0
White Corn Posole,6,0,6,0.0
Original Golden Grahams,150,73,77,48.66666666666667
Gluten Free Chocolate Chip Cookies,9279,5399,3880,58.185149261773894
Organic Chocolate Super Cookies,775,401,374,51.74193548387097
Size 3 Cruisers Super Pack,26,11,15,42.30769230769231
Body and Bath Oil - Lemon & Vitamin E,11,3,8,27.27272727272727
"Loaf Pans, Mini",56,9,47,16.071428571428573
Precious Low Moisture Part Skim Mozzarella Cheese,416,173,243,41.58653846153847
"Soup Mix, Split Pea, with Seasonings",39,20,19,51.28205128205128
Coffee Drink Doubleshot Light Espresso & Cream,45,26,19,57.77777777777777
Coconut Curling Cream,4,0,4,0.0
Almond Butter Creamy,25,10,15,40.0
Fuji Apple,179,80,99,44.6927374301676
Quenching + Coconut Curls Shampoo,12,2,10,16.666666666666664
"Skin, Nails & Hair Multivitamin & Mineral Dietary Supplement",10,1,9,10.0
Smoked Mozzarella Cheese,230,97,133,42.173913043478265
Cold Activated Beer,136,61,75,44.85294117647059
Strawberry Lemonade Frozen Pops,3573,1760,1813,49.258326336411976
Sweet And Savory Thai Rice Crackers,148,69,79,46.62162162162162
"Mega Shower Foamer with Ultra Cling, Glade Rainshower Fragrance",279,62,217,22.22222222222222
Almondmilk Vanilla Lactose Free & Soy Free,22,13,9,59.09090909090909
Bold Chipotle Chicken Lunch Meat,60,15,45,25.0
Pomace Olive Oil,12,2,10,16.666666666666664
Pumpkin Pie Filling,32,19,13,59.375
Raspberry Popsicle,69,43,26,62.31884057971014
Morning Burst Hydrating Facial Cleanser,10,2,8,20.0
12 Oz Beer,243,122,121,50.20576131687243
Lemon Organic Everyday Detox Tea,166,32,134,19.27710843373494
Yogurt Blends Apple Cinnamon,27,17,10,62.96296296296296
Stollen,9,1,8,11.11111111111111
Seasoned Black Beans,329,149,180,45.2887537993921
Sea Salt Kettle Chips,114,80,34,70.17543859649122
Water Filtration System Pitcher,4,0,4,0.0
Wild Sardines In Spring Water,11,7,4,63.63636363636363
Stage 2 Beet Pear Pomegranate Baby Food,3,0,3,0.0
"Grape Leaves, California, Whole",4,0,4,0.0
Sweeper Dry Pad Refills Febreze Sweet Citrus & Zest Scent,21,7,14,33.33333333333333
Essentials Organic Mango Magic Juice,34,8,26,23.52941176470588
Foaming Herbal Hand Soap Lemon Rosemary,6,0,6,0.0
Floss Sachet Xylitol Mint,11,0,11,0.0
"Laundry Detergent, Delicate, HE, Fragrance Free",4,0,4,0.0
Nutrisca Chicken And Chickpea Recipe Dog Food,27,15,12,55.55555555555556
Organic Quenchers Berrylicious Lemonade,41,19,22,46.34146341463415
"Stevia, Organic",149,49,100,32.88590604026846
Original Sourdough Pretzels,33,19,14,57.57575757575758
Queso Fundido with Chorizo Crispy Thin Crust Pizza,12,4,8,33.33333333333333
Coarse Granulation Kasha,8,2,6,25.0
Garlic Stuffed Queen Olives,35,14,21,40.0
Supreme Almond Poppyseed Muffin Mix,8,2,6,25.0
Giraffes Diapers Size 4 L,252,127,125,50.39682539682539
Garnacha Red Wine,3,0,3,0.0
Macadamia Nut Oil,73,20,53,27.397260273972602
"Coffee, Medium Roast, Dunkin' Decaf, Decaf, K-Cup Packs",94,51,43,54.25531914893617
Complete Extra Fresh Toothpaste,26,7,19,26.923076923076923
Diet Blackberry Lemonade,14,4,10,28.57142857142857
Gluten Free Sharp Cheddar Quinoa Supergrain Mac & Cheese,49,17,32,34.69387755102041
Sugar Free-Fat Free Chocolate Fudge Pudding & Pie Filling,79,30,49,37.9746835443038
Hello Beautiful Organic Chocolate Protein Shake,157,104,53,66.2420382165605
"Kidney Bean, White",22,7,15,31.818181818181817
Organic Multigrain Bread,3082,2061,1021,66.87216093445815
PureMoist Contact Lens Solution,41,13,28,31.70731707317073
Cheesecake Milk Chocolate Cups,3,0,3,0.0
"Hot Cereal, Instant, Quinoa & Oat",129,58,71,44.96124031007752
Cashew Almond Pistachio Blend,150,84,66,56.00000000000001
"Face Scrub, Original",14,4,10,28.57142857142857
Rampant India Pele Ale,48,33,15,68.75
Golden Potato Hot Dog Buns,80,22,58,27.500000000000004
Greek 100 Whips! Black Cherry Yogurt,89,40,49,44.9438202247191
Dentastix® Small Original Dog Treats,19,8,11,42.10526315789473
Advanced Dry Powder Fresh Anti-Persperint Deodorant,11,1,10,9.090909090909092
Original Laundry Detergent,222,70,152,31.53153153153153
V Fusion Strawberry Banana 100% Vegetable & Fruit Juice,62,41,21,66.12903225806451
Tuscan Flair Smoked Chicken Breast with Cheese & Almonds Small Snack Plate,14,4,10,28.57142857142857
"Plus Febreze Sport Active Fresh Scent HE Turbo Clean Liquid Laundry Detergent, 92 oz, 48 loads Laundry",167,84,83,50.29940119760479
Homestyle Butternut Squash Bisque,10,0,10,0.0
Original Taco Seasoning Mix,3718,1542,2176,41.47391070467993
Zebra Cake,3,0,3,0.0
Chocolate Chip Heart Thrive,14,7,7,50.0
Mayan Harvest Bake,89,55,34,61.79775280898876
Raw Probiotic Drink Gut Shot Smoked Jalapeno,99,36,63,36.36363636363637
Original Unflavored Gelatine Mix,1189,199,990,16.736753574432296
Zebra Cakes,411,238,173,57.907542579075425
Jewelry Cleaner,16,1,15,6.25
"P3 Portable Protein Pack - Applewood Smoked Ham, Sharp Cheddar Cheese & Dry Roasted Almonds",147,73,74,49.65986394557823
"Pumpkin, Sweet Potato and Pear Fruit and Veggie Blend",711,359,352,50.492264416315045
Almond Milk Hazelnut Creamer,2806,1830,976,65.21739130434783
Despicable Me Bello! Strawberry Banana/Bello! Strawberry Variety Pack Low Fat Yogurt,70,48,22,68.57142857142857
Organic Ancient Grains Crispbread,31,17,14,54.83870967741935
"Cheese Ups, Classic Cheese",30,17,13,56.666666666666664
Fat Free Premium Croutons Garlic Caesar Flavor,19,7,12,36.84210526315789
Air Effects Hawaiian Aloha Air Freshener,147,43,104,29.25170068027211
Gluten Free Ginger Chews Original,77,27,50,35.064935064935064
Free & Clear Unscented Refill Value Packs  Baby Wipes,131,76,55,58.01526717557252
Puerto Rican Rum,431,198,233,45.93967517401392
Disposable Large Swimpants,4,0,4,0.0
Sheep Milk Plain Yogurt,1175,870,305,74.04255319148936
Aztec Hot Cocoa,21,2,19,9.523809523809524
"Mustard, Yellow, Classic",93,11,82,11.827956989247312
Sea Mobility Joint Rescue Venison,12,2,10,16.666666666666664
"Organic Superfoods Orange, Apple & Sweet Potato Greek Yogurt",12,5,7,41.66666666666667
"Liquid Laundry Detergent with Febreze, Spring & Renewal Scent",75,26,49,34.66666666666667
Cut Yams In Light Syrup Sweet Potatoes,173,46,127,26.589595375722542
Premium Newborn Infant Formula Nursettes,30,14,16,46.666666666666664
Combo Pack Pepper Jack/Sharp Cheddar Cheese Slices,140,69,71,49.28571428571429
Organic Margarita Mix,41,19,22,46.34146341463415
Palak Paneer,182,62,120,34.065934065934066
Focaccia With Olive Oil & Rosemary,14,5,9,35.714285714285715
Sweet Kernel Corn,262,72,190,27.480916030534353
Parmigiano Reggiano 24 Month,66,30,36,45.45454545454545
Sheep Butter,33,28,5,84.84848484848484
Organic Sweet Vanilla Bean Nutrition Complete Protein Shake,1015,766,249,75.4679802955665
Deli Shaved Honey Ham,98,53,45,54.08163265306123
Organic Gluten Free Rigatoni,546,295,251,54.02930402930403
2% Reduced Fat Organic Milk,16356,12444,3912,76.08217168011738
White Cheddar Popcorn Chips,16,2,14,12.5
Advanced Pain Relief Patch,18,3,15,16.666666666666664
Original Thin Sausage Pizza,367,235,132,64.03269754768392
Naturally Clean Medium Toothbrush,290,54,236,18.620689655172416
Chia Pod Coconut,129,52,77,40.310077519379846
Non-Dairy Chocolate Frozen Dessert Bites,418,243,175,58.133971291866025
Blended Canadian Whisky,84,60,24,71.42857142857143
Sambucus Organic Elderberry + Vitamin C Zinc Lozenges,553,151,402,27.305605786618447
Organic Grade A Raw Whole Milk,257,212,45,82.49027237354085
Strawberry Flavor Probiotic Acidophilus Liquid,6,1,5,16.666666666666664
Tomato Puree,153,45,108,29.411764705882355
Jalepeno Havarti Style Block,307,154,153,50.1628664495114
Toffee Bars,8,4,4,50.0
"Rotini, No. 56, 100% Whole Wheat",97,44,53,45.36082474226804
Steamers Healthy Weight Vegetable Blend,240,130,110,54.166666666666664
Apple Sour Punch Bites,34,19,15,55.88235294117647
Roasted Carved White Meat Turkey Dinner,107,51,56,47.66355140186916
Clump & Seal Lightweight,57,30,27,52.63157894736842
Organic Mixed Berry Apple Sauce Cups,11,4,7,36.36363636363637
Organic Cacao Powder,183,22,161,12.021857923497267
Via Refreshers Strawberry Lemonade,7,1,6,14.285714285714285
2-Ply White Tissues,363,147,216,40.49586776859504
Chocolate Chip Cookie Dough Ice Cream Sandwhich,4,1,3,25.0
Blueberry Yoghurt,9788,6072,3716,62.035145075602784
Chocolate Chip Cookies,14148,8521,5627,60.22759400621997
Old Fashioned Vegetable in Beef Stock Condensed Soup,4,0,4,0.0
Vitamin D,26,6,20,23.076923076923077
Ultimate Cheeseburger Mac Velveeta Cheesy Skillets,67,26,41,38.80597014925373
Mint Chip Ice Cream,1739,800,939,46.003450258769405
Whole Jalapeños in Escabeche,7,1,6,14.285714285714285
Uncurred Hot Italian Salami,8,4,4,50.0
Purrfect Grain Free Saucy Wild Tuna & Salmon Dinner Premium Cat Food,7,2,5,28.57142857142857
Stainless Steel Bottle Opener,6,0,6,0.0
Sliced California Olives,1070,474,596,44.299065420560744
Scrub Singles Bathroom,32,8,24,25.0
Mediteranean Medley Quinoa Blend,133,26,107,19.548872180451127
"Vanilla Bean Paste, Pure, Madagascar Bourbon",75,10,65,13.333333333333334
Honey Oat Clusters,42,7,35,16.666666666666664
Organic Vanilla Icing Mix,19,2,17,10.526315789473683
90 Calorie Chocolate Fudge Brownies,1653,903,750,54.62794918330308
Banana Cinnamon Frozen Pops,629,310,319,49.2845786963434
Yukon Gold Potatoes,987,286,701,28.976697061803446
Yogurt Covered Raisins,19,2,17,10.526315789473683
Chocolate Chocolate Chip Muffins,73,36,37,49.31506849315068
Turkey Breakfast Sausage Patties,258,162,96,62.7906976744186
Trix Strawberry Banana Bash Low Fat Yogurt,55,36,19,65.45454545454545
"Instant Rice, Enriched Long Grain Rice",7,1,6,14.285714285714285
Liquid Eyeliner Ebony,4,0,4,0.0
Chewy Yogurt Strawberry Granola Bars,146,77,69,52.73972602739726
Organic Multi Green Classic Kombucha,86,54,32,62.7906976744186
Gold?! Ice Cream Bars,34,11,23,32.35294117647059
Spinach And Mushroom Pizza,60,35,25,58.333333333333336
Granola Cups Almond Butter,19,8,11,42.10526315789473
Top Sliced Hot Dog Buns,520,267,253,51.34615384615384
Organic Whole Wheat Penne Rigate,5519,2756,2763,49.93658271425983
Red Hot Slammin' Sriracha,5,0,5,0.0
Coffee Creamer White Chocolate Raspberry,16,10,6,62.5
Boneless Pork Loin Chops,699,368,331,52.64663805436338
Organic Kosher Dill Pickles,4414,2216,2198,50.20389669234254
Banana Cream Instant Pudding,79,17,62,21.518987341772153
Organic Bartlett Pears,123,29,94,23.577235772357724
Diet Cherry Coke,908,498,410,54.845814977973575
Gluten Free Original Oatmeal,16,9,7,56.25
Hickory Smoked Low Sodium Ham Steak,11,5,6,45.45454545454545
Chunky Classic Salsa Medium,109,25,84,22.93577981651376
Mini Ritz Multi Pack,52,28,24,53.84615384615385
Gluten Free  Chocolate Chip Muffins,54,31,23,57.407407407407405
Enriched Long Grain White Rice,24,4,20,16.666666666666664
Bold & Spicy Sweet Heat Stackers,4,0,4,0.0
Wild Blueberry Almond Organic Trail Mix Bar,80,20,60,25.0
Pure Organic Coconut Water,66,31,35,46.96969696969697
Vitamin D Organic Extra Virgin Olive Oil 1000 Mg Softgels,98,13,85,13.26530612244898
Vintage Choice Classic Vermont Cheddar Cheese Extra Sharp,27,13,14,48.148148148148145
Anti Itch Stick,15,2,13,13.333333333333334
"Intensive Care Spray Moisturizer, Non-Greasy",5,1,4,20.0
Organic Roasted Garlic Mashed Potatoes,18,1,17,5.555555555555555
Tuna Fillets in Spring Water,561,317,244,56.50623885918004
Spirulina Powder,317,77,240,24.290220820189273
April Fresh Scent Liquid Laundry Detergent with Downy,13,4,9,30.76923076923077
Protein Oats & Honey Cheerios,508,231,277,45.47244094488189
Vegetable Tray With Ranch Dip,703,404,299,57.46799431009957
Cinnamon Sticks,1148,111,1037,9.668989547038327
Matzo Farfel,49,23,26,46.93877551020408
Chickpea & Sweet Potato Picadillo,8,3,5,37.5
Snacks,10,3,7,30.0
Xtreme Defense 5 Fresh Blast Antiperspirant & Deodorant,31,16,15,51.61290322580645
Extra Crunchy Peanut Butter,3104,1497,1607,48.228092783505154
Allergy And Congestion Relief Tablets,22,8,14,36.36363636363637
Tahitian Gardenia Soy Candle,2,0,2,0.0
Hot & Spicy with Beans Chili,16,1,15,6.25
Pear Sparkling Juice Beverage,8,1,7,12.5
Redness Relief Eye Drops,87,23,64,26.436781609195403
"Naturally Hardwood Smoked Sausage Made With Pork, Turkey, Beef",12,2,10,16.666666666666664
Organic Wheat-Free & Gluten-Free Original Crackers,8213,4947,3266,60.23377572141726
Soft & Chewy Sour Then Sweet Watermelon Candy,254,130,124,51.181102362204726
Cavity Defense Medium Toothbrush,40,7,33,17.5
Zesty Dill Spears,285,154,131,54.03508771929825
87% Dark Stone Ground Organic Chocolate,24,12,12,50.0
"Mustard, Traditional Dijon",5,0,5,0.0
Parchment Tulip Cups,2,0,2,0.0
Extra-Strength Heartburn Relief,20,9,11,45.0
Canine Cuisine Savory Delights Rotisserie Chicken Flavor with Bacon & Cheese,27,16,11,59.25925925925925
Fit N Easy Ground Chicken Breast,214,78,136,36.44859813084112
Special K Original,912,477,435,52.30263157894737
Bean Sprouts,1193,450,743,37.7200335289187
"Yogurt, Drinkable, Blueberry",134,78,56,58.2089552238806
Peanut Butter & Chocolate Muddy Buddies Chex Mix,302,137,165,45.36423841059602
Salmon Creations Mango Chipotle Salmon,5,0,5,0.0
Beef Tamales In Chili Sauce,107,53,54,49.532710280373834
Migraine Pain Reliever Coated Caplets,21,1,20,4.761904761904762
Traditional Snack Mix,2222,1158,1064,52.11521152115212
Relish Sandwich Spread,23,5,18,21.73913043478261
Original Potato Crisps,2247,1244,1003,55.36270582999555
Lemon Pepper & Garlic Smoked Fillet Trout,30,6,24,20.0
Organic Flax Plus Multibran Flakes Cereal,506,326,180,64.42687747035573
Skin Food Cream Travel Size,4,0,4,0.0
Chia Cherry Lime Juice Smoothie,38,10,28,26.31578947368421
Greek Yogurt 100 Calories Whips Vanilla Cupcake,297,167,130,56.22895622895623
Strawberry de Mexico,7,1,6,14.285714285714285
Table Salt,14,4,10,28.57142857142857
Coconut Bliss Lunaberry Swirl,134,85,49,63.43283582089553
Black Pepper Whole,5,0,5,0.0
"Mustard, Stout & Stoneground",121,28,93,23.140495867768596
"Bread, Essential Flax Seed",234,136,98,58.119658119658126
Soft Taco Flour Tortillas,666,347,319,52.1021021021021
Chicken Alfredo,120,62,58,51.66666666666667
Caramelized Pecans,219,93,126,42.465753424657535
Tasty Chicken Flavor Treats for Cat,256,159,97,62.109375
Rapid Relief Reflux Relief Capsules,12,5,7,41.66666666666667
Creme Brulee 2 Inch Ceramic Ramekins,19,9,10,47.368421052631575
Moka Java 100% Organic Coffee,15,10,5,66.66666666666666
Wholly Salsa Guacamole & Spicy Pico,53,12,41,22.641509433962266
Ultra Soft & Strong Tissue,108,48,60,44.44444444444444
6 Fruity Flavors Giant Freeze & Serve Pops,70,27,43,38.57142857142858
Spicy Thai Chili Seasoned Tuna Medley,31,14,17,45.16129032258064
Oven Roasted Turkey Breast,20069,12792,7277,63.74009666650057
Organic Mixed Baby Kale Salad,1639,990,649,60.40268456375839
Organic Lime Bag,163,39,124,23.92638036809816
Classic Lighters,395,142,253,35.949367088607595
Totally Ranch!,33,14,19,42.42424242424242
Dill Spears,54,35,19,64.81481481481481
Ready Rice Roasted Chicken Flavored,743,370,373,49.79811574697174
Echo Caviar,75,46,29,61.33333333333333
Maxi Extra Heavy Overnight with Wings,60,20,40,33.33333333333333
Pure Almond Extract,273,18,255,6.593406593406594
"Butterfinger, Nestle Crunch, Grape Nerds, Strawberry Nerds and Gobstopper Treat Size Chocolatey Halloween Candy",7,1,6,14.285714285714285
Pecan Shortbread,8,1,7,12.5
NyQuil Cold & Flu Nighttime Relief LiquiCaps,26,2,24,7.6923076923076925
Coffee Bean Chia Pod,10,1,9,10.0
Gluten Free Sriracha Fire Sticks Chicken Patty Fritters,2,0,2,0.0
Chili Lime Seaweed Chips,4,0,4,0.0
Organic 85% Dark Chocolate Black Rice Quinoa Crunch,206,109,97,52.9126213592233
Evening Primrose Oil,7,1,6,14.285714285714285
Superior Preference Fade-Defying Color + Shine System - 5G Medium Golden Brown,4,1,3,25.0
Turkey Gravy,188,34,154,18.085106382978726
Corn Dogs,516,228,288,44.18604651162791
Slow Roasted BBQ Style Chick'n,94,46,48,48.93617021276596
"Cage Free Brown Eggs-Large, Grade A",12424,7652,4772,61.59047005795235
Tamari Seaweed Brown Rice Snaps,169,90,79,53.25443786982249
Organic White Pita Bread,1609,855,754,53.1385954008701
Everyday Coconut Hydrating Shampoo,87,12,75,13.793103448275861
Pop Up Bowl Butter Popcorn,164,76,88,46.34146341463415
"Fish Oil, Odorless, Omega-3, 1000 mg, Softgels",10,0,10,0.0
Leafy Green Romaine Lettuce,3623,2076,1547,57.30057963014077
Maple Greek Yogurt,305,218,87,71.47540983606558
"Stuffed Peppers, Family Size",48,16,32,33.33333333333333
Natural Rotisserie Chicken,17,4,13,23.52941176470588
Tikka Masala Mild Indian Simmer Sauce,1837,810,1027,44.093630919978224
Baby Dry Diapers Giant Pack - Size 6,39,19,20,48.717948717948715
All-Bran Complete Wheat Flakes Cereal,125,88,37,70.39999999999999
Gluten-Free Smart Puffs Real Wisconsin Cheddar Baked Cheese Puffs,1560,978,582,62.69230769230769
Frozen Concentrated Pulp Free Orange Juice,103,52,51,50.48543689320388
"Cushioned Mailer, #2, Manila",12,0,12,0.0
Large Burrito Flour Tortillas,6023,3206,2817,53.22928773036693
MotionSense Dry Spray Shower Clean Anti-Perspirant,22,4,18,18.181818181818183
Goddess Dressing,610,204,406,33.442622950819676
Gluten-Free Multi Seed Rice Bread,152,99,53,65.13157894736842
Zesty Garlic Aiolo Mayo Alternative,331,186,145,56.19335347432024
Gluten Free Vegan Not-Chick'n Natural Bouillon Cubes,407,149,258,36.60933660933661
California Clementines,2588,1319,1269,50.9659969088099
Baby Dry Size 4 Disposable Diapers,89,39,50,43.82022471910113
Sweet & Spicy Dip Cooking Sauce,262,42,220,16.030534351145036
Sweet and Simple Brown Butter Rum Cookies,9,1,8,11.11111111111111
High Endurance Pure Sport Twin Pack Deodorant,71,9,62,12.676056338028168
Fine Sea Salt,22,4,18,18.181818181818183
Buckwheat Soba Noodles,220,100,120,45.45454545454545
Cherry Walnut Crunch,69,37,32,53.62318840579711
Ultra Plush White Mega Rolls,30,24,6,80.0
"Coconut Water, Real",958,762,196,79.54070981210856
Draught,295,120,175,40.67796610169492
American Concord Grape,49,10,39,20.408163265306122
Mini Vanilla Wafers Cookies,273,155,118,56.776556776556774
Frozen Hot Cocoa Ice Cream,21,14,7,66.66666666666666
Solid Tuna Fillet In Spring Water,20,13,7,65.0
Limoncello Sorbet,7,3,4,42.857142857142854
Nutrafix Hair Reconstructor,6,2,4,33.33333333333333
Ranch Green Peas,102,41,61,40.19607843137255
Vitamin Code Women's Multivitamin,34,6,28,17.647058823529413
Chicken Noodle Soup Bowl,132,48,84,36.36363636363637
Picante Medium Salsa,63,24,39,38.095238095238095
Instant Soothing Facial Mask,76,20,56,26.31578947368421
Steamfresh Sweet Peas,2956,1627,1329,55.0405953991881
Unrefined Virgin Coconut Oil,9490,3731,5759,39.31506849315068
"Happy Tot Crackers And Biscuits, Baby Food Apples Spinach Oats .275 Pound",68,27,41,39.705882352941174
Italian Sausage & Fire-Roasted Veggie Pizza,31,8,23,25.806451612903224
Light and Lean Meatless Swedish Meatballs With Broccoli And Pasta,504,228,276,45.23809523809524
Ocean Breeze Refreshing Bar Soap,19,6,13,31.57894736842105
Organic Grabbits Mint Chocolate Sandwich Cookies,10,2,8,20.0
Shortbread Triangles,34,23,11,67.64705882352942
Ultra Soy Non Dairy Beverage,23,9,14,39.130434782608695
Cw Aerosol Rich & Creamy,10,5,5,50.0
Major Dickason's Blend Whole Bean Coffee,2708,1637,1071,60.45051698670606
Blood Builder Multivitamin Tablets,4,0,4,0.0
Smoreables Graham Style Crackers,963,487,476,50.571131879543096
Sesame Dressing,120,57,63,47.5
Sleek & Shine Fortifying Conditioner,20,5,15,25.0
Organic Wild Bluebarry Bar,93,52,41,55.91397849462365
Hemp Rose Pure Castile Soap,54,6,48,11.11111111111111
Whole Fennel Seed,56,5,51,8.928571428571429
Premium Non Alcoholic Malt Beverage,48,26,22,54.166666666666664
Greens & Avocado,24,6,18,25.0
Guacamole,17960,11860,6100,66.03563474387528
Organic Royal Rainbow Quinoa,1249,546,703,43.71497197758207
Dry Skin Cream,73,24,49,32.87671232876712
Strawberry Cream Cheese Spread,264,148,116,56.060606060606055
Mild Fire Roasted Whole Green Chiles,26,8,18,30.76923076923077
Cheeky Lemon Organic Lemon Drops,13,0,13,0.0
Prosciutto di Parma,10,5,5,50.0
Fancy Feast Seafood Feast Variety Classic Wet Cat Food,689,392,297,56.89404934687954
Kaffe Traditional Stockholm Roast Medium Ground Coffee,157,86,71,54.77707006369427
Extra Strength Berry Dietary Supplement,126,70,56,55.55555555555556
Roast Beef Style Deli Slices,212,99,113,46.69811320754717
Honey Wheat Complete Pancake Mix,38,15,23,39.473684210526315
SALSA        FRNTR CHPTL SALSA,1118,461,657,41.234347048300535
The Original Honey Mustard,133,37,96,27.819548872180448
Sage Citrus Dish It Out Dish Liquid,124,53,71,42.74193548387097
Calm Chamomile Herbal Tea,2717,895,1822,32.94074346705926
Fiber d'Lish Cinnamon Raisin Bar,53,28,25,52.83018867924528
Pizza Uncured Pepperoni,11,5,6,45.45454545454545
Cewy Chips Ahoy! Oreo Creme Filled Cookies,16,6,10,37.5
Fajitas Seasoning Mix,377,127,250,33.687002652519894
"Iced Chai, Semi Sweet",219,122,97,55.70776255707762
Organic Dill Relish,1000,169,831,16.900000000000002
Original Vegan Parmesan,70,26,44,37.142857142857146
Party Poppers Bacon & Cheese Dog Treats,10,0,10,0.0
Peanut Butter Granola Bars,16,5,11,31.25
Apple Butternut Squash Baby Food,295,137,158,46.440677966101696
Gold Nugget Mandarins,54,13,41,24.074074074074073
Pro-Gest,6,0,6,0.0
Toasteds Harvest Wheat Crackers,179,103,76,57.54189944134078
Brain Toniq,120,87,33,72.5
Cayenne,451,25,426,5.543237250554324
Organic Gluten Free Crispy Brown Rice Cereal,1559,971,588,62.28351507376524
Dried Chile Guajilli,5,0,5,0.0
No Sugar Added Vanilla Ice Cream Sandwich,93,42,51,45.16129032258064
Sea Salt Aromatherapy Room And Body Spray,4,0,4,0.0
Chocolate Flavor Greek Yogurt,10,2,8,20.0
Simply Good Strawberry Gelatin,6,0,6,0.0
Hawaiian Dry Oil Natural Sunscreen coconut oil SPF 15,11,1,10,9.090909090909092
Apple Slices,5,1,4,20.0
No Artificial Flavors or Dyes Strawberry Cheesecake Cups,4,0,4,0.0
Fresh Mozzarella Ovolini Packed In Water,125,44,81,35.199999999999996
Organic Green Bell Pepper,2,0,2,0.0
Moringa Black Cherry Bar,9,4,5,44.44444444444444
Townhouse Flip Sides Pretzel Crackers Original,64,31,33,48.4375
Vanilla Blended Whole Milk Greek Yogurt,13,2,11,15.384615384615385
Small Dog Targeted Nutrition Chicken Flavor Dog Food,53,22,31,41.509433962264154
Fine Artisan Dark Chocolate Semisweet 62% Cacao,30,14,16,46.666666666666664
Tapioca Pudding Snacks,123,57,66,46.34146341463415
Almond Avalanche Truffle,16,8,8,50.0
Tulsi Ginger Infusion Bags,16,4,12,25.0
1% Low Fat Cottage Cheese,134,76,58,56.71641791044776
Rose Aura Glow Body & Massage Oil,4,2,2,50.0
Naturally Raw Honey,188,76,112,40.42553191489361
Blueberry & Purple Carrot Teething Wafers,1046,473,573,45.219885277246654
Classic Escalloped Chicken & Noodles,47,18,29,38.297872340425535
Breakfast Pack,258,121,137,46.89922480620155
"Pods Laundry Detergent, Spring Meadow Scent",38,7,31,18.421052631578945
Smart Ones Teriyaki Chicken & Vegetables,93,48,45,51.61290322580645
Marketplace Vermont White Cheddar Mac & Cheese,1073,635,438,59.17986952469712
5-Day Max Care Powder,37,11,26,29.72972972972973
24 Hour Allergy Relief Liqui Gels,25,8,17,32.0
Mint Waxed Floss Interdental,55,9,46,16.363636363636363
Dark Chocolate Dreams Peanut Butter,329,147,182,44.680851063829785
Old Fashioned Smooth Peanut Butter,1106,631,475,57.05244122965642
Bearnaise Sauce Mix,57,17,40,29.82456140350877
Large Sushi Bamboo Mat,5,0,5,0.0
Cleanse,307,136,171,44.299674267100976
Organic Roasted Garlic Hummus,67,11,56,16.417910447761194
Free Range Chicken Organic Soup,130,36,94,27.692307692307693
Avengers Baked Snack Crackers,26,8,18,30.76923076923077
Sensitive Baby Wipes Sensitive,28,2,26,7.142857142857142
Organic Spinach And Cheese Ravioli,759,267,492,35.177865612648226
Fast Acting Ultra Guard Rid Flea & Tick Shampoo for Dogs with Oatmeal,4,0,4,0.0
Strawberry Flavored Organic Z Fruit Rope,3432,2086,1346,60.78088578088578
Basil Leaves,589,42,547,7.130730050933787
Natural Medium Nubz Rawhide Chews,3,1,2,33.33333333333333
Spicy Bread and Butter Pickles,369,213,156,57.72357723577236
Ready to Serve Multi-Grain Medley Rice,10,3,7,30.0
"Dry Cranberry Lime Soda, Lighty Sweetened",80,47,33,58.75
"Peanut Butter, Chocolate Coconut",60,8,52,13.333333333333334
Egg Replacer,154,20,134,12.987012987012985
Unsweetened Horchata,23,6,17,26.08695652173913
Sloppy Joes Spices & Seasonings,73,29,44,39.726027397260275
Organic Taco Seasoning,318,76,242,23.89937106918239
Kale & Beet Salad,40,13,27,32.5
Tortilla Chips Natural,105,42,63,40.0
Sriracha Baked Beans,7,2,5,28.57142857142857
"Spreadable Cheese, Gourmet, Garlic & Herbs",77,25,52,32.467532467532465
Low Sodium Chunk Light Tuna in Water,222,110,112,49.549549549549546
Brussels Sprout,28,12,16,42.857142857142854
Chicken Tenders,2778,1514,1264,54.49964002879769
Handcrafted French Pot Bourbon Pecan Chocolate Chip Ice Cream,58,11,47,18.96551724137931
Peach Pear Sparkling Water,188,38,150,20.212765957446805
Pralines 'n Cream Ice Cream,40,19,21,47.5
Frozen Breaded Bagged Chicken Nuggets,1992,1095,897,54.96987951807228
Purina Busy Chewnola Dog Treat Sm/Med,44,28,16,63.63636363636363
Whole Kernel Sweet Corn No Salt Added,41,18,23,43.90243902439025
Black Truffle Almond Sea Salt Nut Bar,129,55,74,42.63565891472868
Unstopables Fresh Scent In-Wash Scent Booster,159,63,96,39.62264150943396
Honey Nut Tasteeos,10,3,7,30.0
Mist Aromatherapy Room And Body Spray Lavender,11,0,11,0.0
Traditional Organic Tomato & Basil Pasta Sauce,39,16,23,41.02564102564102
White Corn and Zucchini Tamales With Cheese,90,26,64,28.888888888888886
G Series Fierce Strawberry Sports Drink,21,13,8,61.904761904761905
Easter Pops Organic,13,0,13,0.0
"Salsa, Verde, Roasted",1084,548,536,50.55350553505535
Enfagrow Soy Toddler Transitions Formula Powder,3,0,3,0.0
Raspberry Sport Endurance Gel Energy Shot,10,5,5,50.0
J&J Band-Aid FA 1 In. X 10 Yd Paper Tape First Aid Tapes Paper,29,5,24,17.24137931034483
Vanilla Milk Chocolate Ice Cream Bar,15,8,7,53.333333333333336
Pop Gun Pilsner,13,5,8,38.46153846153847
Peach Mango Liquid Water Enhancer,74,55,19,74.32432432432432
Venison Recipe Dog Food,40,28,12,70.0
The Sneaky Chef Creamy No-Nut Butter,10,4,6,40.0
Mountain Huckleberry Lowfat Yogurt,16,8,8,50.0
Organic Gouda Bar,72,24,48,33.33333333333333
Usps Stamps,30,19,11,63.33333333333333
Nice 'n Easy Root Touch-Up 005 Medium Brown,29,10,19,34.48275862068966
Pineapple Flavored Coconut Water,12,5,7,41.66666666666667
Censored Rich Copper Ale,20,7,13,35.0
Organic Romaine Hearts,12495,5867,6628,46.95478191276511
Chrome Wing Cork Screw,8,1,7,12.5
Stuffed Pepper,79,37,42,46.835443037974684
Jasmati Long Grain American Jasmine Rice,530,222,308,41.88679245283019
Original Recipe Snack Mix,183,72,111,39.34426229508197
Paneer Tikka Masala With Rajma & Onion Basmati Rice,119,73,46,61.34453781512605
"Cheese, Aged Artisanal Treenut, Classic",167,71,96,42.51497005988024
Blooming Jasmine French Milled Oval Soap,15,4,11,26.666666666666668
Plastic Strips Adhesive Bandages,196,27,169,13.77551020408163
Vanilla Mint Foaming Hand Soap,55,7,48,12.727272727272727
Pepperoni Pizza Bites,4,0,4,0.0
All Natural Muenster Cheese,8,1,7,12.5
Chocolate Eclair,41,27,14,65.85365853658537
Red Wax Gouda Cheese,821,455,366,55.420219244823386
Soothing Caramel Bedtime Tea,375,118,257,31.466666666666665
Spinach & Ricotta Ravioli,675,354,321,52.44444444444445
Southwest Flavor Tortilla Strips,82,34,48,41.46341463414634
Aji Amarillo Paste,30,4,26,13.333333333333334
In Rich Tomato Sauce Vegetarian Beans,232,131,101,56.46551724137932
Brewed Green Tea Iced Tea,128,92,36,71.875
Gluten-Free Garlic Goodness Vietnamese Brown Rice Noodle Soup,109,20,89,18.34862385321101
Free & Clear Stage 1 8-14 Lbs. Baby Diapers,55,16,39,29.09090909090909
Clean Comfort Antiperspirant Deodorant,327,109,218,33.33333333333333
Blackhead Eraser Scrub,30,8,22,26.666666666666668
Extra Hot Cocktail Sauce,13,3,10,23.076923076923077
Sparkling Probiotic Drink Mojita Lime Mint Coconut,2446,1769,677,72.3221586263287
"6\"" Yellow Corn Tortillas",829,280,549,33.775633293124244
Kid's Choice Special Formula Variety Bread White,151,110,41,72.84768211920529
Moroccan Infusion Shine Shampoo,77,28,49,36.36363636363637
Berry Medley,14227,8146,6081,57.25732761650383
100 Calorie Premium Microwave Butter Popcorn,173,53,120,30.63583815028902
"Oat Cookies, Mixed Berries",4,1,3,25.0
10 Yr Single Malt Scotch Islay,25,4,21,16.0
Fresh Mint Total Care Anticavity Mouthwash,360,119,241,33.05555555555556
All Natural Asian Cuisine Vietnamese Pho Soup Bowl,284,103,181,36.267605633802816
Whipped Peanut Butter & Salty Caramel,6,1,5,16.666666666666664
Old El Paso Mild Taco Sauce 16 Oz,10,4,6,40.0
Simply 100 Crunch Lem Meringu,87,44,43,50.57471264367817
Oat Blueberry Lemon Whenever Bars,577,362,215,62.738301559792035
Mushroom Trio & Spinach Thin Crust Pizza,90,30,60,33.33333333333333
Cornbread,1173,557,616,47.485080988917304
Rice Pilaf,476,183,293,38.445378151260506
"Pain Relief, Ointment",20,2,18,10.0
Celery Salt,292,10,282,3.4246575342465753
Caramel Corn Organic Rice Cakes,182,71,111,39.010989010989015
Devil's Food Zingers,11,5,6,45.45454545454545
Carrot Ginger,176,78,98,44.31818181818182
Organic Russian Fingerling Potatoes,7,0,7,0.0
Professional Loose Powder - 115 Translucent Medium,4,0,4,0.0
Total Advanced Whitening Toothpaste,109,29,80,26.605504587155966
System-Six Powerful Weight Loss Support,13,0,13,0.0
Fresh Spring Waters Laundry Enhancer Crystals,9,0,9,0.0
Paleo Pancake & Waffle Mix,977,451,526,46.16171954964176
1000 Sheets Per Roll Bathroom Tissue,7,2,5,28.57142857142857
Low Dose Aspirin 81mg Safety Coated Tablets Pain Reliever,11,1,10,9.090909090909092
Total 2% Greek Strained Yogurt with Cherry 5.3 oz,18044,13510,4534,74.87253380625138
Steam Crisp Corn Niblets,89,52,37,58.42696629213483
Gogo Rice Organic White Rice Bowl,3,0,3,0.0
Rice Cereal,484,235,249,48.553719008264466
Mango Conserve,7,0,7,0.0
Sauvignon,186,133,53,71.50537634408603
Organic Magnolia and Poppy Scented Glass Cleaner,49,3,46,6.122448979591836
Purple Potatoes,36,11,25,30.555555555555557
Whole Kosher Dills,20,11,9,55.00000000000001
JV Polish Kielbasa Sausage,58,15,43,25.862068965517242
Snack'mms Kosher Dill Pickles,641,318,323,49.609984399375975
Ultra Flex Drawstring 39 Gallon Bags,5,0,5,0.0
Non Fat Plain Goat Yogurt,181,127,54,70.1657458563536
Black Japonica Rice Blend,163,42,121,25.766871165644172
Gade A Natural Sour Cream,224,122,102,54.46428571428571
Natural Goodness 100% Fat Free Chicken Broth,400,167,233,41.75
Light & Lean Sweet & Sour Asian Noodle Pasta,1717,778,939,45.311589982527664
Hepar Sulphuris Calcareum 30 C - 80 CT,18,3,15,16.666666666666664
Lemonlime Electrolyte Tabs,472,181,291,38.347457627118644
Cinnamon Graham Snacks,220,106,114,48.18181818181818
Creamed Spinach Steamers,224,107,117,47.767857142857146
Ultra Soft Facial 3-Ply White Facial Tissues,1528,797,731,52.15968586387435
Cream Cheese,6975,3018,3957,43.26881720430107
Light Glass Bottles,5,0,5,0.0
Ginger Energizer,69,39,30,56.52173913043478
"Chunky Soup, Sirloin Burger with Country Vegetables",327,178,149,54.43425076452599
Lavender All Purpose Cleaner,78,47,31,60.256410256410255
Fudge Brownie Mix,857,307,550,35.82263710618436
"Macadamias, Maui Onion, Sweet",93,54,39,58.06451612903226
Cheese Stuffed Crust Pepperoni Pizza,782,396,386,50.63938618925832
Grillers Original Veggie Burgers,142,55,87,38.732394366197184
Vitamin D3 1000 I.U.,8,1,7,12.5
Fabric Softener Sheets,760,162,598,21.31578947368421
Feta Cheese Crumbles,32351,18069,14282,55.85298754288893
Bombay Potatoes Vegetarian,343,123,220,35.8600583090379
Fat Free Half & Half Ultra-Pasteurized,331,211,120,63.74622356495468
Maine Wild Blueberry Crisp Gelato,19,4,15,21.052631578947366
Sandwich Crackers Cheddar Cheese,3,0,3,0.0
Rosemary Flaxseed Crackers,2,0,2,0.0
"Urinary Pain Relief, Maximum Strength, 97.5 mg, Tablets",16,1,15,6.25
Chocolate Ring Dings,9,3,6,33.33333333333333
Shishito Peppers,686,392,294,57.14285714285714
Original Dark Jamaican Rum,79,9,70,11.39240506329114
Gypsy Cold Care Herbal Tea,359,84,275,23.398328690807798
"Aussie Pies, Handheld, Southwest Chicken",88,45,43,51.13636363636363
Triple Action Dish Liquid Orange,293,132,161,45.051194539249146
Ginger Peach With Matcha Tea,9,1,8,11.11111111111111
First Aid Antibiotic Ointment,209,29,180,13.875598086124402
"Bocconcini, Fresh Mozzarella",491,176,315,35.84521384928717
Coconut Lemon 3-in-1 Hand Face Body Lotion,216,25,191,11.574074074074074
Broccoli & Cauliflower,1128,534,594,47.340425531914896
Extra Hot Horseradish,24,1,23,4.166666666666666
Facial Tissues Boxes,536,246,290,45.8955223880597
Sword Floss Regular Disposable Floss Picks,35,5,30,14.285714285714285
"Red Beans, Small",64,17,47,26.5625
Fish Taco Seasoning Mix,5,0,5,0.0
Peach Preserves,675,220,455,32.592592592592595
Paring Knife,17,4,13,23.52941176470588
Signature Steakhouse Marinade,50,27,23,54.0
Original Bath Soap,96,30,66,31.25
Strawberry Streusel Bars,272,153,119,56.25
Brown Rice Snaps Black Sesame,1601,1198,403,74.82823235477827
Decadent Classic Yellow Cake Mix,414,127,287,30.676328502415455
Indian Dal Golden Lentil Soups,1017,523,494,51.425762045231075
Linguine Lentil & Quinoa Supergrain Pasta,43,14,29,32.55813953488372
Green Naturally Decaffeinated Tea Bags,27,6,21,22.22222222222222
XL Sandwich Bags,140,44,96,31.428571428571427
Extra Beer,86,31,55,36.04651162790697
Regular Strength Pain Reliever Liquid Gels,5,0,5,0.0
Beef Sausage Slices with Rice Dog Treats,20,11,9,55.00000000000001
"2nd Foods Carrot, Pear & Blackberry Baby Food",4,1,3,25.0
"Total Care Stain Remover Anticavity Mouthwash, Fresh Mint",93,22,71,23.655913978494624
24 Hr Foam Mousse,3,0,3,0.0
Chicken Penne Alfredo,38,25,13,65.78947368421053
Peach Mango Gels Vegan,278,142,136,51.07913669064749
Jicama Sticks,577,246,331,42.63431542461005
Nude Food Kibble Poultry Palooza Dry Dog Food,32,20,12,62.5
Sparkling Water Beverage Black Cherry,273,150,123,54.94505494505495
"Delights Turkey, Veggie & Cheese Frittatas",7,2,5,28.57142857142857
Organic Star Anise Whole,22,1,21,4.545454545454546
Spring  Fabric Softener Sheets,6,1,5,16.666666666666664
Natural Apple Sauce,3,0,3,0.0
Star Light Candles,15,1,14,6.666666666666667
1% Lowfat Cultured Buttermilk,30,8,22,26.666666666666668
Chopped Bbq Ranch Protein Kit,17,6,11,35.294117647058826
Unsweetened Zero Calorie Green White Tea,665,470,195,70.67669172932331
Lemon Snakaroons,85,13,72,15.294117647058824
Royal Dark Chocolate Candy Bar,75,41,34,54.666666666666664
"Fries, Broccoli",764,385,379,50.39267015706807
Almond Butter Smooth,782,343,439,43.8618925831202
King Size Permanent Maker Chisel,4,0,4,0.0
Classic Clean Original Deep Cleansing Cream,70,18,52,25.71428571428571
Ricotta Original Cheese,529,226,303,42.722117202268436
WetJet Wood Floor Cleaner Refill Blossom Breeze,187,43,144,22.994652406417114
Citrus Pure Castille Soap,24,2,22,8.333333333333332
Plain Goat Cheese,10,1,9,10.0
Milk Chocolate To Go,3,0,3,0.0
"Cookie Bars, Caramel Milk Chocolate",53,39,14,73.58490566037736
Moisture Rich For Dry/Damaged Hair Conditioner,18,5,13,27.77777777777778
Half N Half,312,211,101,67.62820512820514
Organic Roasted Sweet Potato Slices,261,95,166,36.39846743295019
Brut California Champagne,386,222,164,57.51295336787565
Sweeper Dry Sweeping Pad Refills for Floor Mop w/ Febreze Sweet Citrus & Zest Scent,52,17,35,32.69230769230769
Peas & Carrots,498,185,313,37.148594377510044
Stain & Odor Remover,13,1,12,7.6923076923076925
Wasabi Crunchy Chickpeas,336,101,235,30.059523809523807
Brooklyn Lager,82,42,40,51.21951219512195
Citrus C Monster Smoothie,522,320,202,61.30268199233716
Ocean Breeze Conditioner,11,1,10,9.090909090909092
Vanilla Double Shot Energy Drink,44,19,25,43.18181818181818
Cookie Bars,399,218,181,54.63659147869674
Coffee Mate 2 Go Hazelnut Coffee Creamer,11,4,7,36.36363636363637
Fresh Ricotta,573,163,410,28.44677137870855
Dark Chocolate Cranberries,4,0,4,0.0
Cavity Protection Natural Baking Soda Peppermint Fluoride Toothpaste,90,31,59,34.44444444444444
Girl Scouts Samoas Frozen Dairy Dessert,44,4,40,9.090909090909092
Dark Chocolate Trail Mix Protein Bar,30,12,18,40.0
Spinach Artichoke Dip,1413,754,659,53.36164189667374
Berry Smart Kid's Toothpaste,69,3,66,4.3478260869565215
The Great Escape California Chardonnay,16,11,5,68.75
Whole Jersey Milk Low Pasteurized,1939,1521,418,78.44249613202682
Graduates Lil Meals Pasta Shells & Cheese,49,20,29,40.816326530612244
True Juice Bananaberry Crush 100% Juice Smoothie,20,5,15,25.0
Golden Balsamic Vinegar,11,4,7,36.36363636363637
Sour Chewy Bites,7,2,5,28.57142857142857
Creamy Harvarti Cheese,128,73,55,57.03125
"Burgers, Chile Relleno",8,4,4,50.0
Hot Red Chile,9,3,6,33.33333333333333
Golden Nugget Mandarin,116,52,64,44.827586206896555
Fat Free Butter Flavor Sprinkles,23,11,12,47.82608695652174
House Cut Fries with Sea Salt,163,71,92,43.558282208588956
Wine Snack Herring,51,35,16,68.62745098039215
Bacon & Cheese Flavor Dog Biscuits,13,1,12,7.6923076923076925
Good Buddy USA Rawhide Roll Dog Chews,31,7,24,22.58064516129032
Complete Therapy Treatment Ovule Antifungal Cream,92,19,73,20.652173913043477
Organic Grape Tomatoes,84255,55230,29025,65.55100587502226
Holiday Cheers,9,3,6,33.33333333333333
Fennel,2127,771,1356,36.24823695345557
Sea Salt & Vinegar Potato Chips,14800,9239,5561,62.42567567567568
Banana Chocolate Chip Muffins,94,58,36,61.702127659574465
Mrs Fields Cookie Sandwich Ice Cream,747,360,387,48.19277108433735
Black Figs,822,293,529,35.64476885644769
"Sweet Chips Ahoy, Nutter Butter & Oreo Cookie Variety Pack",4,0,4,0.0
Fruit Gushers Mouth Mixers Punch Berry Fruit Flavored Snacks,147,68,79,46.25850340136054
Original Diaper Rash Ointment,79,27,52,34.177215189873415
Cinnamon Swirl Bread,126,73,53,57.936507936507944
Cranberry Air Effects Fresh Twist Air Freshener,5,0,5,0.0
Jumbo Salted Roasted Peanuts,45,22,23,48.888888888888886
Honey Lemon Severe Cold and Flu Liquid Medicine,13,1,12,7.6923076923076925
"Pro-Health Sensitive + Enamel Shield, Smooth Mint",64,24,40,37.5
Organic Creamy Buckwheat Hot Cereal Gluten Free,234,92,142,39.31623931623932
"Sparkling Citrus Beverage, with Natural Pulp",329,230,99,69.90881458966565
Organic Cripps Pink Apples,12834,8367,4467,65.19401589527817
Soy Free Buttery Spread with Olive Oil,3010,1756,1254,58.33887043189369
Gluten Free Fusilli Brown Rice Pasta,1430,862,568,60.27972027972028
"Tortillas, Artisan Corn",25,13,12,52.0
Light French Silk Slow Churned Ice Cream,149,82,67,55.033557046979865
Homestyle Country Gravy Mix,13,4,9,30.76923076923077
Apple Slice Scented Soy Candle,3,0,3,0.0
Cream Of Chicken Soup,91,29,62,31.868131868131865
Mini Croissants,247,118,129,47.77327935222672
"White meat chipotle chicken, corn, black beans, bell peppers, and onions Fajita-Style Chicken Spring Rolls",194,101,93,52.0618556701031
Fresh Pork Spareribs,171,74,97,43.27485380116959
Mighty Minis Slow Melt Pops,318,124,194,38.9937106918239
Delights Lemon Supreme Bars Mix,18,4,14,22.22222222222222
Vitamin D3 Gummies,28,8,20,28.57142857142857
Orange Thins Delicate Swedish Cookies,9,2,7,22.22222222222222
Superior Tonic Water,429,177,252,41.25874125874126
Defense Watermelon Vitamin C Supplement Drops,27,11,16,40.74074074074074
C-Boost 100% Fruit Juice Smoothie + Boosts,45,11,34,24.444444444444443
Eureka Lemon & Marionberries Ice Cream,144,58,86,40.27777777777778
French Roast Whole Bean Coffee,2201,1416,785,64.33439345751931
Chocolate Mint Candy Canes,21,3,18,14.285714285714285
Blackberry Flow,1,0,1,0.0
Not Too Sweet Cold Brew Iced Coffee,27,15,12,55.55555555555556
Honey Battered Breast Tenders,215,99,116,46.04651162790698
Whitening Plus Scope Crest Complete Multi-Benefit Cool Peppermint Flavor Liquid Gel Toothpaste,2,0,2,0.0
Grapefruit Radler,76,36,40,47.368421052631575
Organic Green Tea Bags,1828,616,1212,33.69803063457331
Coconut Almond Chocolate Cookies,10,2,8,20.0
Onion Chips Sea Salt,119,51,68,42.857142857142854
Peony & Plum Liquid Hand Soap,98,41,57,41.83673469387755
Classic Minestrone RTS Organic Soup,235,97,138,41.27659574468085
Mushroom Takatak Entree,23,9,14,39.130434782608695
Supplementation Ready-to-Feed Bottles,30,10,20,33.33333333333333
Matcha Latte,411,262,149,63.74695863746959
Lightly Sea Salted Potato Chips,30,15,15,50.0
"Kelp, Wild Atlantic Kombu",85,10,75,11.76470588235294
"Unsweetened Almond Breeze, Almond Milk, Original",666,325,341,48.7987987987988
"Storage Bags, Reclosable, Gallon Size",88,31,57,35.22727272727273
Pomegranate Seeds,2832,1490,1342,52.612994350282484
Seasoning & Rub,38,10,28,26.31578947368421
Pumpkin Yoghurt,1108,551,557,49.72924187725632
Norwegian Gold Kids DHA Chewables Fruit Punch Flavor,3,0,3,0.0
100% Juice Medley Of Fruits,244,150,94,61.47540983606557
Avocado Oil Mayonnaise,2,0,2,0.0
"Milk Chocolate Candy, Party Size",426,172,254,40.375586854460096
Organic Pink Salt and Black Pepper Travel Set,12,6,6,50.0
"Beef Jerky, Premium, Flank Steak, Sweet Chili Pepper",3,0,3,0.0
Sweet Peas Valley Fresh Steamers,692,320,372,46.24277456647399
Salt and Pepper Cashews,22,6,16,27.27272727272727
Mixed Nuts,1490,892,598,59.86577181208054
Sheer Fresh Invisible Dry Spray Antiperspirant Deodorant,8,1,7,12.5
Raspberry Syrup,36,11,25,30.555555555555557
Organic Linguine,650,266,384,40.92307692307692
(70% Juice!) Mountain Raspberry Juice Squeeze,28,16,12,57.14285714285714
Concentrated Cold Brew Coffee,1439,978,461,67.96386379430159
Relaxing Lavender Bubble Bath,371,124,247,33.42318059299191
Greek Yogurt Peach & Chia,133,73,60,54.88721804511278
Blemish Touch Stick,55,24,31,43.63636363636363
Seasoned Turkey Burger,194,75,119,38.659793814432994
Milk Chocolate Delight Shakes,24,7,17,29.166666666666668
Double Vanilla Muffins,69,39,30,56.52173913043478
Organic Onion Granulates,7,0,7,0.0
Hemp Plus Granola,63,38,25,60.317460317460316
Red Anjou Pear,21,2,19,9.523809523809524
"Bread, Healthy Multi-Grain",445,234,211,52.58426966292134
Organic Black Bean Soup,311,174,137,55.948553054662376
Soy Free Buttery Sticks,787,430,357,54.637865311308765
Organic Coconut Bliss Cherry Amaretto Frozen Dessert,141,53,88,37.5886524822695
Crunchy Coconut Granola Bars,47,28,19,59.57446808510638
Whole Holland-Style onions,13,1,12,7.6923076923076925
EPS Intestinal Immune Function,24,11,13,45.83333333333333
Temptations Cat Treats - Creamy Dairy,388,259,129,66.75257731958763
Lemon Sparkling Mineral Water,1998,1279,719,64.01401401401401
Makeup Brush Cleansing Cloths,6,0,6,0.0
Egg Fettucine,16,3,13,18.75
Cream Cheese Roll,13,6,7,46.15384615384615
L'Oreal® Paris Sublime Bronze Tinted Self-Tanning Lotion - Medium Natural Tan,7,0,7,0.0
Gluten Free Rice Bread,37,15,22,40.54054054054054
Oven Liners,3,0,3,0.0
Organic Harissa Seasoning,197,14,183,7.1065989847715745
Gold Tequila 80 Proof,30,15,15,50.0
California White Balsamic Vinegar,238,75,163,31.512605042016805
Lavender Household Multi-Surface Cleaner & Disinfectants,54,34,20,62.96296296296296
Lip Repair + Protect SPF 30 Lip Balm,20,5,15,25.0
Repair & Protect Extra Fresh Toothpaste,76,33,43,43.42105263157895
Chicken Apple Sausage-Egg & Smoked Gouda-Caramelized Onion & Roasted Potato Breakfast Burrito,84,31,53,36.904761904761905
Three Pepper Salsa,2,0,2,0.0
Best Chili Beans In Mild Sauce,144,43,101,29.86111111111111
Moscato D'Asti,33,9,24,27.27272727272727
Condensed Cream of Potato Soup,212,79,133,37.264150943396224
Pro-Health Tartar Protection Refreshing Mint Rinse,21,4,17,19.047619047619047
Calcium Citrate Magnesium Vitamin D3 Caplets,5,0,5,0.0
"Hot (101305, 101352) Italian Sausage",997,486,511,48.74623871614844
Uncured Smoked Duck Bacon,23,14,9,60.86956521739131
Organic Roasted Red Pepper Hummus,597,218,379,36.515912897822446
Bar Chocolate Crunchy Mint,42,26,16,61.904761904761905
Voila! Cheesy Ranch Chicken,20,5,15,25.0
Vietnamese Brown Rice Noodle Soup Gluten Free Shitake Mushroom,69,15,54,21.73913043478261
Organic Mayonnaise with Olive Oil,994,408,586,41.04627766599598
Peanut Butter Chocolate Chip Ice Cream,10,3,7,30.0
"Pinot Grigio, California, 2013, 4 Pack, Bottle",9,2,7,22.22222222222222
Vegan Sour Cream & Onion Kettle Chips,777,483,294,62.16216216216216
Havarti Cheese Slices,936,500,436,53.41880341880342
Manhattan Style Whole Kosher Pickles,1896,1220,676,64.34599156118144
Fresh Catfish Nuggets,9,4,5,44.44444444444444
Immune Plus Super Orange,7,3,4,42.857142857142854
Neapolitan Ice Cream,205,138,67,67.31707317073172
Activia Nonfat Light Strawberry Yogurt,65,39,26,60.0
Allergy 24 Hour 10mg Posted 10/28/2013 Dissolve Tabs,28,6,22,21.428571428571427
Honey & Maple Stroopwafels,76,31,45,40.78947368421053
Feta Crumbled Garlic & Herb Cheese,44,12,32,27.27272727272727
Refried Beans with Zesty Salsa,53,29,24,54.71698113207547
Cranberry Raspberry Juice Blend,11,5,6,45.45454545454545
Anaheim Pepper,1306,415,891,31.776416539050533
"Xtra Life Medium Ballpoint Pens, Black",23,2,21,8.695652173913043
Beef Stroganoff Sauce Mix,86,38,48,44.18604651162791
High Potency Magnesium 400mg,16,2,14,12.5
Tender Baby Whole Carrots,10,6,4,60.0
Fillable Dish Wand,18,5,13,27.77777777777778
Herbs Rosemary,6,1,5,16.666666666666664
Clinical Endurance Cool Wave Clear Gel Tough Protection Anti-Perspirant/Deodorant,5,2,3,40.0
Robert Mondavi,200,138,62,69.0
Organic Switchel America's Original Thirst Quencher,9,2,7,22.22222222222222
Soothing Aloe Vera Hand Soap Refill,190,55,135,28.947368421052634
Organic Filtered Apple Cider Vinegar,298,28,270,9.395973154362416
Red Beans & Rice Original Rice Mix,37,15,22,40.54054054054054
Vegan Raw Garlic Fluffy Spread,508,360,148,70.86614173228347
Five Star 1 Subject College Ruled Notebook - 100 Sheets,25,4,21,16.0
"Barley Miso, Premium, Organic, Country",2,0,2,0.0
Lactose Free Fat Free Milk,4650,3767,883,81.01075268817203
Portobello & Swiss Cheese Smoked Chicken Sausage,47,20,27,42.5531914893617
Tequila Salsa Medium Burn,20,8,12,40.0
Coconut Oil Buttery,32,10,22,31.25
Ahi Tuna,23,10,13,43.47826086956522
Organic Raspberry Lemonade,55,30,25,54.54545454545454
Organic Navel Oranges,202,60,142,29.7029702970297
Semi Sweet Chocolate Chips,552,266,286,48.188405797101446
Bleach Automatic Toilet Bowl Cleaner,29,4,25,13.793103448275861
Lavender Bath & Shower Gel,63,29,34,46.03174603174603
Organic Blue Corn Tortilla Chips With Flax Seed,185,75,110,40.54054054054054
Summer Vegetable Dinner Stage 2,202,57,145,28.217821782178216
Gluten Free White Cheddar Popped Corn Chips,342,178,164,52.046783625730995
Toll House Chocolate Chip Cookie Dough,419,161,258,38.424821002386636
Ciabatta Rolls,237,104,133,43.88185654008439
"Sour Punch Twists (Blue Raspberry, Cherry, Strawberry, Apple)",133,71,62,53.383458646616546
Zero Calorie Orange Soda,889,564,325,63.44206974128234
Happy Hoppers Gummy Candy,12,0,12,0.0
Colors Baked Snack Crackers,9,1,8,11.11111111111111
Milk Chocolate with Almonds,151,81,70,53.64238410596026
24 Carrot Gold Paleo Muffins,148,83,65,56.08108108108109
Whole Star Anise,323,28,295,8.6687306501548
Women's One Daily Multivitamin,53,12,41,22.641509433962266
Vegetable Quinoa Soup,9,0,9,0.0
Valentines Chocolate Cupcake,6,0,6,0.0
Paper Napkins,486,192,294,39.50617283950617
Macaroni And Cheese,2598,1466,1132,56.42802155504234
Pesto Sauce With Pine Nuts,163,79,84,48.466257668711656
Very Emollient Body Lotion - Maximum,158,33,125,20.88607594936709
Fusilli Col Buco,35,24,11,68.57142857142857
2nd Foods Nature Select Blended Fruits with Oatmeal,181,94,87,51.93370165745856
New York Cheesecake,164,45,119,27.439024390243905
Zipper Sandwich Bags,671,181,490,26.97466467958271
Old Fashioned Kettle Corn Popcorn,240,108,132,45.0
Salame Genoa,20,13,7,65.0
Simply Bake Signature Seasoning Tilapia,64,14,50,21.875
"Gum, Sugarfree, Spearmint",32,10,22,31.25
Baby Rice Cereal,139,56,83,40.28776978417266
Organic Take A Walk Mix,17,6,11,35.294117647058826
Flex 4 Four Blade Disposable Razor for Men,26,4,22,15.384615384615385
Salsa Medium,249,88,161,35.34136546184739
"Morning Burst Facial Cleanser with Bursting Beads, Oil-Free",70,19,51,27.142857142857142
"Sushi Nori, Organic Raw",4,0,4,0.0
"Fabric Conditioner, Field Flowers",48,32,16,66.66666666666666
Gold Nutrition Energy Bar Caramel Nut Blast,90,57,33,63.33333333333333
Kale,2056,1116,940,54.280155642023345
Vanilla Caramel Fudge Ice Cream,1207,668,539,55.343827671913836
Revitalizing Pear & Soy Body Wash,10,3,7,30.0
Single Serve Kona Blend Roast Medium Coffee K-Cups,67,37,30,55.223880597014926
Syrah,44,19,25,43.18181818181818
Sensitive Facial Cleanser For Dry Sensitive Skin,161,62,99,38.50931677018634
2nd Foods Organic Fruit & Grain Apple Mango with Rice & Vanilla Baby Food,3,0,3,0.0
Sweet Hawaiian Bread,20,9,11,45.0
Tequila Silver,628,271,357,43.152866242038215
Organic Italian Vegetables and Beans Soup,40,16,24,40.0
Assorted Chocolate,33,18,15,54.54545454545454
"Organic Green Chickpeas Chipotle, Black Beans Sweet Corn Meal",8,2,6,25.0
Hemp Plus Waffles,10,0,10,0.0
Root Beer,7642,4410,3232,57.70740643810521
Reduced Fat Shredded Cheddar Cheese,53,23,30,43.39622641509434
Taco Spices & Seasonings,89,36,53,40.44943820224719
Organic Smooth Peanut Butter,238,105,133,44.11764705882353
Pillsbury Funfetti Frosting,172,21,151,12.209302325581394
Mushroom Pieces & Stems No Salt Added,72,34,38,47.22222222222222
Size 2 Diapers,10,5,5,50.0
Beef Rice Mix,137,53,84,38.68613138686132
Forceflex Quick Tie 13 Gallon,27,1,26,3.7037037037037033
"Cooking Sauce, Marinara, Garlic",285,119,166,41.75438596491228
Tropical Fruit in 100% Juice,130,54,76,41.53846153846154
Organic Double Dark Chocolate Nutrition Bar,410,291,119,70.97560975609755
Apricot Kernel Oil,19,2,17,10.526315789473683
Eucalyptus & Peppermint Balancing Argan Shampoo,21,5,16,23.809523809523807
Zinc Echinacea Cherry Lozenges,32,8,24,25.0
Ultra Concentrated Original Scent Dishwashing Liquid,1288,363,925,28.183229813664596
Almond & Apricot Fruit & Nut Bars,146,53,93,36.3013698630137
Primadophilus Kids Orange Flavor Chewables,119,69,50,57.98319327731093
Apple Smoked Gruyere Cheese,257,89,168,34.63035019455253
Baking Blend,98,42,56,42.857142857142854
O.S.SFT SOLID DEOD RED ZN SPRT,14,4,10,28.57142857142857
Zesty Nacho Kale Chips,330,136,194,41.21212121212121
Coconut Straightening Shampoo,9,3,6,33.33333333333333
Turkey Sausage Bagel Sandwiches,7,3,4,42.857142857142854
White Tea and Vitamin E Antibacterial Hand Soap with Moisturizer,310,123,187,39.67741935483871
Special K Cinnamon Pecan Cereal,174,72,102,41.37931034482759
Cheese Grater,10,0,10,0.0
Seriously Firming Facial Serum,22,7,15,31.818181818181817
The Amazing Egg Cholesterol Free,7,4,3,57.14285714285714
Drinking Water,5403,3327,2076,61.57690172126596
Organic Nuts And Coffee Beverage,244,188,56,77.04918032786885
Purple Heirloom Potato Chips,1022,689,333,67.41682974559687
Grape Tomato,63,19,44,30.158730158730158
Colombia Ground Coffee,52,25,27,48.07692307692308
Grapefruit Holiday Box,33,15,18,45.45454545454545
Baking Chopped Pecans,724,197,527,27.209944751381215
Real Sugar Heritage Dr.Pepper,23,15,8,65.21739130434783
Citrus Blend On The Go Disinfecting Wipes,31,13,18,41.935483870967744
Crispy Thin Crust BBQ Recipe Chicken Pizza,75,23,52,30.666666666666664
Wave ZigZag Medium Toothbrush,3,0,3,0.0
San Marzano Blend Tomato Romano,6,0,6,0.0
Paulared Apple,14,0,14,0.0
Green Tea with Mint,43,6,37,13.953488372093023
Bacon Bleu Wedge Chopped Salad,3,0,3,0.0
Enriched Hamburger Buns Sesame,209,61,148,29.1866028708134
Organic  Jerk Seasoning,38,0,38,0.0
Basil Pesto Hummus,54,23,31,42.592592592592595
Original Cookies,11,5,6,45.45454545454545
Frontier Organic Vanilla Flavoring,11,1,10,9.090909090909092
Quart Freezer Slider Bags,18,10,8,55.55555555555556
Organic Original Coconut Non-Dairy Beverage,216,142,74,65.74074074074075
Fresh Salsa,1207,666,541,55.1781275890638
Mediterranee Cappuccino Yogurt,177,82,95,46.32768361581921
Odorshield 13 Gallon Tall Kitchen Trash Bag With Febreze Freshness,426,115,311,26.995305164319248
Sea Salt Caramel,7,2,5,28.57142857142857
Capraccino Goat's Milk Ice Cream,25,9,16,36.0
Brown Sugar & Sea Salt Seaweed Snacks,74,37,37,50.0
Cookie Dough Energy Bar,60,44,16,73.33333333333333
Push Up Sherbert Pop Variety Pack,78,22,56,28.205128205128204
Pure Clover Honey,1932,947,985,49.01656314699793
Dal Tadka Lentil Stew,15,3,12,20.0
Jumbo Size For Large Bags Bag Clip,7,0,7,0.0
Turmeric Supreme Pain,15,2,13,13.333333333333334
Cocoa Roasted Almonds,89,39,50,43.82022471910113
Chopped Garlic,899,193,706,21.46829810901001
Enjoy By (MM-DD-YY) IPA,25,12,13,48.0
D.O.P San Marzano Tomatoes,21,6,15,28.57142857142857
Multipax Cardboard Applicator Unscented Tampons,113,24,89,21.238938053097346
Lactose Free Butter,11,7,4,63.63636363636363
"No. 02 Purify and Regulate Beet, Apple, Cucumber, Lime Juice",74,54,20,72.97297297297297
Tiny Capers in Salt,16,3,13,18.75
Ultra Soft & Strong Mega Rolls with Cleanstretch,11,2,9,18.181818181818183
Organic Lavenberry Puree Level 2,619,436,183,70.43618739903069
Fresh Turkey Breast,15,5,10,33.33333333333333
Natural Choice Uncured Pepperoni,8,0,8,0.0
Whole Grain Penne with Tomato & Basil Sauce,16,8,8,50.0
Raspberry Sorbet Pops,969,537,432,55.417956656346746
Citrus Gose Lager,8,1,7,12.5
Black Sport Cap 3.0 Canteen Bottle Cap,5,0,5,0.0
Raw Unsalted Sunflower Seeds,93,24,69,25.806451612903224
Aqua Body Wash,38,12,26,31.57894736842105
Organic Rockin' Rye Bread,127,63,64,49.60629921259843
Chopped Tomatoes,4238,2120,2118,50.02359603586597
Pineapple Soda,66,29,37,43.93939393939394
Organic Rubbed Sage,24,2,22,8.333333333333332
Wild Alaskan Cod Fillet,15,7,8,46.666666666666664
Mini Sesame Croccantini Artisan Crackers,107,68,39,63.55140186915887
Lemon Sparkling Mountain Spring Water,1718,1215,503,70.72176949941793
Alkalize Detox Green Super Food Single Packet,88,25,63,28.40909090909091
Organic Ginger Root Powder,56,4,52,7.142857142857142
Cream Sherry,6,0,6,0.0
Eye Cream,5,0,5,0.0
Mini Oval Food Storage Container,16,5,11,31.25
"Sesame Oil, Toasted",379,54,325,14.24802110817942
Traditional Brie Cheese,418,153,265,36.60287081339713
Indian Mattar Tofu,490,257,233,52.44897959183673
Organic Onion Powder,1768,214,1554,12.104072398190045
Toffee & Sea Salt Milk Chocolate Bar,3068,1872,1196,61.016949152542374
Original Moisture Body Lotion,64,12,52,18.75
Organic Greens & Greens Juice,740,530,210,71.62162162162163
Gluten Free Ginger Zinger Cookies,1009,503,506,49.85133795837463
Non Scratch Scrubbing Dish Cloths Gray,8,0,8,0.0
Pro-Teen Crunch Cereal,5,2,3,40.0
Healthy Request Grilled Chicken & Sausage Gumbo RTS Soup,189,76,113,40.21164021164021
Baby Reds Mashed Potatoes,4,0,4,0.0
Italian Green Beans,15,6,9,40.0
Ahoy! Sweet & Salty Caramel Chunk,3,1,2,33.33333333333333
Vegetarian Falafel Mix,12,3,9,25.0
AA Alkaline Max Batteries,127,27,100,21.25984251968504
Cajun Turkey,246,166,80,67.47967479674797
Farina Hot Cereal,28,4,24,14.285714285714285
Whole Laurel Bay Leaves,56,5,51,8.928571428571429
Lime Sparkling Water Beverage,87,35,52,40.229885057471265
Mild Shredded Cheddar Cheese,286,64,222,22.377622377622377
Tikka Masala,247,133,114,53.84615384615385
Sweet & Spicy Turkey,24,9,15,37.5
Organic Natural Creations Light in Sodium Creamy Garden Tomato Soup,445,230,215,51.68539325842697
Original Crackerbread Hearts,35,23,12,65.71428571428571
Hydro 5 Razor,18,3,15,16.666666666666664
Vanilla Artisan Granola,42,22,20,52.38095238095239
Organic Multi-grain Baby Cereal,250,116,134,46.400000000000006
Large Candle Blue Odyssey,7,3,4,42.857142857142854
Original No Salt Added Mixed Vegetables,15,7,8,46.666666666666664
OPA Greek Yogurt Roasted Pepper Dressing,12,5,7,41.66666666666667
Heavy Duty Set And Refresh Air Freshener,21,5,16,23.809523809523807
Fresh Bee Pollen Whole Granules,315,79,236,25.07936507936508
Easy Grip 9 oz. Plastic Cups,30,5,25,16.666666666666664
Pretzel Dogs Soft Pretzel Mini Beef Hot Dogs,38,8,30,21.052631578947366
Chinese-Style Extra Hot Mustard,10,1,9,10.0
Cut Broccoli,193,64,129,33.160621761658035
Soft Scrub with Bleach Cleaner Gel,64,13,51,20.3125
Dream On Caffeine Free Chamomile Flowers Tea Temples,58,23,35,39.6551724137931
Unsweetened Golden Oolong Tea,23,11,12,47.82608695652174
Medium Toothbrush,424,142,282,33.490566037735846
Organic Quinoa Flour,21,1,20,4.761904761904762
Eczema Therapy Cream,11,2,9,18.181818181818183
G Series Orange Sports Drink,72,63,9,87.5
Tropical Tango Punch Organic Juice Drink,1084,516,568,47.601476014760145
Cucumber Ranch Dressing,12,3,9,25.0
Shiraz Wine,5,1,4,20.0
Tuscan Soup,19,12,7,63.1578947368421
Ham & Cheese Croissant Sandwich,32,15,17,46.875
"Liquid Fabric Softener, Original",21,7,14,33.33333333333333
Morning Fresh Fabric Softener,251,123,128,49.00398406374502
Quinoa Puffs Sweet Chili,89,45,44,50.56179775280899
Organic Red Wine Vineger,2586,366,2220,14.153132250580047
Classic While Dinner Plates,216,125,91,57.870370370370374
Soft-Baked Ripe Strawberry Cereal Bars,1835,1119,716,60.98092643051771
Tropical Gold Chunks All Natural Pineapple,757,399,358,52.70805812417437
Diced Tomatoes In Tomato Juice,7,0,7,0.0
Ultimate Flora Womens Complete 90 Billion Capsules,87,28,59,32.18390804597701
Rustic Cut Organic Ruby Red Beets,207,49,158,23.67149758454106
"All Purpose Flour, Bleached",153,30,123,19.607843137254903
Chia Protein Bar Dark Chocolate Coconut Sea Salt,504,197,307,39.08730158730159
Four Fruits 100% Fruit Spread,434,183,251,42.16589861751152
Organic Yellow Squash,11223,6353,4870,56.606967833912506
Mild Organic Salsa,675,341,334,50.51851851851852
Ten Root Beer,54,32,22,59.25925925925925
Orange Cherry Grape Ice Pops,174,51,123,29.310344827586203
Extended-Release 12 Hour Orange Flavored Liquid Cough Relief,16,1,15,6.25
Cucumbers Makeup Remover Pads,7,0,7,0.0
Pastrami Smoked Salmon,4,0,4,0.0
Premium Size Your Own White Paper Towels - 3 CT,458,229,229,50.0
Eucalyptus Harvest Aromatherapy Mist,96,19,77,19.791666666666664
Kids 2in1 Watermelon Toothpaste & Mouthwash,210,53,157,25.238095238095237
"Sausage, Kielbasa, Polish",80,40,40,50.0
Chicken Corn Taquitos,9,2,7,22.22222222222222
Gluten Free Yankee Cornbread Mix,236,78,158,33.05084745762712
Organic Mekong Flower Jasmine Rice,18,8,10,44.44444444444444
1.5% Milkfat Grade A Pasteurized Lowfat Cottage Cheese,261,187,74,71.64750957854406
Chlorine Free Maxi Regular Feminine Pads,223,78,145,34.97757847533632
100% Pure Patchouli Essential Oil,4,0,4,0.0
"PlugIns Scented Oil Refill, Clean Linen",95,29,66,30.526315789473685
Gluten Free Wheat Free Pancake & Waffle Mix,391,205,186,52.42966751918159
Stoplight Peppers,83,25,58,30.120481927710845
Warm & Crunchy Apple Cinnamon Granola,10,3,7,30.0
Clear Spots 50 ct All One Size Value,26,6,20,23.076923076923077
"Menstrual Cup, Model 1",18,0,18,0.0
Mozzarella Flavor Veggie Shreds,34,18,16,52.94117647058824
Fajita-Style Grilled Chicken Breast Strips,408,165,243,40.44117647058824
Calcium Citrate,20,0,20,0.0
Donettes Frosted Devil's Food Mini Donuts,67,13,54,19.402985074626866
Curly Moisture Renewal Conditioner,18,5,13,27.77777777777778
Sugar Free Dry Rub Bacon,84,59,25,70.23809523809523
Cocao & Goji Chocolate Bar,37,22,15,59.45945945945946
Organic & Fair Trade Certified Earl Grey Tea Bags,109,40,69,36.69724770642202
Complete Foaming Coconut Water Antibacterial Hand Soap,216,100,116,46.2962962962963
Quick 1-Minute Oats,55,27,28,49.09090909090909
Ice Cream Chocolate Peanut Butter Cup,250,116,134,46.400000000000006
Pure Sesame Seed Oil,160,16,144,10.0
Mango Passionfruit Caffeine Free Herbal Tea Bags,26,5,21,19.230769230769234
Boneless Pork Rib Shaped Patties,12,5,7,41.66666666666667
Gluten Free Biscuit and Baking Mix,28,1,27,3.571428571428571
Milk Chocolate Caramel Bar,79,32,47,40.50632911392405
Tapioca Pudding Snack,13,7,6,53.84615384615385
Traditional Potato Broccoli & Cheese Chowder Soup,11,2,9,18.181818181818183
Tiramisu,116,62,54,53.44827586206896
Zante Currants,126,16,110,12.698412698412698
Tomato Paste Tube,51,10,41,19.607843137254903
Gjetost Cheese,83,34,49,40.963855421686745
Apple Cinnamon,316,125,191,39.55696202531646
Smooth & Cheesy Dip,230,71,159,30.869565217391305
Brownie Bite Protein Bars,29,13,16,44.827586206896555
Organic Vanilla Rice Milk,16,2,14,12.5
Sweet Maui Onion Rings,60,27,33,45.0
"Organic Apples, Purple Carrots & Blueberries with Yogurt Baby Food Purees , 3rd Foods  Crawlers",24,9,15,37.5
Spinach Dijon Salad,414,269,145,64.97584541062803
Coconut Almond Chocolate,648,212,436,32.71604938271605
Non-Pareil Capers,242,104,138,42.97520661157025
Organic Strawberry Energy Chews,148,76,72,51.35135135135135
Prime Fillet Solid White Albacore in Water,480,315,165,65.625
Superfood Cereal Maca Double Chocolate,170,100,70,58.82352941176471
Chicken Stuffed With Broccoli & Cheese,5,1,4,20.0
Meze Roasted Red Pepper Greek Yogurt Dip,11,1,10,9.090909090909092
Ranch Potato Crisps,294,130,164,44.21768707482993
Organic Apple Cider Vinegar,417,52,365,12.470023980815348
Febreze Unstoppables Spring Fabric Refreshener,18,6,12,33.33333333333333
"Platinum Action Pacs, Fresch Scent with Dawn",18,3,15,16.666666666666664
Bourbon Vanilla Bean,2,0,2,0.0
All-One Baby Unscented Pure-Castile Bar Soap,354,163,191,46.04519774011299
Organic Extra Virgin Olive Oil from Tunisia,13,8,5,61.53846153846154
India Pale Ale,4245,3102,1143,73.07420494699647
Original Fruitz Chewy Sour Candies,4,1,3,25.0
Full Clog Destroyer,173,43,130,24.85549132947977
Maximum Strength Multi-Symptom Midol Complete,45,10,35,22.22222222222222
Shaved Brussels Sprouts,423,179,244,42.31678486997636
Fruit Chews,15,2,13,13.333333333333334
Home Style Meatless Meatloaf,82,28,54,34.146341463414636
Healthy Defense Daily Moisturizer SPF 50,13,1,12,7.6923076923076925
Complete Deep Clean Soft Bristles Toothbrush,81,22,59,27.160493827160494
Dairy Free Cream Cheese Style Spread Chive & Onion,432,140,292,32.407407407407405
Organic Country Italian Artisan Bread,26,1,25,3.8461538461538463
Organic Chocolate Mint Caffeine Free Tea,2,0,2,0.0
Original Kettle Chips Multipack,6,2,4,33.33333333333333
"Fabric Softener, Free & Gentle",138,80,58,57.971014492753625
Greek Yogurt Flip Cinnabun Fun,17,6,11,35.294117647058826
Facial Toner,54,11,43,20.37037037037037
Yellowtail Pale Ale,12,5,7,41.66666666666667
Hard Cooked Eggs,2831,2069,762,73.08371600141292
Organic Riced Cauliflower,8366,4024,4342,48.09945015539087
"Giardiniera, Italian Mix",19,4,15,21.052631578947366
Green Vibrance Powder,168,78,90,46.42857142857143
Suds Cans,20,13,7,65.0
Fair Trade Organic Sweet Italian Coffee,78,35,43,44.871794871794876
"Italian Style Red Peppers, Fire Roasted Sweet Pimiento",8,2,6,25.0
Mega Stuffed Cookies,213,83,130,38.967136150234744
Dried Morella Cherries,7,1,6,14.285714285714285
Anti Nausea Liquid,5,0,5,0.0
Oil-Free Eye Makeup Remover Pads,54,14,40,25.925925925925924
"3-in-1 Laundry Detergent Pods, Fragrance Free",42,15,27,35.714285714285715
Spiral Ham,5,0,5,0.0
Italian Lemon Juice Not From Concentrate,45,7,38,15.555555555555555
"Grapes, Certified Organic, California, Black Seedless",227,80,147,35.24229074889868
Earache Drops,24,0,24,0.0
"Sausage Biscuits, Snack Size Sandwiches",247,147,100,59.51417004048582
Cheese Puffs,4517,2822,1695,62.47509408899712
Stimulant Laxative Maximum Strength Pills - 24 CT,10,4,6,40.0
"Pro-Health All-In-One Toothbrush, medium",14,2,12,14.285714285714285
Sliced Prosciutto Piccante,342,131,211,38.30409356725146
Organic Crushed Tomatoes No Salt Added,720,266,454,36.94444444444444
"Baguette, Pretzel, European Style, Butter & Sea Salt",123,72,51,58.536585365853654
Pizza Squeeze Pizza Sauce,434,143,291,32.94930875576037
Mold & Mildew Remover,97,26,71,26.804123711340207
Honey Oat Clusters Cereal,16,4,12,25.0
Tea Variety Pack,71,33,38,46.478873239436616
Cheddar Silly Sea Life Macaroni & Cheese Dinner,6,1,5,16.666666666666664
American Slices Cheese,653,362,291,55.4364471669219
Sea Salt Roasted Seaweed,3886,2672,1214,68.7596500257334
Natural Finely Shredded Triple Cheddar Cheese,1817,801,1016,44.083654375343976
SprouTofu Medium Soft,133,68,65,51.127819548872175
Sugar Free Multi-Vitamin & Mineral Gummy Bears,42,17,25,40.476190476190474
Spinning Bowl Dressing,5,1,4,20.0
Allergies Bubble Gum  Syrup,26,7,19,26.923076923076923
Sharp Yellow Cheddar,101,35,66,34.65346534653465
Real Chicken and Veggies Flavor Chew Soup Bones,18,8,10,44.44444444444444
AdvantEdge Creamy Vanilla Pure Milk Protein Powder,10,2,8,20.0
"Brussels Sprouts, Petite",116,38,78,32.758620689655174
Prosciutto & Cheese Tortelloni,24,10,14,41.66666666666667
Roasted Garlic Chicken,10,2,8,20.0
Organic RAW Fit Protein,49,24,25,48.97959183673469
Blissful Catnip Mega Cat Treats,7,2,5,28.57142857142857
Chelated Zinc 50 mg Caplets,12,1,11,8.333333333333332
Enhanced Water,375,274,101,73.06666666666666
Organic Green Tea With Pomegranate & Acai,2,0,2,0.0
Lamb & Sweet Potato Stew Recipe Dog Food,7,1,6,14.285714285714285
Crescent Rolls Original,526,190,336,36.12167300380228
Advanced Hand Sanitizer Bonus Sized Pump Aloe,241,67,174,27.800829875518673
Pickling Spice,33,0,33,0.0
Classic Peanut Butter,3828,1618,2210,42.2675026123302
Meyer Ginger Lemonade,19,9,10,47.368421052631575
Naturals Children's Sleep Melatonin Supplement,39,14,25,35.8974358974359
Milk Chocolate Coins,37,6,31,16.216216216216218
Home-Style Boneless Pork,11,5,6,45.45454545454545
Organic Molasses Unsulphured,127,11,116,8.661417322834646
Lightup Timer Toothbrushes  2-pk (Soft),42,10,32,23.809523809523807
Mint Lemonade Flavored Greens Drink Mix Pouches,6,1,5,16.666666666666664
Concentrated Bleach,162,39,123,24.074074074074073
Daily Facial Cleanser,137,31,106,22.62773722627737
Fresh Care Dispenser Flushable Cleansing Cloths,79,11,68,13.924050632911392
Raw & Unfiltered Honey,169,72,97,42.60355029585799
Allergy Relief,43,15,28,34.883720930232556
ProActive Health Sensitive Stomach with Chicken  Cat Food,3,1,2,33.33333333333333
Flax Milk Dairy Free Protein+ Unsweetened Vanilla,944,671,273,71.08050847457628
French Loaf,3375,2215,1160,65.62962962962963
Blackhead Clearing Green Tea Scrub,59,19,40,32.20338983050847
Gourmet Milk Sea Salt Escape Chocolate,34,18,16,52.94117647058824
Premium Cod Fish Sticks,231,91,140,39.39393939393939
Antioxidant Infusions Tanzania Lemonade Tea,126,83,43,65.87301587301587
100% Whole Wheat No Salt Added Matzos,64,20,44,31.25
Sinex Vapospray,35,6,29,17.142857142857142
Organic Romaine Lettuce,34874,21548,13326,61.78815163158801
Sunscreen Mineral Defense Kids SPF 30,9,1,8,11.11111111111111
Apricot Energy bar,341,206,135,60.410557184750736
Pods Spring Meadow Scent Laundry Detergent Pacs,506,168,338,33.201581027667984
"Quinoa, Sundried Tomato & Basil",3,0,3,0.0
All Occasion Napkins,107,56,51,52.336448598130836
Shredded Wheat Bite Size Cereal,79,45,34,56.9620253164557
Sweet Potato Ribbons,4,0,4,0.0
Green Tea & Bamboo Moisture Shave,22,2,20,9.090909090909092
Mild Korma Simmer Sauce,178,67,111,37.640449438202246
Snackers Seedlander,115,74,41,64.34782608695652
Lip Shimmer - Fig,15,0,15,0.0
Gluten-Free Shrimp & Vegetable Egg Rolls,28,4,24,14.285714285714285
Riced Cauliflower,32,7,25,21.875
Original Fat Free Potato Crisps,41,21,20,51.21951219512195
"Asparagus Spears, All White, Peeled",19,7,12,36.84210526315789
Ground Cayenne Pepper,85,4,81,4.705882352941177
Raspberry Coconut Oatmeal Fruit Squeeze,164,95,69,57.92682926829268
Parmesan Couscous Mix,3677,1753,1924,47.674734838183305
Coconut Oil Spray,19,7,12,36.84210526315789
Almond and Shea Butter Conditioner,42,14,28,33.33333333333333
"Pinot Grigio, Delle Venezie",49,22,27,44.89795918367347
Strawberry Lowfat Yogurt,1871,1225,646,65.47300908605024
Fruit Juice Sweetened Millet Rice Cereal,32,19,13,59.375
XXXtra Hot Chile Habanero Sauce,12,5,7,41.66666666666667
Dried & Sweet Cranberries,183,44,139,24.043715846994534
Dark Chocolate Sea Salt Caramel,42,19,23,45.23809523809524
Salt-Free Organic Lemon Pepper Seasoning Blend,180,18,162,10.0
Vanilla Al'mondo Protein Shake,425,310,115,72.94117647058823
Ricotta Whole Milk Cheese,386,121,265,31.34715025906736
Light Alfredo Sauce,96,51,45,53.125
Plant Protein Almond Butter,7,2,5,28.57142857142857
Summer Squash and Corn Ravioli in Egg Pasta,8,1,7,12.5
Wipes,8,4,4,50.0
Beer Especial,231,100,131,43.290043290043286
Spinach And Cheese Ravioli,221,93,128,42.081447963800905
Grape Super Drink,5,2,3,40.0
Lite Swiss Cheese Deli Fresh Slices,57,18,39,31.57894736842105
Vegan Mini Pumpkin Marshmallows,8,0,8,0.0
Poblano Pepper,6518,2905,3613,44.5688861613992
Fumigator Fogger,6,0,6,0.0
"Light Calcium, with Magnesium, Natural Orange Flavor",47,25,22,53.191489361702125
"Ice Cream, Vanilla Bean Espresso, Limited Edition",7,0,7,0.0
Air Freshener,17,6,11,35.294117647058826
Meal Starters Grillers Crumbles,238,114,124,47.89915966386555
Gluten Free Original Hummus,27,8,19,29.629629629629626
Asiago Creamed Spinach,8,3,5,37.5
Hello Panda Biscuits with Strawberry Cream,27,12,15,44.44444444444444
Hydro Boost Water Gel Facial Moisturizer,10,3,7,30.0
Cheesy Bacon & Egg Pot Pie,3,0,3,0.0
"Ravioli, Cheese, Mini Rounds",51,17,34,33.33333333333333
O'Soy Fruit on the Bottom Blueberry Organic Soy Yogurt,902,629,273,69.73392461197339
Mandarin Oranges in Light Syrup,799,372,427,46.55819774718398
Broccoli Florets,5778,3559,2219,61.5957078573901
Sayuri Junmai Nigori,22,11,11,50.0
Zesty Catalina Dressing Bright & Tany,13,3,10,23.076923076923077
Energy Drink,6461,4824,1637,74.66336480420988
French Bread,1200,575,625,47.91666666666667
Pomegranate Cherry Sparkling Seltzer Water,82,50,32,60.97560975609756
Coarse Grind with Garlic & Onion Lemon Pepper,12,1,11,8.333333333333332
Chocolate Favorites Variety Pack,9,0,9,0.0
Cocoa Banana Trail Mix,15,3,12,20.0
Mini Croissant,144,79,65,54.861111111111114
Perfect Point Plus Eye Liner - Black Onyx 200,28,9,19,32.142857142857146
New Orleans Nitro Cold Brew Coffee,101,25,76,24.752475247524753
Cinnamon Rolls with Vanilla Glaze,43,11,32,25.581395348837212
Sardines in Water,44,16,28,36.36363636363637
Honey Smokehouse Barbecue Sauce,24,6,18,25.0
Coconut Chai Green,4,0,4,0.0
Super Seedz Sea Salt Shelled Gourmet Pumpkin Seeds,388,191,197,49.22680412371135
Lemonade,19692,13173,6519,66.89518586227909
Nuts And Seeds Energy Bar,169,80,89,47.337278106508876
Chewable Tablets Esberitox,4,0,4,0.0
Hot Link Sausage,381,200,181,52.493438320209975
Organic Superfood Coconut Flour Gluten-Free,207,20,187,9.66183574879227
Soft Baked Cinnamon Bun Bars,13,3,10,23.076923076923077
Mozzarella Tomato & Basil Ravioli In Basil Pasta,48,18,30,37.5
French Lavender Soothing Shower Gel,131,38,93,29.00763358778626
Town House Italian Herb Flatbread Crisps,40,13,27,32.5
Microwavable Petite Carrots,49,28,21,57.14285714285714
Fresh Waters Freshmatic Ultra Automatic Spray Refill,19,9,10,47.368421052631575
Classic Side Sliced Hot Dog Buns,667,336,331,50.37481259370315
Honey Barbecue Sauce,697,170,527,24.390243902439025
Almond Breeze Reduced Sugar Vanilla Almondmilk,9,3,6,33.33333333333333
"Rice and Corn Puffs, Baked, Aged White Cheddar",18,3,15,16.666666666666664
Double Chocolate Chunk Protein Bar,75,48,27,64.0
Chicken Rice & Beans Burritos,126,61,65,48.41269841269841
Tuscany Lentil Soup,4,0,4,0.0
Raw Vegan Protein Chocolate,19,11,8,57.89473684210527
Rancheros Scramble,12,7,5,58.333333333333336
Original Skin Protectant/Sunscreen SPF 15 Moisturizer,89,18,71,20.224719101123593
Ultra Blue Energy Drink,39,20,19,51.28205128205128
Thin Cut Craft Beer Fries,25,9,16,36.0
Heath Coffee Creamer,14,7,7,50.0
Apple Juice Cocktail,59,34,25,57.6271186440678
Organic Handmade Granola,572,388,184,67.83216783216784
Saran Cling Clear Plastic Wrap,100,19,81,19.0
Raspberry Pomegranate Sparkling Green Coffee Energy Beverage,122,65,57,53.278688524590166
American Cheese Singles 22 Count,7,3,4,42.857142857142854
Sea Salt Caramel Gelato,6671,2782,3889,41.70289311947234
Italian Style Entrees Sausage & Tomato Rotini Pasta,11,5,6,45.45454545454545
Kiddy Cutlery,4,0,4,0.0
Puff Pastry Raspberry Turnovers,47,20,27,42.5531914893617
"Select Slices of Premium Meat, Glazed Chicken",17,13,4,76.47058823529412
Gluten Free Carrot Cake,4,0,4,0.0
Organic Raw Cashews,1066,659,407,61.81988742964353
Happy Baby Stage 2 Banana & Kiwi Organic Baby Food,107,54,53,50.467289719626166
Hawaiian Sweet Deluxe Hamburger Buns,99,33,66,33.33333333333333
Stevia Extract Packets,889,368,521,41.39482564679415
Carrot And Celery Sticks,3462,1686,1776,48.7001733102253
Alkaline Water,568,469,99,82.57042253521126
Organic Blue Corn Tortilla Dippers,245,141,104,57.55102040816327
Organic Recipe Granola,308,220,88,71.42857142857143
Assorted Minis XL,21,12,9,57.14285714285714
Sauce Touch O' Heat,58,19,39,32.758620689655174
Strawberry Paleo Pops,126,62,64,49.2063492063492
"Noticeables Febreze NOTICEables Gain Original Single Oil Refill Air Freshener (1 Count, 0.87 oz) Air Care",40,20,20,50.0
Ultra Strong Charmin Ultra Strong Toilet Paper 8 Mega Rolls Toilet Tissue,124,72,52,58.06451612903226
Organic Black Pepper,1319,719,600,54.51099317664898
Allure Mangosteen & Mango Aloe Juice,290,199,91,68.62068965517241
Habanero Cherry Beef Bar,721,416,305,57.69764216366158
Ultra Ribbed Premium Lubricant Condoms Stimulations,13,5,8,38.46153846153847
Medium Creamy Cilantro Salsa Dip,14,8,6,57.14285714285714
Ambrosia Apple,7,1,6,14.285714285714285
Eucalyptus Tea Lights,3,0,3,0.0
Save our Swirled Ice Cream,242,65,177,26.859504132231404
Signature Spicy Pickle Spears,110,49,61,44.54545454545455
Blonde American Lager,8,2,6,25.0
"Shortening, All-Vegetable",326,13,313,3.9877300613496933
Dairy Free Greek Yogurt Strawberry,623,318,305,51.04333868378812
White Spearmint Sugar-Free Gum,13,3,10,23.076923076923077
Family Size Naturally Flavored Whole Grain Oats Cereal,3982,2074,1908,52.0843797086891
Pure Cane Golden Brown Sugar,1611,383,1228,23.77405338299193
Lavender,10,1,9,10.0
All Occasion Classic White Paper Plates,630,374,256,59.36507936507937
Dried Banana Chips,279,152,127,54.48028673835126
Turkey Chili With Beans,63,29,34,46.03174603174603
Gh Party Favorite Jicama Sticks,98,42,56,42.857142857142854
Burger Roasted Garlic & Quinoa,21,11,10,52.38095238095239
Organic Sparkling Black Cherry Beverage,102,39,63,38.23529411764706
Maple-icious Pecan Soft Baked Granola,153,92,61,60.130718954248366
Organic White Cane Sugar,132,43,89,32.57575757575758
Lunchables Turkey & Cheddar with Crackers,1534,947,587,61.73402868318123
Tofu Spring Roll,1315,934,381,71.02661596958175
"Brown Rice, Organic",438,222,216,50.68493150684932
Gse Grapefruit Seed Extract Liquid Concentrate,13,0,13,0.0
Honey Turkey Breast Pre-Sliced Deli,126,56,70,44.44444444444444
Frosted Mini-Wheats Blueberry Cereal,170,100,70,58.82352941176471
Renewing Passion Fruit Nectar Hawaiian Lip Balm,5,0,5,0.0
Restaurante Style Bite Size Tortilla Chips,37,18,19,48.64864864864865
Core Turkey & Chicken Liver Canned Cat Food,177,111,66,62.71186440677966
Dark Chocolate Double Chocolate Nantucket,521,291,230,55.85412667946257
Grated Parmesan Romano Cheese,820,262,558,31.951219512195124
Original Smooth Style Strawberry Flavored Low Fat Yogurt,342,244,98,71.34502923976608
Eggs Hazelnut,13,2,11,15.384615384615385
Organic Atage 3 Nibbly Fingers Mangoes Carrots,2465,1629,836,66.08519269776876
Ground Veal,954,363,591,38.05031446540881
Real Bacon Bits,593,202,391,34.06408094435076
Gluten Free Smoked Jalapeño Extra Firm Tofu,43,25,18,58.139534883720934
Complete Omega Junior Lemon 500mg softgels,7,0,7,0.0
Country Style Pork Ribs,18,5,13,27.77777777777778
Quaker Real Medleys Peach Apple Walnut Multigrain Cereal,139,70,69,50.35971223021583
Organic Freeze Dried Pomegrante Powder,21,9,12,42.857142857142854
Family Size Hearts of Romaine,238,111,127,46.63865546218487
Dulce De Leche Milk Caramel,7,1,6,14.285714285714285
Original Club Crackers,1681,796,885,47.35276621058894
Night Serum,5,0,5,0.0
Plastic Spoons,1850,919,931,49.67567567567567
Pure Almond Paste,179,25,154,13.966480446927374
Cracked Pepper Water Crackers,18,12,6,66.66666666666666
Major Dickason's Blend Dark Roast K-Cups,872,614,258,70.41284403669725
Zinfandel,569,349,220,61.335676625659055
Harvest Berry Chewy Granola Bars,582,323,259,55.49828178694158
Baby Dry Size 4 Diapers,8,2,6,25.0
Chunky Mama's Special Garden Pasta Sauce,9,3,6,33.33333333333333
Crispy Battered Fish Portions Value Pack,142,46,96,32.3943661971831
Smart Ones Creamy Rigatoni With Broccoli & Chicken,223,115,108,51.569506726457405
Three Cheese Macaroni Tasty American Favorites,68,25,43,36.76470588235294
Organic Black Cherry Sparkling Juice,87,33,54,37.93103448275862
Tartar Fat Free Sauce for Seafood,14,2,12,14.285714285714285
Crunchy Oats 'n Honey Granola Bars,8723,5989,2734,68.65757193626047
Mango Coldpuree Pouch,12,5,7,41.66666666666667
Bathroom Cleaner Lemon Scent,9,1,8,11.11111111111111
Extra Rich & Thick Spaghetti Sauce Spices & Seasonings,8,2,6,25.0
"Dark Chocolate, Stone Ground, Organic, Toffee Almond & Sea Salt",160,75,85,46.875
Skin Therapy Women's Lotionized Shave Gel For Dry Skin,87,30,57,34.48275862068966
Orange Soda,1939,1042,897,53.73904074265084
Organic Bean Pasta Sauce,3,2,1,66.66666666666666
Goat's Milk Cheese,1732,1130,602,65.24249422632793
"Travel Toothbrush, Soft",30,7,23,23.333333333333332
"Bouillon, Powdered, Chicken Flavored, Econo Pak",3,0,3,0.0
Organic Coconut Fruit Bars,4,1,3,25.0
"Kefir, Pomegranate, Acai & Strawberry",37,17,20,45.94594594594595
Zero Grain Turkey Dog Food,31,17,14,54.83870967741935
Lemonade Fruit Bars,601,324,277,53.91014975041597
Original Caribbean Rum With Coconut Flavour,8,0,8,0.0
Red Pepper Hot Links Sausage,37,23,14,62.16216216216216
Medium Clear Hooks With Clear Strips,3,0,3,0.0
French Vanilla Dairy Creamer,22,11,11,50.0
Craisins,216,108,108,50.0
Valdobbiadene Prosecco,118,37,81,31.35593220338983
WetJet with Dawn Cleaner Solution Refill,10,2,8,20.0
Chicken Tortilla Flavor Instant Lunch,8,0,8,0.0
Fresh Avocado Vinaigrette,186,70,116,37.634408602150536
Organic Wheat Soba Noodles,112,34,78,30.357142857142854
"Bread, 12 Grain with Omega-3",32,23,9,71.875
Roasted Garlic Melba Snacks,37,18,19,48.64864864864865
Cookies 'N Cream Protein Bar,625,354,271,56.64
Chicken Broth Liquid Concentrate,42,23,19,54.761904761904766
Gourmet Chocolate 100% Premium Whey Protein Powder,40,10,30,25.0
Sugar Free Chocolate Syrup,142,56,86,39.436619718309856
Strip-Free Hot Wax for Brow & Face,5,0,5,0.0
Duck & Sweet Potato Stew Recipe Dog Food,32,21,11,65.625
Fresh Roasted Tomate & Chile Asado Medium Salsa,2083,1263,820,60.63370139222276
Vanilla Ice Cream Sandwiches,435,228,207,52.41379310344828
Beef Knockwurst,69,46,23,66.66666666666666
Montreal Chicken Seasoning,83,8,75,9.63855421686747
Hearty Minestrone with Vegetables Soup,1256,586,670,46.65605095541402
Chocolate Performance Protein Powder,39,21,18,53.84615384615385
5 Cheese Pita Crisps,62,31,31,50.0
Mini Caramel Egg,7,0,7,0.0
Vanilla Marshmallows,38,5,33,13.157894736842104
"Coconut, Dark Chocolate",31,18,13,58.06451612903226
"Sandwich Cookies, Peanut Butter Cup",20,3,17,15.0
Peanut Butter Chocolate Chip Granola Bar,5,0,5,0.0
Organic Vanilla RAW Protein,263,97,166,36.88212927756654
No Salt Added Frijoles Pintos Sin Sal Pinto Beans,23,6,17,26.08695652173913
Whole Red Kidney Beans,107,21,86,19.626168224299064
Dark Chocolate Mixed Nuts & Sea Salt Snack Bar,80,41,39,51.24999999999999
GoLean Peanut Hemp Crunch,7,2,5,28.57142857142857
Essential Makeup Removing Wipes Jasmine & Coconut Water Facial Towelettes,11,3,8,27.27272727272727
"Conditioner, Vegan, Enriching, Biotin + Bamboo",44,13,31,29.545454545454547
Chicken & Gibblets Dinner Pate Canned Cat Food,96,54,42,56.25
Eggo Buttermilk Pancakes,1744,1224,520,70.18348623853211
Whole Kalamata Olives,27,13,14,48.148148148148145
Protein Bar Cookies & Cream,356,232,124,65.1685393258427
Smooth Mint Sugar-Free Gum,15,9,6,60.0
Whole Peeled Straw Mushrooms,52,10,42,19.230769230769234
Chocolate Miracle Tart,878,540,338,61.50341685649203
Organic Live Food Bar Cherry Chocolate Chunk,18,1,17,5.555555555555555
New Zealand Ranch Style Lamb & Sweet Potato Recipe Dog Treats,5,0,5,0.0
Organic Coconut Original Unsweetened Non-Dairy Beverage,301,181,120,60.13289036544851
Fit Popcorn Real Butter Flavor,10,5,5,50.0
Cannellini Beans,2609,1010,1599,38.7121502491376
Honey Maid Teddy Grahams Go Pak,4,0,4,0.0
"Quinoa, Southwest Black Bean",5,0,5,0.0
Calcium 1200 mg Plus 1000 IU Vitamin D3 Rapid Release Liquid Softgels,15,4,11,26.666666666666668
"Fructis Hydra Recharge Fortifying Conditioners, All Hair Types",6,0,6,0.0
Whole Carrots,428,161,267,37.61682242990654
Seeded Italian Bread,37,16,21,43.24324324324324
Apple Cherry Concentrate Frozen,76,45,31,59.210526315789465
Dill Pickle Family Pack Potato Chips,17,7,10,41.17647058823529
Pimiento Stuffed Manzanilla Olives,15,5,10,33.33333333333333
Low Fat Banana Yogurt,42,23,19,54.761904761904766
No Fat Traditional Refried Beans,94,41,53,43.61702127659575
Baby Dry Diapers Jumbo Pack Size 4,263,118,145,44.866920152091254
Gluten Free Honey Nut Granola Mix,38,24,14,63.1578947368421
Sugar Free Vanilla Wafer Cookies,50,20,30,40.0
Big Bowl Reusable Containers,13,0,13,0.0
Chicken & Roasted Garlic Ravioli,26,15,11,57.692307692307686
Lentils,1211,519,692,42.857142857142854
Kung Pao Noodles,8,1,7,12.5
Shampoo Strengthening Peppermint,48,2,46,4.166666666666666
Smoked Paprika,897,71,826,7.915273132664437
Cherry Juicy Gels,36,11,25,30.555555555555557
Natural 2% Milk Sharp Cheddar Cheese Chunk,246,161,85,65.4471544715447
100% Pure Vegetable Oil,508,96,412,18.89763779527559
Purell 40 ct Fresh Hand Sanitizer,10,1,9,10.0
Chocolate Milk,3097,2099,998,67.77526638682596
Sweet Soy Glaze,17,8,9,47.05882352941176
Breaded Jalapeno Peppers,40,18,22,45.0
"Hot Habanero Jack Natural Cheese, Deli Sliced",28,4,24,14.285714285714285
Country Ranch Salad Kit,13,3,10,23.076923076923077
Parmesan Artisan Salami,2,0,2,0.0
"Juice Beverage, Fruit + Vegetable, Green Zing",17,5,12,29.411764705882355
Fajita Chicken Strips,52,26,26,50.0
Redcurrant Jelly,68,23,45,33.82352941176471
"Soymilk, Vanilla",19,13,6,68.42105263157895
Ultra Stain Release Original Liquid Laundry Detergent,57,27,30,47.368421052631575
Free and Gentle Tear Free Body Wash,40,22,18,55.00000000000001
"Culinary Stock, Vegetable",370,157,213,42.432432432432435
Infused Basil Oil,8,3,5,37.5
Cafe La Llave Espresso,19,10,9,52.63157894736842
Butter Toasted Peanuts,123,88,35,71.54471544715447
Roasted Almond Oil,7,0,7,0.0
Lemon Lime Water Drops Delicious Natural Stevia Water Enhancer,9,4,5,44.44444444444444
Decaffeinated Instant Coffee,12,3,9,25.0
Organic Sprouted White Bread,12,2,10,16.666666666666664
Clean Cut Look Pomade,46,11,35,23.91304347826087
Whole Grain CountryWild Rice,60,12,48,20.0
Cedarwood Body Wash,318,109,209,34.276729559748425
Plastic 16 oz. Cups,4,0,4,0.0
"9.5\"" Glass Pie Dish",4,0,4,0.0
Mountain Chill Soda,13,8,5,61.53846153846154
70% Dark Chocolate With Chile Bar,211,75,136,35.54502369668246
Chocolate Coconut Meal Bar,559,366,193,65.47406082289802
Vodka Eleganté Pasta Sauce,11,2,9,18.181818181818183
Sidekicks Chocolate Shake,112,87,25,77.67857142857143
Snacking Favorites Veggie Hummus Tray,19,5,14,26.31578947368421
Super Scoop Instant Clumping Unscented Cat Litter,617,381,236,61.750405186385734
Deviled Egg Potato Salad,435,205,230,47.12643678160919
Masala Veggies Paneer,45,14,31,31.11111111111111
Red Zone Collection Sweat Defense Extra Strong Swagger Scent Men's Anti-Perspirant & Deodorant,3,0,3,0.0
PreNatal Multivitamin Adult,175,59,116,33.714285714285715
Organic Garlic Caramelized Hummus,97,29,68,29.896907216494846
Rembrandt Deeply White + Peroxide Whitening Toothpaste,62,22,40,35.483870967741936
Dark Chocolate Fudge Creamy Home-Style Frosting,20,1,19,5.0
Organic Mild Salsa,873,352,521,40.32073310423826
Garlic Butter Crackers,24,15,9,62.5
Pate With Chicken & Liver,8,4,4,50.0
Extra Strength Itch Stopping Cream,57,5,52,8.771929824561402
Tomato Gourmet Medley True Rebel Mix,58,28,30,48.275862068965516
All Natural Dressing-Marinade-Dip Green Goddess,22,0,22,0.0
Twix Vanilla Yogurt,17,5,12,29.411764705882355
Shredded Lettuce,920,465,455,50.54347826086957
Rice Pecan Bread,31,13,18,41.935483870967744
Spot's Stew Wholesome Lamb Recipe Cat Food,50,27,23,54.0
Mmm...Super Yummy Yellow Cake Mix,64,14,50,21.875
"8\"" Marble Cake With Buttercreme Icing",5,1,4,20.0
Variety Pack Hard Cider,1014,628,386,61.93293885601578
Organic Whole White Mushrooms,6515,3741,2774,57.421335379892554
Traditional Seitan,748,347,401,46.3903743315508
Grape Juice Cocktail,12,5,7,41.66666666666667
Strawberry Dairy-Free Probiotic Drinkable Cashewgurt,140,59,81,42.142857142857146
Organic Crushed Fire Roasted Tomatoes,6999,2794,4205,39.919988569795684
Pizzeria Primo Pepperoni Pizza,493,290,203,58.82352941176471
100% Whole Wheat Angel Hair,8,3,5,37.5
No-Stick Spray 100% Extra Virgin Olive Oil,4,0,4,0.0
Mango Peach Passion Cereal,15,8,7,53.333333333333336
Burrata Mozzarela Cheese,1256,684,572,54.45859872611465
Original Crust,84,46,38,54.761904761904766
"Muffin Mix, Almond Flour, Banana",442,177,265,40.04524886877828
Biscotti with Almonds,12,4,8,33.33333333333333
Almonds & Apricots in Yogurt Fruit & Nut Bar,254,142,112,55.90551181102362
Ken Davis 2 Carb Classic BBQ,14,8,6,57.14285714285714
Green Chiles Refried Beans,99,38,61,38.38383838383838
Pastry Kitchens Classic Puff Pastry,1851,576,1275,31.118314424635336
Original Deli Style Pretzel Crackers,1142,641,501,56.12959719789843
Plain Water Seltzer,44,24,20,54.54545454545454
Organic Wise Punkin Level 2 Baby Food,456,305,151,66.8859649122807
Sparkling Limeade with Strawberry & Lychee Vietnamese Soda,4,0,4,0.0
Organic Potatoes,1314,458,856,34.855403348554034
Maui Milk Chocolate Coconut Almond Cookies,89,42,47,47.19101123595505
Toscana Hillside Vineyards Red,34,22,12,64.70588235294117
Stawberry Energy Chews,26,10,16,38.46153846153847
Carrot Sticks,2075,1194,881,57.54216867469879
"Shampoo, Ultra-Volume, Tangerine & Papaya Butter",42,8,34,19.047619047619047
Cilantro Pepita Caesar Dressing,69,16,53,23.18840579710145
Organic Deodorant Spray All Day Cool Vetiver,48,6,42,12.5
Healthy Request Cream of Chicken Condensed Soup,332,104,228,31.32530120481928
Active Dry Yeast,4587,1261,3326,27.49073468497929
Semi-soft Goat Cheese Bathed in Red Wine,10,3,7,30.0
Donettes Mini Glazed Donuts,97,32,65,32.98969072164948
Ginger Lemon Cashew Oat-Based Snack Bars,2,0,2,0.0
Organic Ground Allspice,19,0,19,0.0
Heavy Duty Large Drawstring Bags,10,1,9,10.0
Rigatoni,62,14,48,22.58064516129032
Buffalo Style Chicken Breast,38,19,19,50.0
Extra Hot Habanero Pepper Sauce,97,46,51,47.42268041237113
Maximum Absorbency Small/Medium Incontinence Underwear,34,25,9,73.52941176470588
Chocolate Syrup,575,151,424,26.260869565217394
Greenlight Strike On Box Matches,251,37,214,14.741035856573706
Gravy Lovers Chicken Feast Can Cat Food,544,371,173,68.19852941176471
Mild Cheddar Shredded Natural Cheddar Cheese Traditional Cut,188,81,107,43.08510638297872
Cantaloupes,124,55,69,44.354838709677416
All-Purpose Salt-Free Everyday Blends,18,0,18,0.0
U.T. Vibrance Tablets,3,0,3,0.0
Morning Thunder Black Tea,36,18,18,50.0
Firm Tofu,10652,6571,4081,61.68794592564777
Chocolate Oat Clusters,15,6,9,40.0
Four Berry Mix,127,34,93,26.77165354330709
Vegetable Classics Lentil Soup,929,462,467,49.730893433799785
Pampers Baby Dry Jumbo Size 3,142,56,86,39.436619718309856
Blue Cheese Crumbles,6315,2561,3754,40.55423594615994
Fresh Orange Juice,581,366,215,62.99483648881239
Snug & Dry Size 2 Diapers,13,6,7,46.15384615384615
Frozen Blueberries,2246,1398,848,62.2439893143366
Organic Jumbo Eggs,1361,999,362,73.40191036002939
Smart & Crunchy Fish Fillet,54,14,40,25.925925925925924
Organic Echinacea Herb Capsules,6,1,5,16.666666666666664
Jersey Milk Organic Whole Yogurt,29,19,10,65.51724137931035
All Profits To Charity Pineapple Salsa,174,76,98,43.67816091954023
Deli Select Ultra Thin Honey Ham,1814,1076,738,59.31642778390298
Double Strength Energy Drink,201,143,58,71.14427860696517
Long Burning Fireplace & Grill Matches,4,0,4,0.0
Chocolate Bar Milk Stevia Sweetened Salted Almond,761,565,196,74.24441524310119
100% Organic Rainbow Heirloom Quinoa,436,151,285,34.63302752293578
Coconut Hibiscus Shampoo,21,3,18,14.285714285714285
Marketplace Bean and Cheese Enchilada Verde,185,80,105,43.24324324324324
Select Pasta Sauce Marinara,131,38,93,29.00763358778626
Arborio White Rice,2581,800,1781,30.995738086013176
Medium Cookie Sheet,44,3,41,6.8181818181818175
Rich & Hearty Creamy Alfredo with Penne & Chicken,6,0,6,0.0
Gochujang Fermented Chile Paste Concentrate,319,36,283,11.285266457680251
Nasal Relief Simply Saline Nasal Mist,59,12,47,20.33898305084746
Breton Gluten Free Original Crackers with Flax,83,47,36,56.62650602409639
Spinach & Artichoke Parmesan Dip,65,25,40,38.46153846153847
Shake 'N Bake Original Pork Seasoned Coating Mix,136,52,84,38.23529411764706
Gluten Free Uncured Frozen Pepperoni Pizza,2984,1860,1124,62.33243967828418
Cookies and Cream Kandy Bars,21,2,19,9.523809523809524
Shredded Smokey Barbecue Beets,82,34,48,41.46341463414634
Lemon Ginger Tea Bags,2439,947,1492,38.82738827388274
Hairsprays Big Sexy Hair,4,0,4,0.0
Organic High Fiber Oat Bran Hot Cereal,399,192,207,48.1203007518797
The Complete Cookie Chocolate Chip,444,267,177,60.13513513513513
Organic Half Spring Mix,1225,540,685,44.08163265306123
Truffle Mac & Cheese Whole Wheat,9,1,8,11.11111111111111
Great Lash Waterproof Mascara - Brownish Black 112,5,0,5,0.0
Henry & Lisa's Wild Alaskan Pink Salmon,92,37,55,40.21739130434783
Classic Melba Toast,131,50,81,38.16793893129771
Homestyle Potato Salad,14,1,13,7.142857142857142
Nitrile Gloves,6,0,6,0.0
Spicy Chicken Sliders,40,19,21,47.5
Original Flavor Manuka Honey with Propolis Lozenges,23,7,16,30.434782608695656
Habanero Pepper Sauce,92,42,50,45.65217391304348
Selects Solid Light Tuna in Extra Virgin Olive Oil,167,99,68,59.2814371257485
"Bread, French Baguette, Mini",228,93,135,40.78947368421053
Gluten Free Panko Breadcrumbs,1176,419,757,35.62925170068027
Ultimate Clean for Dishes Dishwasher Sparkling Platinum,7,0,7,0.0
Simply Smart Original Grilled Chicken Strips,24,6,18,25.0
Reduced Fat Chocolate Chip Cookies,115,67,48,58.26086956521739
Sesame Oil,70,11,59,15.714285714285714
Santa Cruz OG Sdls Red Raspberry Fruit Spread,950,441,509,46.421052631578945
Super V Fruit Punch Fruit & Vegetable Juice Drink,136,89,47,65.44117647058823
Multigrain Oatbran Cereal,80,37,43,46.25
"Cashew Mix, Raspberry Crumble",55,28,27,50.90909090909091
Imported Extra Light Tasting Olive Oil,32,16,16,50.0
Tuna and Cheese Cheezy Middles Cat Treats,14,9,5,64.28571428571429
Biotin 1000 mcg Tablets,12,0,12,0.0
Artesian Still Water,333,175,158,52.552552552552555
Dishwasher Detergent Liquid Lemon Scent,482,129,353,26.763485477178424
Diet Orange Soda,950,690,260,72.63157894736842
Children's Bubblegum Chewable Tablets Upset Stomach Reliever/Anti-Diarrheal,26,3,23,11.538461538461538
Biscuit & Sausage Gravy Breakfast Bowl,102,58,44,56.86274509803921
Tranquil Chamomile & Jasmine Gel Air Freshener,64,39,25,60.9375
Dark Chocolate Peppermint Cups,69,49,20,71.01449275362319
Potato Starch,17,0,17,0.0
Vanilla Cupcake,74,33,41,44.5945945945946
Authentic French Brioche Hamburger Buns,10379,6727,3652,64.81356585412853
Pearl Regular Absorbency Scented Tampons,40,11,29,27.500000000000004
Decadent Carrot Cake Premium Cake Mix,33,6,27,18.181818181818183
Acai & Blueberry Flavors Dark Chocolate,199,102,97,51.256281407035175
Quartered & Marinated Artichoke Hearts,627,232,395,37.00159489633174
Cauliflower Sandwich Thins,56,26,30,46.42857142857143
Gluten Free Raw Green Superfood Chocolate Drink Powder,108,38,70,35.18518518518518
Organic Mexican Blend Finely Shredded Cheese,18367,11789,6578,64.18576795339467
Washable Disappearing Purple School Glue Sticks,23,5,18,21.73913043478261
Barley & Mushroom Soup,8,1,7,12.5
Steel Cut with Protein Maple & Brown Sugar Oatmeal,19,5,14,26.31578947368421
Paper Toilet Seat Covers,151,89,62,58.94039735099338
Mint Chip Soy Ice Cream,98,47,51,47.95918367346938
Original Patties (100965) 12 Oz Breakfast,396,195,201,49.24242424242424
Organic Premium Quality Pure Vanilla Extract,6,0,6,0.0
Star Wars Healthy Kids Pasta Condensed Soup,90,37,53,41.11111111111111
Reduced-fat Soft Cream Cheese,1934,694,1240,35.8841778697001
Organic Peanut Powder with Chia,16,6,10,37.5
Deodorant Sandalwood,112,21,91,18.75
Flax Oil,161,58,103,36.024844720496894
Beyond Chicken Southwest Style Strips,283,158,125,55.830388692579504
Snickers Ice Cream,329,118,211,35.86626139817629
Sweet Iced Tea,431,276,155,64.03712296983758
Red Blend Winemaker's Blend,7,1,6,14.285714285714285
Curate Pomme Baya-Apple Berry Sparkling Water,2762,1654,1108,59.88414192614048
100% Pure Tangerine Oil,16,1,15,6.25
Superfino Arborio Rice,9,2,7,22.22222222222222
"Cha Cha Cha Muffins (Paleo, Grain Free, Dairy Free)",10,4,6,40.0
Thick Slices Canadian Bacon,161,93,68,57.7639751552795
Honey Puffs Cereal,217,83,134,38.24884792626728
Crispy Granny Smith Apple Chips,66,32,34,48.484848484848484
Liqueur,60,31,29,51.66666666666667
California Cauliflower,5065,2298,2767,45.370187561697925
Nutty Caramel K Cup,20,8,12,40.0
"Tea, Organic, Chai Black, Bags",342,153,189,44.73684210526316
"Fruities On-the-Go Apple, Mango, & Carrot Puree",3,1,2,33.33333333333333
Free & Clear Bleach,1808,679,1129,37.55530973451327
Keratin Smooth Shampoo,77,9,68,11.688311688311687
Yellow Potatoes,20,5,15,25.0
Eggless Scramble Breakfast Pockets,64,32,32,50.0
Creamy Ranch Rice Crisps,89,47,42,52.80898876404494
Dark Chocolate & Oats Granola Cookies,627,369,258,58.85167464114832
Ocean Fresh Scent Disinfecting Wipes,134,42,92,31.343283582089555
Migraine,34,10,24,29.411764705882355
Tortilla Chips Nacho Cheese Flavored,81,29,52,35.80246913580247
Mexicane Cola Beverage,128,82,46,64.0625
Chunky Kickin Buffalo-Style Chicken Soup,36,14,22,38.88888888888889
Honest Diapers Size 3,13,5,8,38.46153846153847
Ecos Dishmate Bamboo Lemon,89,24,65,26.96629213483146
Traditional Dry Hard Cider,6,0,6,0.0
Delights Super Moist Party Rainbow Chip Cake Mix,102,7,95,6.862745098039216
All-Natural Chunky Salsa Medium,815,281,534,34.47852760736196
Bai Bubbles Guatemala Guava,66,23,43,34.84848484848485
Ibuprofen Liqui-Gels,208,78,130,37.5
American Classic Creamy Peanut Butter,12,3,9,25.0
Repair & Protect Whitening Toothpaste for Sensitive Teeth,42,12,30,28.57142857142857
Smooth & Balanced Pike Place Medium Roast Ground Coffee,1199,745,454,62.13511259382819
All Natural Thin & Crispy Uncured Pepperoni Pizza,740,439,301,59.32432432432433
Jalapeno,1798,1222,576,67.96440489432703
Triple Clean Tropical Breeze 125 Loads Laundry Detergent,51,31,20,60.78431372549019
Indian Coconut Nectar Body Butter,14,2,12,14.285714285714285
Indigo Blue Corn Tortilla Chips,286,130,156,45.45454545454545
Fresh Mozzarella,1094,523,571,47.80621572212066
Milano Mocha Chocolate Cookies,12,4,8,33.33333333333333
Original Thin Pepperoni Pizza,1683,1112,571,66.07248960190137
Icing Tip Set,5,0,5,0.0
Cacao Crunch Bar,4,2,2,50.0
Organic Light Blue Agave,165,65,100,39.39393939393939
100% Cotton Balls,33,4,29,12.121212121212121
Gluten Free Breaded Chicken Breast Strips,53,26,27,49.056603773584904
Wheat Thins Multipack Variety 12 Ct 12oz,10,5,5,50.0
Sweet Grape Tomatoes,996,553,443,55.52208835341366
Goat Brie,118,33,85,27.966101694915253
Cracker Cuts Sharp Cheddar Cheese,83,42,41,50.602409638554214
Organic Canned Great Northern Beans,63,27,36,42.857142857142854
"Dog Food, Adult, Grain-Free, Beef Tripe & Chicken, Apples & Green Peas Entree",15,6,9,40.0
Carrot Mango Veggie Blend Juice,37,11,26,29.72972972972973
Mini Peppermint Canes,25,4,21,16.0
With Whole Almonds Milk Chocolate,12,6,6,50.0
DayQuil Severe Cold & Flu Relief Liquid,26,2,24,7.6923076923076925
2 Quart Reusable Premium Nut Milk Bag,41,4,37,9.75609756097561
Boneless Fried Chicken & Waffles,13,6,7,46.15384615384615
Pain Relief Liquid Gels,94,48,46,51.06382978723404
Cherry Juice Drinks,126,86,40,68.25396825396825
Poultry A Plenty Recipe,21,4,17,19.047619047619047
Organic Shiitake Mushrooms,629,245,384,38.950715421303656
Organic Cacao Beans,8,1,7,12.5
Cooking Spray Coconut Oil,273,62,211,22.71062271062271
Instant Oatmeal Weight Control Variety,342,149,193,43.567251461988306
Cheez-It Crispy Cracker Chips Grooves Original Cheddar,97,43,54,44.329896907216494
Red Palm Oil,79,11,68,13.924050632911392
Organic Dried Tart Cherries & Sultana Raisins,44,9,35,20.454545454545457
Gluten Free Fusilli,1025,621,404,60.58536585365854
Long Grain Brown Rice,1096,384,712,35.03649635036496
Cleanse Smart Advanced Total-Body Internal Cleanse 30-Day Program Vegetable Capsules,11,0,11,0.0
Ocean Paradise All Purpose Cleaner,18,3,15,16.666666666666664
Thins Original,63,25,38,39.682539682539684
Free & Clear Dishwasher Rinse Aid,351,126,225,35.8974358974359
Dark Chocolate Sea Salt,13,7,6,53.84615384615385
Organic Air Chilled Whole Chicken,5784,3642,2142,62.96680497925311
Refill Size Peppermint & Tea Tree Hand Soap,23,7,16,30.434782608695656
Maple Premium Syrup,85,36,49,42.35294117647059
Magnum Lubricated Large Size Latex Condoms,36,9,27,25.0
Arnica Sports Shower Gel,3,0,3,0.0
"Habanero Pepper Sauce, Mango, Original",6,0,6,0.0
Turkey Gravy Mix,256,60,196,23.4375
Honey BBQ Chicken Wings,35,10,25,28.57142857142857
Club Sandwich Variety Pack,144,83,61,57.638888888888886
Yellow Popcorn,19,8,11,42.10526315789473
Cottage Cheese 22 Oz,219,144,75,65.75342465753424
Sun Dried Tomato Tapenade,10,2,8,20.0
Lint Roller Sheets,15,2,13,13.333333333333334
Dried Cherry Montmorency Tart,232,113,119,48.706896551724135
Fresh European Style Baby Spinach,2422,1609,813,66.43270024772914
Organic Jumbo Garlic,22,6,16,27.27272727272727
Organic Banana Cooked Pudding And Pie Filling Mix,8,0,8,0.0
XX Espresso Iced Coffee With Almond Milk,2399,1305,1094,54.39766569403919
Fresh Invisible Solid Anti-Perspirant/Deodorant,56,20,36,35.714285714285715
Key Lime Pie Singles,139,52,87,37.410071942446045
Extra Whitening Toothpaste,833,271,562,32.53301320528211
Nonfat with FOS Organic Original Kefir,91,58,33,63.73626373626373
Premium Plastic Wrap,510,76,434,14.901960784313726
Crescent Roll Cans,130,58,72,44.61538461538462
Imported Petits Toasts,44,14,30,31.818181818181817
Foamy Sensitive Skin Shaving Cream,154,22,132,14.285714285714285
Meatloaf,340,214,126,62.94117647058823
Special Protein Breakfast Shake Chocolate Delight,27,9,18,33.33333333333333
Organic Nine Mixed Grain Bread,324,213,111,65.74074074074075
Dark Chocolate Caramels,19,4,15,21.052631578947366
Bartlett Pears,35413,23015,12398,64.99025781492672
Organic Creamy Cashewmilk,45,22,23,48.888888888888886
Spring Tulip Delicate Wash,258,96,162,37.2093023255814
Peppermint Schnapps Liqueur,3,0,3,0.0
Brie Soft Ripened Cheese,30,11,19,36.666666666666664
Mild Pepper Rings,10,3,7,30.0
Mini Chocolate Chunk Cookies,3202,2333,869,72.86071205496565
Gluten Free Triple Chocolate Brownie,8,3,5,37.5
Purple Bell Peppers,20,6,14,30.0
Cherry Cultured Lowfat Milk Kefir Smoothie,57,28,29,49.122807017543856
Cocoa Classics French Vanilla & Chocolate Hot Cocoa Mix,21,14,7,66.66666666666666
Toasted Coconut Black Tea Bags,11,3,8,27.27272727272727
Unscented Glycerine Soap,16,6,10,37.5
Easter Basket,1,0,1,0.0
Cold Pressed Watermelon & Lemon Juice Blend,54,22,32,40.74074074074074
Sugar Free Real Desserts Gelatin Snacks,19,13,6,68.42105263157895
Uncrustables Peanut Butter & Strawberry Jam Sandwiches,391,221,170,56.52173913043478
Almond Ice Cream,67,29,38,43.28358208955223
Strawberry Lemonade,1348,732,616,54.3026706231454
Organic Greek Whole Milk Blended Strawberry Yogurt,4206,3134,1072,74.51260104612459
Balancing Toner,10,5,5,50.0
Pure Leaf Unsweetened Real Brewed Tea,1265,847,418,66.95652173913044
Crunchy Sunflower Seed Bites Salt & Pepper,267,157,110,58.80149812734082
Black Pearls Ripe Olives,144,44,100,30.555555555555557
Refined Coconut Oil,309,119,190,38.51132686084142
Original Tangy BBQ Sauce,56,13,43,23.214285714285715
Spanish Onion,14,1,13,7.142857142857142
Complete Day Moisturizer SPF 15,14,0,14,0.0
Ham & Turkey Breast Sub Kit,130,79,51,60.76923076923077
Bud Light Platinum Beer,6,1,5,16.666666666666664
Mighty Bar Beef with Uncured Bacon & Apple Protein Bar,104,19,85,18.269230769230766
Flavors French Vanilla Mountain Grown Ground Coffee,35,21,14,60.0
Classic Creme Cookies,123,52,71,42.27642276422765
Raspberry Rain Moisturizing Shave Gel,44,10,34,22.727272727272727
Ham,41,14,27,34.146341463414636
Lint Roller Refill,8,1,7,12.5
Lite Soy Sauce,208,53,155,25.48076923076923
Instant Oatmeal Original,12,2,10,16.666666666666664
Smooth & Silky Conditioner,67,18,49,26.865671641791046
Soft and Chewy Coconut Cashew Granola,47,25,22,53.191489361702125
"Arborio Rice, Superfino, Risotto",80,15,65,18.75
Dark Roast Instant Coffee,159,85,74,53.459119496855344
"Adult Sugar-Free Cough+Chest Congestion DM, Non-Drowsy Liquid",18,3,15,16.666666666666664
"Pasta Sauce, Organic, Premium, Tomato Basil",18,2,16,11.11111111111111
Family Size Lasagna with Meat & Sauce,476,175,301,36.76470588235294
Solid White Albacore,66,22,44,33.33333333333333
Chocolate Candy,35,9,26,25.71428571428571
Green Chile Enchilada Sauce,1717,699,1018,40.710541642399534
4 Pull-Apart Dipping Strips Four Cheese with Marinara Dipping Sauce Packet Pizza Dipping Strips,35,11,24,31.428571428571427
Rainbow Crisps Fig And Olive Crackers,2764,1305,1459,47.214182344428366
Strawberry Banana Fruit Smoothie,327,180,147,55.04587155963303
Gluten Free Mongolian Beef With Asparagus And Scallions,6,0,6,0.0
Toaster Strudel Strawberry Toaster Pastries,53,19,34,35.84905660377358
Dairy-Free Black & Bold Cold Brew Coffee,494,340,154,68.82591093117408
Broiler Pans,122,83,39,68.0327868852459
Organic Gluten Free Chia Plus with Quinoa & Amaranth Waffles,3314,2264,1050,68.31623415811708
2% Organic Reduced Fat Milk,4,0,4,0.0
Honey Nut Cheerios,26741,15340,11401,57.365094798249885
Spring & Renewal Air Effects Air Refresher,297,104,193,35.01683501683502
Organic Maxi Pads,60,24,36,40.0
Black Cherry Amaretto Gelato,113,45,68,39.823008849557525
Carousel Party Sprinkles,5,1,4,20.0
Norwegian Unflavored Cold Liver Oil,12,5,7,41.66666666666667
Adult 50+ Ultimate Flora Probiotic Vegetable Capsules Daily Supplement,3,0,3,0.0
White Gardenia Moisturizing Shower Gel,36,6,30,16.666666666666664
Organic Very Veggie Variety Pack,38,9,29,23.684210526315788
Red Hot Sweet Chili Hot Sauce,29,3,26,10.344827586206897
Milk Chocolate Peanut Butta Pro Protein Bar,52,39,13,75.0
Endless Summer Mix,190,75,115,39.473684210526315
Tablets,7,2,5,28.57142857142857
Sugarfree Polar Ice Gum,10,4,6,40.0
Spelt Mini Pretzels,145,81,64,55.86206896551724
Wing Corkscrew,7,0,7,0.0
Sea Salt Baked Potato Chips,2670,1707,963,63.93258426966292
Sour Cream & Onion Bunnies Baked Snack Crackers,162,43,119,26.543209876543212
Chocolate Chip Ice Cream,205,97,108,47.3170731707317
Squared Cups,348,159,189,45.689655172413794
Chopped Chicken Liver,58,14,44,24.137931034482758
Fillo Dough Pastry Sheets,177,16,161,9.03954802259887
Natural Flavor Microwave Popcorn,166,90,76,54.21686746987952
Volcano Lime Burst,46,11,35,23.91304347826087
Extra Fancy Braeburn Apples,80,38,42,47.5
NyQuil Severe Cold & Flu Nighttime Relief,40,5,35,12.5
Mexican Chocolate Yogurt,447,186,261,41.61073825503356
Stewed Tomato,10,3,7,30.0
"Herbal Tea, Organic Chamomile",12,7,5,58.333333333333336
Lemon Fresh Cleanser with Bleach,172,44,128,25.581395348837212
Villagio Marzano Heavenly Tomatoes,2425,901,1524,37.15463917525773
Instant Glue,9,0,9,0.0
Premium Hardwood Smoked Seasoned Angus Beef Franks,7,0,7,0.0
Imported Cocktail Onions,47,20,27,42.5531914893617
"Cookies, Bite Size, Gluten Free & Wheat Free, Shortbread",4,0,4,0.0
Variety Pack Cat Food,10,7,3,70.0
Sliced Stewed Tomatoes,65,16,49,24.615384615384617
My Kind Organics Orange Vitamin C Spray,55,34,21,61.81818181818181
Cabernet Sauvignon Napa Valley,58,29,29,50.0
Sweet Cream Buttermilk,329,134,195,40.72948328267477
Pocket Pearl Super,6,0,6,0.0
Crushed Tomatoes  No Salt Added,175,55,120,31.428571428571427
Recovery Lemonade,106,75,31,70.75471698113208
Aqua with Vitamin E Refreshing Soap Bars,27,6,21,22.22222222222222
Wild Seafood Boulliabaisse,49,17,32,34.69387755102041
Classic Bun-Length Wieners,333,158,175,47.44744744744745
Organic Mesa Sunrise Cereal,1949,1370,579,70.2924576706003
Beef Jerky Dog Treat Beef & Sweet Potato Recipe,15,3,12,20.0
Creamy Supreme Lemon Frosting,10,1,9,10.0
Whole Wheat Elbow Macaroni,7,0,7,0.0
Antipasto Meat Selection,7,1,6,14.285714285714285
Free Fabric Softener Sheets,5,0,5,0.0
Lemon Zinger Herbal Tea,305,104,201,34.0983606557377
Clean Day Lavender Scent Room Freshener Spray,48,5,43,10.416666666666668
Organic Stress Ease Tea,73,21,52,28.767123287671232
100% Certified Raw Organic Honey,28,8,20,28.57142857142857
Bagel Chips Toasted Garlic,192,62,130,32.29166666666667
Moisturizing Lotionized Shave Gel with Vitamin E,36,28,8,77.77777777777779
Pure Mint Clarifying Body Wash,33,5,28,15.151515151515152
Vanilla Mint Moisturizing Shampoo,33,2,31,6.0606060606060606
"Kefir, Organic, Mango, Orange & Pineapple",30,13,17,43.333333333333336
Strawberry Banana Peach Light & Fit Nonfat Yogurt,3,0,3,0.0
Immune Support Supplement for Kids Assorted Fruit Flavored,14,6,8,42.857142857142854
Cured Salt Pork,41,8,33,19.51219512195122
Natural Instincts Non-Permanent Hair Color 6G Light Golden Brown,9,1,8,11.11111111111111
Bread & Butter Pickle Chips,2380,1073,1307,45.08403361344538
Apple And Banana Fruit Squish'ems,88,46,42,52.27272727272727
Extra Fresh + Whitening Fresh Mint Fluoride Toothpaste,24,9,15,37.5
Old World Style Traditional Pasta Sauce,614,295,319,48.045602605863195
Salted Caramel Brownie,14,5,9,35.714285714285715
Orange Dulce Black Tea,29,7,22,24.137931034482758
Reduced Fat Mozzarella Shredded Cheese,303,88,215,29.042904290429046
Barrel Aged Sriracha,3,0,3,0.0
Roasted Salted Pistachios,225,95,130,42.22222222222222
Anti-Breakage Pantene Pro-V Anti-Breakage Shampoo Female Hair Care,7,0,7,0.0
Hand & Body Lotion - Pomegranate,4,0,4,0.0
Organic Fire Roasted Diced Tomatoes,1478,463,1015,31.326116373477674
Frozen Mango Chunks,448,201,247,44.86607142857143
Organic Red Thai Curry,50,5,45,10.0
Half & Half Peach Lemonade Tea,3,0,3,0.0
"Sauvignon Blanc, Napa Valley, 2009",168,111,57,66.07142857142857
Frozen Whole Turkey,24,0,24,0.0
Whole Grain Thin Spaghetti,7,0,7,0.0
Aged Wisconsin Cheddar Cheese,15,4,11,26.666666666666668
IcyHot Pain Relieving,26,3,23,11.538461538461538
Gluten Free Comfort Chicken In Sweet BBQ Sauce Frozen Dinner,155,80,75,51.61290322580645
Heat & Eat Organic Long Grain Bowl Rice Bowl,202,131,71,64.85148514851485
Touch Garlic Press,7,1,6,14.285714285714285
Instant Noodle Soup Chicken Style,74,37,37,50.0
Black Cherry 4pk12oz,18,14,4,77.77777777777779
100% Apple Berry Cherry Juice,7,2,5,28.57142857142857
Oil-Free Pink Grapefruit Cleansing Wipes for Acne Prone Skin,240,104,136,43.333333333333336
Picture & Frame Hanging Strips,6,0,6,0.0
Mega Mix Box,8,2,6,25.0
Solar Yerba Mate Brew,98,70,28,71.42857142857143
Dark Chocolate Sea Salt Bar,30,14,16,46.666666666666664
Original Breakfast Sausage,10,0,10,0.0
Custard Filled Mini Eclairs,84,17,67,20.238095238095237
Fusilli Corti Col Bugo,18,6,12,33.33333333333333
Health Berry Blend,54,24,30,44.44444444444444
All Natural White Truffle Oil,6,1,5,16.666666666666664
Original Vegetable oil Sticks,16,4,12,25.0
Applesauce On The Go Apple Peach Pouches,134,76,58,56.71641791044776
Glazed Walnut Pieces,131,51,80,38.93129770992366
"Frosting Mix, Vanilla",84,9,75,10.714285714285714
Heritage O's Multigrain Cereal,284,148,136,52.112676056338024
Organic Tomato Cluster,64289,42261,22028,65.73597349468805
Everyday Shea Lemon & Lavender Shampoo & Body Wash For Babies & Up,166,33,133,19.879518072289155
"Cheese Pizza Sticks, Cheese",12,5,7,41.66666666666667
Vegetarian Chili Seasoning,731,273,458,37.34610123119015
2nd Foods Apples,78,31,47,39.743589743589745
Maximum Strength Anti-Itch Medicated Wipes with Odor Block Protection,18,4,14,22.22222222222222
Aduki Beans,311,132,179,42.443729903536976
Original Berry Flavor Infant Drops,28,3,25,10.714285714285714
Thyme Leaves,446,26,420,5.829596412556054
Thin Sliced Colby Jack Cheese,396,242,154,61.111111111111114
"Organic Daikon Root, Bunch",3058,1503,1555,49.14977109221714
Automatic Dish Washing Gel Lemon Scent,31,3,28,9.67741935483871
Medium Claw Hairclips,3,1,2,33.33333333333333
Organic Kale Berry Smoothie Kickstart,394,133,261,33.756345177664976
All-Surface Cleaner,3,1,2,33.33333333333333
Ham Slices Naturally Hickory Smoked,39,10,29,25.64102564102564
Cored Pineapple,1210,585,625,48.34710743801653
Coconut Cardamom Almond Butter,1,0,1,0.0
Dark Roast,189,118,71,62.43386243386243
Mushrooms Pieces & Stems,194,77,117,39.69072164948454
Vanilla Milk Chocolate Ice Cream Bars,1289,661,628,51.280062063615205
Puff Pastry Shells,96,20,76,20.833333333333336
California White Jasmine Rice,1384,569,815,41.11271676300578
White Distilled Vinegar,1012,319,693,31.521739130434785
English Muffin Toasting Bread,25,7,18,28.000000000000004
Crunchy Almond Cereal,52,30,22,57.692307692307686
Hawaiian Aloha Candle,29,13,16,44.827586206896555
Special K Flatbread Egg Spinach & Cheese Medley Breakfast Sandwiches,135,97,38,71.85185185185186
Pressed Hearty Greens Juice,83,41,42,49.39759036144578
Whole Grain Corn Tortilla Chips Nacho Cheese,47,22,25,46.808510638297875
Premium Choice Gloves Small/Medium,44,6,38,13.636363636363635
"Triphala, Vegetarian Capsules",18,5,13,27.77777777777778
Italian Style Turkey Meatballs,57,16,41,28.07017543859649
Le Brie Mini Soft Ripened Cheese,755,526,229,69.66887417218544
Margarine Quarters,326,176,150,53.987730061349694
Biodynamic Tomato Basil Pasta Sauce,213,112,101,52.58215962441315
Triple Antibiotic Ointment,11,2,9,18.181818181818183
Dried Black Eyed Peas,32,4,28,12.5
Corn Tortilla,88,58,30,65.9090909090909
Pyramid Black Pearl Tea,4,0,4,0.0
Bagel Chips,718,383,335,53.34261838440112
Chicken Parmesan and Penne,31,9,22,29.03225806451613
"Pore Minimizer, Aloe + Willow Bark, for Active & Oily Skin",4,0,4,0.0
Cough+Chest Congestion Dm Non Drowsy Syrup,16,0,16,0.0
White Chocolate With Strawberries,173,98,75,56.64739884393064
Dirty Chai Latte,29,8,21,27.586206896551722
Wholegrain Mustard,16,0,16,0.0
Pro-Health Stages Disney Baby Manual Toothbrush,45,8,37,17.77777777777778
Lite Honey Mustard Vinaigrette Dressing Lite,205,87,118,42.4390243902439
Cut Tulips (Choose Color),2467,1203,1264,48.763680583704904
Citron Vodka,15,9,6,60.0
"Tuna Ventresca, in Olive Oil",456,247,209,54.166666666666664
Pasture Raised Salted Butter,843,510,333,60.4982206405694
Tasty Treasures with Turkey & Cheese in Gravy Cat Food,81,58,23,71.60493827160494
Grilled and Ready Pulled Chicken Breast,95,40,55,42.10526315789473
Organic 1% Lowfat Chocolate Milk,3,0,3,0.0
with Xylitol Watermelon Twist 18 Sticks Sugar Free Gum,68,31,37,45.588235294117645
American Yellow Cheese,40,21,19,52.5
Magic Eraser Bathtub Cleaner & Scrubber Sponge,20,3,17,15.0
Body Powder Original Strength,16,0,16,0.0
Artichoke Pesto,188,43,145,22.872340425531913
Organic Earl Grey Black Tea Bags,29,10,19,34.48275862068966
Hawaiian Aloha Scent Fabric Refresher Spray,8,2,6,25.0
Original Thins,1118,549,569,49.105545617173526
Marshmallow Creme,455,99,356,21.75824175824176
Black Beluga Lentils,129,36,93,27.906976744186046
Non GMO Organic Brown Eggs,1019,650,369,63.78802747791953
Olive Oil Normal No Lye Built In Protection Relaxer System,7,3,4,42.857142857142854
30 Gallon Quick Tie Outdoor Trash Bags,72,32,40,44.44444444444444
Thai Coconut Galangal Stir Fry Sauce,4,0,4,0.0
Purple Potatoes Bag,7,1,6,14.285714285714285
Refreshing Deodorant Soap Classic Scent,6,0,6,0.0
Jr Organic Chocolate Banana Granola,6,1,5,16.666666666666664
Gluten Free Miso Soup Tofu,66,39,27,59.09090909090909
Organic PB & J Chewy Granola Bars,156,40,116,25.64102564102564
"Hand Soap, Moisturizing, Olive & Aloe",16,8,8,50.0
Mamma Bella's Recipe Garlic Bread,359,148,211,41.22562674094708
Cranberry 450mg Extract Softgels - 60 CT,6,0,6,0.0
"Pupusas, Black Bean & Sweet Corn",1023,523,500,51.12414467253177
Qi'a Gluten Free Oatmeal Superseeds and Grains packets,246,149,97,60.56910569105691
Thin Stackers Organic Red Rice & Quinoa Puffed Grain Cakes,1454,867,587,59.62861072902338
Peanut Butter Brownies,2,0,2,0.0
96% Lean Ground Beef,275,139,136,50.54545454545455
Berry Chewable Tablets,68,25,43,36.76470588235294
2 In 1 Fresh Berries Wild Raspberry Candle,9,0,9,0.0
Pure Squeezed Calcium & Vitamin D No Pulp Orange Juice,163,77,86,47.239263803680984
Low Fat Strawberry Raspberry Granola,6,3,3,50.0
Teriyaki Salmon Burger,36,5,31,13.88888888888889
Scalp Intensive Treatment,16,7,9,43.75
Larch Larix Decidua,5,1,4,20.0
Black Pepper Grinder,106,11,95,10.377358490566039
Honey Sesame Pumpkin Seeds,6,1,5,16.666666666666664
Gluten Free 8 Grain Hot Cereal,10,1,9,10.0
Hand-Tied Garlic Knots,49,14,35,28.57142857142857
"Chelada Imported Beer With Tomato, Salt And Lime",6,3,3,50.0
Replenishing Rich Facial Moisturizer,12,0,12,0.0
Pepper Jack Flavor Cheese Alternative,16,3,13,18.75
Multi-Symptom Cold  CF Maximum Strength,7,0,7,0.0
Crispy Fruit Freeze-Dried Tangerine - 6 PK,72,29,43,40.27777777777778
Pane Turano Italian Bread,519,390,129,75.14450867052022
Ultragrain Tortillas 8 Taco Size,11,8,3,72.72727272727273
Multi Purpose Soft Lenses Solution,115,24,91,20.869565217391305
Lavender Hand Sanitizer,347,92,255,26.512968299711815
Wild Caught Skinless & Boneless Alaskan Pink Salmon,61,29,32,47.540983606557376
Tropical Burst Kids Tea,45,26,19,57.77777777777777
Caramel Syrup Calorie Free,5,0,5,0.0
Orange Lavaburst Flavored Fruit Drink,33,18,15,54.54545454545454
Plus Pregnancy Test,46,9,37,19.565217391304348
"Cabernet Sauvignon, Central Coast, 2007",208,89,119,42.78846153846153
Boneless Beef Top Sirloin Steak,500,219,281,43.8
Mango Salsa Vinaigrette,8,1,7,12.5
Candy Carnival Lollipops,102,75,27,73.52941176470588
Banana Honey Nut Breakfast Bars,49,15,34,30.612244897959183
Organic Tomato Juice No Sugar Added,958,405,553,42.275574112734866
Strawberry with Kellogg's Granola,16,2,14,12.5
"Water Enhancer, Stevia, Raspberry Lemonade",18,1,17,5.555555555555555
The Nathan Granola Bar,26,20,6,76.92307692307693
Drews Classic Italian Vinaigrette Dressing,58,29,29,50.0
Chile Picante Chips,12,5,7,41.66666666666667
Liquid Kimchi Tangy Vegan Fermented & Probiotic Spicy Elixir,31,15,16,48.38709677419355
Rice Dream Drink Vanilla,33,13,20,39.39393939393939
Sweet Heat Barbecue Sauce,88,19,69,21.59090909090909
Rosemary Bread,54,23,31,42.592592592592595
Extra Virgin Olive Oil Spread,311,130,181,41.80064308681672
Just Blueberry Juice,106,50,56,47.16981132075472
Lavender Multi-Surface Everyday Cleaner,1180,319,861,27.033898305084747
Donut Shop Dark K Cups,34,14,20,41.17647058823529
Multi-Surface Cleaner Lavender Clean,72,24,48,33.33333333333333
Zero Coke Soda Mini Bottles,905,624,281,68.95027624309392
Slow Churned Wa Apple Pie Ice Cream,13,4,9,30.76923076923077
Kids Strawberry Banana Low-Fat Yogurt 25% Less Sugar,22,10,12,45.45454545454545
Low Moisture Part Skim Mozzarella Cheese,46,11,35,23.91304347826087
Ne Chevre Cashew Cheeze Pure,239,116,123,48.53556485355649
Decaffeinated Irish Breakfast Tea Bags,94,39,55,41.48936170212766
Taster's Choice French Roast Instant Coffee,163,71,92,43.558282208588956
Baby Food Pouch - Spinach Pumpkin & Chickpea,766,474,292,61.8798955613577
Roasted Garlic Peanut Sauce,15,5,10,33.33333333333333
Luncheon Meat,4,0,4,0.0
"Black Tea Blend, British Breakfast, Bags",107,40,67,37.38317757009346
Boneless Beef Short Ribs,84,37,47,44.047619047619044
Peach Passion Champagne,48,26,22,54.166666666666664
Pesto Sauce,1266,753,513,59.47867298578199
Sugar Free Original Swiss Herb Throat Drops Cough Suppressant,39,15,24,38.46153846153847
Yogurt Covered Pretzels,1375,923,452,67.12727272727273
Holiday Funfetti Vanilla Frosting,8,1,7,12.5
Rice Pilaf All Natural Mix,5,0,5,0.0
Boiler Onion,7,0,7,0.0
Calming Lavender Body Wash,567,194,373,34.21516754850088
Thick Cut Bone In Smoked Pork Chops,44,16,28,36.36363636363637
Eucalyptus Ease Bubble Bath,7,0,7,0.0
Fresh Daikon,47,16,31,34.04255319148936
Fresh & Light Fragrance Free Multi-Cat Scoop Cat Litter,31,19,12,61.29032258064516
Natural Sunflower Seed Bread,434,275,159,63.36405529953917
Chocolate Chunk Brownies,57,28,29,49.122807017543856
Butter Rum Hard Candy,22,15,7,68.18181818181817
Compostable Basket Coffee Filters,825,184,641,22.3030303030303
Pomegranate Terere,495,379,116,76.56565656565657
Children's Dha Strawberry Liquid,12,2,10,16.666666666666664
Orchard Apple Liquid Water Enhancer,8,3,5,37.5
White Balsamic Reduction,22,3,19,13.636363636363635
Organic Macaroni Shells & Real Aged Cheddar,10907,6187,4720,56.72503896580178
"Instant Soup, Soybean Paste with Tofu, Tofu Miso",180,76,104,42.22222222222222
Pre Sliced Garlic Bread Loaf,263,96,167,36.50190114068441
Red Raspberry Herbal Tea,7,2,5,28.57142857142857
Cranberry Concord Grape Juice,100,45,55,45.0
Spanakopita Spinach & Feta Cheese Fillo Appetizers,48,17,31,35.41666666666667
Organic Four Cheese Pizza,7,2,5,28.57142857142857
Original Glass Cleaner With Ammonia-D,1237,268,969,21.665319320937755
Kid Z Bar Organic Honey Graham Energy Snack,773,388,385,50.19404915912031
Classic Rich Tea Biscuits,35,19,16,54.285714285714285
Grapefruit Radler Can,12,6,6,50.0
Mix Spinach,115,38,77,33.04347826086956
"Frozen Desserts, Fit, Cappuccino",299,154,145,51.50501672240802
Sparkling Pineapple Coconut Probiotic Drink,393,246,147,62.59541984732825
Midnight Black Beans,34,11,23,32.35294117647059
Golden Couscous,47,22,25,46.808510638297875
Cap'n Crunch Crunch Berries Cereal,104,55,49,52.88461538461539
Blue Eucalyptus and Lavender Natural Liquid Laundry Detergent,278,165,113,59.352517985611506
Organic Apple Sauce Baby Food Stage 1,49,20,29,40.816326530612244
"Oat Flour, Whole Grain",271,68,203,25.092250922509223
Pro-Health™ Invigorating Clean Mouthwash - Invigorating Mint,11,0,11,0.0
Hershey's Chocolate Chunk Cookie Mix,8,2,6,25.0
Orange Flavor,11,0,11,0.0
100% Organic Bay Leaves,14,0,14,0.0
Israeli Couscous,764,221,543,28.92670157068063
Organic Dairy Free Hazelnut Chocolate Spread,335,143,192,42.68656716417911
Black Pearl Rice,183,61,122,33.33333333333333
Peanut Butter Soft Baked Oatmeal Squares,254,139,115,54.7244094488189
Tiramisu Cake,51,30,21,58.82352941176471
Fudge Mint Cookies,3397,1986,1411,58.46335001471887
"Whey Protein, Grass-Fed, Vanilla Flavor",11,4,7,36.36363636363637
Blackberry Jam,12,3,9,25.0
Chocolate Whipped Frosting,49,5,44,10.204081632653061
"Anti-Perspirant Deodorant, Clear Gel, Arctic Ice",5,0,5,0.0
V-Fusion Peach Mango Vegetable & Fruit 100% Juice,213,136,77,63.84976525821596
Organic Seven Whole Grains,833,456,377,54.741896758703476
Organic Ground Thyme,12,0,12,0.0
Kipper Snack,28,12,16,42.857142857142854
Dark Belgian Beer,59,39,20,66.10169491525424
Sandies Classic Shortbread Cookies,50,20,30,40.0
"Pull-Ups Learning Designs Training Pantsfor Girls, Size 3T-4T",6,1,5,16.666666666666664
Organic Promise Sweet Potato Sunshine Cereal,169,89,80,52.662721893491124
Toddler Drink Go & Grow Powder,55,44,11,80.0
Chicken Potstickers,356,162,194,45.50561797752809
Mini Chocolate Chip Cookies Munchpack,121,54,67,44.62809917355372
Organic Chicken Stock Unsalted,14,5,9,35.714285714285715
Daily Probiotic,3,0,3,0.0
Plus Rich Chocolate Complete Nutritional Drink,79,50,29,63.29113924050633
Chili Con Carne No Bean,50,19,31,38.0
Whole Macadamias Roasted & Salted,3,0,3,0.0
"Rice, Lactose Free Cheese Slices Mozzarella - 12 CT",87,55,32,63.2183908045977
Sesame Pasta Salad,13,2,11,15.384615384615385
Organic Dark Chocolate Almond Granola Cereal,277,109,168,39.35018050541516
Protein Berry Greek Yogurt,15,4,11,26.666666666666668
Dairy Free Cultured Strawberry Coconut Milk,36,18,18,50.0
Pizza Mac & Cheese,78,32,46,41.02564102564102
"Sea Salt Pretzel Twists, Gluten-Free",17,10,7,58.82352941176471
Turkey Breast Oven Roasted Premium Thin Sliced,40,12,28,30.0
Pizza Pasta Sauce,10,0,10,0.0
Organic Unrefined Toasted Sesame Oil,392,60,332,15.306122448979592
Puttanesca Sauce,154,69,85,44.8051948051948
Gluten Free Matzo Ball Soup Mix,59,9,50,15.254237288135593
Lightly Scented Wash & Shampoo,36,8,28,22.22222222222222
Passover Pancake Mix,7,2,5,28.57142857142857
Light Style Soft Wheat Bread,578,402,176,69.55017301038062
Original Clean Dry Spray Antiperspirant Deodorant,31,6,25,19.35483870967742
XL Symphony Candy Bar,231,131,100,56.709956709956714
Assorted Fruit Extra Strength Antacid Chewables Rolls,73,22,51,30.136986301369863
"White Tea, White Peony",7,0,7,0.0
Strawberry Select 1% Milk,20,14,6,70.0
White Stevia Powder,54,33,21,61.111111111111114
Carb Smart Almond Bar Vanilla Ice Cream,181,98,83,54.14364640883977
"Rice Drink, Enriched, Chocolate",37,19,18,51.35135135135135
Super Antioxidant Green Tea,2107,874,1233,41.48077835785477
Turkey Cotto Salami,55,27,28,49.09090909090909
Extra Strenght Antigas Chewable Cherry Crème,95,28,67,29.47368421052631
Coated Aspirin 325 Mg,9,0,9,0.0
Broccoli & Cheddar Bake Bowl,69,21,48,30.434782608695656
Lemon Chamomile Wood Cleaner,101,13,88,12.871287128712872
Natural Slow Roasted Roast Beef,166,66,100,39.75903614457831
Peppermint Water,39,16,23,41.02564102564102
G Series Perform Frost Glacier Cherry Sports Drink,558,301,257,53.94265232974911
Sweet & Smoky Sloppy Joes Skillet Sauce,17,9,8,52.94117647058824
Chocolate Chip Cookie,3709,2248,1461,60.60932866001618
"Adobo Seasoning, Seasoning Blend",137,34,103,24.817518248175183
Designer Paper Cold Cups,131,63,68,48.091603053435115
Matcha Green Tea Latte,10,1,9,10.0
Authentic Liver Sausage Braunschweiger,222,125,97,56.30630630630631
Sweet Dreams Herbal Tea,21,8,13,38.095238095238095
Sweet Potato Glass Noodle,7,2,5,28.57142857142857
Chicken & Wild Rice with Kamut Soup,7,0,7,0.0
Ten Hills Pale Ale,15,1,14,6.666666666666667
Sweet Orange Vanilla Honest Conditioner,314,86,228,27.388535031847134
White Grape Juice,86,39,47,45.348837209302324
Evening Primrose Shampoo For Dry Hair,62,19,43,30.64516129032258
Organic Sweet Potato Fries,2175,975,1200,44.827586206896555
Anarchy For Her Daily Fragrance,1,0,1,0.0
Naturally Smoked Gouda,33,14,19,42.42424242424242
"Organic Lemons, Bag",405,188,217,46.41975308641975
Souper 6-Pack Roast Chicken Flavor Ramen Noodle Soup,18,8,10,44.44444444444444
Soft Baked Oatmeal Raisin Cookies,415,193,222,46.50602409638554
Organic Hemp & Sage Veggie Burgers,54,19,35,35.18518518518518
Thai Style Yellow Curry Chicken,5,0,5,0.0
Antibacterial Original Scent Foaming Hand Wash,74,38,36,51.35135135135135
Bandages,87,7,80,8.045977011494253
Roasted Garlic Herb Italian Sauce,540,199,341,36.851851851851855
Organic Breathe Deep Tea Bags,249,89,160,35.7429718875502
Organic Kale Tomato Basil Pasta Sauce,25,7,18,28.000000000000004
Organic Rosemary Balsamic Vinaigrette Dressing,3,0,3,0.0
"Tomato Sauce, Mexican Hot Style",21,2,19,9.523809523809524
Semi Sweet Baking Bar,235,36,199,15.319148936170212
100% Premium Arabica Ground Coffee,611,376,235,61.53846153846154
Wind Resistant Lighter,59,7,52,11.864406779661017
2 Pk. Wand Refill,14,6,8,42.857142857142854
Coppertop AA Alkaline Batteries,681,109,572,16.005873715124817
Mild Baby Oil,13,8,5,61.53846153846154
Organic Sichuan Peppercorn,13,1,12,7.6923076923076925
Mediterranean Herbs Feta Crumbles,41,6,35,14.634146341463413
Organic Fresh Blends Coconut Juice Blend,56,25,31,44.642857142857146
Meat Magic Seasoning Blend,9,1,8,11.11111111111111
Just Black Cherry Juice,358,173,185,48.324022346368714
100% Fruit Punch Juice,363,220,143,60.60606060606061
Oven Fry Seasoned Extra Crispy Pork Coating Mix,20,9,11,45.0
Standardized Elderberry Syrup Berry Flavor,33,4,29,12.121212121212121
Coffee Cold Brew Fs W Mcts,443,168,275,37.92325056433409
Wicked Good No-Fry Wing Marinade,1,0,1,0.0
Mighty Dog Protein Packed Variety Pack In Gravy Canned Dog Food,19,9,10,47.368421052631575
Coconut Curry with Chicken Soup,23,7,16,30.434782608695656
"Pepper Sauce, Organic, Jalapeno",49,26,23,53.06122448979592
Kids Mac-N-Cheezy Fish Shaped Ravioli,524,369,155,70.41984732824427
Ultra Soft Facial Tissues,6394,3362,3032,52.580544260243975
Organic Lightly Sweetened Sunflower Seed Butter,1060,415,645,39.15094339622642
Cacao Powder,1553,416,1137,26.78686413393432
Whole Grain Mustard,286,31,255,10.839160839160838
Total 2% All Natural Low Fat 2% Milkfat Greek Strained Yogurt,14621,10768,3853,73.64749333150947
Andes Coconut Lime,18,7,11,38.88888888888889
Chunky Beer-n-Cheese with Beef & Bacon Soup,5,0,5,0.0
Sweet Potato Yogurt,62,30,32,48.38709677419355
"Coconut Milk, Classic",510,221,289,43.333333333333336
Vanilla Body Wash,14,2,12,14.285714285714285
Cornichons Au Vinaigre,4,0,4,0.0
Organic Strawberry Thirst Quencher,23,12,11,52.17391304347826
French Sandwich Rolls,1075,572,503,53.2093023255814
Chinese Five Spice,27,0,27,0.0
Grain Free Core Wild Game Formula Dog Food,16,4,12,25.0
Friends Bunny Grahams,443,158,285,35.66591422121896
Party Size Spicy Nacho Chips,9,1,8,11.11111111111111
Cloud Star Buddy Biscuits Peanut Butter Dog Treats,148,79,69,53.37837837837838
Eagle Brand Sweetened Condensed Milk,726,178,548,24.517906336088156
Ultimate Butter Popcorn Pop Up Bowl,38,17,21,44.73684210526316
Hemp Peach Organic Oatmeal,47,26,21,55.319148936170215
Fat Free Jalapeno Jack Cheese,56,39,17,69.64285714285714
Sculpin Indian Pale Ale,13,3,10,23.076923076923077
Blonde Ale,314,190,124,60.509554140127385
Hand & Body Thousand Flowers Liquid Soap,23,5,18,21.73913043478261
Organic Baby Carrots,76896,50472,26424,65.63670411985018
Vanilla Almond African Black Soap,8,2,6,25.0
Classic Mustard,9,2,7,22.22222222222222
Chardonnay Napa,33,25,8,75.75757575757575
Atlantic Salmon Fillet,696,424,272,60.91954022988506
Jumbo Pitted Ripe Olives,15,2,13,13.333333333333334
"3-in-1 Laundry Detergent Pods,  Vetiver scent",6,0,6,0.0
Perfect Pinch Salad Supreme Seasoning,13,1,12,7.6923076923076925
Pearl Ultra Unscented Tampons,56,23,33,41.07142857142857
Gourmet Mexican Salsa Roasted Corn,72,40,32,55.55555555555556
"Control Bleach Packs, Regular Scent",109,37,72,33.94495412844037
Whole Powdered Vitamin D Goat Milk,6,0,6,0.0
Original Syrup Thick 'N Rich,20,1,19,5.0
Agave Ginger Ale Soda,29,23,6,79.3103448275862
Organic Bloody Mary Mix,5,0,5,0.0
Tamari Vinaigrette Dressing,10,4,6,40.0
Heritage Bites Cereal,16,6,10,37.5
Bag of Jumbo Yellow Onions,3175,1788,1387,56.31496062992126
Tuna Creations Hot Buffalo Style,32,16,16,50.0
Cinnamon Horns,61,28,33,45.90163934426229
"Beets, Phat",74,15,59,20.27027027027027
Allergy Eye Relief,33,5,28,15.151515151515152
Organic Pumpkin Flax Granola,36,19,17,52.77777777777778
Organic Vanilla Bean with Seeds Paste,10,1,9,10.0
"Macaroons, Coconut",120,58,62,48.333333333333336
Baby Swiss Cheese Pre-Sliced Deli,98,45,53,45.91836734693878
Intuition Pure Nourishment With Coconut Milk And Almond Oil Refill Blades,74,29,45,39.189189189189186
Caramel Stroopwafels,17,2,15,11.76470588235294
Pear Applesauce,25,9,16,36.0
Certified Compostable Large Baking Cups,1179,326,853,27.65055131467345
Birthday Cake Flavor Sandwich Cookies,219,91,128,41.55251141552511
Organic Vanilla Cake Mix,408,80,328,19.607843137254903
Organic Naturally Brewed Soy Sauce,465,97,368,20.86021505376344
Salted Caramel Protein Bites,36,18,18,50.0
Double Chocolate Ice Cream,236,109,127,46.186440677966104
Organic Vitality Snack Chia Squeeze Blackberry Bliss,1933,1391,542,71.96068287635799
Walnut Chocolate Chews,24,17,7,70.83333333333334
"Onion Hamburger Buns With Poppy Seeds, 8 ct",62,24,38,38.70967741935484
Old Fashion Egg Nog,79,23,56,29.11392405063291
Caffé Vanilla Affogato with Milk Espresso Drink,10,2,8,20.0
Dog Food With Beef in Meaty Juices,164,111,53,67.6829268292683
Pulsar Soft Battery Powered Toothbrush,97,29,68,29.896907216494846
Organic Reduced Fat 2% Cottage Cheese,2188,1549,639,70.79524680073126
Sour Sliced French Enriched Bread,40,19,21,47.5
Nonfat Vanilla Bio Kefir,595,478,117,80.33613445378151
Organic 100% Durum Semolina Fusilli,245,105,140,42.857142857142854
Frijoles Con Chili Chili Beans,18,6,12,33.33333333333333
Fat Free Vegetable Broth,11,2,9,18.181818181818183
Lentil Curry Couscous Low Fat Soup Cup,2,0,2,0.0
Ultimate Healing Aloe Skin Therapy Lotion,52,14,38,26.923076923076923
Tomatillo,2743,1045,1698,38.09697411593147
100% Natural Creamy Unsalted Peanut Butter,91,40,51,43.956043956043956
Organic Quinoa Rice Pasta & White Cheddar Macaroni & Cheese,251,69,182,27.490039840637447
Sun Dried Tomato Basil Chicken Sausage,969,327,642,33.746130030959755
Baby Gentle Wash and Shampoo,18,6,12,33.33333333333333
Imported Golden Greek Peperoncini,331,121,210,36.5558912386707
Candigone Advanced Cleansing System,11,0,11,0.0
Pizza Crust Mix,51,7,44,13.725490196078432
Veganic Sprouted Ancient Maize Flakes,237,118,119,49.789029535864984
Organic Peruvian Coffee,21,16,5,76.19047619047619
Eucalyptus Mint Bubble Bath,120,37,83,30.833333333333336
Red Cherry Tomato,8,0,8,0.0
Free & Gentle Fabric Softener Dryer Sheets,522,204,318,39.08045977011494
Fully Cooked Organic Sichuan Mapo Tofu,8,0,8,0.0
Private Selection Pinot Noir,206,109,97,52.9126213592233
Cleaning Brush Set,4,0,4,0.0
"Smarter Water, pH 9.5, Ultra Purified",4,2,2,50.0
Non-Fat Blueberry Icelandic Yogurt,25,16,9,64.0
White Cheddar Cheese Popcorn,1154,759,395,65.77123050259965
Spicy Black Bean Enchilada,49,25,24,51.02040816326531
JavaJig Reusable Coffee Filter System,5,0,5,0.0
Luxurious Volume Shampoo,58,23,35,39.6551724137931
Dry Mouth Lozenges With Xylitol,8,1,7,12.5
"Zucchini Chips, Pesto",2,1,1,50.0
Italian Salad Dressing & Seasoning Mix Packets,4,0,4,0.0
Organix Chicken & Rice Dry Cat Food,124,50,74,40.32258064516129
5 Antioxidant Infusions Sumatra Dragonfruit Drink,411,251,160,61.0705596107056
Roasted Turkey Breast,17332,10343,6989,59.67574428802216
Extra Stout,27,4,23,14.814814814814813
Vegan Lower Sodium Chicken Flavor Noodle Soup,262,115,147,43.89312977099237
Baby Food Pouch - Roasted Carrot Spinach & Beans,1506,963,543,63.94422310756972
Three Bean Salad,56,38,18,67.85714285714286
Caffeine Free Diet Cola All Natural Soda,1506,1063,443,70.5843293492696
Fruit Punch Fruit Drink,23,16,7,69.56521739130434
Snack Size Assorted Candy,18,0,18,0.0
Peanut Butter Cups Candy,277,111,166,40.07220216606498
Cranberry Raspberry Sparkling Water,21,8,13,38.095238095238095
Swedish Meatballs,1972,1084,888,54.96957403651116
Original Creamy Hot Wheat Cereal,42,21,21,50.0
Organic Sea Salt Caramel,49,18,31,36.734693877551024
ProActive Health MiniChunks Adult Dog Food,56,26,30,46.42857142857143
Strawberry Preserves,15253,7508,7745,49.223103651740644
Lite Caesar Dressing & Marinade,150,57,93,38.0
Organic Jojoba Skin Care Oil,40,8,32,20.0
Tuscan Veggie Sausage Patties,78,9,69,11.538461538461538
Farmhouse Hearty White Bread,2043,1337,706,65.44297601566325
"8\"" Square Summer Plates",7,1,6,14.285714285714285
Light Peach Fruit Drink With Tea,34,20,14,58.82352941176471
Small Dog Targeted Nutrition Chicken Flavor,64,26,38,40.625
Garden Herb Traditional Cut Croutons,152,58,94,38.15789473684211
Quench Absolute Ultra Nourishing  Shampoo,12,6,6,50.0
Danimals Chilly Edition Strawberry Explosion Frosted Cinnamon Roll Smoothie,50,24,26,48.0
Kalamata Olive Hummus,133,53,80,39.849624060150376
Organic Chicken Nuggets,233,87,146,37.33905579399141
Old Fashion Aromatic Bitters,13,1,12,7.6923076923076925
Chunky Garlic Hot Pepper Sauce,79,28,51,35.44303797468354
Zinger Babies,9,3,6,33.33333333333333
Pineapple on the Bottom Greek Yogurt,3336,2336,1000,70.02398081534771
Hint Of Olive Oil Veggie Chips,69,26,43,37.68115942028986
Organic Deglet Nour Dates,129,37,92,28.68217054263566
Original Baking and Cooking Spread,22,8,14,36.36363636363637
Gold Blend  Tea,19,16,3,84.21052631578947
Bunny Ears Crisp Wafers in Milk Chocolate,9,1,8,11.11111111111111
Butter-Smart Balance Microwave Popcorn,7,1,6,14.285714285714285
Flash Back Mrs Natural Disks,88,22,66,25.0
Organic Baby Foods Whole Grain Multi-Grain Cereal,1287,718,569,55.78865578865578
Caramelized Onion & Roasted Garlic Pasta Sauce,4,0,4,0.0
Organic Sweet Potato And Buckwheat Noodles,190,72,118,37.89473684210527
Thin Sliced American Cheese,1316,899,417,68.3130699088146
Original Chili Seasoning Mix,747,223,524,29.852744310575634
Bourbon Vanilla Ice Cream,74,12,62,16.216216216216218
100% Colombian Ground Coffee,34,13,21,38.23529411764706
Natural 8 fl oz Alpine Spring Water,319,238,81,74.60815047021944
Essentials Organic Mighty Greens Juice,448,226,222,50.44642857142857
Vegan Cheddar Flavor Squares,1672,859,813,51.3755980861244
Organic Apple Gala Bag,19,10,9,52.63157894736842
XyliWhite Refreshmint Toothpaste Gel,22,7,15,31.818181818181817
Mozzarella di Bufala Campana,996,667,329,66.96787148594377
Original Almond Nog,18,3,15,16.666666666666664
Lunchables Turkey & American Cheese with Crackers,269,132,137,49.07063197026022
Muy Cheesy Quesadillas,112,73,39,65.17857142857143
Granny Smith Apple Coffee Cake,41,15,26,36.58536585365854
Chewy Granola Bar Peanut Butter Chocolate Chip,579,208,371,35.92400690846287
Central Coast 2011 Chardonnay,272,156,116,57.35294117647059
Reduced Fat Vegenaise,495,251,244,50.70707070707071
Tuna Fillets With Jalapeno,71,39,32,54.929577464788736
Apple Cider Warmer Drink Mix,16,8,8,50.0
Spinach Fettuccine Noodle Pasta,137,57,80,41.605839416058394
Blueberry Bagels,1026,651,375,63.450292397660824
Multi Grain Waffles,3162,1704,1458,53.889943074003796
Cocktail Onions,27,6,21,22.22222222222222
Multi-Surface Cleaner,393,133,260,33.842239185750635
Peanut Butter Milk Chocolate Candy,33,12,21,36.36363636363637
Protein Rich Nutrition Bar,95,63,32,66.3157894736842
Wonton Strips,114,32,82,28.07017543859649
"Instant Lunch, Lime Chili Chicken Flavor",8,5,3,62.5
Young Coconut,830,502,328,60.48192771084337
Mountain Spring Laundry Detergent,60,32,28,53.333333333333336
Classic Uncured Pepperoni Pizza,170,103,67,60.588235294117645
Little Champions Variety Pack Dog Food,53,42,11,79.24528301886792
Almond Soap Bar,137,49,88,35.76642335766424
The Pounder Pretzels olde Tyme,350,151,199,43.142857142857146
Cough Syrup,46,2,44,4.3478260869565215
"Caprese Chicken Sausage with Mozzarella, Basil & Sun Dried Tomtatoes",31,9,22,29.03225806451613
Morning Oat Crunch Cinnamon Cereal,60,49,11,81.66666666666667
Restore Antiperspirant Deodorant,22,3,19,13.636363636363635
Organic Ground Nutmeg,1055,37,1018,3.5071090047393367
Smart Deli Veggie Protein Slices Baked Ham Style,7,0,7,0.0
Cheese Shredded Mozzarella Low Moisture Part Skim,962,334,628,34.71933471933472
Baked Whole Grain Wheat Rye with Caraway Seeds Crackers,110,57,53,51.81818181818182
Blueberry Almond Granola,520,252,268,48.46153846153846
Family Pack of Peeled Chiquita Apples,43,27,16,62.7906976744186
Donut House Chocolate Glazed Donut Coffee K Cup,21,15,6,71.42857142857143
Fat Free Classic Ranch Dressing,52,7,45,13.461538461538462
Nice'n Easy Permanent Hair Color- 5/118 Natural Medium Brown,9,2,7,22.22222222222222
Organic Stage 2 Plum Banana Brown Rice,48,21,27,43.75
Cinnabon Cinnamon Rolls With Icing,995,291,704,29.246231155778897
Light & Fit Nonfat Raspberry Yogurt,33,18,15,54.54545454545454
Spinbrush Truly Radiant Deep Clean Soft Toothbrush,15,0,15,0.0
Infinity Always Infinity Overnight Pads with Wings,40,13,27,32.5
Sun Bird Beef and Broccoli Seasoning Mix,9,2,7,22.22222222222222
"Hand Wash, Lavender Fields",52,21,31,40.38461538461539
Spearmint Sugar-Fee Gum,133,79,54,59.3984962406015
100% Vegetarian Burgers Grillers Prime,74,33,41,44.5945945945946
Bagged Ice,4,0,4,0.0
Szechuan Hot & Spicy Marinade & Stir Fry Sauce,243,42,201,17.28395061728395
Regular Concentrated Bleach,1882,569,1313,30.233793836344315
Blueberry Protein Bar,1393,666,727,47.810480976310124
Whole Milk With Vitamin D,2701,2138,563,79.15586819696408
Diet Dr Pepper,154,75,79,48.701298701298704
Organic Plain Whole Milk Yogurt,13732,10328,3404,75.21118555199534
Shredded Wheat,567,322,245,56.79012345679012
100% Juice,1209,733,476,60.62861869313482
Marrobone® Mini,7,1,6,14.285714285714285
Organic 65% Cacao Bittersweet Chocolate,149,57,92,38.25503355704698
Macaroni & Cheese,17420,12163,5257,69.82204362801377
Carb Control Strawberry Cream Bottle Shakes,26,9,17,34.61538461538461
Organic Traditional Barley Malt Syrup,47,8,39,17.02127659574468
Homestyle Archway® Classics Soft Oatmeal Raisin Cookies,20,3,17,15.0
"Milk Chocolate, 33% Cocoa",226,133,93,58.849557522123895
House Blend Instant Coffee,562,284,278,50.5338078291815
Honest Hand Sanitizer Spray Free & Clear,73,13,60,17.80821917808219
"Ginger Root, Certified 550 mg, Capsules",16,4,12,25.0
Organic Cinnamon Raisin English Muffins,476,281,195,59.03361344537815
Sinus-Max Pressure & Pain Relief,8,1,7,12.5
Plain Mini Bagels,7761,5192,2569,66.89859554181162
Nonpareil Decorating Decors,51,0,51,0.0
Sticks Cinnamon,93,6,87,6.451612903225806
Watermelon Mint Iced Tea,12,0,12,0.0
Organic Aleppo Pepper,1,0,1,0.0
Ponzu Citrus Seasoned Soy Sauce,33,10,23,30.303030303030305
All Natural Hokkien Stir-Fry Noodles - 2 CT,7,2,5,28.57142857142857
Grape Drink Mix,20,7,13,35.0
Original Ancient Grain Granola + Puffs Cereal,40,18,22,45.0
Pacific Cod Fillet,1096,521,575,47.53649635036496
Gluten Free Personal Size Pizza Crusts,34,9,25,26.47058823529412
Organic Lowfat Chocolate Milk,629,284,345,45.151033386327505
Pick A Size Big Roll White Paper Towels,93,50,43,53.76344086021505
Vanilla Eggnog,4,0,4,0.0
Anti-Diarrheal Mint Liquid,23,7,16,30.434782608695656
Unsalted Butter Quarters,3386,1585,1801,46.81039574719433
Vegan Gluten-Free Juicy Meyer Lemon Cheesecake,25,18,7,72.0
Pitcher Replacement Filters,237,37,200,15.611814345991561
Gluten Free Buffalo Style Pretzels,37,18,19,48.64864864864865
Almond Milk Ricotta,2435,1514,921,62.176591375770016
Kitchen Sliced Green Beans,15,1,14,6.666666666666667
Red Onion & Rosemary Handcut Rustic Addictivly Tasty Crunch,11,5,6,45.45454545454545
Pasta Pick-ups Beef & Tomato Ravioli,98,46,52,46.93877551020408
Dried Manzanilla,968,484,484,50.0
Mocha Latte K-Cup Packs & Froth Packets Coffee,14,7,7,50.0
Damage Eraser Fortifying Shampoo,8,1,7,12.5
Milk of Magnesia Wild Cherry Liquid Saline Laxative,37,8,29,21.62162162162162
Passion Fruit Syrup,7,2,5,28.57142857142857
Chocolate Nutty Bar Non Dairy Frozen Dessert,41,30,11,73.17073170731707
Organic Raw Walnut Banana Meals To-Go,26,11,15,42.30769230769231
Vanilla Light Coffee Drink,177,110,67,62.14689265536724
Smoked Honey Turkey Breast,242,132,110,54.54545454545454
Organic Cream Cheese,57,20,37,35.08771929824561
Pure Cane Cubes Sugar,162,58,104,35.80246913580247
Butter Flavor Baking Sticks,107,21,86,19.626168224299064
Pink Lady (Cripps) Apple,7668,4726,2942,61.63275952008347
Moisturizing Coconut Shower Gel,99,41,58,41.41414141414141
Summer Strength Antiperspirant Deodorant,50,20,30,40.0
Spiral Sliced Hickory Smoked Ham,12,3,9,25.0
Sauce,77,30,47,38.961038961038966
Orange & Lemon Flavor Variety Pack Sparkling Fruit Beverage,4053,2508,1545,61.880088823094006
"Juice Drink, Pomegranate & Blueberry Plus",3,0,3,0.0
ProActive Health Adult MiniChunks Premium Dry Dog Food,161,76,85,47.20496894409938
Herbes De Provence,172,13,159,7.55813953488372
Original Seltzer Water,1636,1130,506,69.07090464547677
Creamy Vodka Italian Sauce,68,21,47,30.88235294117647
Low Fat Fudge Bars,531,312,219,58.75706214689266
Organic SprouTofu Medium Soft Tofu,827,555,272,67.11003627569528
Gluten Free Plain Bagels,3036,1813,1223,59.71673254281949
Original Burger,488,263,225,53.893442622950815
Roasted Red Peppers,110,22,88,20.0
Traditional Latkes Potato Pancakes,174,77,97,44.252873563218394
Breakfast Sausage,83,37,46,44.57831325301205
Protein Power Greens Smoothie,489,267,222,54.601226993865026
Home Style Gravy Savory Beef,22,5,17,22.727272727272727
Nilla Wafers Reduced Fat,260,113,147,43.46153846153846
Organic Grass Fed Ghee,197,53,144,26.903553299492383
Ultra Antibacterial Dish Liquid Orange,101,21,80,20.792079207920793
100% Whole Grain Bread,1096,647,449,59.03284671532847
Organic Tofu Firm,7,0,7,0.0
Naturals with Fluoride Anticavity Mouthwash,12,7,5,58.333333333333336
White Rum,38,13,25,34.21052631578947
Sugar Cookie Sleigh Tea Bags,27,4,23,14.814814814814813
Mild Chili Made with Grass Fed Beef,66,24,42,36.36363636363637
Oat of This Swirled Buttery Brown Sugar Ice Cream,6,1,5,16.666666666666664
IncrediBites for Small Dogs,43,14,29,32.55813953488372
Master Brew Kombucha Lavender Melon,885,636,249,71.86440677966101
Organic Yellow Mustard Seed,143,13,130,9.090909090909092
White Frozen Bread Dough,31,10,21,32.25806451612903
Dishwand,112,16,96,14.285714285714285
"Chocolate, Organic, Unsweetened, 100% Cacao",18,0,18,0.0
Beyond Natural Chicken & Carrot Puree Wet Mix-in Meal Enhancement for Dogs,14,8,6,57.14285714285714
Protein & Greens Chocolate Flavor Drink Mix,49,12,37,24.489795918367346
"Superfoods Organic Pears, Blueberries & Beets + Super Chia Fruit & Veggie Blend",1443,879,564,60.91476091476091
Classic White Lunch Plate,343,98,245,28.57142857142857
Assorted Chocolate Miniatures Chocolate Candy Bars,884,400,484,45.248868778280546
Gluten Free Original Granola,2939,1816,1123,61.78972439605308
Iced Tea Lemon Flavor,91,48,43,52.74725274725275
Organic Applesauce Apple Pouch,236,141,95,59.7457627118644
Jumbo Pull-ups Training Pants Disney Pixar Learning Designs 3T-4T,6,3,3,50.0
Dumpling Hunan,85,45,40,52.94117647058824
Cheetos Flamin' Hot & Doritos Dinamita Chile Limon Cheese Flavored Snacks & Rolled Tortilla Chips,7,0,7,0.0
Quattro For Women Sensitive Skin Refill Blades,24,7,17,29.166666666666668
Cold Pressed Flax Oil,100,38,62,38.0
Thai Bird Eye Chilies Herbs & Spices,9,0,9,0.0
Brazil Minas Naturais K Cup,6,3,3,50.0
Organic Creamy Sweet Corn with Coconut Milk Soup,10,4,6,40.0
Chocolate Cake,96,19,77,19.791666666666664
Baby Boomer Fresh Creamer Potatoes,171,60,111,35.08771929824561
Rice Krispies,32,10,22,31.25
Spanish Capers,30,1,29,3.3333333333333335
Fettuccine Alfredo,850,417,433,49.05882352941177
No Bean Chili,7,2,5,28.57142857142857
Central Coast Cabernet Sauvignon,78,20,58,25.64102564102564
Whipped Whipped Cream Frosting,6,0,6,0.0
Salmon & Tuna Flavor Cat Food,129,58,71,44.96124031007752
Slider Storage Quart Bags,1269,464,805,36.56422379826635
Crunchy Almond Butter,8324,4759,3565,57.172032676597794
Reduced Sodium Tofu & Miso Ramen,81,21,60,25.925925925925924
Marinara Spaghetti Sauce,18,7,11,38.88888888888889
Classic Creamy Peanut Butter,15,5,10,33.33333333333333
Reduced Fat 1% Milk,138,112,26,81.15942028985508
Low fat Chocolate Milk,2224,1682,542,75.62949640287769
Coconut Milk Nourishing Conditioner,295,70,225,23.728813559322035
Whipped Sweet Potatoes,254,169,85,66.53543307086615
Van's Gluten Free Ancient Grains Waffles,375,173,202,46.13333333333333
Vegetable Thins Crackers,27,12,15,44.44444444444444
ArtiHearts,125,53,72,42.4
"Oats, Gluten Free, Old Fashioned",90,44,46,48.888888888888886
Cinnamon Bun Sandwich Cookies,114,37,77,32.45614035087719
Three Cheese Ziti Marinara,12,2,10,16.666666666666664
Fruit Cocktail in Heavy Syrup,30,3,27,10.0
Original Extra Firm Hemp Soy-Free Tofu,45,18,27,40.0
Real Oatmeal Raisin Cookies,12,5,7,41.66666666666667
Gelato Dark Chocolate Chip,114,48,66,42.10526315789473
Baba Black Lager,40,26,14,65.0
"Triple Flavored Pork, Beef, And Chicken Kabob Dog Treats",19,6,13,31.57894736842105
"Grilled white meat chicken in an apple reduction with cranberries, French cut green beans & carrots and whole wheat orzo pasta. Apple Cranberry Chicken",135,59,76,43.7037037037037
Whole Milk Mozzarella Cheese,562,277,285,49.28825622775801
Organic Pitted Prunes,2274,1244,1030,54.705364995602466
Chow Mein Noodles,405,127,278,31.35802469135803
Gluten Free Homemade Wonderful Bread Mix,12,4,8,33.33333333333333
Milk Chocolate Chips,165,54,111,32.72727272727273
Fun Size Snack Time Pack Chocolate,65,30,35,46.15384615384615
Potato French Fingerling Organic,10,1,9,10.0
Organic Extra Firm Tofu,29124,19327,9797,66.36107677516824
Organic Bittersweet Chocolate Baking Wafers,50,14,36,28.000000000000004
Lemon Instant Pudding and Pie Filling,73,14,59,19.17808219178082
Moisturizng Cream Face Cleanser,12,1,11,8.333333333333332
Toasted Plain Bread Crumbs,34,6,28,17.647058823529413
Cafe Steamers Creamy Chicken & Noodles,6,2,4,33.33333333333333
Organic Whole Grain Amaranth Flour Stone Ground,37,5,32,13.513513513513514
Organic Chia And Hemp Super Seed Crackers,456,251,205,55.04385964912281
Classic Strawberry Serenity Kombucha,64,40,24,62.5
Vanilla Hemp Heart Bar,27,9,18,33.33333333333333
25% Less Sugar Red Berry Juice Pouches,20,4,16,20.0
Naturals Just Carrots Stage 1,7,1,6,14.285714285714285
Folic Acid 800 Mg Vegetable Capsule,9,1,8,11.11111111111111
Non-Fat Blackberry on the Bottom Greek Yogurt,1248,834,414,66.82692307692307
2-in-1 Dry Scalp Care Shampoo,53,12,41,22.641509433962266
Sweet Bee Magic All in One Healing Skin Cream,12,4,8,33.33333333333333
Cleaner,40,24,16,60.0
Jumbo Pumpkin,78,6,72,7.6923076923076925
Infant Formula Powder,216,133,83,61.57407407407407
"Milk Chocolate, Gourmet Handcrafted, Maple Bacon",35,14,21,40.0
Cheesy Rice & Broccoli,104,55,49,52.88461538461539
Phish Food Frozen Yogurt,877,410,467,46.7502850627138
Advantage Mocha Latte Shakes,108,68,40,62.96296296296296
Fresh Guacamole,71,30,41,42.25352112676056
Organic Sliced Mozzarella,110,50,60,45.45454545454545
Old Fashioned Root Beer,18,4,14,22.22222222222222
Green Tea Green Ginger Tea Bags,1679,725,954,43.18046456223943
Pineapple Coconut Water 100% Juice,513,277,236,53.99610136452242
Balsamic Vinaigrette,1320,485,835,36.74242424242424
Cookies & Cream Cheesecake Core Ice Cream,90,30,60,33.33333333333333
Dark Chocolate With Sea Salt & Almonds,1964,1179,785,60.03054989816701
Crispy Apple Cinnamon Chips,33,13,20,39.39393939393939
Organic Great Northern Beans,3527,1189,2338,33.711369435781116
On The Go Stick,9,2,7,22.22222222222222
Granola Crunch Oats 'N Honey,79,35,44,44.303797468354425
Creamy Supreme Vanilla Frosting,376,55,321,14.627659574468085
Gluten Free Variety Pack Maple Brown Sugar/Apple Cinnamon/Original Oatmeal,11,5,6,45.45454545454545
Apricot Jam,58,32,26,55.172413793103445
Bluebell Dish Soap,402,125,277,31.094527363184078
Turkey & Vegetable Premium Cat Food,28,19,9,67.85714285714286
"Flat Parsley, Bunch",13378,5865,7513,43.84063387651368
Madras Sambar Toor Dal with Vegetables,70,31,39,44.285714285714285
Pork & Vegetable Potstickers,60,32,28,53.333333333333336
Garlic White Wine Shrimp Saute,6,2,4,33.33333333333333
Original Dried Cranberries,1424,620,804,43.53932584269663
Pro-Health Advanced Energizing Mint Toothpaste,10,5,5,50.0
Balanced B Complex Tablets,16,1,15,6.25
Beef Flavor Instant Ramen Cup,197,104,93,52.79187817258884
Red Delicious Apple,4233,2586,1647,61.09142452161588
Old World Flat Breads Crispy Italian Thin Pizza Crust,37,16,21,43.24324324324324
Black Spiced Rum,113,45,68,39.823008849557525
Organic Microwave Popcorn No Salt or Oil,23,7,16,30.434782608695656
"Muffins, Flax, Wild Blueberry",2430,1640,790,67.48971193415639
Ultra Fresh Living GLoves,79,13,66,16.455696202531644
Sea Salt Cashews,42,27,15,64.28571428571429
"Moscato, Pink",15,4,11,26.666666666666668
Alpha Lipoic Acid 100mg,13,1,12,7.6923076923076925
"Multi-Symptom Cough Cold + Flu, Severe, Maximum Strength, CF Max, Adul",8,2,6,25.0
Gluten Free Pretzels,35,7,28,20.0
Dusters Cleaner Refills,258,59,199,22.868217054263564
Famous 50% Reduced Fat Beef Franks,6,2,4,33.33333333333333
Whole Grain Corn Taco Shells,326,145,181,44.47852760736196
Organic Poultry Blend Herbs,136,44,92,32.35294117647059
Zen Keurig Brewed K-Cups Green Tea,228,135,93,59.210526315789465
White Grape Peach Mango Juice Cocktail,5,2,3,40.0
Pate With Black Pepper,135,44,91,32.592592592592595
"Pepperoncini, in Vinegar Brine",9,3,6,33.33333333333333
Vitamins Blackberry Raspberry Liquid Water Enhancer,39,14,25,35.8974358974359
Powder Laundry Detergent Free of Perfumes and Dyes,19,9,10,47.368421052631575
Pumpkin Apple Peach Cinnamon Organic Baby Food,171,67,104,39.1812865497076
With Parsley Garlic Powder,60,15,45,25.0
Honey Mustard Spread,3,0,3,0.0
Garden Veggie Nuggets,7,1,6,14.285714285714285
Sweeper Dry Sweeping Cloth Refills,351,118,233,33.61823361823362
Crunchy Peanut Butter Builder's Bar,1399,921,478,65.83273766976411
Elegant Medleys Shredded White Meat Chicken Fare with Garden Greens in Savory Broth,65,49,16,75.38461538461539
Fettuccine Alfredo Chicken Helper,14,2,12,14.285714285714285
Brooklyn Bred Bistro Buns,23,12,11,52.17391304347826
Biotin 5000 MCG Softgels,5,0,5,0.0
Lunchable Nachos,388,208,180,53.608247422680414
Wild Blueberry Crisp Protein Bar,137,83,54,60.58394160583942
Organic Pistachios,36,10,26,27.77777777777778
Thousand Island Dressing,656,212,444,32.31707317073171
Graduates Grabbers Apple Mango & Strawberry Baby Food,76,43,33,56.57894736842105
Frosted Strawberry Toaster Pastries,302,114,188,37.74834437086093
Sea Salted Kettle Potato Chips,8,5,3,62.5
Organic Brushing Rinse Peppermint,181,109,72,60.22099447513812
Sugar Free Raspberry Low Calorie Gelatin Snacks,246,120,126,48.78048780487805
Red Cabbage with Apple,6,0,6,0.0
In-Shower Nourishing Body Lotion,45,10,35,22.22222222222222
MegaFlora Probiotic,29,4,25,13.793103448275861
Vanilla Bean 1% Milk Fat Yogurt,16,10,6,62.5
Ultra Apple Blossom Antibacterial Dish Liquid,1603,579,1024,36.119775421085464
Multigrain Corn Tortilla Chips,366,209,157,57.103825136612016
Extra Smooth 91% Cacao Dark Chocolate Bar,4,1,3,25.0
Chunky Chocolate Chip Flax Muffins,1522,1165,357,76.54402102496715
Caramel Cone Ice Cream Cup,99,43,56,43.43434343434344
Organic Velvet Pioppini Mushrooms,3,0,3,0.0
Mountain Fresh Body Wash,8,1,7,12.5
Gourmet Truffles Assorted Chocolates,4,0,4,0.0
Class Baby Powder,4,0,4,0.0
Organic Baked Beans With Pork,295,108,187,36.610169491525426
Light 50 Cranberry,8,6,2,75.0
Vitacraves Multivitamin Supplement Gummies for Adults,26,5,21,19.230769230769234
Potato Ridges Tangy Barbeque,16,7,9,43.75
Organic Vanilla Bean Powder,68,11,57,16.176470588235293
Frozen Assorted Pops,34,9,25,26.47058823529412
Orange Flavor Anti-Stress Drink,13,0,13,0.0
Talenti Banana Chocolate Swirl Gelato,462,119,343,25.757575757575758
Honest All-Purpose Multi-Surface Cleaner White Grapefruit,75,21,54,28.000000000000004
Methylcobalamin 5000 Logenges,38,15,23,39.473684210526315
Large Pitted Ripe Olives,204,111,93,54.41176470588235
Real Sweet Potato Vegetable Chips,2509,1326,1183,52.84974093264248
Hot Pork Sausage,79,50,29,63.29113924050633
Gluten Free Quinoa Pasta Shells,2648,1137,1511,42.938066465256796
Lemon Verbena Scent Surface Scrub,233,51,182,21.888412017167383
Organic Sour Cream,26691,14851,11840,55.64047806376681
Sauce Honey Sweet,156,45,111,28.846153846153843
Flax Omega Swirl Strawberry Banana,16,3,13,18.75
Unsweetened All Natural Black Coffee,17,13,4,76.47058823529412
Proactive Health Sensitive Stomach Cat Food,5,0,5,0.0
Organic Dutch Chocolate Ice Cream,1257,694,563,55.21081941129674
Beef Ravioli,35,12,23,34.285714285714285
Reserve Merlot Wine,14,2,12,14.285714285714285
"Macaroons, Mint Chip",25,14,11,56.00000000000001
Organic Nonfat Greek Yogurt With Raspberries,2665,1712,953,64.24015009380864
Jumbo Crinkle Cut French Fries,59,20,39,33.89830508474576
Hawaiian Blend Medium Roast Extra Bold K-Cups,73,37,36,50.68493150684932
Lemon Scented Disinfecting Wipes,24,4,20,16.666666666666664
Melatonin Triple Strength Tablets 3 mg,35,10,25,28.57142857142857
XXX Habanero Salsa Hot,15,5,10,33.33333333333333
Natural Glow Fair to Medium Skin Tones Facial Moisturizer,4,0,4,0.0
White Cheddar Popcorn Seasoning,8,3,5,37.5
Plain Hemp Yogurt,10,4,6,40.0
Natural Premium Coconut Water,11908,7329,4579,61.546859254282836
Rolls,7,1,6,14.285714285714285
Premium Breast of Chicken in Water,215,111,104,51.627906976744185
All Natural Mint Cilantro Chili Sauce,54,11,43,20.37037037037037
Simply 100 Crunch Peach Cobbler A La Mode,34,17,17,50.0
French Batard Bread,289,130,159,44.982698961937714
"Quick Defense, Vegetarian Liquid Phyto-Caps",21,8,13,38.095238095238095
Original Stain Remover and Color Booster,15,4,11,26.666666666666668
Chocolate Lovers Chips Deluxe Cookies,6,2,4,33.33333333333333
Antibacterial Hand Wash with Moisturizers,406,167,239,41.13300492610838
Roll N Wrap Roll Avocado Salad,30,15,15,50.0
Autumn Glory (Huaguan) Apple,14,5,9,35.714285714285715
Original Citrus Sparkling Flavored Soda,4978,3634,1344,73.00120530333467
Scope Complete Whitening Minty Fresh Liquid Gel Toothpaste,292,105,187,35.95890410958904
Mild Chili Seasoning Mix,467,166,301,35.54603854389722
Tropical Fusion Liquid Water Enhancer,10,6,4,60.0
Tomato Basil Soup,975,509,466,52.205128205128204
Unsalted Butter,35667,19830,15837,55.59761123727816
Sweet Potato Noodles,270,109,161,40.370370370370374
Shiraz Cabernet Sauvignon Wine,51,26,25,50.98039215686274
"Band-Aid Medium Hurt-Free Wrap 2\""",16,2,14,12.5
Cedarwood Juniper Deodorant,5,0,5,0.0
Red Velvet Ice Cream,722,324,398,44.87534626038781
Unsweetened Macadamia Milk,122,70,52,57.377049180327866
Vitaminwater Zero Variety Pack,866,614,252,70.90069284064666
Red Raspberry Syrup,12,2,10,16.666666666666664
Chicken Broth Fat Free Reduced Sodium,16,2,14,12.5
Chocolate and Caramel Candy,126,75,51,59.523809523809526
Kid's Spinbrush Avengers Toothbrush,14,1,13,7.142857142857142
Ginger Rescue Strong Chewable Ginger Tablets,15,0,15,0.0
Fresh Pineapple Spears,63,22,41,34.92063492063492
Orange Air Freshener,27,13,14,48.148148148148145
Spring Onion Rice Noodle Soup Bowl,62,22,40,35.483870967741936
Classic K-Cup Pods Hot Cocoa,18,4,14,22.22222222222222
Aloe Vera Satin Soap,22,5,17,22.727272727272727
Whole Seeded Watermelon,25,7,18,28.000000000000004
Sugar Free Marshmallow Dip,22,17,5,77.27272727272727
Cranberry Walnut Bread,759,485,274,63.899868247694336
Organic Noon Greens Juice,140,55,85,39.285714285714285
Original Sea Salt Mediterranean Crackers,129,70,59,54.263565891472865
Creamy Style Horseradish,58,9,49,15.517241379310345
Colombian Fair Trade Select Medium Roast K-Cup Packs Arabica Coffee,119,69,50,57.98319327731093
"Sweet Dreams Magickal Mineral Bath Salt Jasmine,Sandalwood & Vanilla",44,8,36,18.181818181818183
Burrata With Black Truffles Cheese,178,91,87,51.12359550561798
Finely Shredded Sharp Cheddar Cheese,27,10,17,37.03703703703704
Black Cherry Sparkling Water Beverage,117,68,49,58.119658119658126
Bread & Butter Chips No Sugar Added Fresh Pack Pickles,8,3,5,37.5
Chocolate Fudge Cake,64,22,42,34.375
Tostitos Artisan Grilled Red Pepper And Tomato 9.75oz,2,0,2,0.0
Organic Garbanzo Beans,30055,16742,13313,55.704541673598406
Chicken Sausage Cilantro Lime,61,15,46,24.59016393442623
Blue Cheese Stuffed Olives,74,10,64,13.513513513513514
Twists Rainbow Candy,74,27,47,36.486486486486484
Men MotionSense Dry Spray Adventure Antiperspirant,16,3,13,18.75
30% Less Sodium Mild Taco Seasoning Mix,19,7,12,36.84210526315789
TCHO Chocolate Gelato,9,3,6,33.33333333333333
Organic Toasted Coconut Popcorn,8,1,7,12.5
Contacts Contact Lens Comfort Eye Drops,18,4,14,22.22222222222222
Chicken with Almonds,365,180,185,49.31506849315068
Original Tube Lip Balm,36,14,22,38.88888888888889
Citrus Champagne Vinegar,65,16,49,24.615384615384617
Oregon Strawberry Lowfat Yogurt,30,14,16,46.666666666666664
Pale Ale Beer,762,397,365,52.0997375328084
Organic Medium Chunky Salsa,13,2,11,15.384615384615385
OG California Brown Jasmine Organic Brown Rice,27,7,20,25.925925925925924
Ceylon Orange Pekoe Black Tea Blend,47,18,29,38.297872340425535
Traditional Whole Wheat Lomein Noodles,96,38,58,39.58333333333333
Pop-Tarts Wildlicious,109,60,49,55.04587155963303
Pepper Turkey,105,67,38,63.8095238095238
"Vodka, American Potato",5,2,3,40.0
Natural Milk Chocolate Bar,297,199,98,67.003367003367
Pomegranate Fig Bar,27,10,17,37.03703703703704
Minis to Go Natural Spring Water,600,380,220,63.33333333333333
Canker Sore Gel,13,0,13,0.0
Toast Chee Real Cheddar Cheese Cracker Sandwiches,10,7,3,70.0
Yellow Caribe Pepper,14,5,9,35.714285714285715
Tea Biscuits Chocolate Flavor,22,6,16,27.27272727272727
Broccoli Pot Pie With Cheddar Cheese Sauce,1491,863,628,57.880617035546614
Raw Extra Virgin Coconut Oil,49,11,38,22.448979591836736
Lamb Shanks,20,3,17,15.0
Ciabatta Loaf,9,0,9,0.0
Roast Almond Milk Chocolate Candy Bar,228,146,82,64.03508771929825
All Natural Cracked Green Olives,54,10,44,18.51851851851852
Fruity Fun Paw Patrol Training Toothpaste,114,40,74,35.08771929824561
Organic Apple Slices,6842,4890,1952,71.47033031277404
Fruit Punch Liquid Water Enhancer,355,200,155,56.33802816901409
Sliced Jalapenos,171,42,129,24.561403508771928
Spicy Sweet Chili Flavored Tortilla Chips,426,214,212,50.23474178403756
Gluten Free Parbaked Ciabatta Rolls,69,49,20,71.01449275362319
Yogurt Honey Peanut Bar,180,141,39,78.33333333333333
Set & Refresh Starter Kit - Linen & Sky,77,22,55,28.57142857142857
"Mustard, Deli",77,16,61,20.77922077922078
Gemelli Pasta,494,223,271,45.1417004048583
"Meal Bar, Superberry & Greens",284,156,128,54.929577464788736
Smoked Maple Ham,385,300,85,77.92207792207793
Raw Cashews,292,170,122,58.21917808219178
Ground Marjoram,23,0,23,0.0
European Style Smoked Salmon,21,5,16,23.809523809523807
Strawberry Premium Mochi Ice Cream,659,381,278,57.81487101669196
ProActive Health Indoor Weight & Hairball Care with Chicken Cat Food,133,57,76,42.857142857142854
Antioxidant Green Tea Bags,15,0,15,0.0
Zero Calorie Lemon Lime Sports Drink,134,83,51,61.940298507462686
100% Organic Cannellini Beans,37,13,24,35.13513513513514
Organic Rainbow Microgreens,28,6,22,21.428571428571427
Bubble Daily Shower Trig,41,23,18,56.09756097560976
Black Eyed Peas,1384,448,936,32.369942196531795
Milk Chocolate Chips Baking Pieces,66,18,48,27.27272727272727
Garcinia Cambogia Dietary Supplement,27,7,20,25.925925925925924
"Egg White & Spinach Roasted Tomato, Potato & Cheddar Burrito",297,142,155,47.81144781144781
Whipped Cream Cheese,31192,21525,9667,69.00807899461401
Vanilla Chocolate Almond Crunch Bar,239,138,101,57.74058577405857
Rice A Roni Fried Rice,125,52,73,41.6
Chicken Parmigiana,4,0,4,0.0
Classic Bacon,702,387,315,55.12820512820513
Mango Apricot Fruit Snack,201,124,77,61.69154228855721
Organic Mini Peeled Carrots,1800,910,890,50.55555555555556
Original in Tomato and Cheese Sauce Pasta,30,9,21,30.0
Snake Plus Drain Cleaning,26,2,24,7.6923076923076925
Hair Conditioner,249,87,162,34.93975903614458
Raw And Unfiltered Honey Clover Blossom,63,23,40,36.507936507936506
Rustic Potatoes,6,2,4,33.33333333333333
Glow Vegetable & Fruit Juice,733,426,307,58.11732605729877
Classic Seasoning Low Sodium,30,2,28,6.666666666666667
Take Alongs Quik Clik Seal Large Rectangle Container,11,2,9,18.181818181818183
Original Tempeh,159,73,86,45.911949685534594
Ibuprofen Migraine Tablets Bonus Pack,13,0,13,0.0
Chocolate Chip Cookie & Cake Mix,3,0,3,0.0
"Bombay Chai, Artisan Whole Leaf Black Tea Pouches",26,2,24,7.6923076923076925
100% Whole Wheat Sandwich Rolls,169,60,109,35.50295857988166
Chia Powder,54,14,40,25.925925925925924
Ice Cream Cones,68,25,43,36.76470588235294
Sour Cherry Jam,54,20,34,37.03703703703704
Original Regular Pantiliners,29,12,17,41.37931034482759
Fun Colors Square Cake Pans with Blue Lids (8 in x 8 in),17,0,17,0.0
Navitas Goji Berries,159,34,125,21.38364779874214
Nourish Bowls Southwest Chipotle,19,6,13,31.57894736842105
Mild BBQ Sauce,25,10,15,40.0
Roasted Beef Patties Topped with Sautéed Onions and Gravy,16,6,10,37.5
Pesto,166,58,108,34.93975903614458
Baking Powder Aluminum-Free,767,104,663,13.559322033898304
Food Storage,41,6,35,14.634146341463413
Super Sensitive No Fragrance Bubble Bath,23,10,13,43.47826086956522
Ice Cream Mint Chip,89,46,43,51.68539325842697
Lemon Garlic Turkey Jerky,21,7,14,33.33333333333333
Artichoke & Spinach Hummus,29,16,13,55.172413793103445
Organic Sugar Cookies,161,72,89,44.72049689440994
Braised Beef & Polenta Red Wine,341,187,154,54.83870967741935
Original Scent Fireworks In-Wash Scent Booster,11,3,8,27.27272727272727
Organic Whole Star Anise,293,45,248,15.358361774744028
Oranges Cara Cara,96,38,58,39.58333333333333
Superfood Superflakes Cocoa Coconut,17,8,9,47.05882352941176
Dragon Fruit Sun-Dried Slices,6,2,4,33.33333333333333
Nonfat Light Probiotic Drink,403,311,92,77.1712158808933
Strawberry Spreadable Fruit,22,4,18,18.181818181818183
Taylor Organic Baby Herb Salad,473,245,228,51.79704016913319
All Purpose Skin Cream,39,6,33,15.384615384615385
Dry Italian Salame,8,2,6,25.0
Monterey Jack Shredded Cheese,75,23,52,30.666666666666664
Doubleshot Protein Coffee,55,29,26,52.72727272727272
White Tornado Twist Mop,63,2,61,3.1746031746031744
Blue Foil Cake Pan With Lids,30,6,24,20.0
Organic Unpasteurized Brown Rice Miso,5,1,4,20.0
Precision Ultra Fine Permanent Marker,34,4,30,11.76470588235294
Madagascar Bourbon VanillaBean  Ice Cream,180,72,108,40.0
Round Top Natural Whole Grain Bread,46,20,26,43.47826086956522
Find Your Thrill On Blueberry Hill Cheesecake,36,22,14,61.111111111111114
Wet Sweeper Cloths Refills,5,3,2,60.0
Mini Marshmallow,80,14,66,17.5
Baby Wipes Sensitive,1355,729,626,53.800738007380076
"Cheese Sticks, Variety Pack, Colby Jack & Cheddar",851,538,313,63.21974148061105
"Whole Wheat Flour, 100% Stone Ground",48,4,44,8.333333333333332
G Series Fierce Grape Sports Drink,198,114,84,57.57575757575758
Almonds & Sea Salt Dark Chocolate,519,224,295,43.15992292870906
Ebony Black 1N Permanent Hair Color,54,36,18,66.66666666666666
Tie-Dye Premium Cake Mix,17,1,16,5.88235294117647
Lemon Butter Cuticle Cream,20,0,20,0.0
Filets In Sauce New York Strip Flavor Dog Food,140,93,47,66.42857142857143
Soft Baked Cookies Gingerbread Spice,213,84,129,39.436619718309856
Mini Muffins,196,145,51,73.9795918367347
Hydrate Plus Face Wash,18,0,18,0.0
Small Breed Mini Bits,13,7,6,53.84615384615385
Grapefruit Citrus Soda,995,647,348,65.0251256281407
Organic Strawberries & Cream Flavor Nutritional Protein Shake,160,111,49,69.375
Divine Dipping Sticks,26,6,20,23.076923076923077
Gluten Free Puffins Honey Rice Cereal,778,387,391,49.742930591259636
Big Bowl Round Containers + Lids,207,49,158,23.67149758454106
"Potato Chips, Red Curry",12,2,10,16.666666666666664
Gluten-Free Cinnamon Rugelech,14,2,12,14.285714285714285
Boneless Breast Meat Turkey Breast Roast,154,44,110,28.57142857142857
Buffalo Style Wing Sauce,35,9,26,25.71428571428571
Country Fried Pork Chop & Gravy,10,3,7,30.0
Daily Clarifying Shampoo,49,26,23,53.06122448979592
Just Veggies Hot Mix,3,0,3,0.0
Toaster Strudel Apple Toaster Pastries,46,17,29,36.95652173913043
Iceberg Garden Salad Blend,1100,691,409,62.81818181818182
Organic Raw Walnut Halves,55,27,28,49.09090909090909
Cinnamon Berry Probiotic Balance Tea Bags,61,12,49,19.672131147540984
1-Step 1-Minute Paneer Makhani,79,26,53,32.91139240506329
Churro Tortilla Chips,9,6,3,66.66666666666666
MCT Oil Liquid Medium Chain Triglycerides,107,20,87,18.69158878504673
AcneDote Invisible Treatment Gel,21,2,19,9.523809523809524
Honey Crisp Apples,135,68,67,50.37037037037037
Super Lysine+ Dietary Supplement,108,28,80,25.925925925925924
Honey Mustard & Onion Pretzel Pieces,4,1,3,25.0
Baby Free & Clear Size 3 16-28 Lbs Diapers,7,3,4,42.857142857142854
Gluten Free Sweet Citrus Ginger Rice Noodles,4,1,3,25.0
Whole Milk Ricotta Classic Cheese,6,1,5,16.666666666666664
Organic Rice Protein Plain,32,23,9,71.875
Frost Icy Charge Sports Drink,67,38,29,56.71641791044776
Sea Kelp Shampoo,23,2,21,8.695652173913043
Shredded Asiago Cheese,1038,445,593,42.870905587668595
Organic Pears,43,13,30,30.23255813953488
Medium Corn Black Bean & Red Pepper Salsa,254,104,150,40.94488188976378
Laxative Softener Tablets,12,5,7,41.66666666666667
Pork Loin Chops,14,4,10,28.57142857142857
Classic Hazelnut Flavoring Syrup,11,4,7,36.36363636363637
Butter Golden Classic Cake Mix,39,8,31,20.51282051282051
Nacho Cheese Chips,2152,1075,1077,49.95353159851301
Hershey's S'mores Dessert Bar Mix,4,1,3,25.0
Vanilla Caramel Swirl Gelato,489,132,357,26.993865030674847
Real Semi-Sweet Chocolate Chips,13,7,6,53.84615384615385
Vegetable Dumpling Potstickers,290,99,191,34.13793103448276
Originals Dog Food,231,111,120,48.05194805194805
Salt & Cracked Pepper Flatbreads,18,2,16,11.11111111111111
Soft'ees Variety Donuts Family Pack - 12 CT,509,274,235,53.83104125736738
Organic Unsweetened Soy Milk Beverage,2393,1767,626,73.84036773923944
Enriched Unsweetened Quinoamilk Beverage,72,43,29,59.72222222222222
Electro Mix Electrolyte Replacement Lemon-Lime Drink Mix,8,1,7,12.5
Non GMO Classic Flavor Meatless Meatballs,24,6,18,25.0
2 Ply Bathroom Tissue Rolls,286,180,106,62.93706293706294
Chicago Craft Variety Case,56,22,34,39.285714285714285
Mo's Dark Chocolate Bar,62,12,50,19.35483870967742
Whiskey Salame,98,28,70,28.57142857142857
Crayons,61,11,50,18.0327868852459
Sparking Lavender Soda,73,21,52,28.767123287671232
Go-Gurt Disney Frozen Strawberry Vanilla,66,33,33,50.0
Habenaro Salsa XXX Hot,21,9,12,42.857142857142854
1F Organic Oatmeal Cereal Organic Cereal,53,20,33,37.735849056603776
Mrs. Fields Chocolate Fudge Brownie Ice Cream,40,5,35,12.5
Rustic Baguette,1349,822,527,60.9340252038547
Jet-Dry Original Rinse Aid,1478,353,1125,23.883626522327468
All Purpose Greek Seasoning,23,2,21,8.695652173913043
Ultra Downy® Mountain Spring™,24,6,18,25.0
Zap Ems Macaroni & Cheese,22,10,12,45.45454545454545
Casaba Melon,8,0,8,0.0
Gluten Free Spaghetti Pasta,1076,481,595,44.70260223048327
Fat Tire Beer,8,1,7,12.5
"Butter, Sheep, Lightly Salted",17,9,8,52.94117647058824
With Stainlifters Oxi Free Clear Laundry Detergent,5,0,5,0.0
Sausage & Pepperoni Pizza,46,13,33,28.26086956521739
Herb Turkey Breast,388,226,162,58.24742268041238
Lite Honey Mustard Dressing Topping & Spread,7,1,6,14.285714285714285
Aged White Cheddar Crunchy Popcorn,108,46,62,42.592592592592595
Natural Pure Sparkling Water,3633,2694,939,74.15359207266722
Osha Root Cough Syrup,11,4,7,36.36363636363637
Single Creamy Tomato Soup,259,119,140,45.94594594594595
Non-Alcoholic Sangria Flavored Carbonated Beverage,17,7,10,41.17647058823529
Wood for Good Almond Scented Polish,507,107,400,21.104536489151872
Authentic French Blinis,8,1,7,12.5
Lavendar Chamomile Hand Soap,6,2,4,33.33333333333333
Four Star Collection Entertainment Crackers,102,23,79,22.54901960784314
Gluten Free Parmesan & Garlic Bagel Chips,232,103,129,44.396551724137936
Chocolate Peanut Butter Swirl Bar,51,29,22,56.86274509803921
O'Brien Hashbrowns,6,1,5,16.666666666666664
Lemon Flavored Vodka,5,3,2,60.0
Salsa For All Seasons Half Guacamole Half Roasted Salsa,8,0,8,0.0
Naturally Smoked Bacon,178,86,92,48.31460674157304
Provolone & Prosciutto Tortellini,115,48,67,41.73913043478261
Krinkle Cut Salt & Fresh Ground Pepper Potato Chips,2130,1078,1052,50.61032863849765
Honey Roasted Pecan Pieces Made For Salads,70,20,50,28.57142857142857
Cherry Gelatin,105,21,84,20.0
Fresh Mushroom Italian Pasta Sauce,42,8,34,19.047619047619047
Kat Kit Disposable Tray,28,18,10,64.28571428571429
Pasture Raised Eggs,904,559,345,61.83628318584071
"Chicken Flavored Broth Base, & Seasoning",18,2,16,11.11111111111111
Bites Ft Chicken Rollers,7,1,6,14.285714285714285
Sharp Cheddar Finely Shredded Cheese,64,27,37,42.1875
Pumpkin Chevre Log,21,1,20,4.761904761904762
Revitalize Body Wash,64,21,43,32.8125
Classic Crust Special Deluxe Pizza,187,99,88,52.94117647058824
Gluten Free California Medley,4,1,3,25.0
Quinoa Salad,144,63,81,43.75
Spring Water Infused with Fulvic Acid,163,101,62,61.963190184049076
Royal Buffet Ham,20,9,11,45.0
Organic Lemon Agave Vinaigrette,206,77,129,37.37864077669903
Homemade Roasted Eggplant,86,43,43,50.0
Organic Rooibos Tea,1197,540,657,45.11278195488722
"Chutney, Mango & Ginger",12,0,12,0.0
Breaded Chicken Breast Cutlets,22,10,12,45.45454545454545
Mesquite Charcoal,139,44,95,31.654676258992804
100% Natural No Salt Diced Tomatoes,249,103,146,41.365461847389554
Tomato Juice From Concentrate,74,36,38,48.64864864864865
Freezer Pops Assorted Flavors Oral Electrolyte Maintenance Solution,76,19,57,25.0
Hot To Trot Red Blend,50,24,26,48.0
Greek Whips Chocolate Cherry,122,74,48,60.65573770491803
Sliced Baby Bella Mushrooms,5453,3304,2149,60.59050064184852
Chocolate Sea Salt Quinoa Cluster,82,41,41,50.0
Caffe Never Sweetened Iced Coffee Drink,139,99,40,71.22302158273382
Pasta Joy Ready Brown Rice Pasta Lasagne,219,56,163,25.570776255707763
Crumbled Reduced Fat Feta Cheese,479,201,278,41.962421711899786
Thin Crust Spinach And Mushroom Pizza,60,18,42,30.0
Exotic Patchouli Body Bar Soap,24,10,14,41.66666666666667
"Antiperspirant/Deodorant, Crystal Clear Gel, Clean Powder",16,6,10,37.5
Pistachio Bark Dark Chocolate,9,4,5,44.44444444444444
1F Organic Apples Organic Purees Fruit,5,2,3,40.0
Air Effects Febreze Air Effects with Downy April Fresh Air Freshener Air Care,10,0,10,0.0
Gluten Free Snickerdoodle Cookie Dough,6,2,4,33.33333333333333
Deli Fresh Honey Shaved Smoked Ham,914,471,443,51.53172866520788
All-Bran Original Cereals,276,128,148,46.3768115942029
Hair Remover Lotion with Baby Oil,32,5,27,15.625
Egg Bagels,240,180,60,75.0
Vegan D3 5000 I.U. Softgels,9,0,9,0.0
Clinical Strength Smooth Solid Women's Antiperspirant & Deodorant Light & Fresh Scent & Body Spray,24,5,19,20.833333333333336
Graham Cracker Pie Shell,50,16,34,32.0
Sport Antiperspirant and Deodorant,38,4,34,10.526315789473683
Cold & Sinus Nasal Spray,6,0,6,0.0
No Run Washable School Glue,106,18,88,16.9811320754717
Original Diet Lemonade,16,8,8,50.0
Garden Minestrone Soup,477,235,242,49.266247379454924
Mint Chocolate Chip Cookies,78,36,42,46.15384615384615
SmartBlend Vibrant Maturity 7+ Formula Dog Food,14,7,7,50.0
Probiolicious Probiotic Gummies,292,155,137,53.082191780821915
All Purpose Precision Tip 2 Pack,85,5,80,5.88235294117647
Demon Treat Halloween Candy,20,2,18,10.0
"Tropical Fruit Salad, Organic, in Organic Pineapple & Passionfruit Fruit Juices",9,2,7,22.22222222222222
Shirataki Rice,263,127,136,48.28897338403042
Clasico Buffalo Queso Tortilla Chips,290,154,136,53.103448275862064
"Garlic Press, Susi 3",18,1,17,5.555555555555555
Hydro Body Sponge with Hand Strap,92,11,81,11.956521739130435
"2 Chic Ultra Moist,Hair Mask",12,1,11,8.333333333333332
"Dish Liquid/Hand Soap, Triple Action, Orange",447,144,303,32.21476510067114
Salmon Roll,724,540,184,74.58563535911603
Pizza Meal,6,2,4,33.33333333333333
Best Grains 12 Whole Grains Bread,150,111,39,74.0
Organic Milled Flax Seeds,15,2,13,13.333333333333334
Balsamic Soy Ginger Sauce,8,0,8,0.0
Total Repair 5 Restoring Conditioner,7,0,7,0.0
Gourmet Sesame Seed Restaurant Style Hamburger Buns,269,111,158,41.2639405204461
Ultra Regular Flexible Wing Pads,60,11,49,18.333333333333332
Maximum Absorbency Underwear for Men - L/XL,60,45,15,75.0
Salted Jumbo Virginia Peanuts,37,28,9,75.67567567567568
Triple Caramel Chunk Ice Cream,121,53,68,43.80165289256198
Wheat Saltine Crackers,5,0,5,0.0
Tomato Carrot Bisque a Touch of Cream,4,0,4,0.0
Chicken,157,86,71,54.77707006369427
Garlic Pepper Seasoning Grinder,51,14,37,27.450980392156865
Himalayan Salted Ghee,331,81,250,24.47129909365559
Crispbread,94,45,49,47.87234042553192
Strawberry Contour Soda,90,54,36,60.0
Lite Firm Tofu,518,326,192,62.93436293436293
Greek Peaches 'n Cream Fat Free Yogurt,5,1,4,20.0
Double Stuf Chocolate Sandwich Cookies Family Size,791,364,427,46.017699115044245
Beet Goes On Vegetable & Fruit Drink,4,2,2,50.0
Fit Kitchen Steak Fajita,36,13,23,36.11111111111111
Whole Wheat Pita Bread,1284,574,710,44.704049844236756
Tuna & Crab Meat Entree in Gravy Cat Food,150,108,42,72.0
All Natural Vegan Chicken Lomein,5,0,5,0.0
Wide Egg Noodles,4158,1317,2841,31.673881673881677
Coconut Sorbetto,71,35,36,49.29577464788733
Toaster Strudel Wildberry Toaster Pastries,28,6,22,21.428571428571427
Buzz Away Extreme Spray,17,2,15,11.76470588235294
Organic Orange Carrot,291,151,140,51.890034364261176
Turkey Sausage Muffin Sandwiches,32,8,24,25.0
Immune Defense Tonic,11,2,9,18.181818181818183
Concentrated Splash-Less Regular Bleach,325,95,230,29.230769230769234
in Extra Light Syrup Mango Chunks,19,6,13,31.57894736842105
Artichoke Ravioli,18,9,9,50.0
Super Greens Salad,15298,9776,5522,63.903778271669495
Crackers Bunny Graham Friends Snack Packs,1814,759,1055,41.8412348401323
Perfect Point Plus Eye Liner - Charcoal 205,3,0,3,0.0
Organic Sweet Cream Cherry Lime Yogurt,8,1,7,12.5
"Potstickers, Chicken & Vegetable Dumplings",31,13,18,41.935483870967744
Original Canola Cooking Spray,40,1,39,2.5
Children's Orange 12 Hour Cough Suppressant,5,0,5,0.0
Organic Kale Italia Deep Green Blends,214,104,110,48.598130841121495
Classic Caffeine Free Soda,359,226,133,62.95264623955432
Multi for Her + Omega-3 Fruit Gummies,5,1,4,20.0
Authentic German Spaetzle Home-Style Egg-Noodles,19,7,12,36.84210526315789
Seriously Sharp Premium Naturally Aged Cheddar Cheese,27,12,15,44.44444444444444
Buddy Bear Probiotic Orange Flavor Chewable,1,0,1,0.0
"Pasta Sauce, Traditional, Marinara",48,19,29,39.58333333333333
Mint Ice Cream Sandwiches,1196,602,594,50.33444816053512
Shelled & Dry Roasted Organic Pistachios,968,508,460,52.47933884297521
All In One Natural Flavor Nutritional Shake,24,13,11,54.166666666666664
Mild Heat Level Teriyaki Chicken With Soba Noodles,73,13,60,17.80821917808219
Table Water Crackers with Roasted Garlic & Herbs,91,36,55,39.56043956043956
Dry Mustard,11,0,11,0.0
Honey Roasted & Smoked Premium Turkey Breast,119,62,57,52.10084033613446
Dressing Ranch Buffalo,10,3,7,30.0
Parmesan Croutons Gluten Free,20,1,19,5.0
Peach Lemonade Sparkling Water,13,2,11,15.384615384615385
Rainbow Salad,10,5,5,50.0
English Breakfast Leaf Tea,13,4,9,30.76923076923077
Split Top White Bread,478,314,164,65.69037656903765
Organic Kamut Pasta Sprirals,51,24,27,47.05882352941176
Blackberry Pomegranate Iced Green Tea To Go Packets,7,2,5,28.57142857142857
French Onion Sour Cream Dip,674,359,315,53.26409495548962
"Basil, Garlic, Pine Nuts, Parmesan Cheese and Pure Olive Oil Pesto sauce with Basil",234,132,102,56.41025641025641
Chips Ahoy! Chocolate Chip Candy Blasts,121,75,46,61.98347107438017
Coconut Oil Spreadable Baking Sticks,3,0,3,0.0
Dairy & Gluten Free Frozen Mexican Tamale Pie,48,15,33,31.25
Ocean Mist Liquid Pods,61,20,41,32.78688524590164
Gourmet Natural Original Magic Seasoning,79,14,65,17.72151898734177
Organic Bartlett Pear,37706,26692,11014,70.78979472762956
Unsweetened Whole Blueberries,452,213,239,47.123893805309734
Kick Start Energizing Fruit Punch Sparkling Juice Beverage,192,148,44,77.08333333333334
Zero Calorie  Sweetener Packets 50 Count,39,15,24,38.46153846153847
South Of The Border Tortilla Soup Mix,37,10,27,27.027027027027028
Whole Baby Corn,189,75,114,39.682539682539684
Turkey Chops,2,0,2,0.0
Panko Bread Crumbs,9008,2455,6553,27.253552397868564
Brick Oven Crust Cheese Trio Pizza,50,18,32,36.0
Detangler,19,4,15,21.052631578947366
Blueberry Pie Filling & Topping,23,3,20,13.043478260869565
Orange Pineapple,47,22,25,46.808510638297875
Holy Basil Leaf Vegetarian Liquid Phyto-Caps,8,2,6,25.0
Sriracha Lime Pretzel Crisps,145,73,72,50.3448275862069
Organic Southwest Salad,656,196,460,29.878048780487802
Numeral 4 Candle,7,0,7,0.0
Organic Stage 2 Carrot Sweet Potato & Brown Rice Baby Food,159,59,100,37.10691823899371
Classic Caramel Sundae Syrup,44,6,38,13.636363636363635
Organic Whole Fire Roasted Tomatoes,129,24,105,18.6046511627907
Light And Fit Raspberry Goji Blueberry Acai Yogurt,18,11,7,61.111111111111114
"Special K  Flatbread Breakfast Sandwich-Ham, Egg & Pepper Jack Cheese",97,48,49,49.48453608247423
Gluten Free Dark Chocolate High Protein Bar,562,335,227,59.60854092526691
"Flax Oil, Organic, Omega-3, Original Formula",1,0,1,0.0
Pinto Beans with Jalapeno Peppers,8,0,8,0.0
Special K Multi Grain Crackers,16,5,11,31.25
"Chardonnay, Oak Knoll District of Napa Valley, 2011",13,8,5,61.53846153846154
Organic Hummus Roasted Red Pepper,612,277,335,45.26143790849673
Plain Crumbled Goat Cheese,7,0,7,0.0
Honest Diaper Rash Cream rapid relief,116,21,95,18.103448275862068
Ice Cream Shoppe Frosted Hot Fudge Sundae Pop Tarts,92,63,29,68.47826086956522
Mini Bagels,111,52,59,46.846846846846844
Orange Cauliflower Head,13,2,11,15.384615384615385
Sparkling Mineral Water,18161,14163,3998,77.98579373382523
Fresh Meadow Precision Pour Bleach Gel,38,16,22,42.10526315789473
Cold Remedy Honey Lemon Multi- Symptom Relief QuickMelts®,9,3,6,33.33333333333333
Soothing Pine Cough Drops,16,9,7,56.25
"Potato Chips, Lightly Salted",263,217,46,82.50950570342205
"Mineral Bath, Aromatherapy, Relaxing Lavender",87,26,61,29.88505747126437
Original Jellybeans,269,103,166,38.28996282527881
Chocolate Chip Cookie Gluten Free,14,2,12,14.285714285714285
83% Chocolate,40,26,14,65.0
Laxative Tablets,80,50,30,62.5
Steam Crisp Mexicorn,145,50,95,34.48275862068966
Orange Peel In Dark Chocolate Bar,2982,1821,1161,61.066398390342044
Kinder To Skin Australian Tea Tree Oil,36,6,30,16.666666666666664
"Soy Sauce, Organic, Less Sodium",43,8,35,18.6046511627907
Restaurant Recipe Italian Dressing,37,13,24,35.13513513513514
Small Rectangle,5,0,5,0.0
Toll House Premier White Chocolate Morsels,21,2,19,9.523809523809524
Almond & Coconut Fruit & Nut Bars,489,224,265,45.807770961145195
Chai Bliss Almonds,9,1,8,11.11111111111111
100% Columbian Medium Coffee,9,2,7,22.22222222222222
Kosher Dill Wholes,242,123,119,50.82644628099173
Optic White Sparkling White Mint Toothpaste,144,43,101,29.86111111111111
Large White Bread,74,51,23,68.91891891891892
24HR Capsules - 14 CT,73,45,28,61.64383561643836
Pro-V Classic Clean Daily Shampoo,79,18,61,22.78481012658228
Vanilla Protein Monster Shake,41,12,29,29.268292682926827
Organic Apple Sauce Baby Food,16,10,6,62.5
New York Extra Sharp Cheddar Cheese,34,14,20,41.17647058823529
Almond Butter,3156,2145,1011,67.9657794676806
Deli Fresh Shaved Smoked Turkey Breast,4454,2541,1913,57.049842837898524
Hawaiian 3-in-1 Clean Towelettes,239,98,141,41.00418410041841
Roarin' Waters Strawberry Kiwi,85,48,37,56.470588235294116
Grill Mates Roasted Garlic & Herb,9,0,9,0.0
Repair & Protect Shampoo,117,24,93,20.51282051282051
Light Butter Popcorn Pop Up Bowl,49,11,38,22.448979591836736
Warm & Crunchy Cranberry Almond Granola,8,1,7,12.5
The Ultimate Fish Stick,136,70,66,51.470588235294116
One Plant-Based Natural Nutritional Shake Drink Mix,35,8,27,22.857142857142858
Dark with 70% Cacao Content Organic Chocolate Bar,5201,2824,2377,54.29725052874447
Adult MultiVites Gummy Vitamins,98,30,68,30.612244897959183
Natural Cellulose Scrub Sponge,1562,770,792,49.29577464788733
Cheerios Family Size Cereal,533,274,259,51.40712945590994
Sliced Medium Cheddar Cheese Slices,110,50,60,45.45454545454545
Cream Cheese Whipped Frosting,22,2,20,9.090909090909092
Sweet & Thick Honey BBQ Sauce,7,1,6,14.285714285714285
Signature Shredded Steak & Three–Cheese Burritos,178,87,91,48.87640449438202
Old Fashioned Caramel Dip,130,33,97,25.384615384615383
Organic Black Bean Mini Fettucini,15,0,15,0.0
Honey BBQ Sauce Boneless Chicken Bites,30,9,21,30.0
Creamy Avocado Poblano Dressing,6,0,6,0.0
Arbequina Extra Virgin Olive Oil,27,16,11,59.25925925925925
Low Sodium Black Beans,2263,1087,1176,48.03358373840035
Apple Bites Multipack,93,52,41,55.91397849462365
Original Chik'n Vegan Soy Protein Patties,246,140,106,56.91056910569105
Peanut Butter Protein Bar Box,12,0,12,0.0
Large Eggs,2745,2001,744,72.89617486338797
Rolled Oats,1364,754,610,55.278592375366564
Spinach & Ricotta Ravioli Bowl,84,30,54,35.714285714285715
Chocolate Reese's Frozen Dairy Dessert,202,59,143,29.207920792079207
Craisins Fruit & Nut Trail Mix,18,5,13,27.77777777777778
Creamy Onion Dip,50,33,17,66.0
Light Absorbency Panty Liners,35,5,30,14.285714285714285
"2\"" X 60 Yd. Multi Use Roll",21,1,20,4.761904761904762
Honest Diapers Eco-Friendly & Premium Diapers Size N up to 10 lb,8,4,4,50.0
Pure Kosher Dills,1551,905,646,58.34945196647324
Pure Zero Energy Drink Watermelon,57,43,14,75.43859649122807
Blueberry Morning Blueberry Cereal,43,28,15,65.11627906976744
Egg Salad,2050,1364,686,66.53658536585367
Original Thousand Island Dressing & Dip,18,5,13,27.77777777777778
Spreadable Butter With Canola Oil,182,124,58,68.13186813186813
Dark Chocolate Olive Oil And Sea Salt Ice Cream,4,0,4,0.0
Baked Fries Potato & Corn Snacks Cheddar Cheese,50,38,12,76.0
On-the-Go Healing Ointment,45,14,31,31.11111111111111
Squares Milk & Caramel Chocolate,792,448,344,56.56565656565656
Hemp Nourishing Shampoo,7,2,5,28.57142857142857
Onion Soup & Dip Mix,42,11,31,26.190476190476193
Total Whitening Gel Toothpaste,279,79,200,28.31541218637993
Raw Fizzy Probiotic Blood Orange Tea,118,81,37,68.64406779661016
4 Flavor Variety Pack,147,80,67,54.421768707483
Organic Japanese Sencha Green Tea,9,1,8,11.11111111111111
Parmesan Cheese Crisps,2200,1602,598,72.81818181818181
Greek Corner Strawberry Lowfat Yogurt,17,7,10,41.17647058823529
Fusion Ultra Sensitive Hydra Gel Men's Shave Gel Twin Pack,14,0,14,0.0
Freeze Off Wart Removal System,8,2,6,25.0
Comb Thru Volume Finishing Mist Hairspray Medium Hold,11,4,7,36.36363636363637
Graduates Lil Meals Mac Cheese with Chicken Vegetables,91,51,40,56.043956043956044
Fresh Basil Goat Cheese,3,0,3,0.0
Lavender Field Liquid Laundry Detergent,11,6,5,54.54545454545454
Soy Ginger Noodle Bowl,42,28,14,66.66666666666666
Organic Breakfast Chicken Sausage Pattie,17,10,7,58.82352941176471
"Seasoning, All-Purpose",59,4,55,6.779661016949152
Pumpkin Bread Mix,54,14,40,25.925925925925924
Tropical Rainbow Grand Sherbet,81,23,58,28.39506172839506
One Mixed Berry Nutritional Shake Drink Mix,10,1,9,10.0
Popcorn Chicken,1131,651,480,57.55968169761273
Organic Bernie's Farm Macaroni & Cheese,2199,1313,886,59.708958617553435
Urban Bourbon Ice Cream,2,0,2,0.0
Cranberry Pomegranate Flavor 100% Juice,401,239,162,59.60099750623441
Italian Style Chicken Meatballs with Mozarella Cheese,722,312,410,43.21329639889196
Farmhand's Choice Granola,156,95,61,60.89743589743589
Deep Dish Reusable Containers,18,1,17,5.555555555555555
Banana Chia Pod,1018,604,414,59.3320235756385
Spreadable Plain Chevre Goat Cheese,37,21,16,56.75675675675676
Minute Tapioca,77,5,72,6.493506493506493
Organic Creamy Broccoli Soup,393,143,250,36.38676844783715
Italian Bread With Sesame Seeds,309,213,96,68.93203883495146
Indian Coconut Nectar Votive Candle,17,8,9,47.05882352941176
Tropical Paradise,30,2,28,6.666666666666667
Original Sauce,4578,1364,3214,29.79467016164264
Crunchy Oats N' Honey Granola Bars,4338,2398,1940,55.278930382664825
Herbal Tea Bags Organic Turmeric With Meadowsweet & Ginger 16 Ct,65,16,49,24.615384615384617
Hawaiian Breeze Scented Oil Refill,200,91,109,45.5
Room & Body Peaceful Patchouli & Sweet Orange Aromatherapy Mist,14,1,13,7.142857142857142
Fruitfull Raspberry Cream Fruit Bar,18,7,11,38.88888888888889
Large Fruit Tart,44,7,37,15.909090909090908
Chunk Light Tuna In Oil,194,89,105,45.876288659793815
Shower Fresh Antiperspirant & Deoderant,6,0,6,0.0
Pepper Jack Chunk Cheese,90,30,60,33.33333333333333
Organic Amber Coconut Nectar,40,5,35,12.5
Complete Multi-Benefit Whitening Plus Herbal Mint Flavor Expressions Toothpaste,13,4,9,30.76923076923077
100% Organic Einkorn Whole Wheat Pasta,56,22,34,39.285714285714285
Raspberry Lemonade Seltzer,28,10,18,35.714285714285715
Blueberry Apple & Purple Carrot Fruit & Veggie Twist,14,5,9,35.714285714285715
Pitted Organic Kalamata Olives To Go!,105,66,39,62.857142857142854
Multi-Purpose Oxi Stain Remover,15,7,8,46.666666666666664
Non-Fat Greek Yogurt With Strawberries on the Bottom,4650,3119,1531,67.0752688172043
Whole Grain Baked Snack Crackers,123,74,49,60.16260162601627
Organic Lemon Perfume Oil,12,0,12,0.0
Classic Clean 2 In 1 Shampoo Plus Conditioner,36,8,28,22.22222222222222
Cream Cheese Spread Stick,163,75,88,46.012269938650306
Original Blackberry Pomegranate Low Fat Yogurt,37,21,16,56.75675675675676
Xtreme Puffs Cheddar Bacon Baked Puffed Snacks,5,0,5,0.0
Fruit & Nuts in Yogurt Fruit & Nut Bar,249,149,100,59.83935742971887
Thin Salted Matzos,34,6,28,17.647058823529413
BBQ Sauce,107,36,71,33.64485981308411
Atsuage Tofu Cutlet,150,91,59,60.66666666666667
Roasted Salted Sunflower Kernels,517,242,275,46.808510638297875
Mild Cheddar Natural Cheese,4,0,4,0.0
Apple Berry Sauce On The Go Pouches,25,14,11,56.00000000000001
Fruit by the Foot Strawberry Fruit Flavored Snacks,65,38,27,58.46153846153847
100% Pure Organic Maple Syrup Grade A,675,227,448,33.62962962962963
Unsweetened Vanilla Almond Milk,26307,18530,7777,70.43752613372867
Coconut Juice,6,1,5,16.666666666666664
Whole Grain Honey Crunch Cereal,26,7,19,26.923076923076923
Belgian White Beer,562,312,250,55.51601423487544
Smooth Red Pasta Sauce,6,1,5,16.666666666666664
Chipotle Ranch Dressing & Dip,144,39,105,27.083333333333332
Lemon Pepper Marinade,115,30,85,26.08695652173913
Manuka Honey Blend,20,8,12,40.0
Mesquite BBQ Kettle Cooked Potato Chips,10,4,6,40.0
Chipotle Chicken Burrito,428,240,188,56.074766355140184
White Cheddar Popcorn Crisps,19,7,12,36.84210526315789
Pro Comfort Super Tampons,8,1,7,12.5
Apple Soda,60,30,30,50.0
4 in 1 Moisture Shave Lavender Shea,100,18,82,18.0
Thins Cinnamon Sugar,32,16,16,50.0
Organic Almond Butter With Carob Macrobar,1085,696,389,64.14746543778801
Pineapple Fruit Roll,14,6,8,42.857142857142854
"Ultra Thin Active Pads, Regular",16,2,14,12.5
Simply Made Crispy Lemon Delight Thins Cookies,5,1,4,20.0
Triple Cheese Party Pizza,277,142,135,51.26353790613718
Graffiti Eggplant,2,0,2,0.0
Ultra Pure Drinking Water,14,7,7,50.0
Indian Hemp & Haitian Vetiver Deodorant,5,0,5,0.0
2pk Artisan Thin Pizza Crust,14,1,13,7.142857142857142
Fried Chicken,303,182,121,60.066006600660074
Garlic & Wine Sopressata Salami,743,330,413,44.414535666218036
Instant Natural Beverage,3,0,3,0.0
Capellini,40,18,22,45.0
Leave - In Conditioner,10,1,9,10.0
Organic Protein Cocoa Coconut Bar,560,328,232,58.57142857142858
Pillow Soft Silicone Putty Earplugs,24,7,17,29.166666666666668
Ginger Mint Foam Bath,31,23,8,74.19354838709677
"Water Enhancer, Stevia, Strawberry Kiwi",11,2,9,18.181818181818183
Ginger Twist Green Tea,78,49,29,62.82051282051282
Disinfecting Wipes Lemon & Lime Blossom Scent,249,90,159,36.144578313253014
Vanilla Wafer,72,29,43,40.27777777777778
Special K Chocolatey Pretzel Cereal Bars,257,140,117,54.474708171206224
Kickstart Energizing Fruit Punch,26,22,4,84.61538461538461
Designer Paper Plates 8.75 In,35,12,23,34.285714285714285
Classics Hot Cocoa Mix Variety Pack,67,22,45,32.83582089552239
Nacho Cheese Sauce,309,116,193,37.54045307443366
Protein Zone Smoothie,118,74,44,62.71186440677966
Pomegranate with Blueberry 100% Juice,78,29,49,37.17948717948718
Pyramid Black Tea Bags,1452,749,703,51.58402203856749
Mousse Temptations Chocolate Indulgence,19,3,16,15.789473684210526
Bay Blue Cheese,242,59,183,24.380165289256198
"Daily Clean Wet Cleansing Cloths, 30 count Female Skin Care",20,9,11,45.0
"Biscuits, Gingerspice",2,0,2,0.0
Seaweed Ramen,713,300,413,42.07573632538569
Total Effects Anti-Aging Daily Moisturizer,9,1,8,11.11111111111111
"Freezer Slider Bags, Gallon",182,47,135,25.82417582417583
Vegan Nayonaise Sandwich Spread,14,1,13,7.142857142857142
Triple Moisture Cream Lather Shampoo,42,11,31,26.190476190476193
Omega Cooking Oil,65,24,41,36.92307692307693
Sea Salt 70% Dark Chocolate Stevia Sweetened Vegan Non GMO,71,37,34,52.112676056338024
Organic Millet Puffs,34,13,21,38.23529411764706
Strawberry Peach Still Artesian Water,369,204,165,55.28455284552846
Raspberries,57640,39507,18133,68.5409437890354
Big Leaf Maple Summer Beer,12,2,10,16.666666666666664
Rich Dark Chocolate Nutrition Shake,91,38,53,41.75824175824176
Gluten Free Extra Thick Rolled Oats,357,144,213,40.33613445378151
Cranberry Toasted Almond Bar,52,30,22,57.692307692307686
Natural Sliced Almonds,16,0,16,0.0
Honest Face + Body Lotion,13,2,11,15.384615384615385
Take A Bake Classic Breadsticks,17,4,13,23.52941176470588
Holiday Nutcracker Sweet Black Tea,2,0,2,0.0
Teriyaki Baste & Glaze,64,28,36,43.75
Gelato Peanut Butter Chocolate,43,11,32,25.581395348837212
Chocolate Supreme Brownie Mix,138,28,110,20.28985507246377
Chipotle Black Bean Dip with Charred Tomato,29,11,18,37.93103448275862
Glide Pro Health Deep Clean Floss Cool Mint 2 Count,143,20,123,13.986013986013987
Deli Turkey,54,26,28,48.148148148148145
"Cherry, Grape, Lemon, Apple, and Orange Candy",58,27,31,46.55172413793103
Wild Salmon Florentine Cat Food,140,78,62,55.714285714285715
Total with Mango Greek Strained Yogurt,782,559,223,71.48337595907928
Creamy Artichoke & Olive Ravioli,14,1,13,7.142857142857142
Crushed Red Pepper,2627,314,2313,11.952797868290826
Crunch Bars,24,8,16,33.33333333333333
Jubilee Granola,122,85,37,69.67213114754098
Organic Spicy Kale Krunch Super Food,417,248,169,59.47242206235012
Chipotle Taco Seasoning Mix,34,6,28,17.647058823529413
Vegetarian Roll,660,402,258,60.909090909090914
Mild Pico De Gallo,246,162,84,65.85365853658537
Coconut Milk Non Dairy Frozen Dessert Chocolate Peanut Butter Swirl,477,181,296,37.9454926624738
Watercress Package,608,334,274,54.93421052631579
Cocoa Goodness Oat Clusters Subtly Sweetened Granola Toasted to Perfection,58,34,24,58.620689655172406
Crab Cakes Handmade,11,3,8,27.27272727272727
Medium Size Bright Braided Elastic Hairbands,4,0,4,0.0
Click Gel Automatic Ocean Fresh Scent 4 Disposable Applicators Toilet Bowl Cleaner,45,18,27,40.0
Bulgur & Soft Alfalfa,5,0,5,0.0
"Potato Chips, Kettle Cooked, Sea Salt & Cracked Pepper",50,30,20,60.0
Kale & Roasted Garlic Baked Bean Bites,98,56,42,57.14285714285714
Raw Pure US Honey,21,8,13,38.095238095238095
Organic Petite Creme Mon Cherry Amour Yogurt,2,0,2,0.0
"Vanilla, Chocolate, Strawberry Ice Cream",1193,397,796,33.27745180217938
Folly Variety Bottles,245,104,141,42.44897959183673
Original Complete Nutritional Drink Creamy Strawberry,12,5,7,41.66666666666667
Black Rice Burger with Adzuki Beans & Leafy Greens,855,469,386,54.853801169590646
Antibacterial Hand Soap,6,0,6,0.0
Organic Lactose Free Whole Milk,8477,7282,1195,85.90303173292439
Egg White Chicken Maple Sausage & Cheese Breakfast Sandwich Gluten-Free,122,45,77,36.885245901639344
Organic Mate Gingerade,11,3,8,27.27272727272727
Touch Meat Tenderizer,5,0,5,0.0
Double Dark Chocolate Gelato,444,195,249,43.91891891891892
Benadryl Allergy Ultratab Posted 10/14/2013 Allergy,95,23,72,24.210526315789473
Raspberry Vinaigrette Salad Snax,86,73,13,84.88372093023256
Yogurt Beam Me Up Berry,5,2,3,40.0
Currant Granola With Flax Seeds,15,6,9,40.0
Extra Strength Pain Reliever Caplets,37,10,27,27.027027027027028
Town House Wheat Crackers,26,8,18,30.76923076923077
Premium Prunes,83,43,40,51.80722891566265
Roasted Seaweed Snacks,2202,1553,649,70.52679382379655
"Children's Bubble Gum Fever Reducer and Pain Reliever, for Ages 2-11 years",62,16,46,25.806451612903224
Extra Sharp Australian Cheddar Cheese,25,12,13,48.0
Frosted Mini-Wheats Original Cereal,5560,3359,2201,60.4136690647482
Light Roast Real Inspiration Blend Ground Coffee,3,0,3,0.0
Iced Lemon Cake Slice,54,31,23,57.407407407407405
Therapeutic Herbal Bath,7,0,7,0.0
Humm! Cocktail Hummus Roasted Pine Nuts,337,173,164,51.33531157270029
Old Fashioned Hard Sourdough Pretzels,26,18,8,69.23076923076923
Original Cinnamon Granola with Cranberries and Sunflower Seeds,392,192,200,48.97959183673469
3-Day Treatment Vaginal Antifungal Combination Pack,2,0,2,0.0
Tall Kitchen Bags,18,1,17,5.555555555555555
No Bake Cherry Cheesecake Dessert Kit,15,8,7,53.333333333333336
"Honey, Infused with Chilies",26,7,19,26.923076923076923
with Xylitol Unwrapped Spearmint 50 Sticks Sugar Free Gum,55,19,36,34.54545454545455
"Little Yums Spinach, Apple, and Kale Teething Wafers",2275,1091,1184,47.956043956043956
"100% Juice, Original",238,127,111,53.36134453781513
Milky Way Candy Bar,56,37,19,66.07142857142857
Butter Biscuits,295,171,124,57.96610169491525
Creamy Milk & Honey Splash Body Wash,18,4,14,22.22222222222222
"Black Beans, Low Sodium",59,15,44,25.423728813559322
Shredded Cheddar Cheese,219,86,133,39.26940639269406
Pure Green Tea,1241,543,698,43.75503626107977
Italian-Style Mushroom-Flavored Spaghetti Sauce Mix,21,9,12,42.857142857142854
Sugar Free Blueberry Preserves,103,45,58,43.689320388349515
Spaghetti & Meat Sauce Compleats,19,8,11,42.10526315789473
Gluten Free Frosted Blueberry Toaster Pastry,133,44,89,33.08270676691729
Two Step Mix Green Chili Stew,35,13,22,37.142857142857146
Lemon-Lime Sparkling Water Beverage,74,58,16,78.37837837837837
Reddiegg Egg Product,310,204,106,65.80645161290323
Tree Free Facial Tissue - 90 CT,99,61,38,61.61616161616161
Prenatal DHA Softgels - 60 CT,17,2,15,11.76470588235294
Chicken Dumplings,66,27,39,40.909090909090914
Hibiscus Apple Unsweetened,5,1,4,20.0
Volume Dry Shampoo,49,9,40,18.367346938775512
Martini Pimento Stuffed Olives,53,28,25,52.83018867924528
Veggie Tray,927,384,543,41.42394822006473
Petite Creme Lowfat Strawberry Yogurt,33,19,14,57.57575757575758
100% Pure Raw & Unfiltered Honey,10,3,7,30.0
Sparkling Energy Water Lemon Lime,974,698,276,71.66324435318275
Gluten Free Double Fiber Sandwich Bread,45,29,16,64.44444444444444
Contact Lens Solution,162,41,121,25.308641975308642
Diced In Sauce Tomatoes,8,1,7,12.5
Sweet Onion Rolls,6,0,6,0.0
Living Drip-Catch Cuff Gloves,170,56,114,32.94117647058823
Steak Fries,146,90,56,61.64383561643836
Japanese Style Noodles & Chicken Flavored Sauce,159,100,59,62.893081761006286
Yummy Bears Organics Multi Vitamin,151,80,71,52.980132450331126
Dry Erase Markers,12,3,9,25.0
Rich Coffee Flavor Candy,41,20,21,48.78048780487805
Family Size Ripple Cut Potato Chips,108,69,39,63.888888888888886
Gentle Cleansing Bars,56,30,26,53.57142857142857
Salon Board 2-pk. - Black,9,0,9,0.0
Puffs Cheese Flavored Snacks,1194,602,592,50.41876046901172
"Apple, Juicy Red, Family Pack",648,408,240,62.96296296296296
"Chili with Beans, Hot",126,68,58,53.96825396825397
O'Keeffe's Healthy Feet,5,0,5,0.0
Tall Kitchen Trash Bags with Flap Closure 13 gallon,1052,314,738,29.84790874524715
Unscented Liquid Laundry Detergent,565,270,295,47.78761061946903
Wild Alaskan Sockeye Smoked Salmon,1312,689,623,52.515243902439025
Hummus with Tortilla Chips Bold & Spicy,9,3,6,33.33333333333333
Organic Rainbow Chard Blend,102,28,74,27.450980392156865
Just Spinach Zucchini Quinoa,6,2,4,33.33333333333333
Dulse Flakes,58,8,50,13.793103448275861
Baby Tiny Cold Tablets Quick-Dissolving - 125 CT,68,28,40,41.17647058823529
Natracare Ultra Pads w/ Wings Super,132,57,75,43.18181818181818
Pomegranate Fresh Arils,156,56,100,35.8974358974359
Liquid Water Enhancer Fruit Punch,17,11,6,64.70588235294117
Baked Snack Cracker Extra Toasty,275,170,105,61.81818181818181
Butter Puff Pastry,204,43,161,21.07843137254902
Seafood Variety Pack Cat Food,238,147,91,61.76470588235294
Ones Amazing Prunes,6,0,6,0.0
B Right Complex Capsules,9,0,9,0.0
Quart Freezer Reclosable Bags,30,3,27,10.0
Organic Lemon Thyme Herbs,42,4,38,9.523809523809524
Cruisers Diapers Jumbo Pack  Size 3,20,6,14,30.0
Pro Health Disney Star Wars Kids Minty Breeze Toothpaste,49,11,38,22.448979591836736
Souper 6-Pack Chicken Flavor Ramen Noodle Soup,1195,554,641,46.35983263598326
Farmhouse Culture Classic Caraway Kraut,876,425,451,48.51598173515982
Mini Can,16,5,11,31.25
Mango CoGo Smoothie,58,32,26,55.172413793103445
Enchilada Sauce Mix,49,6,43,12.244897959183673
Cheese Pizza Rolls,994,463,531,46.579476861167
Multivitamin and Multimineral Supplement Tablets For Adults,20,3,17,15.0
Deluxe Orange Marmalade Fruit Spread,300,73,227,24.333333333333336
Classic Mild Guacamole Mix,58,21,37,36.206896551724135
Gourmet Burger Seasoning,2,0,2,0.0
Boneless Pork Rib Shaped Potty Meal,14,6,8,42.857142857142854
"Fresh Frozen Blueberries, Strawberries & Banana Slices",11,1,10,9.090909090909092
Maple 100% Pure Syrup,161,55,106,34.161490683229815
Apitherapy Raw Honey,185,45,140,24.324324324324326
"Dog Treats, Premium, Chicken, Small Size",16,3,13,18.75
Sparkling French Berry Lemonade,33,26,7,78.78787878787878
Red Decorating Icing,35,0,35,0.0
Meaty Bits Variety Pack Wet Cat Food,309,206,103,66.66666666666666
Thyme & Honey Goat Cheese,3,0,3,0.0
Captain America Assorted Fruit Flavored Snacks,38,24,14,63.1578947368421
Sesame Chicken Skillet Sauce,27,7,20,25.925925925925924
Organic Chicken Strips,11110,7378,3732,66.40864086408641
Premium Dog Food with Lamb and Rice Classic Pate Dog Food,10,3,7,30.0
Organic Diced Tomatoes No Salt Added,132,59,73,44.696969696969695
Dark Chocolate Apple Blueberry Fruit Bites,13,3,10,23.076923076923077
Breaded Mozzarella Sticks,271,88,183,32.47232472324723
Ultra Thin Roast Beef,614,286,328,46.579804560260584
Strawberry Cheesecake Flavored Low Fat Yogurt,268,124,144,46.26865671641791
Sunrise Grilled Steak and Eggs Canine Cuisine Wet Dog Food,71,52,19,73.23943661971832
Stage 1 First Pears,518,200,318,38.61003861003861
Organic Half Baby Spinach & Half Baby Arugula,342,131,211,38.30409356725146
"Organic Turkey, Carrot & Potato Formula Adult Dog Food",100,49,51,49.0
L-Lysine 500 mg Capsules,13,1,12,7.6923076923076925
Chunky BBQ Seasoned Pork,13,5,8,38.46153846153847
One French Vanilla Nutritional Shake Drink Mix,391,134,257,34.271099744245525
No. 2 Medium (0.7 mm) Mechanical Pencils,10,0,10,0.0
Tokyo Ramen Noodles,311,111,200,35.69131832797427
"Organic Cranberry, Almond & Coconut Super Food Bar",7,3,4,42.857142857142854
"Nasal Spray, Hypertonic Seawater",7,0,7,0.0
Veggie Loaf Mashed Potatoes and Vegetables,513,273,240,53.216374269005854
Caffe Verona Dark Ground Coffee,860,555,305,64.53488372093024
Simply 100 Crunch Mango Cone Crisp Non-Fat Greek Yogurt,111,58,53,52.25225225225225
Finding Dory Shapes Macaroni & Cheese Dinner,71,26,45,36.61971830985916
"Moisture Shave, Fragrance Free",14,4,10,28.57142857142857
Green Cake Icing,20,4,16,20.0
Raw Stuffed Chicken Breasts Broccoli & Cheese,74,30,44,40.54054054054054
Chocolate Joy Mighty Flakes,48,26,22,54.166666666666664
Caramel Corn Rice Cakes,1141,571,570,50.04382120946538
Women's Anti-Perspirant & Deodorant Powder Fresh Gel,33,8,25,24.242424242424242
S'mores Pudding,46,35,11,76.08695652173914
"Tea, Breakfast, Decaffeinated",37,9,28,24.324324324324326
Foam Plates,470,288,182,61.27659574468085
"Whiskey, American Blended",15,11,4,73.33333333333333
Sprouted Seven-Grain Baguette,11,0,11,0.0
Hot Paprika,6,0,6,0.0
Complete Omega-3 6 9 Lemon 1000mg Soft Gels,35,6,29,17.142857142857142
Adult Grain-Free Minced Chicken & Bacon with Fresh Tomatoes Dog Food Entree,11,3,8,27.27272727272727
Chianti,110,50,60,45.45454545454545
Crunch Chocolate Caramel Pretzel Greek Yogurt,19,15,4,78.94736842105263
Fancy Sliced Beets,3,1,2,33.33333333333333
Pindi Chana Chick Peas Curry,22,8,14,36.36363636363637
Artisan Tortilla,24,10,14,41.66666666666667
Organic Coconut Yogurt,1874,1106,768,59.01814300960512
Gluten Free Tapioca Bread Loaf,34,14,20,41.17647058823529
Gluten Free Vanilla Whoopie Pie,42,21,21,50.0
"Busy with Beggin' Twist'd Dog Treats, Small-Medium Dogs",4,1,3,25.0
All Natural French Rolls,10,2,8,20.0
Organic Crushed Arabella Plum Tomatoes,78,30,48,38.46153846153847
Voluminous Original Mascara - Carbon Black 335,35,12,23,34.285714285714285
The Original,278,167,111,60.07194244604317
Orange Energy Shots,13,12,1,92.3076923076923
Max Fresh Whitening Fluoride Toothpaste With Mini Breath Strips Clean Mint,36,3,33,8.333333333333332
Arthur Chocolate Chip Cookie Mix,112,56,56,50.0
Diet Lemon Lime Soda,962,589,373,61.226611226611226
Adult DM Max Nighttime Cough Liquid,66,11,55,16.666666666666664
Raspberry Peach Cordials,56,16,40,28.57142857142857
Rising Crust The Works Pizza,4,0,4,0.0
"Crackers, Oyster",305,148,157,48.52459016393443
Exotic Thai Red Rice & Flaxseeds Rice Toast,13,7,6,53.84615384615385
Vegetable Pizza,8,6,2,75.0
Pitted Deglet Noor Dates,81,26,55,32.098765432098766
"McIntosh Apples, Bag",138,59,79,42.7536231884058
Lean Ground Turky,4453,2524,1929,56.680889288120376
Baja Chipotle with Lime Juice Marinade,27,6,21,22.22222222222222
Menudo,36,19,17,52.77777777777778
Traditional Italian Sauce,2776,1382,1394,49.783861671469744
Chopped Cilantro 20 Ct,513,93,420,18.128654970760234
Queso Cotija,9,1,8,11.11111111111111
Donut House Light Roast Coffee K Cups,463,250,213,53.99568034557235
Alcaparrado Manzanilla Olives,4,0,4,0.0
"Whisk, 10 Inch",8,0,8,0.0
Sandwich Vanilla Yogurt Creme Breakfast Biscuits,17,4,13,23.52941176470588
Organic Vanilla Cultured Soy,218,112,106,51.37614678899083
Infinity Pads For Heavy Flow,34,12,22,35.294117647058826
2-Ply Facial Tissue,108,53,55,49.074074074074076
Madagascar Pink Rice,10,1,9,10.0
"Body Wash, Restoring, Marula Oil Infused",24,20,4,83.33333333333334
Lemon Super Degreaser Liquid Dish Soap,190,81,109,42.63157894736842
Roasted Gaaahlic Pasta Sauce,42,18,24,42.857142857142854
Gluten Free Vegan Cheese Pizza,132,79,53,59.84848484848485
Maximum Strength 10 Plus Ultra Moisturizing 1% Hydrocortisone Anti-Itch Creme,151,48,103,31.788079470198678
Green Pickled Sliced Jalapeno Peppers,153,67,86,43.790849673202615
Lindcove Ranch Tangelo Sorbetto Gelato Bar,37,22,15,59.45945945945946
Hand Sanitizer Spray Coconut & Lemon,116,21,95,18.103448275862068
Plates Small 7in Apple Green - 10 PK,60,7,53,11.666666666666666
GoldBites Soft Caramel and Almonds Dipped in Dark Chocolate,21,11,10,52.38095238095239
White Tea Liquid Soap for Hand & Body,36,12,24,33.33333333333333
Chocolate Cupcake,31,10,21,32.25806451612903
Newtons Fig Fruit Chewy Cookies,56,22,34,39.285714285714285
Passionate Cherry Juice Frozen Fruit Bar,7,2,5,28.57142857142857
Vanilla Flavored Super Advanced Whey Protein,29,19,10,65.51724137931035
Extra Grainy 17 Grains And Seeds Bread,54,33,21,61.111111111111114
Zester/Grater,14,1,13,7.142857142857142
Candy Canes,34,5,29,14.705882352941178
Organic 55% Semi Sweet dark Chocolate Chips,150,54,96,36.0
Raisin Crunch Sprouted Granola,156,93,63,59.61538461538461
With Zest of Lemon Lemon Pepper,171,21,150,12.280701754385964
Pumpernickel Bread,25,11,14,44.0
Street Tacos Shredded Chicken & Caramelized Onion,66,27,39,40.909090909090914
Mozzarella Wisconsin String Cheese,10,2,8,20.0
Number 3 Cold Pressed Juice,19,13,6,68.42105263157895
100 Calorie Vanilla Roast Almonds,8,2,6,25.0
Mango Super Protein Smoothie,5,0,5,0.0
Breaded Chicken Sandwich,13,9,4,69.23076923076923
Rainbow Mix Decorating Decors,113,10,103,8.849557522123893
Maxi Always Maxi Regular with Wings,44,8,36,18.181818181818183
Lavender 4x Concentrated Laundry Detergent,259,73,186,28.185328185328185
Butter Napa Valley,9,3,6,33.33333333333333
Greek 100 Calories Blueberry Fat Free Yogurt,285,174,111,61.05263157894737
Herb Organic Oregano,102,23,79,22.54901960784314
Peach Lemonade Drink,15,3,12,20.0
Peanut Butter Energy Bar,44,18,26,40.909090909090914
Black Lager,10,2,8,20.0
Chocolate Chip Granola,778,593,185,76.2210796915167
Extra Wide Seal Storage Quart Bags,64,3,61,4.6875
Extra Strength 750 Assorted Fruit Chewable Tablets Antacid/Calcium Supplement,44,10,34,22.727272727272727
Mango Protein Juice Smoothie,499,287,212,57.51503006012024
Sport Unscented Broad Spectrum SPF 35 Sunscreen,44,8,36,18.181818181818183
Chik'n Patties,1727,1097,630,63.52055587724378
Sorbet Dutch Chocolate,313,194,119,61.980830670926515
Shaved Blend Parmesian Cheese,6,2,4,33.33333333333333
3rd Foods Butternut Squash & Potato,15,5,10,33.33333333333333
Brass Polish,4,0,4,0.0
Ultra Moisturizing Lavender Shave Cream,96,23,73,23.958333333333336
Frilled Toothpicks,14,0,14,0.0
"Calcium, 600 mg, Liquid Softgels",15,1,14,6.666666666666667
Natural Unsweetened,361,169,192,46.81440443213297
Cinnamon Ice Cream,4,0,4,0.0
Diet Coke,6720,4928,1792,73.33333333333333
GoGurt Strawberry and Blueberry Tubes,1359,780,579,57.395143487858725
Lightly Smoked Sardines in Olive Oil,653,312,341,47.77947932618683
Advanced Haircare Volume Filler Thickening Conditioner,10,2,8,20.0
Whole Milk Greek Plain,631,367,264,58.16164817749604
Organic Dog Cookies Peanut Butter,92,30,62,32.608695652173914
Sun Dried Tomatoes in Oil,165,73,92,44.24242424242424
Butter Flavor Movie Theater Microwave Popcorn,659,251,408,38.08801213960547
Fresher Collection™ Timber™ with Mint Men's Anti-Perspirant & Deodorant,9,0,9,0.0
White Crab Meat,54,25,29,46.2962962962963
Soft Baked Banana Bread,357,185,172,51.820728291316534
Classic Clean Dandruff Shampoo,119,25,94,21.008403361344538
Organic Strawana Probugs Kefir,6318,4768,1550,75.46691991136436
Corn Grits,631,134,497,21.236133122028527
"Eggs, Hard-Boiled",722,471,251,65.2354570637119
Chocolate Chip Cookie Dough Pint Slices,6,0,6,0.0
Organic Asparagus Spears,1514,557,957,36.78996036988111
Dandruff Shampoo And Conditioner For Itchy Scalp Care With Eucalyptus,60,16,44,26.666666666666668
Cabernet Paso Robles,12,7,5,58.333333333333336
Boneless Smoked Ham Steak,99,42,57,42.42424242424242
Antibacterial Hand Wipes  Citrus Scent,59,28,31,47.45762711864407
Serrated Peeler,7,2,5,28.57142857142857
Apricot Juice Drink,42,22,20,52.38095238095239
Whole Milk Greek Blended Vanilla Bean Yogurt,4528,3330,1198,73.54240282685512
Barbecue Flavored Potato Chips,36,13,23,36.11111111111111
Sweet Honeysuckle & Orange Peel Body Wash Moisturizing with Moisture Beads,56,13,43,23.214285714285715
Ice Cubes Spearmint Sugar Free Gum,58,27,31,46.55172413793103
Tiger All Natural Pure Olive Oil,39,9,30,23.076923076923077
Gluten Free Linguini,1081,618,463,57.16928769657724
Homestyle Pretzels,5,0,5,0.0
Simply Caramel Milk Chocolate,9,4,5,44.44444444444444
"Yogurt, Strained Low-Fat, Coconut",12123,8381,3742,69.13305287470098
Oreo Double Stuf Heads Or Tails Sandwich Cookies,190,89,101,46.8421052631579
Spicy Indian Puppodums,15,4,11,26.666666666666668
Signature Pineapple Supreme Cake Mix,11,0,11,0.0
Tailgaters Brat Buns - 6 CT,180,80,100,44.44444444444444
Body Envy Volumizing Conditioner,4,0,4,0.0
Classic Blend Cole Slaw,155,38,117,24.516129032258064
12 G. Protein Bar Coffee Chocolate,12,0,12,0.0
Giardiniera,22,6,16,27.27272727272727
Multi-Cat Scented Scoopable Cat Litter,12,4,8,33.33333333333333
Natural Moisturizing Shampoo,10,1,9,10.0
Organic Tellicherry Black Peppercorns,914,124,790,13.566739606126916
Cafe-Style French Vanilla Beverage Mix,62,48,14,77.41935483870968
Fudge Covered Coconut Dreams Cookies,8,3,5,37.5
On the Go with Caffeine Grape Drink Mix,142,83,59,58.45070422535211
Viognier,73,40,33,54.794520547945204
EverPure Moisture Shampoo,32,11,21,34.375
Sinus Rinse Complete Kit,46,12,34,26.08695652173913
Holy Pepperoni Pizza,74,45,29,60.810810810810814
Medium Roasted Garlic & Serrano Salsa,64,25,39,39.0625
All-Purpose Flour Mix,4,0,4,0.0
Voluminous Original Mascara - Blackest Black 310,39,5,34,12.82051282051282
Triple Berry Layer Fruit Snack,14,4,10,28.57142857142857
Extra Creamy + Coconut Miracle Oil Body Wash,6,1,5,16.666666666666664
Vamp Kale Chips,213,97,116,45.539906103286384
Instant Original Hot Cereal,278,119,159,42.805755395683455
Toilet Bowl Cleaner with Lime & Rust Remover,34,12,22,35.294117647058826
Tub And Tile Spray Cleaner,17,0,17,0.0
Iced Coffee Low Calorie Coffee + Milk,201,131,70,65.17412935323384
Sweet Gherkin Pickles,266,114,152,42.857142857142854
Shredded Mozzarella Cheese,4547,2383,2164,52.40818121838575
Whole Vitamin D Milk,4200,3263,937,77.69047619047619
Dark Chocolate Covered Peppermint Patties Party Bag,106,41,65,38.67924528301887
Oatmeal Raisin Vegan Cookies,52,20,32,38.46153846153847
Harvest Saute,36,4,32,11.11111111111111
Organic Shoyu,383,108,275,28.198433420365536
Mozzarella Fresca,626,234,392,37.38019169329074
Nutri-Grain Strawberry Greek Yogurt Cereal Bars,11,2,9,18.181818181818183
Pink Peppercorns,28,0,28,0.0
Baby Unscented Pure Castile Liquid Soap,5,0,5,0.0
Nerds Grape and Strawberry Sugar Candy,7,0,7,0.0
Manchego Cheese,284,107,177,37.67605633802817
Low Carb Whole Wheat Tortillas,763,417,346,54.6526867627785
All-Natural Orchard Cherry Fruit Strip,528,290,238,54.92424242424242
Free and Clear 4x Concentrated Laundry Detergent,28,14,14,50.0
Charcoal Briquettes,12,9,3,75.0
Premium Lemon Cake Mix,8,0,8,0.0
2% Strawberry N Cream Greek Whips,5,0,5,0.0
Wave Mango Pineapple Juice,6,2,4,33.33333333333333
"Herbal All Purpose Grind, Medium Roast, Mocha, Naturally Caffeine Free Coffee",51,39,12,76.47058823529412
Creme Fraiche,4320,1751,2569,40.532407407407405
Organic Creamy Peanut Butter,18040,10245,7795,56.790465631929045
Supreme Pizza Rolls,50,24,26,48.0
40% Less Sodium Taco Seasoning Mix,500,228,272,45.6
Fat Free & Lower Sodium Beef Broth,9,0,9,0.0
18-in-1 Hemp Pure-Castile Soap Almond,301,98,203,32.55813953488372
Greek Nonfat Yogurt Black Cherry,17,12,5,70.58823529411765
Large Grade A - CA,243,130,113,53.49794238683128
Parmesan Crisps,929,603,326,64.90850376749194
Wint-O-Green,1550,1091,459,70.38709677419355
Cupcake Liner Pretty in Pink,15,0,15,0.0
Medium Roasted Flavor Asada Verde Salsa,90,38,52,42.22222222222222
Lettuce,382,203,179,53.141361256544506
Mixed Grapes,2298,1143,1155,49.73890339425587
Ultra Thin Crust Supreme Pizza,111,58,53,52.25225225225225
Sweet Belgian Style Waffles Cinnamon Swirl,164,116,48,70.73170731707317
Stuffing Mix for Pork,56,16,40,28.57142857142857
8 Cup Wood Collar Drip Coffeemaker,5,0,5,0.0
Escarole Lettuce,3,0,3,0.0
Garlic Chicken,187,88,99,47.05882352941176
Sweet Onion And Red Pepper Chard Ravioli In Red Pepper Sauce,91,52,39,57.14285714285714
Plain Soy Milk,137,108,29,78.83211678832117
Tomato Kumato,4344,2592,1752,59.66850828729282
Chocolate Coconut Almond Granola Cookies,154,81,73,52.5974025974026
Ultra Fresh Hydrating Coconut Water Body Wash,16,4,12,25.0
Organic Butternut Squash Strawberry & Acai Squeezable Veggie & Fruit Snack,25,20,5,80.0
Variety Diet Tea,2373,1841,532,77.5811209439528
Sparkling Probiotic Drink Coconut,1132,751,381,66.34275618374559
Natural Brown Basket Style Coffee Filters,90,11,79,12.222222222222221
White Kidney Reduced Sodium Cannellini Beans,245,52,193,21.224489795918366
Refreshing Gel Hand Sanitizer Pump,551,153,398,27.76769509981851
Medium Roast Ground Coffee,1985,1275,710,64.23173803526448
Playful Life With Real Beef & Egg Dog Food,6,1,5,16.666666666666664
Chocolate Brownie Mochi,25,21,4,84.0
Sport Anti Perspirant & Deodorant Gel,8,2,6,25.0
Organic Oven Toasted Steel Cut Oats,32,7,25,21.875
Organic Ice Cream Vanilla Bean,2906,1420,1486,48.86441844459738
Nondairy Cashew Simply Vanilla Ice Cream,321,126,195,39.25233644859813
Grain Free Granola Coconut Cashew,7,1,6,14.285714285714285
Gluten-Free Chili Seasoning Mix,13,1,12,7.6923076923076925
Smoothing Cocoa Butter and Shea Body Lotion,8,3,5,37.5
Super Shiny Mango Shampoo,11,1,10,9.090909090909092
Irish Soda Bread,51,3,48,5.88235294117647
Medium Mango Peach Salsa,296,150,146,50.67567567567568
Sponge Sparkle,43,7,36,16.27906976744186
Gluten Free French Baguettes,923,443,480,47.99566630552546
Borage Therapy Dry Skin Lotion,33,5,28,15.151515151515152
Fakin' Bacon Organic Smoky Tempeh Strips,1999,1228,771,61.43071535767884
Arnica Muscle Tension Warming Relief Massage Oil,7,0,7,0.0
Doubleshot Dark Chocolate Coffee & Protein Beverage,22,12,10,54.54545454545454
Dressing & Sandwich Spread,9,2,7,22.22222222222222
"Raspberry, Blueberry Banana Fruit Puree",545,323,222,59.26605504587156
"Laundry Detergent, HE, 2X Ultra, with Fabric Softener, Lavender",836,347,489,41.50717703349282
"Cherries, Dark Chocolate",90,53,37,58.88888888888889
57% Organic Dark Chocolate With Sea Salt,147,89,58,60.544217687074834
Organic Bell Pepper,23388,13806,9582,59.0302719343253
Organic Pearled Barley,403,98,305,24.317617866004962
Classic Meat Loaf Complete Meals,106,54,52,50.943396226415096
Chewy Chocolate Almond & Sea Salt with Chia Granola Bars,8,0,8,0.0
Cherubs Heavenly Salad Tomatoes,21552,14224,7328,65.9985152190052
Microdermabrasion Scrub,14,2,12,14.285714285714285
"Kale Krunch, Organic, Tarragon Dijon",259,101,158,38.996138996138995
Original Country Gravy Mix,137,44,93,32.11678832116788
Protein Plus Vanilla Bean Protein Shake,54,26,28,48.148148148148145
Wild Flower Pure Raw Honey,23,8,15,34.78260869565217
Strawberry Energy Gel,1,0,1,0.0
Organic Audacia Granola,7,3,4,42.857142857142854
Extra Cleansing Vinegar & Water Douche,69,29,40,42.028985507246375
Children's Dye Free With Grape,178,45,133,25.280898876404496
Sourdough Round,80,40,40,50.0
Chewy Cinnamon Flavored Candies,33,15,18,45.45454545454545
Salted Caramel Ice Cream Bars,113,57,56,50.442477876106196
"Magic Tape 3/4\""",29,1,28,3.4482758620689653
Whole Sesame Seed,40,7,33,17.5
Bolthouse Farms Baby Cut Carrots,12,2,10,16.666666666666664
Organic Pearfecto Level 1 Baby Food,534,369,165,69.10112359550563
Organic Basil,26668,13668,13000,51.25243737813109
Spice Hunter Organic Ranch Dip,9,5,4,55.55555555555556
Sliced Pineapple in Juice,9,2,7,22.22222222222222
Diet Cran-Cherry Juice,105,69,36,65.71428571428571
Calendula with Beeswax & Sunflower Zinc Oxide Diaper Cream,23,4,19,17.391304347826086
Mean Greens Cold Pressed Pure Joy Juice,35,22,13,62.857142857142854
Original Infant Formula with Iron,19,11,8,57.89473684210527
Sweet Peas & Butter Sauce Steamers,92,44,48,47.82608695652174
Beauty Finish Antiperspirant Deodorant,34,6,28,17.647058823529413
Organic Maple Teething Biscuits,86,23,63,26.744186046511626
Natural Low Moisture Part Skim Mozzarella Cheese Slices,404,226,178,55.940594059405946
Mandarin Mango Refreshing Body Wash,8,2,6,25.0
Garlic Naan Bread,35,9,26,25.71428571428571
Organic Sweet Apple Chicken Sausage,751,355,396,47.270306258322236
Baby Corn on the Cob Whole Spears,214,104,110,48.598130841121495
Crushed in Tomato Puree Tomatoes,396,161,235,40.65656565656566
Soymilk Original Classic,50,35,15,70.0
30% Less Sodium Seasoning,75,6,69,8.0
Roasted Garlic & Sea Salt,36,15,21,41.66666666666667
Nourish Conditioner,11,0,11,0.0
Blackberry Sage Tea for Wisdom,32,7,25,21.875
Seasoned Southern Style Mixed Greens,28,5,23,17.857142857142858
Unsalted Cooking Beef Flavored Stock,30,8,22,26.666666666666668
French Vanilla Powder Coffee Creamer,140,63,77,45.0
Classic Seafood Stock,7,0,7,0.0
Nuts & Spices Dark Chocolate Nuts & Sea Salt Snack Bars,1028,555,473,53.988326848249024
Amazin Prune Juice,241,105,136,43.56846473029046
Crunch 'N Chew Original Flavors Candy,18,10,8,55.55555555555556
Sparkling Apple-Grape 100% Juice,235,56,179,23.829787234042556
Natural Shredded Cheddar Cheese,48,18,30,37.5
Organic Blueberry Coconut Milk Yogurt,105,64,41,60.952380952380956
Light & Lean Italian Vegetable Pizza,69,25,44,36.231884057971016
1 Apple + 1 Mango Fruit Bar,1517,961,556,63.34871456822676
"Veggie Sausage, Egg &Cheese Breakfast Sandwich",265,168,97,63.39622641509434
Protein & Greens Berry Flavor Drink Mix,5,0,5,0.0
Vanilla Protein Powder,7,1,6,14.285714285714285
Green Icing Pouch with Tips,12,1,11,8.333333333333332
Original Flavor Freshly Popped Rice Cakes,224,163,61,72.76785714285714
Fruit & Nut Trail Mix Cranberry & Pomegranate Chewy Granola Bars,118,47,71,39.83050847457627
Non Alcoholic Lime Margarita Mix,4,1,3,25.0
Unscented Thong Pantiliners,150,51,99,34.0
Red Beet & Cabbage Sauerkraut Salad,451,198,253,43.90243902439025
Extra Dry Champagne,196,108,88,55.10204081632652
Ultimate Flora Extra Care Daily Probiotic,61,24,37,39.34426229508197
Organic Extra Thick Passata Rustica Puree,3,1,2,33.33333333333333
Moisturizing Baby Lotion,10,0,10,0.0
"Cold Remedy, Rapidmelts Lemon-Lime Flavor",4,0,4,0.0
24 Wholegrain N Seeds Organic,7,1,6,14.285714285714285
Natural Instant Oatmeal,9,3,6,33.33333333333333
Wine & Cider Mulling Spices Warm Drink Blend,29,3,26,10.344827586206897
Caribbean Style Brown Rice & Red Beans,103,41,62,39.80582524271845
Turkey Pepperoni Lower Fat,27,12,15,44.44444444444444
Potato Spinach & Garlic,63,19,44,30.158730158730158
Baby Naturals Gel For Teething Pain Relief,26,21,5,80.76923076923077
Mexican Mix,6,1,5,16.666666666666664
Gourmet Onion Rings,15,5,10,33.33333333333333
Diet Pepsi Soda,290,224,66,77.24137931034483
Adult Complete Gummies with Multivitamin + Omega 3 + Vitamin D,59,15,44,25.423728813559322
Dory Blueberry Bubbles,50,23,27,46.0
Electric White Wax Melt Warmer,11,2,9,18.181818181818183
Organic Very Dark Chocolate Bar,95,58,37,61.05263157894737
"Chocolate Candies, Almond, Medium Bag",148,100,48,67.56756756756756
Rolo Ice Cream,8,0,8,0.0
Blended Scotch Whiskey,127,89,38,70.07874015748031
Maple Pecan Granola Clusters,70,34,36,48.57142857142857
"Nighttime Cough DM, Maximum Strength, Adult",14,1,13,7.142857142857142
Tomato Bisque,7,3,4,42.857142857142854
Ice Cream,59,44,15,74.57627118644068
Traditional Chicken & Wild Rice Soup,922,380,542,41.21475054229935
Original Coconut Milk Beverage,3672,2495,1177,67.94662309368191
Half Lemonade & Half Iced Tea Drink Mix,19,5,14,26.31578947368421
Natural Colby Jack Cheese Block,390,187,203,47.94871794871795
Vegan Carob Chips,269,138,131,51.301115241635685
"Ruled, 3 Inch x 5 Inch Index Cards",16,0,16,0.0
Carnation Original Malted Milk,65,10,55,15.384615384615385
Le Petite Fromage Cucumber & Dill Spreadable Cheese,11,2,9,18.181818181818183
Frozen Dairy Dessert Blasts Girl Scouts Thin Mints,197,40,157,20.304568527918782
Edamame In Shell,18,0,18,0.0
100% Grated Parmesan Cheese,5795,2198,3597,37.92924935289042
72% Cocoa Dark Chocolate with Cherries,211,119,92,56.39810426540285
Vanilla Bean Flavored Nature's Most Complete Plant Protein,35,21,14,60.0
"Body Wash, African Black Soap",48,17,31,35.41666666666667
"Granola Bars, Bring on the Blueberry",222,116,106,52.25225225225225
Original Bbq Sauce,42,21,21,50.0
Mambo Italiano Italian Combination Pizza,40,17,23,42.5
Honeycomb Chocolate,148,80,68,54.054054054054056
Baby Food Stage 2 Blueberry Pear & Purple Carrot,8793,5685,3108,64.65370180825657
Crumbled Goat Cheese,871,359,512,41.21699196326062
Steak Cut Fries,61,35,26,57.377049180327866
Seasonal Limited Release White Christmas,10,0,10,0.0
Rainbow Sherbet,192,75,117,39.0625
Firewood Bundle,46,20,26,43.47826086956522
Cheese Slices,346,172,174,49.71098265895954
White Ground Pepper,16,0,16,0.0
Tonalin CLA 1300 mg,3,0,3,0.0
Beefaroni Bowl,52,22,30,42.30769230769231
Grande Taco Shells,58,15,43,25.862068965517242
Hot Dog Buns Enriched 8 Count,1375,762,613,55.41818181818182
Spicy Nori Strips,7,2,5,28.57142857142857
Medium Red Enchilada Sauce,982,377,605,38.39103869653768
Dark Chocolate Covered Banana,4077,2267,1810,55.60461123375031
Organic Papaya,76,24,52,31.57894736842105
Whole Ground Flaxseed Meal,1338,312,1026,23.318385650224215
Premium Belgian Lager,1166,652,514,55.917667238421956
Dancing Fern,144,45,99,31.25
"Chicken Noodle Soup, Cup",249,83,166,33.33333333333333
Sugar Land Sweet Tea,103,78,25,75.72815533980582
Rojo Petitie Red Beans,4,0,4,0.0
Organic Ground Cardamom Seed,10,0,10,0.0
Pommegranate,7,3,4,42.857142857142854
Decadence Biscotti,45,15,30,33.33333333333333
Super Mega Savory Salmon Flavor Cat Treat,53,34,19,64.15094339622641
"Multivitamin, Kid's One, Tablets, Fruit Punch MultiStars",55,11,44,20.0
Coconut Blended Low-Fat Greek Yogurt,317,171,146,53.94321766561514
Cranberry Juice,954,563,391,59.0146750524109
Greek Feta Cheese,986,483,503,48.985801217038535
Butter & Herb Mashed Potatoes,229,100,129,43.66812227074236
Organic Mayonnaise with Soybean Oil,6,3,3,50.0
Unsweetened Lemonade,51,28,23,54.90196078431373
Butternut Squash Ravioli,4472,2115,2357,47.29427549194991
Arrowroot,48,3,45,6.25
Moist Supreme Sugar Free Classic Yellow Cake Mix,28,16,12,57.14285714285714
Organic Pear Slices in Pear Juice,26,9,17,34.61538461538461
Seasonal Beer Variety Pack,13,3,10,23.076923076923077
Mint Chocolate Chip Frozen Dessert,290,166,124,57.24137931034483
Natural Full Potency SAM-e 400 mg,22,6,16,27.27272727272727
Durables Cotton Butcher's Twine,52,2,50,3.8461538461538463
Spearmint Sugarfree Gum 3 Pk,39,24,15,61.53846153846154
Homemade Fusilli,35,13,22,37.142857142857146
Hand Sanitizer w/ Jelly Wrap Assorted Scents And Colors,12,3,9,25.0
Original Bubble Gum,19,12,7,63.1578947368421
Organic Powdered Sugar,3641,649,2992,17.82477341389728
Watermelon Shampoo and Conditioner,29,10,19,34.48275862068966
Hickory Liquid Smoke,163,9,154,5.521472392638037
Tiny Fruits Apple & Banana,198,98,100,49.494949494949495
Mandarin Oranges in Water Sweetened with Monk Fruit Concentrate,119,42,77,35.294117647058826
Light Dill Veggie Dip,33,9,24,27.27272727272727
Powder Fresh Antiperspirant Deodorant,8,0,8,0.0
Deli Mustard,69,16,53,23.18840579710145
Creamy Swiss Original Wedges Cheese,2963,1711,1252,57.74552818089774
"Sunflower Seeds, Original",145,108,37,74.48275862068967
Crispy Onion Rings,49,11,38,22.448979591836736
Organic Seeds Fennel,29,3,26,10.344827586206897
Blissful Catnip Flavor (PS #5160666) Cat Care & Treats,57,32,25,56.14035087719298
Organic Unsalted Diced Tomatoes,2620,1030,1590,39.31297709923664
Nourish Bowls Sesame Sriracha,31,13,18,41.935483870967744
Regular Pork Sausage,18,2,16,11.11111111111111
Water Stop Premium Gloves Medium,109,12,97,11.009174311926607
Disney/Pixar Finding Nemo Assorted Fruit Flavored Snacks,16,8,8,50.0
Cheese Presliced Bonus Pack,56,28,28,50.0
"Udo's Oil, High Lignan, 3-6-9 Blend",11,2,9,18.181818181818183
Salsa Picante Extra Hot,14,3,11,21.428571428571427
"Merlot, California",28,8,20,28.57142857142857
Peppered Turkey,438,274,164,62.55707762557078
Sweet & Simple Shortbread Cookies,150,71,79,47.333333333333336
Smoked Sea Salt & Almond Chocolate Bar,67,51,16,76.11940298507463
Table Water Crackers with Cracked Pepper,1354,652,702,48.15361890694239
Black Eye Peas,60,21,39,35.0
Sausage & Mushroom Thin Pizza,7,1,6,14.285714285714285
Crumb Donuts,257,146,111,56.809338521400775
Lite Half Salt White Popcorn,13,6,7,46.15384615384615
Forelle Pears,393,152,241,38.67684478371501
Intense & Smoky French Roast Dark Roast Ground Coffee,1257,771,486,61.336515513126486
Unsweetened Vanilla Almondmilk Non Dairy Milk Alternative,16,4,12,25.0
"Plastic Cups, Clear, 9 oz",231,88,143,38.095238095238095
Complete with Dawn Citrus Breeze Scent Gel Dishwasher Detergent,613,216,397,35.23654159869494
White Cooking Wine,666,150,516,22.52252252252252
Organic Coconut Smiles,73,18,55,24.65753424657534
Peanut Butter Chocolate Pretzel Gelato,686,231,455,33.6734693877551
Drumstick Vanilla Fudge Frozen Dairy Dessert Cones,152,63,89,41.44736842105263
Ramen Noodles Oriental-Style Vegetable,13,6,7,46.15384615384615
PlugIns Scented Oil Pure Vanilla Joy Refills,252,98,154,38.88888888888889
Organic Peeled Whole Baby Carrots,55371,34916,20455,63.0582796048473
Coleslaw,509,324,185,63.654223968565816
Black Sheep Vanilla Yogurt,113,86,27,76.10619469026548
Plenti Greek Blueberry Yogurt,4,0,4,0.0
Glazed Buttermilk Doughnuts,361,210,151,58.17174515235457
Classic 18-Ounce Stainless Steel Water Bottle With Sport Cap,4,0,4,0.0
Raspberry Lemonade,5315,3113,2202,58.57008466603951
Fig Preserves,625,210,415,33.6
"Cranberry, Orange, And Cinnamon Goat Cheese Log",18,4,14,22.22222222222222
DM Maximum Strength Expectorant & Cough Suppressant Extended Release Bi-Layer,10,1,9,10.0
Whole Grain Garlic and Pecan Rice,9,1,8,11.11111111111111
Eat Your Colors Yellow Puree Baby Food,67,12,55,17.91044776119403
Soft Taco Tortillas,639,362,277,56.65101721439749
Whips Creamy Whipped Peanut Butter,319,160,159,50.15673981191222
Rice Crusted Fish Sticks,220,51,169,23.18181818181818
Cookie Sticks,3,0,3,0.0
Everyday Heavy Duty Spoons Dishwasher Safe Plastic,111,25,86,22.52252252252252
Deli-Sliced Golden Greek Pepperoncini,412,130,282,31.55339805825243
Sliced Monterey Jack Cheese,191,105,86,54.973821989528794
Gluten-Free Original Falafel Chips,290,175,115,60.3448275862069
2 In 1 Smoothers Cowabunga Coconut Shampoo,13,6,7,46.15384615384615
Chicken Florentine,53,20,33,37.735849056603776
Zingers Raspberry Cakes,65,34,31,52.307692307692314
Classic Mouthwash Original Mint Flavor,15,4,11,26.666666666666668
Tropical Fruit Electrolyte Solution,96,34,62,35.41666666666667
Natural California Raisins,2100,775,1325,36.904761904761905
Baguettes Gluten Free Fresh Rosemary,313,180,133,57.50798722044729
Plain Low Fat Australian Style Yogurt,1678,1270,408,75.68533969010727
Cruisers Diapers - Size 6,126,79,47,62.698412698412696
Soleil Twilight Triple Blade Disposable Razor for Women,380,103,277,27.105263157894736
Sweetener Sugar Blend,10,2,8,20.0
Liege Waffle With Chocolate Drizzle,22,10,12,45.45454545454545
Simply 100 Crunch Rasp Choc,52,24,28,46.15384615384615
Maximum Strength Redness Relief Formula Eye Drops,38,12,26,31.57894736842105
"Vitamin D-3 2,000 I.U. Softgels",70,7,63,10.0
Bone Up Calcium Supplement,5,0,5,0.0
Maui Mountain Teriyaki Sauce & Marinade,11,4,7,36.36363636363637
Home Menu Meal for Two Beef with Broccoli,109,52,57,47.706422018348626
"Bucatini, No. 15",669,268,401,40.059790732436475
Carrot Muffins,291,207,84,71.1340206185567
Cajun Flavor Smoked Smoked Salmon Alder Wood Smoked,8,5,3,62.5
Pro-Health Multi-Protection CPC Antigingivitis/Antiplaque Mouthwash Clean Mint,27,5,22,18.51851851851852
Melatonin 2.5 Mg Sublingual Peppermint Tablets,28,4,24,14.285714285714285
Mint Chocolate non-dairy dessert,11,3,8,27.27272727272727
Hawkridge Anti-Perspirant & Deodorant,6,0,6,0.0
Moisturizing Hand Gloves,4,0,4,0.0
Milk Chocolate King Size Bar,46,17,29,36.95652173913043
Organic Greek Whole Milk Blended Vanilla Bean Yogurt,9417,7212,2205,76.58489964956992
Graduates Pasta Pick-ups - Cheese & Spinach Ravioli,98,41,57,41.83673469387755
Tri Color Pasta Fettuccini,251,140,111,55.77689243027888
Jalapeno Salsa,33,15,18,45.45454545454545
Natural Active Life Aluminum Free Deodorant Sport Stick,161,33,128,20.496894409937887
All In One Natural Nutritional Shake,28,2,26,7.142857142857142
Authentic Red Curry Paste,3946,862,3084,21.844906234161176
Classic Citrus Kombucha,9,7,2,77.77777777777779
Hemorrhoidal Medicated Wipes,151,82,69,54.3046357615894
"Coco-Roons, Mini, Vanilla Maple",56,23,33,41.07142857142857
Enriched Rice Flour,14,3,11,21.428571428571427
CalNaturale Svelte Organic Protein Shake French Vanilla,269,158,111,58.7360594795539
Purrfect Delicacies Wet Cat Food Roasted Chicken & Beef Entrée in Gravy,20,4,16,20.0
Grilled Vegetables,431,197,234,45.707656612529
Original Bite Size Candies,655,322,333,49.16030534351145
Quantum Duracell Quantum AA Alkaline Batteries 12 count Primary Major Cells,82,32,50,39.02439024390244
Mystic Matcha Latte,48,14,34,29.166666666666668
Organic Extra Large Cage-Free Grade A Brown Eggs,110,52,58,47.27272727272727
Safari Cocoa Crunch Cereal,6,3,3,50.0
Honey Lemon Menthol Drops Cough Suppressant/Oral Anesthetic,585,154,431,26.324786324786327
Natural Coconut Cream Hawaiian Lip Balm,41,7,34,17.073170731707318
Multigrain Crackers,85,26,59,30.58823529411765
"Gefilte Fish, Original",28,8,20,28.57142857142857
Pop-Tarts Frosted Strawberry/Frosted Brown Sugar Cinnamon Variety Pack Toaster Pastries,418,296,122,70.81339712918661
Coconut Oatmeal Bliss Cookies,270,154,116,57.03703703703704
Organic Turkey Bone Stock,163,59,104,36.19631901840491
Kids Soft & Chewy Sour Then Sweet Berries Candy,27,6,21,22.22222222222222
Organic Chickpeas Ready To Eat,839,433,406,51.609058402860555
Olive Leaf Dietary Supplement,24,3,21,12.5
Hot 'N Spicy Wings,58,24,34,41.37931034482759
Grain Free Minced Chicken Dinner Canned Cat Food,140,92,48,65.71428571428571
Smoked Cheddar,27,6,21,22.22222222222222
Organic Baharat Seasoning,7,3,4,42.857142857142854
Garlic & Olive Oil Vermicelli,293,133,160,45.39249146757679
Premium Italian Bread,3987,2749,1238,68.9490845247053
5-HTP 100 Mg Vegetarian Capsules,50,18,32,36.0
Seasoned Bread Crumbs,101,38,63,37.62376237623762
"Naturals Cough & Throat Relief Daytime Drink Mix Powder, Apple Spice",12,2,10,16.666666666666664
Sweet Potato Kale Quinoa Salad Cup,21,2,19,9.523809523809524
Lightly Toasted Almond Butter Crunchy,420,183,237,43.57142857142857
Original HE Liquid Laundry Detergent,527,236,291,44.78178368121442
Peanut Butter Pie Frozen Custard,5,0,5,0.0
Dijonnaise Medium,9,3,6,33.33333333333333
Zero Vitamin Water,1867,1204,663,64.48848419925012
Sure Grip Nail Clip,7,0,7,0.0
Sweetened Light Whipped Cream,1512,748,764,49.47089947089947
Premium Spring Water,155,116,39,74.83870967741936
Original Premium Rounds,132,53,79,40.15151515151515
Green Plantains,1206,465,741,38.55721393034826
Veggie Chips Tuscan Herb,32,12,20,37.5
Imported Sardines In Pure Olive Oil,35,21,14,60.0
Mild Thick & Chunky Salsa,125,74,51,59.199999999999996
Toasted Hazelnut & Cranberry Bite Size Crisps,17,10,7,58.82352941176471
Apple Sliced,179,92,87,51.39664804469274
Grand Estate Chardonnay Wine,3,0,3,0.0
Organic Collection Mixed Tea,6,2,4,33.33333333333333
Maple Flavored Bacon,28,12,16,42.857142857142854
Baked Cheese Crisps 100% Parmesan Cheese,13,4,9,30.76923076923077
O'Brien Hash Browns,46,14,32,30.434782608695656
Oil Control Untinted Beauty Balm With SPF 30,6,2,4,33.33333333333333
"Sea Salt & Almonds Organic Milk Chocolate, 43% Cocoa",197,118,79,59.89847715736041
Prepared Meals Beef & Chicken Medley Dog Food,62,37,25,59.67741935483871
8 Inch Lemon Meringue Pie,97,53,44,54.63917525773196
Sticky Toffee Pudding,204,92,112,45.09803921568628
Beef Cooking Stock,336,78,258,23.214285714285715
White Boil In Bag Rice,18,6,12,33.33333333333333
"Biscuit Sticks, Chocolate Cream Covered",76,39,37,51.31578947368421
Sesame Whole Wheat Crackers,3403,2095,1308,61.56332647663826
Organic Freeze Dried Pineapple,378,187,191,49.47089947089947
Tomato Basil Bisque Soup,47,8,39,17.02127659574468
"Party Candles, White",5,0,5,0.0
Blanc de Noirs,11,6,5,54.54545454545454
Tuna Fillets In Oregano Olive Oil,155,83,72,53.5483870967742
Everyday Copy & Print Paper,18,3,15,16.666666666666664
White Pita Pocket Bread,241,85,156,35.26970954356847
Exfoliating Body Wash with Sea Salts,33,5,28,15.151515151515152
Dulse Organic Brown Rice Cakes,3,0,3,0.0
Vanilla Light & Fit Greek Yogurt,3769,2542,1227,67.44494560891484
Natural Fat Free Cheddar Shredded Cheese,101,65,36,64.35643564356435
Organic Bombay Curry Kale Chips,28,7,21,25.0
Ibuprofen Tablets 200 Mg,186,29,157,15.591397849462366
Concord Grape Juice,564,318,246,56.38297872340425
Roasted Pumpkin White Cheddar Tamales,637,362,275,56.828885400313965
Cold & Flu Nighttime Relief,347,100,247,28.818443804034583
Berries & Kale Fruit & Veggies Blend,21,7,14,33.33333333333333
Pull Ups 3T-4T Jumbo Pack Learning Designs Training Pants,8,2,6,25.0
Prenatal Multivitamin Gummies,9,2,7,22.22222222222222
Family Size Chicken Alfredo Pasta Meal,36,13,23,36.11111111111111
Organic Lowatf Plain Yogurt,333,235,98,70.57057057057057
Organic Original Hummus,1844,877,967,47.55965292841648
Appley Ever After Organic Juice Drink,3580,1868,1712,52.178770949720665
Organic Dried Porcini Mushrooms,780,187,593,23.974358974358974
Drumstick Variety Pack Frozen Dairy Dessert Cones,871,375,496,43.05396096440873
Passion Fruit Ginger Ale,26,11,15,42.30769230769231
Island Sport SPF 30 Sunscreen,4,0,4,0.0
Honey Whole Wheat Bread,1256,850,406,67.67515923566879
3 Inch Number 5 White Birthday Candle,4,0,4,0.0
Sea Salt Kale Chips,94,35,59,37.234042553191486
Sugar,55,31,24,56.36363636363636
"Uncrustables Reduced Sugar, Peanut Butter & Strawberry Spread Sandwich on Whole Wheat Bread",179,115,64,64.24581005586593
Tangerine with Lemongrass Dish Soap,4,2,2,50.0
Chickpea Snacks Habanero Medium Spicy,27,21,6,77.77777777777779
Fruit Burst Squeezers Strawberry Flavor Fruit Purees & Juices,4,1,3,25.0
Hotties Spicy Sriracha Habanero Hot Pickle Chips,54,11,43,20.37037037037037
Cornichons Extra Fine Gherkins Hand-Picked,472,207,265,43.85593220338983
Organic Unfrosted Granny's Apple Pie Toaster Pastries,127,53,74,41.732283464566926
Ultra Sensitive Condoms,7,2,5,28.57142857142857
Creamy Asiago 8 Spreadable Cheese Wedges,67,29,38,43.28358208955223
Goodness Grapeness Organic Juice Drink,4735,2828,1907,59.72544878563886
"Curcumin 95, 500 mg Capsules",38,11,27,28.947368421052634
Ultra Thin Regular Pads,71,16,55,22.535211267605636
Lite Salt,46,4,42,8.695652173913043
Organic Raw Almonds,1066,549,517,51.50093808630394
Lemon Verbena Foaming Hand Soap,75,20,55,26.666666666666668
Lemon Iced Tea,157,74,83,47.13375796178344
Colby Jack Cheese Sticks,350,233,117,66.57142857142857
Cappuccino non dairy frozen dessert,181,95,86,52.48618784530387
Diced Green Peppers,101,49,52,48.51485148514851
Organic Coriander Seeds,312,23,289,7.371794871794872
Graduates Cinnamon Graham Animal Crackers,31,11,20,35.483870967741936
Chicken Drummettes,33,12,21,36.36363636363637
Garlic Parmesan Deli Style Pretzel Crisps,707,341,366,48.23196605374823
Tea Tree Mint Treatment Shampoo,18,3,15,16.666666666666664
Very Young Small Sweet Peas With Mushrooms And Pearl Onions,5,2,3,40.0
Easy 14 Day Program Diet Start Cleanse Dietary Supplement Vegetable Capsules,7,0,7,0.0
Sundried Tomatoes in Olive Oil,803,174,629,21.668742216687424
"Olive Spray Oil, Extra Virgin, Non-Aerosol",33,9,24,27.27272727272727
Baking Soda & Peroxide Whitening with Tartar Protection Fresh Mint Toothpaste Twin,25,2,23,8.0
Italian Zesty Fat Free Dressing,165,41,124,24.848484848484848
Organic Creamy Milk Chocolate,204,109,95,53.431372549019606
Plant-Based Vanilla Chai Flavor Nutritional Shake Drink Mix,185,50,135,27.027027027027028
Organic Pomegranate Vinaigrette,65,22,43,33.84615384615385
Fat Free Sherbert Orange,2,0,2,0.0
Strawberry & Banana Nectar,6,2,4,33.33333333333333
Red Onion,43009,23609,19400,54.89316189634727
Lubricant,14,1,13,7.142857142857142
Natural Skinless & Boneless Sardines In Water,925,605,320,65.4054054054054
Decorating Sugar Marigold Orange,5,0,5,0.0
Gluten Free Paleo Gnocchi,1131,523,608,46.242263483642795
Spaghettio's Meatballs A to Z's Pasta,21,8,13,38.095238095238095
Instant Yeast Levure,28,10,18,35.714285714285715
Sweet Peach Guayusa Beverage,108,75,33,69.44444444444444
Non Alcoholic Beer,89,57,32,64.04494382022472
Sliced Sourdough,43,19,24,44.18604651162791
Original Circus Animal Cookies,764,373,391,48.82198952879581
White Chicken Chili Delicious Dinners,8,1,7,12.5
Bars Pecan Pie,27,8,19,29.629629629629626
100% Natural Chili with Beans,8,2,6,25.0
Strawberry on the Bottom Nonfat Greek Yogurt,7639,5211,2428,68.21573504385391
VitaTops Wild Blueberry Muffin Tops,146,79,67,54.109589041095894
Pecan Swirls,21,9,12,42.857142857142854
Non-Drowsy Orally Disintegrating Antihistamine,67,24,43,35.82089552238806
"Balanced Breaks Gouda Cheese, Honey Roasted Peanuts & Cranberries",25,7,18,28.000000000000004
Belgian Style Farmhouse Ale,39,10,29,25.64102564102564
Real Bacon Pieces,8,0,8,0.0
Self Rising Flour,11,0,11,0.0
Boston SimPlus Multipurpose Contact Lens Multi-Action Solution with Daily Protein Remover,27,11,16,40.74074074074074
Currants & Almonds in Dark Chocolate Bar,161,100,61,62.11180124223602
Allergy Relief Spray,321,100,221,31.15264797507788
Pacific Cooler Juice Drink,1320,819,501,62.04545454545455
Cucumber Dill Greek Yogurt Dressing,42,10,32,23.809523809523807
Bar Chocolate Almond Butter Puffed Quinoa,136,83,53,61.029411764705884
Tomato Basil Sauce,2008,1022,986,50.896414342629484
Gluten Free Pantry Pizza Crust Mix,10,1,9,10.0
Movie Theater Butter Microwave Popcorn,1824,836,988,45.83333333333333
Crisp Clean Antibacterial Hand Soap With Moisturizers Refill,150,52,98,34.66666666666667
Rustic Wheat Bread,59,30,29,50.847457627118644
Noodle Chicken,71,27,44,38.028169014084504
Cauliettes,80,36,44,45.0
Large Grade A Eggs,2056,1574,482,76.55642023346303
Children's Claritin Non-Drowsy Allergy Relief Tablets Grape Flavor,88,34,54,38.63636363636363
Fire Starters,5,0,5,0.0
Honey Mustard Dressing,20,2,18,10.0
Mixed Berry Nonfat Yogurt Drink,21,12,9,57.14285714285714
Organic Greens Vegetable Chips,457,271,186,59.29978118161926
Marias,15,6,9,40.0
Strawberry Banana Tooth Gel with Xylitol For Ages 3 Months +,33,14,19,42.42424242424242
Butter Lovers Microwave Popcorn,37,8,29,21.62162162162162
"Cough & Bronchial Syrup, Maximum Strength, Daytime",23,5,18,21.73913043478261
Protein Caramel Nut Chewy Bars,677,366,311,54.06203840472673
Extra Dark 70% Chocolate Bar,15,6,9,40.0
Heavy Duty Plastic Spoons,370,163,207,44.054054054054056
Apple Pie Filling or Topping,8,1,7,12.5
Slow Churned Oregon Black Cherry,9,3,6,33.33333333333333
Lavender & Chamomile baby Powder,3,0,3,0.0
White Cannellini Kidney Beans,777,202,575,25.997425997426
Happy Hips Lamb Strips,16,5,11,31.25
Sparkling Iced Raspberry Tea,6,1,5,16.666666666666664
Lemon Tartlettes,5,1,4,20.0
Beach Defense Sunscreen Lotion Broad Spectrum SPF 30,11,0,11,0.0
"Sunscreen, Kids,  Broad Spectrum SPF 30",29,5,24,17.24137931034483
Toll House Mini Chocolate Chip Cookie Dough,429,177,252,41.25874125874126
Extra Strength Antigas Softgels,59,14,45,23.728813559322035
Original Gluten Free Crackers,3876,2271,1605,58.591331269349844
Dreamin' of Orange Cream Grand Sherbet,156,67,89,42.94871794871795
Crystal Pacifier,16,10,6,62.5
Organic Honey Graham Crackers,2160,847,1313,39.21296296296296
Classic Vegetables Peas and Carrots,110,46,64,41.81818181818181
Honey Peanut Almond Protein Bar,5,0,5,0.0
9 Foot Grounded Extension Cord,7,0,7,0.0
Honey Maid Cinnamon Teddy Grahams,7,0,7,0.0
Mozzarella Rice Cheeze,64,44,20,68.75
Organic Portabello Mushroom Pasta Sauce,99,20,79,20.2020202020202
SweeTarts Hearts,7,0,7,0.0
Chili Mix,203,66,137,32.51231527093596
"Shrimp, Asparagus & Penne Pasta",375,198,177,52.800000000000004
Glazed Apple Pie,38,22,16,57.89473684210527
Skin Firming Hydration Body Lotion,43,18,25,41.86046511627907
Lola Dark Roasted Coffee,17,9,8,52.94117647058824
Mild Stone Ground Salsa,20,6,14,30.0
Duct Tape,55,5,50,9.090909090909092
Organic Multigrain Tortilla Chips Sub Lime,627,302,325,48.165869218500795
Organic Oat Bran Pancake & Waffle Mix,28,1,27,3.571428571428571
Spray Away Hair Remover Spray with Moroccan Argan Oil,8,3,5,37.5
Wasabi Horseradish,6,0,6,0.0
Frozen Corn On Cob,38,24,14,63.1578947368421
Fresh Scent Powerball Dishwasher Detergent,145,49,96,33.793103448275865
White Cheddar,103,63,40,61.165048543689316
Rose Vetivert Day Moisturizer,25,3,22,12.0
Cantaloupe Chunks,293,129,164,44.027303754266214
Uncured Thick Cut Bacon,6,1,5,16.666666666666664
Original Black Bean with Sea Salt Bean Chips,2260,1437,823,63.58407079646018
Double Chocolate,91,40,51,43.956043956043956
White Meat Chicken & Tuna Recipe Cat Food,8,3,5,37.5
Ant & Roach Killer Fragrance Free Insecticide,109,10,99,9.174311926605505
Multi Grain Crispbread,2159,1116,1043,51.69059749884206
Squeeze Tomato Ketchup,7988,2667,5321,33.38758137205809
Pocket Pepperoni Pizza Style,47,21,26,44.680851063829785
Dry Marsala,10,3,7,30.0
Fresh Scent Bleach Foamer Bathroom Cleaner,63,9,54,14.285714285714285
Grape Kombucha,425,245,180,57.647058823529406
Rosemary Mint Conditioner,105,23,82,21.904761904761905
Everyday Lavender Moisturizing Shampoo,59,13,46,22.033898305084744
Mini Soda,27,13,14,48.148148148148145
My Moms Red Pepper Spread,10,4,6,40.0
Crottin Cheese,2,0,2,0.0
Prosperity Magickal Mineral Bath Salts With Natural Sea Salts & Pure Essential Oils,7,1,6,14.285714285714285
Honey Maid Graham Crackers,4177,1825,2352,43.69164472109169
Red Pepper Hummus,165,44,121,26.666666666666668
Organic Cashew Blueberry Boom Drink,98,35,63,35.714285714285715
Licorice Wheels,9,6,3,66.66666666666666
Hazelnut Creme Flavored Medium Roast Ground Coffee,60,48,12,80.0
Organic Orange Spice Tea Bags,8,2,6,25.0
Original Replenishing Post Shave Balm with Aloe,9,3,6,33.33333333333333
"Calming Shampoo, Bubble Bath & Wash",7,1,6,14.285714285714285
Sherry Vinegar Reserva,6,0,6,0.0
White Chocolate Raspberry Truffle Ice Cream,426,243,183,57.04225352112676
Apple Pie Flavor Protein Bar,31,19,12,61.29032258064516
White Quinoa Veggie Burger,8,2,6,25.0
Mandarin Orange Sparkling Natural Spring Water,1236,924,312,74.75728155339806
Gummy Bears Made With Real Fruit Juice,14,3,11,21.428571428571427
Peanut Butter Chocolate Chip Cookie,57,15,42,26.31578947368421
Smoked Fully Cooked Bratwurst,49,19,30,38.775510204081634
Meatless and Soy Free Sausage Links,111,43,68,38.73873873873874
Chocolate Coconut Almond Milk,832,416,416,50.0
Port Wine Cheeseball Spreadable Cheeseball,38,11,27,28.947368421052634
Vanilla Pudding & Pie Filling,29,11,18,37.93103448275862
"Roasted white meat chicken, whole wheat noodles, green beans & carrots in a creamy chili peanut sauce. Thai-Style Noodles With Chicken",256,103,153,40.234375
D:tox System Purifying & Exfoliating Facial Cleansing Towelettes,26,13,13,50.0
Sweet Tea W/Real Sugar Iced Tea,1221,805,416,65.92956592956592
Porcini Mushroom Tortellini,1027,536,491,52.19084712755598
Cowgirl Ranch Dressing,175,18,157,10.285714285714285
Baked Cheese Puffs Real Cheddar Lunch Packs,830,606,224,73.01204819277109
Carbonated Water,103,76,27,73.7864077669903
Grinder Black Peppercorn,89,9,80,10.112359550561797
Original Assorted Fruit Fruit Flavored Snacks,90,44,46,48.888888888888886
Celebration Fresh Hop IPA/Seasonal,62,29,33,46.774193548387096
Mini Blueberry Muffins,2789,2094,695,75.08067407673002
Organic Meyer Lemon,55,12,43,21.818181818181817
Natural Boneless Skinless Chicken Thighs,630,378,252,60.0
Double Chocolate Chip Cookies,2245,1220,1025,54.342984409799556
Organic Cranberries Package,10,1,9,10.0
Beneful Healthy Fiesta with Real Chicken Dog Food,51,23,28,45.09803921568628
Super Colon Cleanse Capsules Psyllum Supplement With Herbs,18,1,17,5.555555555555555
Himalania Fine Pink Salt,556,131,425,23.561151079136692
Organic Diced Tomatoes with Basil & Garlic,229,53,176,23.144104803493452
Plus OxiClean Stain Fighters Clean Meadow Liquid Laundry Detergent,33,12,21,36.36363636363637
"Rice Pudding, Mexican Style",23,11,12,47.82608695652174
100% Cacao Natural Unsweetened,84,17,67,20.238095238095237
Sea Salt Crunchy Coated Premium Black Edamame,72,34,38,47.22222222222222
Organic Bittersweet Chocolate,313,202,111,64.5367412140575
"Organic Rainbow Gem Fingerling Potatoes, Bag",518,156,362,30.115830115830118
Unscented Bathroom Tissue,1404,734,670,52.27920227920227
Tropical Passion New Bottle 2X Concentrated 116 Loads Liquid Laundry Detergent,26,7,19,26.923076923076923
Premium Unsweetened Iced Tea,6242,4387,1855,70.28196090996475
Organic Frosted Wildberry Acai Toaster Pastries,1477,924,553,62.55924170616114
Seriously Sharp Cheddar,62,38,24,61.29032258064516
Classic Seltzer,33,27,6,81.81818181818183
"Nordic Berries, Multivitamin Gummies",178,58,120,32.58426966292135
Zucchini Gingerbread Carrot Smart Cookies,145,72,73,49.6551724137931
White Medium Grain Calrose Rice,74,39,35,52.702702702702695
Healthy Organic Vinaigrette,522,174,348,33.33333333333333
Moist Conditioner with Pump,50,10,40,20.0
Black Master Precise® Liquid Eyeliner,15,2,13,13.333333333333334
Organic Chervil,26,2,24,7.6923076923076925
Organic Shredded Unsweetened Coconut,4094,970,3124,23.693209574987787
Dressing Lite Classic Ranch,29,5,24,17.24137931034483
Black Exfoliating Bar Soap,11,2,9,18.181818181818183
Organic Broccoli Sprouts,616,355,261,57.62987012987013
Creamy Supreme Vanilla Frosting Sugar Free,6,0,6,0.0
Caramel Corn,10,4,6,40.0
Dill Pickle Planks,12,3,9,25.0
Soft Pretzel Mini Buns,6005,4287,1718,71.39050791007494
Scottish Oatmeal,17,8,9,47.05882352941176
Milk Chocolate Baking Bits,4,0,4,0.0
"Vitamin C, 500 mg, Chewable Wafers, Blueberry, Raspberry and Boysenberry",16,2,14,12.5
Perfect Prenatal Multivitamin,235,74,161,31.48936170212766
"Burrito, Steak & Cheese",151,79,72,52.317880794701985
Fat Free Chocolate Pudding,52,27,25,51.92307692307693
"Organic Yogurt, Pomegranate",101,42,59,41.584158415841586
Vanilla Latte Chilled Espresso Beverage,85,53,32,62.35294117647059
Colby And Monterey Jack Cheeses Finely Shredded,562,236,326,41.99288256227758
Veggie Straws Snack Pack,8,3,5,37.5
White Revive Laundry Stain Remover Power Paks,8,2,6,25.0
Light & Fit Greek Crunch Key Lime Pie,41,20,21,48.78048780487805
Big Slice Natural Swiss Cheese Slices,236,97,139,41.10169491525424
"White Zinfandel, American",11,1,10,9.090909090909092
Elbow Macaroni Pasta,3485,1398,2087,40.114777618364414
"Pork and Chicken Liver Mousse, Mousse Truffee",31,14,17,45.16129032258064
Organic Romaine Blend,118,51,67,43.22033898305085
Gluten Free Chocolate Dipped Donuts,641,400,241,62.402496099843994
Skillet Refried Red Beans Sautéed With Onion & Tomatillo,1145,591,554,51.61572052401747
Viva Italian Dressing,5,1,4,20.0
Grow & Gain Chocolate Shake Nutritional Drink,422,307,115,72.74881516587678
"Lemonaise, Garlic & Herb",43,21,22,48.837209302325576
Simply Dressed Pomegranate Vinaigrette,12,0,12,0.0
Organic Jumbo Grade A Eggs,479,356,123,74.32150313152401
Grapefruit Mineral Water,3,1,2,33.33333333333333
"Light & Fit Greek Yogurt, Cherry",169,114,55,67.45562130177515
Iodized Salt & Pepper,674,117,557,17.359050445103858
Double Raspberry Ice Cream,111,55,56,49.549549549549546
Roasted Sweet Red Peppers in Vinegar,52,17,35,32.69230769230769
Healthy Greens,182,93,89,51.098901098901095
Matcha Maker Green Tea,17,6,11,35.294117647058826
Cinnamon Chex,465,263,202,56.55913978494623
Dum-Dums Original Pops,56,10,46,17.857142857142858
"\""Louis Ba-Kahn\"" Chocolate Chip Cookie & Brown Butter Candied Bacon Ice Cream Sandwich",28,4,24,14.285714285714285
Air Wick Scented Oil Refill American Samoa Sweet Coconut & Island Palms,23,10,13,43.47826086956522
Lemon Lime Sparkling Water Beverage,45,30,15,66.66666666666666
Soft Baked Cinnamon Breakfast Biscuits,13,5,8,38.46153846153847
Whipped Topping,3,0,3,0.0
Dry Roasted Pumpkin Seeds,747,333,414,44.57831325301205
Greek 100 Calories Whips! Blueberry Fat Free Yogurt Mousse,29,5,24,17.24137931034483
Eco-Harvest Tea Tree Oil,14,4,10,28.57142857142857
Organic Quick Cooking Steel Cut Oats,420,228,192,54.285714285714285
Deliciously Organic Mmm...Chocolate Chip Cookie Mix,206,102,104,49.51456310679612
"Cooking Sauce, La Pizza",566,265,301,46.81978798586572
Honey Mustard Potato Crisps,19,7,12,36.84210526315789
Tortilla Chips Hint Of Lime Party Size!,26,6,20,23.076923076923077
Salt Sense Iodized Salt,7,0,7,0.0
Chicken Flavor Granulated Bouillon,6,1,5,16.666666666666664
Organic Small Bunch Celery,68091,42971,25120,63.108193447004744
French Bread Baguette,37,21,16,56.75675675675676
Spoon Size Wheat 'n Bran Shredded Wheat Cereal,251,142,109,56.573705179282875
Gluten-Free and Wheat-Free Chocolate-Dipped Cookies,28,6,22,21.428571428571427
Organic Herbs De Provence,217,23,194,10.599078341013826
Sugar-Free Monkfruit-Sweetened Regular Chocolate Bars,22,8,14,36.36363636363637
Mesquite BBQ Kettle Potato CHips,10,5,5,50.0
Roasted Vegetable Tamale,701,329,372,46.932952924393724
Children's Pain and Fever Relief Cherry Blast Liquid,304,62,242,20.394736842105264
Fresh Mozzarella Cheese,3097,1444,1653,46.62576687116564
Scented Oil Snuggle Fresh Linen Air Freshener Refills,76,19,57,25.0
Antiperspirant Deodorant Invisible Solid Shower Fresh Twin Pack,43,9,34,20.930232558139537
Alaskan Salmon Burgers,2315,1021,1294,44.1036717062635
Organic California Brown Basmati Rice,1701,607,1094,35.684891240446795
Manisch Everything Tam,4,0,4,0.0
Quinoa + Sweet Potato + Raisin Organic Baby Cereal,29,6,23,20.689655172413794
Canned Aranciata Orange,6257,3309,2948,52.8847690586543
Thai Penang Ginger Curry,23,7,16,30.434782608695656
Pumpkin Spice Bread Mix,349,176,173,50.429799426934096
Fruit & Honey Strawberry Spread,17,4,13,23.52941176470588
Broccoli Spears Steamers Plain,57,15,42,26.31578947368421
Pork Back Ribs,42,13,29,30.952380952380953
California Blend Vegetable,66,18,48,27.27272727272727
Soft Tofu,60,17,43,28.333333333333332
Home Style Pork Gravy,15,6,9,40.0
Honey Roasted Turkey,233,144,89,61.80257510729614
Cinnamon Toasters Cereal,109,55,54,50.45871559633027
Multi Cat,210,163,47,77.61904761904762
European Style Cultured Butter with Sea Salt,23,8,15,34.78260869565217
Deep Moisture Pump Body Wash,179,66,113,36.87150837988827
Gluten Free Original Baguettes,1385,837,548,60.4332129963899
Cabernet Marinara Pasta Sauce,152,33,119,21.710526315789476
Classic Corn Dogs,389,182,207,46.7866323907455
Trio Crispy Belgian Chocolate Coffee & Vanilla Ice Cream,4,0,4,0.0
Whole Milk Plain Kefir,557,362,195,64.99102333931778
Super Glue,78,1,77,1.282051282051282
Fast Freeze Ice Bars,291,128,163,43.986254295532646
Organic Hazelnut Hemp Cacao Superfoods Bar,781,265,516,33.93085787451985
Organic European Style Sweet Unsalted Butter,1942,1272,670,65.4994850669413
Fancy Shredded Colby Jack Cheese,78,35,43,44.871794871794876
Grass-Fed Vanilla Agave Yogurt,116,78,38,67.24137931034483
3 Tri Colored Organic Peppers,21,1,20,4.761904761904762
Coarse Grind Blend Lemon Pepper,17,1,16,5.88235294117647
Unsalted Chicken Cooking Stock,230,71,159,30.869565217391305
Hello Hydration Moisturizing Hair Conditioner,43,11,32,25.581395348837212
Apricot Fruit Spread Organic,439,169,270,38.496583143507976
Healing Ointment Advanced Therapy,40,12,28,30.0
Dark Chocolate Soft Serve Fruit Pops,323,183,140,56.656346749226
Small Spaces Cat Litter,77,29,48,37.66233766233766
Gluten Free Oatmeal Cookie Granola Bars Granola Bars,754,371,383,49.20424403183024
Twisted Berry Fruit & Veggie Juice,12,9,3,75.0
Peeled Baby Carrots,875,480,395,54.85714285714286
Organic Aztec Crunch Bar,18,10,8,55.55555555555556
Seafood Magic Seasoning Blends,24,7,17,29.166666666666668
Sorbetto Alphonso Mango,925,283,642,30.594594594594593
Organic Coconut Date Rolls,1122,686,436,61.14081996434938
"Balanced Breaks Colby Jack, Sea Salt Peanuts & Blueberry",43,17,26,39.53488372093023
Pumpkin Spice English Muffins,12,4,8,33.33333333333333
Eez-Thru Icy Mint Flossers,44,11,33,25.0
Best Grains Bread 100% Whole Wheat Bread,262,177,85,67.55725190839695
Handy Candy Organic Grape Tomatoes,486,143,343,29.4238683127572
Adult Digestive Health Probiotic,65,22,43,33.84615384615385
Peri-Peri Sauce Medium,27,13,14,48.148148148148145
Organic Old Fashioned Rolled Oats,20140,10881,9259,54.026812313803376
Green Chile Corn Tortillas Hand Made Style,86,31,55,36.04651162790697
Organic Sun Dried Tomatoes,729,190,539,26.06310013717421
Reg; Basil White Bean &#38; Olive Oil Granola Bars Pack Of 10,21,5,16,23.809523809523807
Happy Bellies Organic Oatmeal Baby Cereal,957,505,452,52.769070010449326
Healthy Naturals Chicken Dry Cat Food,10,4,6,40.0
"Rice, Spanish, with Bell Peppers & Onions",11,2,9,18.181818181818183
Riesling Blue Qba,14,2,12,14.285714285714285
Lemon Meyer Bag,87,16,71,18.39080459770115
Kiwi Strawberry Nutrient Enhanced Water Beverage Mix,39,16,23,41.02564102564102
"Ultra-Calming Foaming Cleanser, Fragrance Free",22,2,20,9.090909090909092
Wicked Cool! Fluoride Free Mild Mint Toothpaste,59,19,40,32.20338983050847
Juice Squeeze Wild Berry,4,1,3,25.0
Chewy Caramels in Milk Chocolates,4,0,4,0.0
Clementina Sparkling Clementine Beverage,48,14,34,29.166666666666668
Kiwano Horned Melon,64,15,49,23.4375
Brut Rose Wine,43,18,25,41.86046511627907
Organic Supersweet Cut Corn,422,179,243,42.41706161137441
Purrfect Delicacies Multi-pack,37,24,13,64.86486486486487
Mixed Melon Spears,21,11,10,52.38095238095239
"Garlic, Powder",62,4,58,6.451612903225806
Sun-Dried Tomatoes In Extra Virgin Olive Oil,209,56,153,26.794258373205743
Gluten-Free Sunny Seeded White Bread,23,15,8,65.21739130434783
Clinical Strength Secret Clinical Strength Invisible Solid Lavender Deodorant & Body Spray,6,1,5,16.666666666666664
Dora the Explorer Strawberry Yogurt,164,106,58,64.63414634146342
LF  RFRIED BLCK BEANS,96,48,48,50.0
Emery Boards,7,0,7,0.0
Organic Tomato Sauce,13597,5974,7623,43.93616238876223
Allium Cepa 30 C,6,1,5,16.666666666666664
Fruit & VeggieS On The Go Zippin' Zingin' Pear Pouches,61,28,33,45.90163934426229
Cidre,2,0,2,0.0
Terra D'oro Zinfandel Amador County,2,0,2,0.0
"Bubble Gum, Fantastic Fruit Mix",37,22,15,59.45945945945946
Pasta Sides Butter Flavor Fettuccini,99,54,45,54.54545454545454
Long Reach Matches,72,7,65,9.722222222222223
Snack Size Milk Chocolate Peanut Butter Cups,435,193,242,44.36781609195402
Beach Babe Texturizing Sea Salt Spray,16,2,14,12.5
Everything But The...® Ice Cream,144,59,85,40.97222222222222
Original Kale Chips,184,92,92,50.0
Cling Wrap Clear Food Wrap,1149,159,990,13.838120104438643
"Olive Oil, Kritsa Extra Virgin",21,4,17,19.047619047619047
Graduates Lil' Meals White Turkey Stew With Rice & Vegetables,29,10,19,34.48275862068966
Radiant Flex Foam 100% Leak Free Regular Flexi Wings Pads,16,4,12,25.0
Rainbow Glow Candles,12,1,11,8.333333333333332
Hawaiian Aloha Febreze Tall Kitchen Draw String Bags,30,2,28,6.666666666666667
Tart Cherry Juice Drink,25,10,15,40.0
Tea Biscuits,136,67,69,49.26470588235294
Kalifornia Kolsch,6,3,3,50.0
Backyard Variety Hard Strawberry Lemonade Hard Lemonade Hard Cranberry & Passion Fruit Lemonade Hard Tropical Mango Lemonade,109,45,64,41.284403669724774
Free & Clear Unscented Baby Wipes,6315,3871,2444,61.298495645288995
Multi Colored Note Pads,51,7,44,13.725490196078432
Vanilla Cookies,690,349,341,50.57971014492754
L'Orange Vodka,9,1,8,11.11111111111111
Honey Bunches of Oats Honey Roasted with Almonds Cereal,3467,2034,1433,58.667435823478506
Oregon Pinot Noir,35,14,21,40.0
Yorkshire Gold Black Tea,217,127,90,58.525345622119815
Cooling Relief 1% Hydrocortisone Anti-Itch Gel Maximum Strength,18,6,12,33.33333333333333
Organic Stringles Mozzarella String Cheese,7924,4974,2950,62.77132761231701
Sliced Chicken Feast in Gravy Cat Food,110,65,45,59.09090909090909
Butter Flavor Extract,18,5,13,27.77777777777778
Creamy Caesar Dressing Dairy Free,37,2,35,5.405405405405405
Face Toner,6,1,5,16.666666666666664
Grain Free Naturals Dry Dog Food Chicken & Garden Pea Recipe,83,41,42,49.39759036144578
Salted Caramel Cashew Gluten Free Soft Baked Cookies,116,43,73,37.06896551724138
Crushed Pineapple in Juice,774,238,536,30.749354005167955
Lightly Salted Rice Cakes,3564,2072,1492,58.13692480359147
Granola Whole Grain Honey Oat,60,28,32,46.666666666666664
Lard,59,10,49,16.94915254237288
Organic BBQ Sauce Original,5,0,5,0.0
All Natural Fresh Buttermilk Ranch Dressing Marinade,740,330,410,44.5945945945946
Deli Counter Turkey Breast,449,223,226,49.665924276169264
Tuna Helper Classic Creamy Broccoli,99,35,64,35.35353535353536
Spinach & Feta Pizza,24,4,20,16.666666666666664
Lowfat Cherry Lime Supernova Kefir Cultured Milk Smoothie,1,0,1,0.0
Spinach Artichoke White Meat Chicken,21,4,17,19.047619047619047
Fragrance Free Natural Care Wipes,324,159,165,49.074074074074076
Well Yes! Roasted Chicken with Wild Rice Soup,11,0,11,0.0
C Vitamin 1000 Mg Tablets,39,9,30,23.076923076923077
Ultra Strong Charmin Ultra Strong Toilet Paper,641,386,255,60.218408736349446
100% Whole Grain Whole Wheat Flour,481,62,419,12.889812889812891
Black Chill™ Revitalizing Shower,24,16,8,66.66666666666666
Large Strawberries Sliced,6,0,6,0.0
Raisin Cinnamon Bread,362,199,163,54.972375690607734
Mixed Berry Crunch Protein Oatmeal,5,2,3,40.0
Green Serrano Pepper,28,6,22,21.428571428571427
"100% Juice, Rio Red Grapefruit",18,9,9,50.0
Mineral Deodorant Roll-On Chamomile Green Tea,57,16,41,28.07017543859649
Country Herb Chicken Complete Meals,53,21,32,39.62264150943396
Triple Fiber Vegetable Capsules,38,6,32,15.789473684210526
Ranch Sunflower Seeds,16,10,6,62.5
Coconut & Warm Ginger Liquid Hand Soap,171,46,125,26.900584795321635
Jewish Pumpernickel Dark Rye Bread,9,6,3,66.66666666666666
Yellow Straightneck Squash,6481,3247,3234,50.10029316463509
Large Picture Hanging Strips,3,0,3,0.0
Salty Dog Chocolate Bar,27,19,8,70.37037037037037
Organic Calimyrna Figs,849,412,437,48.52767962308599
Large Drawstring Trash Bags,195,48,147,24.615384615384617
Grilled Whitefish & Cheddar Cheese Feast Cat Food,5,0,5,0.0
Cherry Noir Vodka,7,1,6,14.285714285714285
Organic Grilled Zucchini,36,5,31,13.88888888888889
Recovery Energy + Hydration Lemonade Energy Drink,198,150,48,75.75757575757575
Deli Style Smoked Ham,115,54,61,46.95652173913044
Organic Baby Food Fruit Mashup Green Kale & Apples 7+ Months,135,81,54,60.0
Sparkling Apple Pomegranate Juice,100,22,78,22.0
Toilet Bowl Cleaner Drop-In Tablets,17,6,11,35.294117647058826
Dark Chocolate Dipped Vanilla Ice Cream Bars,100,50,50,50.0
Crispers,45,23,22,51.11111111111111
Triphala 1000 Mg Tablets,9,3,6,33.33333333333333
100% Organic Cayenne Pepper,14,0,14,0.0
General Tso's Chicken Season,16,3,13,18.75
Chocolate Chip Brownie Fruit & Nut Bar,311,124,187,39.87138263665595
"French Baguettes, Take & Bake, Twin Pack",3613,2236,1377,61.887628009964025
Organic Pancake & Waffle Mix,169,50,119,29.585798816568047
Boys Learning Designs Training Pants Big Pack 4T 5T,5,1,4,20.0
Simple Favorites Five Cheese Rigatoni,1247,681,566,54.611066559743385
Continuous Toilet Cleaner,5,0,5,0.0
Spring Meadow Scent Pods,328,124,204,37.80487804878049
Tartar Control Plus Whitening Toothpaste,50,20,30,40.0
Adult Triple Medicated Instant Oral Pain Relief Gel,27,2,25,7.4074074074074066
Black Bean Burger Meatless Patties,74,36,38,48.64864864864865
Taster's Choice Instant Coffee Decafe House Blend,65,23,42,35.38461538461539
Moisturizing Tea Tree Hand Soap,5,1,4,20.0
Caffeine Free Lemon Lime Flavored Soda,98,56,42,57.14285714285714
Multi-Cat Extra Strength Clumping Cat Litter,302,185,117,61.258278145695364
Round Edible Cake Decoration,40,12,28,30.0
Hot'n Spicy Chicken Wings,114,42,72,36.84210526315789
Barbecue Potato Chips,5417,3313,2104,61.15931327302935
Cranberry Orange Scones,22,11,11,50.0
Creamy Balsamic Vinaigrette,9,5,4,55.55555555555556
"MK-7, 90 mcg, Softgels",7,3,4,42.857142857142854
Plum Amazins Diced Dried Plums,24,7,17,29.166666666666668
3 in 1 Cedar & Citrus Soap For Every Man,48,14,34,29.166666666666668
Passionberry Twist,26,11,15,42.30769230769231
Sweet Italian Dressing,7,2,5,28.57142857142857
Reserve Whole Bean Dark Roast Guatemala San Sebastian Coffee,5,0,5,0.0
Organic Pear Mango Fruit Yogurt Smoothie,1127,746,381,66.19343389529725
Prevent Original Ointment,16,4,12,25.0
Simply 100 Crunch Mix Berry,31,12,19,38.70967741935484
Kids Organic Chocolate Chip ZBars,11798,7995,3803,67.76572300389897
Gluten Free Lemon Streusel Muffins,293,133,160,45.39249146757679
Toast & Peanut Butter Sandwich Crackers,744,440,304,59.13978494623656
Pumpkin Corn Tortilla Chips,27,0,27,0.0
Petit Box French Vanilla Cookies,4,0,4,0.0
Single Dose Cold Sore Treatment,12,4,8,33.33333333333333
Thick Cut Bacon,1899,1012,887,53.29120589784097
Carolina Vinegar Style BBQ Sauce,18,5,13,27.77777777777778
White Enriched Bread,634,396,238,62.46056782334385
Vegan Potato,2,0,2,0.0
Kale Greens,12141,6843,5298,56.362737830491724
Steak & Cheddar Crispy Buttery Seasoned Crust Stuffed Sandwiches,87,43,44,49.42528735632184
Blue Goodness Fruit Smoothie,147,83,64,56.4625850340136
Peppermint Bark,134,49,85,36.56716417910448
Concentrated Lavender Scent Bleach,19,3,16,15.789473684210526
Maple Uncured Center Cut Bacon,564,306,258,54.25531914893617
Cheese Dog Treats,9,1,8,11.11111111111111
Market Blend Handmade Granola,9,4,5,44.44444444444444
Vegetarian Roast,129,30,99,23.25581395348837
All-Purpose Unbleached Flour,313,199,114,63.578274760383394
Baby Bok Choy,3691,1551,2140,42.021132484421564
Philadelphia Strawberry Cream Cheese,137,72,65,52.55474452554745
Spiced Chicken Morocco,2,0,2,0.0
Extra Strength B-12 Cherry Flavor 3000mcg Gummies Dietary Supplement,15,5,10,33.33333333333333
Lavender & Vanilla Aerosol Air Freshener,197,72,125,36.54822335025381
Anti Viral Upright Facial Tissue,1087,611,476,56.2097516099356
Naturals Avocado Oil,57,19,38,33.33333333333333
12 Hour Fresh Breath Fresh Mint Activated Mouthwash,21,7,14,33.33333333333333
Pearl Red Onions,20,0,20,0.0
Kids Detangling Spray Double Dutch Apple,51,11,40,21.568627450980394
Sweet Italian Sasuage,371,140,231,37.735849056603776
Whole Coriander Seed,15,1,14,6.666666666666667
Mango Carrot &  Greek Yogurt Baby Food,15,7,8,46.666666666666664
Almond Sea Salt  Mini Squares,126,68,58,53.96825396825397
Special K Oats & Honey Cereal,327,170,157,51.98776758409785
Golden Oreo Thins,411,243,168,59.12408759124088
Vegetable Egg Rolls,937,272,665,29.02881536819637
Mini Beef Franks In Puff Pastry,2,0,2,0.0
Fruit Chews Original,2,0,2,0.0
Gillette Fusion Men's Razor with 2 Fusion Razor Blades,61,5,56,8.19672131147541
Duster 360 Refill,26,2,24,7.6923076923076925
Organic Classic Gazpacho Chilled Vegetable Soup,65,38,27,58.46153846153847
Soft Ripened Cheese,8,2,6,25.0
6 Cheese Italian Shredded Cheese,141,29,112,20.56737588652482
Decaf House Blend K-Cup Deep Roast,392,214,178,54.59183673469388
Casual Foam Plates,22,10,12,45.45454545454545
Everything Matzos,15,4,11,26.666666666666668
Braised beef and roasted red skin potatoes with select cuts of green & yellow beans Braised Beef & Roasted Red Skin Potatoes,11,7,4,63.63636363636363
Stir Fry Mushrooms,10,2,8,20.0
Chocolate Graham Snacks,482,278,204,57.676348547717836
Adrenal Health Liquid Phyto-Caps,19,7,12,36.84210526315789
Blue Cheese,334,98,236,29.34131736526946
Meat-Free Savory Stuffed Turkey,151,40,111,26.490066225165563
"Ice Cream, Organic, Land of Milk and Honey",83,36,47,43.373493975903614
Makeup Remover Cleansing Towelettes Refill,701,303,398,43.22396576319544
"Calcium, Adult Gummies, Cherry, Orange & Strawberry",11,3,8,27.27272727272727
Chlorine Free Maxi Overnight Feminine Pads,332,149,183,44.87951807228915
Propolis Eucalyptus Manuka Honey Lozenge,7,3,4,42.857142857142854
Gluten Free Chocolate Cake Mix,210,64,146,30.476190476190478
Premium Young Sweet Peas,17,7,10,41.17647058823529
Banana Muffin Mix,21,5,16,23.809523809523807
Philippine Grown Dried Mango,70,43,27,61.42857142857143
Medium Cheddar Deli Sliced Cheese,1424,833,591,58.49719101123596
Smooth & Creamy Frozen Yogurt Moose Tracks,61,38,23,62.295081967213115
Organic Jumbo Grade AA Brown Eggs,1212,927,285,76.48514851485149
Natural Black Cherry Gels Gelatin Free Snacks,2118,1347,771,63.59773371104816
Ground Allspice,605,16,589,2.644628099173554
Seeded Multigrain Chickpea Chips,19,9,10,47.368421052631575
Organic Dijon Mustard,11103,2784,8319,25.07430424209673
"Chia Seed, Organic, Ground",624,179,445,28.685897435897434
Cinnamon Imperials,6,0,6,0.0
Lemon Cucumber Sparkling Water,206,118,88,57.28155339805825
Sparkling Water Grapefruit,75886,58513,17373,77.10644914740531
Hearty Chicken with Vegetables RTS Soup,7,1,6,14.285714285714285
Beef Stroganoff,31,13,18,41.935483870967744
Salsa Con Queso Medium Dip,701,237,464,33.80884450784593
Organic Cameo Apple,1257,544,713,43.27764518695306
Ultra-Hydrating Fragrance Free Body Lotion,123,32,91,26.01626016260163
Silk Floss,78,40,38,51.28205128205128
Mango Moisturizing Lip Balm,11,4,7,36.36363636363637
Premium Pinto Beans,373,151,222,40.48257372654155
Super Sweet Corn,531,190,341,35.781544256120526
Organic Balance Vanilla Bean Protein Shake,251,161,90,64.14342629482071
Gallon Freezer Bags,5537,1824,3713,32.94202636806935
Lotion with Aloe & Lanolin Hair Remover,22,4,18,18.181818181818183
Sesame Street Bright Banana Apple Baby Tooth & Gum Cleanser + Toothbrush,20,5,15,25.0
Fresh Turkey Wings,3,1,2,33.33333333333333
Gluten & Yeast Free Pumpkin Bread Mix,4,0,4,0.0
Creamy Potato Soup Mix,19,5,14,26.31578947368421
Classic Jelly Bird Eggs,17,7,10,41.17647058823529
Sugar Free Honey Lemon Cough Drops,62,12,50,19.35483870967742
Jumbo Unsalted Roasted Peanuts,21,10,11,47.61904761904761
Stone Ground Barley Flour,4,0,4,0.0
Little Bites Banana Muffins Pouches,26,9,17,34.61538461538461
Mango Punch,71,37,34,52.112676056338024
"8\"" Vegan Chocolate Cake",3,0,3,0.0
"Tortilla Chips, Black Bean",20,6,14,30.0
Hot Punjabi Mix,31,18,13,58.06451612903226
Tamari Sesame Asian Dressing,5,0,5,0.0
Lentil Soup,18,8,10,44.44444444444444
Pro Health Clean Mint Fluoride Toothpaste,112,22,90,19.642857142857142
Bicolor Sweet Corn,9399,4938,4461,52.53750398978615
Mango Premium Ice Cream Bars,4,0,4,0.0
Naturals Lite Goddess Dressing,691,255,436,36.90303907380608
Dark Chocolate Thins,88,39,49,44.31818181818182
Purrfect Delights Tuna & Mackerel Wet Cat Food,11,3,8,27.27272727272727
Original Nooks & Crannies Cinnamon Raisin English Muffins,1374,888,486,64.62882096069869
Super Moist Chocolate Fudge Cake Mix,420,68,352,16.19047619047619
Cold & Cough Cough Syrup,124,11,113,8.870967741935484
Raw Wildflower Honey,358,172,186,48.04469273743017
Restaurant Style White Bean with Sea Salt Bean Chips,1258,820,438,65.18282988871225
Beef & Peppers with Rice,94,55,39,58.51063829787234
Organic Baby Food Creamy Vegetables with Chicken,262,126,136,48.091603053435115
Natural Hand-Flaked Tuna Cat Treat Packs,12,4,8,33.33333333333333
Spring Scent In-Wash Scent Booster,27,8,19,29.629629629629626
Musli No. 1 Natural Body Power,6,3,3,50.0
Snack Sticks Medium Cheddar,251,130,121,51.79282868525896
Water Chestnuts Diced Natural,23,4,19,17.391304347826086
Wild Blueberry Muffin & Quick Bread Mix,221,104,117,47.05882352941176
"Cyclease, Cramp, Quick Dissolving Tablets",31,4,27,12.903225806451612
Strawberry Nutrition Shake,122,58,64,47.540983606557376
All Natural Roasted Red Pepper Hummus,58,15,43,25.862068965517242
Unscented Multipack Tampons,54,16,38,29.629629629629626
Brussels Sprouts,22275,11981,10294,53.78675645342312
Organic Collard Greens,269,113,156,42.00743494423792
Candle Apple Cinnamon,40,13,27,32.5
Gourmet Supreme Deep & Full Bodied Dark Roast Ground Coffee,54,23,31,42.592592592592595
Split Green Peas,32,14,18,43.75
Fresh Awake Energizing Scent Body& Face Wash,43,7,36,16.27906976744186
Chocolate Chip Cookie Dough Protein Bars,130,101,29,77.6923076923077
Cafe Style Tortilla  Chips,182,76,106,41.75824175824176
Organic Toddler Puree Acai Berry Superfruit,24,10,14,41.66666666666667
Chunky Garden Combo Italian Sauce,115,46,69,40.0
Sweet Orange Cocoa Butter Lip Balm,2,0,2,0.0
Sweet & Spicy Chipotle Crackers,32,8,24,25.0
Echinacea + Vitamin C & Zinc Gummy Bears,41,11,30,26.82926829268293
The Original Flavor 1 Oz Popcorn,33,7,26,21.21212121212121
Natural Sharp Cheddar Cheese,930,466,464,50.10752688172043
Wild Alaska Pink Salmon,908,428,480,47.136563876651984
Sea Salt & Almonds Dark Chocolate,57,22,35,38.59649122807017
Cherry Fruit Spread,13,4,9,30.76923076923077
Organic Whole Spelt Bread,55,24,31,43.63636363636363
Habanero Hot Sauce,228,91,137,39.91228070175439
Minis Coconut Milk Non Dairy Frozen Dessert Fudge Bars,584,302,282,51.71232876712328
Mini Ravioli,644,325,319,50.465838509316775
Classic Macaroni Salad,45,22,23,48.888888888888886
Entertainment Cracker Collection,399,128,271,32.08020050125313
Cappuccino Swirl Non Dairy Frozen Dessert,117,42,75,35.8974358974359
Gourmet Italian Style Traditional Mozzarella,34,5,29,14.705882352941178
Vitamin Code Raw Iron 22 Mg,47,15,32,31.914893617021278
Delifresh Combos Turkey Breast and Ham,328,148,180,45.1219512195122
70% Dark Chocolate With Toasted Coconut Bar,69,17,52,24.637681159420293
Chocolate Hazelnut Non-Dairy Beverage,347,252,95,72.62247838616715
Cherry Craisins,208,55,153,26.442307692307693
Mint & Dark Chocolate,500,327,173,65.4
Mix Taco Explosion Chips,6,0,6,0.0
Toasted Sesame Table Water Crackers,184,76,108,41.30434782608695
Organic Mini Sweet Peppers,1053,487,566,46.24881291547958
Orange Flavor Liquid Drink Mix,18,13,5,72.22222222222221
Herbs From Provence With Lavender,77,11,66,14.285714285714285
Organic Non Dairy Vanilla Almond Beverage,74,26,48,35.13513513513514
Men's One Food-Based Multivitamin,15,2,13,13.333333333333334
Steam'ables Deluxe Soybeans In The Pod Edamame,51,13,38,25.49019607843137
"Envelopes, Security, Strip & Seal, No. 6-3/4",10,2,8,20.0
Four Cheese Lasagna,60,19,41,31.666666666666664
Sea Salt Chocolate Bar,91,45,46,49.45054945054945
Embrace Sensitive 5 Blade Razor,17,1,16,5.88235294117647
32510 Slant Tip Compact Tweezer,6,1,5,16.666666666666664
Creamy Natural Peanut Butter And Flaxseed,2298,1329,969,57.83289817232375
Collagen Elastin Body Lotion,59,17,42,28.8135593220339
Natural Old Fashioned Creamy Peanut Butter,23,7,16,30.434782608695656
Organic Stage 2 Spinach Lentil Brown Rice Baby Food,497,281,216,56.53923541247485
Naan Chips Almost Everything,20,7,13,35.0
Reduced Fat Cream Cheese Spread,41,15,26,36.58536585365854
Bacon Seitan,479,255,224,53.23590814196242
"Granola, Apple Cinnamon",8,1,7,12.5
"Vodka, Pear Flavored",7,1,6,14.285714285714285
4 Cup Glass Tupperware With Lid,79,14,65,17.72151898734177
Nacho Jalapeno Peppers,3,0,3,0.0
Sabadil Allergy Relief Homeopathic Medicine,122,21,101,17.21311475409836
Organic Oolong Tea Bags,188,73,115,38.82978723404255
Honey Whole Wheat,276,225,51,81.52173913043478
Italian Roast Ground Coffee,4,1,3,25.0
Real Zero Cola,9,5,4,55.55555555555556
Honey Snack Grahams,14,2,12,14.285714285714285
B12 Spray Kind Organics,58,8,50,13.793103448275861
Lemon Tea,102,65,37,63.725490196078425
Frozen Organic Blackberries,31,6,25,19.35483870967742
Thick 'n Chunky Salsa Mild,1,0,1,0.0
"Cookies, Chocolate Chip, Chocolate, Maple Bliss, Snack 'n Go Packs",88,41,47,46.590909090909086
Organic Lime,703,186,517,26.458036984352773
Toasted Onion Flatbread,16,8,8,50.0
Organic Portobello Mushroom Caps,303,108,195,35.64356435643564
New York Super Fudge Chunk® Ice Cream,1644,830,814,50.48661800486618
Fresh & Light® Quick Action Scented Multi-Cat Scoop Litter Cat Litter,34,22,12,64.70588235294117
Training Pants Learning Designs 4T-5T - 18 CT,24,7,17,29.166666666666668
Nighttime Sleep-Aid,152,57,95,37.5
Clinical Protection Shower Clean Anti-Perspirant & Deodorant,101,41,60,40.5940594059406
Cracked Peppercorn Ranch Salad Dressing,13,1,12,7.6923076923076925
Ground Cayenne,55,6,49,10.909090909090908
Swiss Muesli Original Recipe,173,82,91,47.398843930635834
Salsa Verde,875,373,502,42.628571428571426
"Dark Chocolate, Mexican-Style, Stone Ground, Super Dark",80,36,44,45.0
English Cucumber,7,2,5,28.57142857142857
Gluten Free Hot Dog Rolls,11,3,8,27.27272727272727
Colby Cheese Sticks,12191,8863,3328,72.7011729964728
Awaken Aloe + Wheatgrass Drink,408,283,125,69.36274509803921
Mint 82% Cacao Square,7,0,7,0.0
Creamed Spinach & Kale,16,2,14,12.5
Hawaiian Body Scrub,54,13,41,24.074074074074073
Olio Italian Extra Virgin Olive Oil,9,1,8,11.11111111111111
Baked Whole Grain Wheat Parmesan Garlic Triscuit,173,99,74,57.22543352601156
Parsnips,109,47,62,43.11926605504588
Organic Beets,86,25,61,29.069767441860467
Cream of Asparagus Condensed Soup,33,3,30,9.090909090909092
Very Emollient Sunscreen Active Kids Clear Spray SPF 50,91,30,61,32.967032967032964
Pure Apple Juice,127,74,53,58.26771653543307
Hot Long Chili Peppers,13,3,10,23.076923076923077
Giant Chocolate Cookies & Cream Ice Cream Bars,6,2,4,33.33333333333333
Carb Smart Vanilla Ice Cream Bars,116,58,58,50.0
Fresh Coconut Water Probiotic Berry Flavor,357,216,141,60.50420168067227
"0% Greek, Blueberry on the Bottom Yogurt",1391,918,473,65.99568655643422
Quantum Duracell Quantum AA Alkaline Batteries 6 count Primary Major Cells,39,5,34,12.82051282051282
Fancy Feast Cream Broths,43,31,12,72.09302325581395
Flings Laundry Detergent,10,3,7,30.0
Saline Nasal Spray,96,22,74,22.916666666666664
Oh My Yog! Organic Wild Quebec Blueberry Cream Top Yogurt & Fruit,2272,1220,1052,53.69718309859155
Stage 1 - Just Prunes,2807,1709,1098,60.88350552190951
Matzoh Ball Soup,371,113,258,30.45822102425876
Salt Substitute,20,3,17,15.0
Apple Cider Spice,46,10,36,21.73913043478261
Dark Chocolate with Almonds,29,18,11,62.06896551724138
Smart Ones Ravioli Florentine,296,107,189,36.14864864864865
Herbal Tea Flavored Cocoa Mint Mate Tea Bags,10,1,9,10.0
Vanilla Passion Candle Jar Candle,6,1,5,16.666666666666664
Minneola Tangelo,2635,1190,1445,45.16129032258064
Pinot Noir Sonoma Coast,29,5,24,17.24137931034483
Regular Antiperspirant/Deodorant,21,3,18,14.285714285714285
Medium Tex-Mex Style Enchilada Sauce,13,2,11,15.384615384615385
Fresh CA Grown Eggs,10260,8111,2149,79.05458089668616
"Buffalo Meat With Cranberries and Pepper Blend, Spicy Pepper",17,4,13,23.52941176470588
Fresh Mint Toothpaste,465,189,276,40.64516129032258
Soothing Sensitive Skin Almond Facial Cream,5,0,5,0.0
Arnica Montana 12C Homeopathic Pellets,14,3,11,21.428571428571427
BBQ Sauce Original,7,1,6,14.285714285714285
Pillsbury Bold Orange Frosting,5,0,5,0.0
Volumizing Aussie Headstrong Volume Aerosol Hairspray 10 Oz - Volumizing Hairspray Female Hair Care,6,1,5,16.666666666666664
Diet Black Cherry Soda,22,13,9,59.09090909090909
Light Blackberry Yogurt,239,140,99,58.57740585774059
Kids Black Elderberry Syrup,67,15,52,22.388059701492537
Calendula Baby Oil,27,1,26,3.7037037037037033
Crunchy Sunflower Seed Bites Sea Salt,890,487,403,54.71910112359551
Organic Bourbon Vanilla Whey Protein,193,56,137,29.015544041450774
Seasoning Salt,596,58,538,9.731543624161073
"Sauerkraut Salad, Arame (Sea Vegetable) & Ginger",70,24,46,34.285714285714285
Unsweetened Soy Milk,1554,1159,395,74.58172458172459
Mach3 Razor Replacement Cartridges,16,1,15,6.25
Original Pretzel Thins,182,61,121,33.51648351648351
Cocolicious Turkey/Chicken Dog Food,11,5,6,45.45454545454545
Pepper Jack Cheese,1513,707,806,46.72835426305353
Medium Roast Coffee,663,456,207,68.77828054298642
Diced Tomatoes With Green Chilies In Tomato Juice,93,35,58,37.634408602150536
Cooler Ranch Tapatio Flavored Tortilla Chips,5,3,2,60.0
"On-the-Go Kit, Cheese Pizza",4,3,1,75.0
Diamond Collection Silver Label Pinot Noir Wine,74,39,35,52.702702702702695
Brown Rice Crisps,604,316,288,52.317880794701985
Hawaiian Dinner Rolls 12 Count,5,1,4,20.0
Friskies Party Mix Crunch Original Cat Treats,83,60,23,72.28915662650603
Ranch Dressing & Dip,855,511,344,59.76608187134504
Organic 60% Cacao Spiced Chili Dark Chocolate Bar,23,4,19,17.391304347826086
All Natural Maple Almond Butter,2252,1201,1051,53.3303730017762
Fruit & VeggieS On The Go Great'Full Grape Pouches,16,5,11,31.25
Individual Jumbo Udon Serving Packets with Soup Base,9,2,7,22.22222222222222
Liquid Smoke Mesquite,57,1,56,1.7543859649122806
Roasted Straight Cut Fries,275,95,180,34.54545454545455
Opa Caesar Greek Yogurt Dressing,18,6,12,33.33333333333333
Karia Chardonnay,14,5,9,35.714285714285715
"Cheese, Sharp Cheddar",457,251,206,54.92341356673961
Yucatan Sunshine Habanero Pepper Sauce,106,35,71,33.0188679245283
Moisturizing Sandalwood Shower Gel,47,17,30,36.17021276595745
Lactose Free Pepper Jack Flavor Slices,11,1,10,9.090909090909092
Cedarwood Deodorant,274,70,204,25.547445255474454
Blueberry Pomegranate with Electrolytes & Vitamins Water Beverage,37,25,12,67.56756756756756
Traditional Chicken Noodle Soup,3019,1424,1595,47.16793640278238
California Style Protein Blends,46,9,37,19.565217391304348
Raw Cashew Nut Butter,679,358,321,52.724594992636234
Confetti Birthday Candle,9,0,9,0.0
Chicken & Tuna Feast Flaked Wet Cat Food,306,224,82,73.20261437908496
Cucumber & Sage Scent Facial Cleansing Towelettes,462,140,322,30.303030303030305
Original Crunchy Corn Snack,108,64,44,59.25925925925925
Ground Coffee Gran Selezione Dark Roast,79,38,41,48.10126582278481
Coconut Cream Mini Pies,53,17,36,32.075471698113205
French Vanilla Almond Ground Coffee,9,5,4,55.55555555555556
Disinfectant Spray,497,217,280,43.66197183098591
Decaf Pike Place Medium Roast Ground Coffee,76,39,37,51.31578947368421
Bold Habanero BBQ Almonds,443,267,176,60.270880361173816
Mountain Spring Scent Liquid Fabric Softener,32,12,20,37.5
Myoplex Original Chocolate Fudge Protein Shake,72,56,16,77.77777777777779
Wine & Cheese Party Platter,96,25,71,26.041666666666668
Whole Kernel Southwest with Poblano & Red Peppers Corn,172,51,121,29.651162790697676
Natural Whole Grain Boil In Bag Brown Rice,241,119,122,49.37759336099585
Hydro 5 Men's Refill Blades,34,5,29,14.705882352941178
Peeled Paradise Found Mixed Fruit,201,78,123,38.80597014925373
"Complete Multi-Benefit, Whitening + Scope, Cool Peppermint",103,23,80,22.330097087378643
Baby 1st Foods Carrots,186,69,117,37.096774193548384
"Tomato Sauce, Pomodoro Fresco, Tomato Basil",20,5,15,25.0
Chicken Parmesan With Spaghetti & Tomato Sauce Cuisine,227,119,108,52.42290748898678
Soft & Chewy Candy,672,271,401,40.327380952380956
Natural Grapefruit Soda,13,5,8,38.46153846153847
Little Italy Pizza Thin Crust Craft Pizza,10,3,7,30.0
Franks,933,437,496,46.838156484458736
Moscato Spumante Wine,53,17,36,32.075471698113205
Mixed Berry 100% Juice,19,8,11,42.10526315789473
Organic Original Barbeque Sauce,783,183,600,23.371647509578544
Organic Wide Udon Asian Pasta,59,15,44,25.423728813559322
Stainless Steel Cleaner,17,2,15,11.76470588235294
Bacon,22,4,18,18.181818181818183
Ginger Snap Pie Crust,20,4,16,20.0
Ndimaini,84,47,37,55.952380952380956
Platinum Rinse Aid,87,13,74,14.942528735632186
100% Organic Premium Whole Wheat Flour,553,120,433,21.699819168173597
Applejack Brandy,7,2,5,28.57142857142857
Mandarin Clementine,1360,453,907,33.30882352941176
Fudge Brownie Gluten Free Cookie Dough,983,432,551,43.947100712105794
Raw Reserve Green Superfood,4,0,4,0.0
Liquid Ant Baits,35,7,28,20.0
"Noodles, Homestyle, Extra Wide",13,1,12,7.6923076923076925
Balsamic Imported Vinegar,293,48,245,16.38225255972696
Organic Peeled Butternut Squash,116,58,58,50.0
"Deli-Sliced, Hot Pepper Rings",94,42,52,44.680851063829785
Strawberry Fruit & Grain Cereal Bars,30,13,17,43.333333333333336
Unsalted Slivered Almonds,37,10,27,27.027027027027028
Organic Java Medium Roast Herbal Coffee Alternative,16,9,7,56.25
Red,53,31,22,58.490566037735846
Coconut Miracle Oil Body Lotion,6,2,4,33.33333333333333
"Oatmeal, Vermont Maple Syrup",270,196,74,72.5925925925926
Vat Cultured European Style Salted Butter,84,33,51,39.285714285714285
Organic Honest O's Honey Nut Cereal,24,11,13,45.83333333333333
Organic Mac And Trees Fun Shape Macaroni & Cheese,181,76,105,41.988950276243095
Simply Naked Pretzel Thins,12,2,10,16.666666666666664
Cinnamon & Clove Raw Coconut Water,40,20,20,50.0
Chocolate Chip Muffin Mix,89,43,46,48.31460674157304
Pineapple Coconut Sparkling Water,55,47,8,85.45454545454545
Celluvisc Lubricant Eye Gel,15,12,3,80.0
Garlic Salt,971,153,818,15.756951596292481
Seafood Medley Value Size Stay Fresh Pack,44,20,24,45.45454545454545
South American Dark Chocolate Gelato,114,43,71,37.719298245614034
Buffalo Style Chicken Wing Sauce,17,2,15,11.76470588235294
Beets,128,33,95,25.78125
Fresh Mozarella Cheese Ciliegine,10,2,8,20.0
Organic Spring Mix Salad,21416,12882,8534,60.15128875607023
Entrée Containers & Lids,812,189,623,23.275862068965516
Baking Powder,4041,363,3678,8.982925018559762
Car Linen & Sky Scent Air Freshener Vent Clips,9,2,7,22.22222222222222
Easy Cheese Cheddar Cheese,217,80,137,36.86635944700461
Chai Spiced Almonds,9,1,8,11.11111111111111
Rub with Love Salmon Rub,24,4,20,16.666666666666664
Sea Salt Adzuki Bean Crackers,65,50,15,76.92307692307693
Sweet Potato Julienne Fries,37,29,8,78.37837837837837
Black Cherry Lowfat Yogurt,435,278,157,63.9080459770115
Grilled Turkey & Cheddar Cheese Feast in Gravy Cat Food,161,131,30,81.36645962732919
with Xylitol Island Berry Lime 18 Sticks Sugar Free Gum,48,29,19,60.416666666666664
Spray & Refresh Meadows & Rain,8,0,8,0.0
Zesty Lemon Sorbet,724,324,400,44.751381215469614
"Of Maine Fresh Frozen Blueberries, Strawberries And Mango Chunks",175,67,108,38.285714285714285
Natural Provolone Cheese Slices,763,384,379,50.32765399737876
Tortilla Chips with Salt,1551,799,752,51.515151515151516
Deluxe Shells & Cheddar Dinner,12,0,12,0.0
Hand Crafted Peppermint Candy With Xylitol,4,0,4,0.0
Strawberries & Cream Instant Oatmeal,485,236,249,48.65979381443299
Kids Only! Extra Gentle Shampoo,66,16,50,24.242424242424242
Max AAA Batteries,314,40,274,12.738853503184714
Forest Berry Natural Lowfat Yogurt,637,466,171,73.15541601255887
Goat Cheese & Fig Fillo Rolls,11,0,11,0.0
Nurture Cat Food,34,11,23,32.35294117647059
Pure Corn Oil,27,5,22,18.51851851851852
Fudge Dipped Vanilla Wafers,108,66,42,61.111111111111114
Baby Eczema Therapy Moisturizing Cream Baby Lotion,35,6,29,17.142857142857142
Herbal Tea Black Cherry Berry - 20 CT,45,16,29,35.55555555555556
Fleur De Sel De Camargue Sea Salt,95,28,67,29.47368421052631
"Gum, Cinnamon, Slim Pack",26,19,7,73.07692307692307
Whitening Plus Scope Crest Complete Whitening + Scope Multi-Benefit Minty Fresh Striped Toothpaste 2.7oz Dentifrice,44,13,31,29.545454545454547
Organic Chicken Tenders,10,0,10,0.0
Life Cereal,732,297,435,40.57377049180328
Counter Domestic Parmesan Wedge,221,74,147,33.4841628959276
Original With Gain Scent Air Freshener Candle,92,51,41,55.434782608695656
Ribeye Steak,28,3,25,10.714285714285714
"Dog Food, Chicken & Sweet Potato Stew Recipe",33,18,15,54.54545454545454
Organic Z  Mixed Berry Fruit Rope,2676,1694,982,63.303437967115094
Organic Lowfat French Vanilla Yogurt,4244,2714,1530,63.949104618284636
"Swaddlers Diapers Super Pack, Size 3",259,126,133,48.64864864864865
California Ripe Pitted Extra Large Olives,3,2,1,66.66666666666666
Uncrustables Peanut Butter & Raspberry Spread Sandwiches,24,15,9,62.5
Organic Three Grain Tempeh,1365,732,633,53.62637362637363
Kit Caesar Lite,229,124,105,54.14847161572053
Organic Ambrosia Apples,280,106,174,37.857142857142854
Red Moscato,6,1,5,16.666666666666664
Fig Orange Spread,63,4,59,6.349206349206349
Miraculously Smooth Conditioner,9,1,8,11.11111111111111
Apple Heart Thrive Energy Bar,17,11,6,64.70588235294117
Seasoned Lemon & Pepper Sensations Tuna Medley,2,0,2,0.0
Ginger Snap Cookies,2231,1127,1104,50.51546391752577
Rose Nail Polish,8,1,7,12.5
Roasted Tamari Almonds,9,2,7,22.22222222222222
WOW Chocolate Chip Cookies,188,133,55,70.74468085106383
Goat Brie Cheese,47,13,34,27.659574468085108
Vanilla Bean & Honey Yogurt Protein Drink,328,226,102,68.90243902439023
Chips Ahoy! Choco Chunk Crunchy Cookies,17,5,12,29.411764705882355
Savoy Cabbage,425,100,325,23.52941176470588
Brazil Nuts,426,208,218,48.82629107981221
Oatmeal Chocolate Chip Bite-Lettes,827,486,341,58.76662636033857
1st Foods Baby Food- Pears,228,88,140,38.59649122807017
Basic Toilet Paper Double Rolls,258,125,133,48.44961240310077
"Corn Thins, Organic, Flax & Soy",8,1,7,12.5
Ionic Magnesium 400 mg Drops,8,0,8,0.0
Berry Blue Gelatin Dessert,114,8,106,7.017543859649122
Homestyle Macaroni & Cheese Pasta,6,0,6,0.0
Pumpkin Spice Black Tea,7,0,7,0.0
Hand-Rolled Bone,11,7,4,63.63636363636363
Papaya Nectar,37,20,17,54.054054054054056
The Original Multi Grain Bread,2077,1501,576,72.26769378911892
S'mores Dippers,14,4,10,28.57142857142857
Coconut Bliss Pineapple Coconut,1,0,1,0.0
All Natural Ingredients Gluten Free Original Yellow,14,0,14,0.0
Center Cut Pork Chops,9,1,8,11.11111111111111
Organic Teas Green Tea Genmaicha - 16 CT,150,60,90,40.0
Mustard & Onion,1,0,1,0.0
Heavy Whipping Cream,20684,10456,10228,50.55115064784375
Pineapple Coconut Ice Cream,411,167,244,40.632603406326034
Organic Seaweed Snack Sea Salt,839,507,332,60.42908224076281
Complete Mint Flavor Satin Floss ,139,20,119,14.388489208633093
Non Dairy Creamer,70,43,27,61.42857142857143
General Chang's Chicken,132,55,77,41.66666666666667
Menthol Cough Suppresant/Oral Anesthetic Sugar Free Drops Honey Berry Flavor,22,4,18,18.181818181818183
2 in 1 Shampoo and Conditioner,14,5,9,35.714285714285715
Coconut Sorbet,211,110,101,52.13270142180095
Keratin Oil Anti-Breakage Conditioner,93,18,75,19.35483870967742
Pineapple Mango Carrot Ice Pops,95,31,64,32.631578947368425
Creamline Vanilla Yogurt,55,23,32,41.81818181818181
Uncured Pepper Salami,31,12,19,38.70967741935484
With Shrimp Ramen Noodles,162,83,79,51.23456790123457
Fair Trade 100% Pure Organic Honey,10,1,9,10.0
Organic Balsamic Vinegar Of Modena,4819,1190,3629,24.693919900394274
"Cheesecake, Chocolate Truffle",171,67,104,39.1812865497076
White Multifold Towels,1531,1130,401,73.80796864794252
Sourdough Deli Bread,2366,1517,849,64.11665257819104
Pinot Gris,213,114,99,53.52112676056338
Organic Zucchini,104823,72165,32658,68.84462379439627
Men Sport Anti-Perspirant & Deodorant,22,6,16,27.27272727272727
Chocolate Chocolate Chip Ice Cream,1405,792,613,56.37010676156584
Non Acetone Nail Polish Remover,100,7,93,7.000000000000001
Intensive Healing Lotion Eczema,12,0,12,0.0
"Black-Eye Peas, Specially-Seasoned",6,0,6,0.0
Apple Sauce,6367,3717,2650,58.3791424532747
Rotelle No 54,691,340,351,49.2040520984081
Assorted Variety Pack Tea Bags,42,12,30,28.57142857142857
Organic Ras El Hanout,45,1,44,2.2222222222222223
Mild Taco Sauce,40,6,34,15.0
Chocolate Peppermint Stick,105,53,52,50.476190476190474
Organic White Hot Dog Buns,334,104,230,31.137724550898206
Arnica Oil,6,1,5,16.666666666666664
Organic Strawberry Fruit Leather,3,0,3,0.0
Sparkling Blood Orange,3,0,3,0.0
Tropical Orange Probiotic Juice,246,142,104,57.72357723577236
Organic Spirulina Dream Bar,113,47,66,41.5929203539823
Easy Mac Triple Cheese,83,32,51,38.55421686746988
Premium Cheeses Parmesan & Romaso,10,1,9,10.0
Drops Mixed Berry Flavor Enhancer,89,32,57,35.95505617977528
Honey Mustard Dressing & Dip,58,23,35,39.6551724137931
Wakame And Brown Rice Ramen,219,63,156,28.767123287671232
Lemon Meringue Pie,76,24,52,31.57894736842105
Sugar Free Hazelnut Coffee Creamer,34,17,17,50.0
Bleu Cheese Salad Dressing And Dip,114,46,68,40.35087719298245
Original Bread With Honey,19,11,8,57.89473684210527
Extra Large Strawberry Figgies & Jammies Cookies,127,65,62,51.181102362204726
Coffee Flavor Yogurt,112,96,16,85.71428571428571
Organic Half Tea & Half Lemonade,1318,967,351,73.36874051593323
Lemon Dish Liquid,990,350,640,35.35353535353536
Pledge FloorCare Multi-Surface Concentrated Cleaner,8,0,8,0.0
Dark Chocolate Peanut Sea Salt,16,2,14,12.5
Head Lock Mega Gel,12,6,6,50.0
Greek-Style Plain Yogurt,16,9,7,56.25
"Cake Pans & Lids, Square, 8 Inch",139,22,117,15.827338129496402
Deluxe American Cheese Slices,57,26,31,45.614035087719294
100% Organic Pure & Unfiltered Cold Pressed Flax Oil,5,0,5,0.0
Organic Stage 3 Pumpkin Cranberry Apple Baby Food,1168,644,524,55.13698630136986
Plus OxiClean Stain Fighters Cool Breeze Liquid Laundry Detergent,42,9,33,21.428571428571427
Fit Kitchen Teriyaki Chicken,18,9,9,50.0
Band-Aid Large Gauze Pads,21,7,14,33.33333333333333
Numeral 3 Birthday Candle,12,0,12,0.0
"Veggie Juice -Apple, Strawberry, Beet, & Raisin",84,35,49,41.66666666666667
Pub Mix,4316,3329,987,77.13160333642261
Fast-Max Maximum Strength Cold Flu & Sore Throat,14,1,13,7.142857142857142
Harvest Squash Turkey Country Dinner For Children 6 Months & Up,266,138,128,51.8796992481203
Combination Party Pizza,1082,640,442,59.14972273567468
Puffs Flamin' Hot Cheese Flavored Snacks,120,55,65,45.83333333333333
Everyone Lavender + Aloe Soap,716,252,464,35.19553072625698
Steak & Dippin' Sauce,11,3,8,27.27272727272727
"Simply Clean & Fresh HE Liquid Laundry Detergent, Daybreak Fresh Scent, 89 Loads",35,16,19,45.714285714285715
Meat Loaf Seasoning Mix,114,32,82,28.07017543859649
Coarse Yellow Corn Meal,7,0,7,0.0
Natural Vanilla Ice Cream,4627,2109,2518,45.580289604495356
Whole Tomatillos,14,1,13,7.142857142857142
Organic Baby Bella Mushrooms,7118,3796,3322,53.329586962629946
Honey Wheat Bread,5845,4042,1803,69.15312232677502
Organic Rice Protein Vanilla,18,10,8,55.55555555555556
Honeycrisp Apple,79769,57818,21951,72.48179117200918
All Natural Chickpea Snacks! Smoky Chili & Lime,15,3,12,20.0
Nutri-Grain Harvest Blueberry Bliss Breakfast Bars,7,2,5,28.57142857142857
Big Rolls Pick-A-Size With Thirst Pockets Just White Paper Towels,11,1,10,9.090909090909092
Peeled Tomatoes San Marzano Organic With Basil Leaf,84,34,50,40.476190476190474
Boneless Pork Tenderloin,76,41,35,53.94736842105263
Country Style Shredded Hash Browns,85,11,74,12.941176470588237
Sliced Portabella Mushrooms,914,442,472,48.35886214442014
Chocolate Flourless Cake,33,6,27,18.181818181818183
Colon Health Digestive Health Probiotic Supplement Capsules,20,5,15,25.0
Slow Churned Light Ice Cream Cookies 'N Cream,834,461,373,55.275779376498804
Hearty & Delicious Center Split White Deli Rolls,118,48,70,40.67796610169492
Pomegranatea,9,5,4,55.55555555555556
Blood Orange Lemonade,57,29,28,50.877192982456144
Body Bar Soap Milk & Honey Complexion,46,17,29,36.95652173913043
Gluten-Free Pancake Mix,1240,752,488,60.64516129032258
Honey Oat Crunch Trail Mix Crunchy Granola Bars,930,567,363,60.967741935483865
Grassmilk Raw Sharp Cheddar Cheese,1019,558,461,54.75956820412169
Gelato Fudge Brownie ,888,333,555,37.5
White Ale,5,1,4,20.0
Big Red Cinnamon Gum 3 Slim,31,15,16,48.38709677419355
Strawberry-Rhubarb Swiss Preserves,3,0,3,0.0
California Dill Pollen & Garlic Goat Cheese & Olive Oil Infusion,12,4,8,33.33333333333333
Jewish Rye & Pumpernickel Deli Swirl Bread,351,175,176,49.85754985754986
Nourished Beauty Antiperspirant Deodorant,18,2,16,11.11111111111111
Natural Tea Tree Oil Facial Cleansing Pads Original,189,70,119,37.03703703703704
"Papaya Enzyme, Super Plus, High-Potency, Chewable Tablets",38,10,28,26.31578947368421
Authentic Mexican Shredded Cheese,27,4,23,14.814814814814813
Gluten Free Mild Whole Green Chiles,551,124,427,22.50453720508167
"Granola, Gluten Free, Cranberry Orange Cashew",15,3,12,20.0
Laundry Liquid Grapefruit Seed & Citrus Extract,133,33,100,24.81203007518797
Sliced Pepperoncini,733,168,565,22.919508867667123
Sonoma County Chardonnay Wine,11,6,5,54.54545454545454
Steak Fries Thick-Cut French Fried Potatoes,532,198,334,37.21804511278196
Pumpkin Pie Spice,368,20,348,5.434782608695652
Home Care Room Freshener Lavender Spray,7,2,5,28.57142857142857
Bartlett Pear Slices In Pear Juice From Concentrate,8,1,7,12.5
Decaffeinated English Breakfast Black Tea,399,166,233,41.60401002506266
ALMONDBREEZE UNSWEETENED,9541,5501,4040,57.65643014359082
Protein Pleasure Peanut Butter Chocolate Chip Macrobar,57,26,31,45.614035087719294
Low Fat Strawberry Yogurt Tubes,6135,4123,2012,67.20456397718011
Multi-Pack Regular/Super/Super Plus Tampons - 40 CT,41,12,29,29.268292682926827
Organic Uncooked Flour Tortillas,32,16,16,50.0
Curcumin 95 500 mg,21,5,16,23.809523809523807
Honey Peanut Nutrition Bar,12,4,8,33.33333333333333
Ghost Pepper Nacho Cheese Sauce,9,0,9,0.0
Butter Flavor Instant Grits,21,5,16,23.809523809523807
Artesian Water,997,746,251,74.82447342026079
Corn Tortillas White,16,2,14,12.5
Super Grains Tabbouleh,32,14,18,43.75
Potatoes Sweet,1678,1012,666,60.30989272943981
Organic Dark Chocolate Peanut Butter Trail Mix Bar,211,77,134,36.492890995260666
Light & Fit Vanilla Nonfat Yogurt,310,188,122,60.64516129032258
Tender White Pop Up Bowl Microwave Popcorn,37,8,29,21.62162162162162
One Sensitive Systems Adult Cat Food,82,40,42,48.78048780487805
100% All Natural Crunchy Peanut Butter,64,33,31,51.5625
Api Wellness 10+ Bio Active Manuka Honey,6,0,6,0.0
Organic 21 Grain Thin Sliced Bread,11736,7990,3746,68.08111792774369
Diet Vanilla Root Beer,291,197,94,67.69759450171821
Boil-In-Bag Whole Grain Brown Rice,518,226,292,43.62934362934363
Toddler Veggie Cracker Bites,308,181,127,58.76623376623377
Trading Company White Bean Dip Medium Hot,5,0,5,0.0
Milk Chocolate M&Ms,1207,747,460,61.88898094449047
"Whole Wheat Wraps 12\""",69,27,42,39.130434782608695
Bakery Classics Soft White Hoagie Rolls,128,52,76,40.625
Seven Crown Whiskey,12,2,10,16.666666666666664
Whole Care Natural Peppermint Gel Fluoride Toothpaste,14,1,13,7.142857142857142
Poppy & Sesame Crackers,28,9,19,32.142857142857146
Pirouette Chocolate Hazelnut Creme Filled Wafers,455,176,279,38.681318681318686
Dark Chocolate Petit Ecolier European Biscuits,398,234,164,58.79396984924623
Albacore Tuna in Thai Coconut Lemongrass,22,7,15,31.818181818181817
Coolmint Oral Rinse,33,12,21,36.36363636363637
Deli Select Ultra Thin Rotisserie Seasoned Chicken Breast,192,80,112,41.66666666666667
Honey Mustard Avocado Oil Dressing,100,22,78,22.0
Amazing Meal Vanilla Chai Single,5,0,5,0.0
Gobstopper Assorted Flavors Sugar Candy,14,4,10,28.57142857142857
Organic Pork Chop Seasoning,15,2,13,13.333333333333334
Organic Fillo Dough,1293,298,995,23.047177107501934
Pumpkin Spice Blended Low-Fat Greek Yogurt,97,33,64,34.02061855670103
Draft Style Root Beer Caffeine Free Soda,4,1,3,25.0
Organic Gold Pineapple,54,16,38,29.629629629629626
Dill & Garlic Raw Sauerkraut,34,11,23,32.35294117647059
Bun Klasic Kaiser 8 Count,85,26,59,30.58823529411765
Chunk Light Tuna In Water,2828,1281,1547,45.2970297029703
Vegetable Bouillon Cubes,349,125,224,35.816618911174785
Dairy Free Soymilk Mocha Fudge Non-Dairy Frozen Dessert,27,12,15,44.44444444444444
Bite-Size Honey Gold Potatoes,113,8,105,7.079646017699115
"Bread Crumbs, Italian",79,20,59,25.31645569620253
Pure & Smooth Green Tea,1091,791,300,72.50229147571035
Hearty Bits Banana Apple Strawberry Multigrain Toddler Cereal,19,9,10,47.368421052631575
Blueberry B Smoothie,250,160,90,64.0
Stool Softener Softgels,24,4,20,16.666666666666664
Hand Towels,977,563,414,57.62538382804504
Salsa For All Seasons Tropical Mango,62,8,54,12.903225806451612
Original High Fiber 100% Vegetable Juice,42,19,23,45.23809523809524
Pistachio Pistachio Ice Cream,1509,589,920,39.03247183565275
Just Sea Salt,8,1,7,12.5
Seaweed Rice Chips Sea Salt,255,130,125,50.98039215686274
Total Effects Revitalizing Foaming Cleanser,11,3,8,27.27272727272727
Balsamic Vinegar Glaze,93,15,78,16.129032258064516
French Green Lentils,30,5,25,16.666666666666664
Semi Soft Part-Skim Cheese,2276,1429,847,62.785588752196844
"Granola, Organic, Honey Cashew Vanilla",9,4,5,44.44444444444444
Roast Chicken Flavor Ramen Noodles,92,40,52,43.47826086956522
Cinnfull Apple,5,1,4,20.0
Old World Flatbreads Tuscan Six Grain Pizza Crust,27,14,13,51.85185185185185
"Liquid Hand Soap, Original",12,3,9,25.0
Leave-in Conditioner,56,27,29,48.214285714285715
Lime Chili Shrimp Flavor Ramen Noodle Soup,7,2,5,28.57142857142857
"Oregano Oil, Standardized, Liquid Vcaps",7,1,6,14.285714285714285
Sugar Free Pecan Delight,93,55,38,59.13978494623656
Organic Chicken Noodles Soup,823,354,469,43.013365735115435
Light Balsamic & Basil Vinaigrette Dressing,7,1,6,14.285714285714285
Chocolate Fudge Brownie Mix,218,51,167,23.394495412844037
Arm & Hammer Kid's Spinbrush Marvel Heroes/The Amazing Spiderman Powered Toothbrush,40,4,36,10.0
Aged Garlic Extract Original Formula,24,5,19,20.833333333333336
Finest Signature Seasoned Beef Frankfurter,17,5,12,29.411764705882355
Coarse Ground with Parsley Garlic Salt,44,12,32,27.27272727272727
Bourbon Brown Sugar BBQ Sauce,26,3,23,11.538461538461538
Whips! Chocolate Yogurt Mousse,858,507,351,59.09090909090909
Original Non-Dairy Coffee Creamer,573,448,125,78.1849912739965
Target Exclusive Aloe Love Cleansing Cloths,40,17,23,42.5
Dairy Milk Fine Chocolate Candy Bar,789,465,324,58.935361216730044
The Colossal Volume Express 230 Glam Black Washable Mascara,34,5,29,14.705882352941178
Vodka,5475,3964,1511,72.40182648401826
Garlic Thyme Baked Crackers,75,36,39,48.0
Soft And Strong Double Roll Bath Tissue,369,244,125,66.12466124661248
Brownies Ala Mode Ice Cream,217,104,113,47.926267281105986
Unsalted Sweet Cream Butter,840,392,448,46.666666666666664
Gluten Free Chicken Pot Pie,362,117,245,32.32044198895028
Alka-Seltzer Plus Severe Sinus Day & Night Liquid,21,1,20,4.761904761904762
Moroccan Chickpea & Carrot Soup,45,12,33,26.666666666666668
Light Miracle Whip Dressing,91,23,68,25.274725274725274
Smoothies Extra Strength 750 Assorted Fruit Chewable Tablets Antacid,20,0,20,0.0
Organic Cauliflower,12492,6263,6229,50.136087095741274
SauceSations Chicken & Turkey Dinner in Cheesy Sauce Cat Food,10,2,8,20.0
Windy City Crunch Salad,247,133,114,53.84615384615385
Triple Action Cleaning Contact Travel,38,15,23,39.473684210526315
Sliced Pepperoni,981,355,626,36.18756371049949
Classic Crunchy Fish Sticks,226,95,131,42.0353982300885
Double Chocolate Mini Cakes,5,1,4,20.0
Organic Blonde Coconut Nectar,30,3,27,10.0
Organic Cinnamon Graham Crackers,2300,943,1357,41.0
Organic Frozen Algae,77,43,34,55.84415584415584
Organic Greek Lowfat Yogurt With Blueberries,4776,3113,1663,65.18006700167504
Organic French Fingerling Potato,445,70,375,15.730337078651685
Granite Cleaner And Polish,52,15,37,28.846153846153843
Mild Super BBQ Sauce,93,41,52,44.086021505376344
"Seasoning, without Annatto, Econo Pak",6,0,6,0.0
Extra Crispy Easy Fries Golden Crinkles,215,115,100,53.48837209302325
Expectorant and Cough Suppresant,60,5,55,8.333333333333332
Pizza for One Original 4 Cheese Frozen Pizza,354,229,125,64.68926553672316
Destinations Invisible Solid Paris Romantic Rose Deodorant & Body Spray,16,5,11,31.25
Gluten Free Pantry Muffin Mix,8,1,7,12.5
"Soap, Triple Milled, Dead Sea Salt",71,23,48,32.3943661971831
Indian Mattar Paneer,1389,762,627,54.85961123110151
Dark Chocolate With Mint Bar,8,3,5,37.5
Just Green Unsweetened Tea,3633,2732,901,75.19955959262317
Fior Di Latte Mozzarella,786,379,407,48.218829516539444
Artisan Thin Pizza Crust Rustic White Flatbread,4,1,3,25.0
Sweet Teriyaki Chicken Oven Sauce,23,7,16,30.434782608695656
Anchovies In Olive Oil,56,14,42,25.0
Temptations Turkey Flavor Treats,63,49,14,77.77777777777779
Organic Chia Seeds,657,202,455,30.74581430745814
Liquid Energy Shot,10,6,4,60.0
Bag Of Oranges,15,9,6,60.0
Plantains,324,219,105,67.5925925925926
Torta Orange,8,1,7,12.5
Original Thin Cheese Pizza,1045,648,397,62.009569377990424
Organic Rice Jasmine Long Grain,89,25,64,28.08988764044944
Mini Chocolate Cupcakes,5,0,5,0.0
Ultra Strong Cutlery Dinner Combo,13,4,9,30.76923076923077
Heroine IPA,2,0,2,0.0
Special Recipe White Bread,279,153,126,54.83870967741935
"Sausages, Little Pork",84,65,19,77.38095238095238
Flu & Sore Throat Packets Pain Reliever/Fever Reducer,70,12,58,17.142857142857142
Decorating Gel White,11,0,11,0.0
Ultra Dishwashing Liquid Original Scent 14 Oz Dish Care,26,9,17,34.61538461538461
Organic Acai Berry Juice Blend,8,2,6,25.0
Pods Botanical Rain Scent with Febreze Laundry Detergent Pacs,90,41,49,45.55555555555556
High Protein Pretzels,1450,1004,446,69.24137931034483
Trick Sparkler Candles,4,1,3,25.0
Selects Hardwood Smoked Uncured Turkey Sausage,22,10,12,45.45454545454545
Gluten Free Chocolate Chunk Cookies,2284,1110,1174,48.59894921190893
Sea Kelp Facial Toner,4,0,4,0.0
Oats Banana Maple Blended Low-Fat Greek Yogurt,217,132,85,60.82949308755761
Frozen Cut Green Beans,46,21,25,45.65217391304348
gel hand wash sea minerals,528,153,375,28.97727272727273
Organic Gala Apple,387,180,207,46.51162790697674
High Efficiency Complete Dual Formula,101,29,72,28.71287128712871
Organic Teriyaki Greens Veggie Krunch,34,17,17,50.0
Lactose-Free Vitamin D Organic Milk,112,54,58,48.214285714285715
Parsley Flakes,552,48,504,8.695652173913043
Clean Breeze High Efficiency Liquid Laundry Detergent,187,58,129,31.016042780748666
Organic Virgin Coconut Oil,1181,429,752,36.32514817950889
"Beneful Chopped Blends With Beef, Tomatoes, Carrots & Wild Rice Dog Food",22,15,7,68.18181818181817
Artisan Naan,25,6,19,24.0
AcneDote Oil Control Lotion,13,2,11,15.384615384615385
Pearl Onions,1783,451,1332,25.294447560291644
Raspberry on the Bottom Non-Fat Greek Yogurt,142,95,47,66.90140845070422
Cranberry Pomegranate Juice Cocktail,8,2,6,25.0
Oaxacan Red Chile Mole Simmer Sauce,254,103,151,40.55118110236221
Chocolate Filled Brioche,115,74,41,64.34782608695652
Hot Oats Apple Cinnamon,106,58,48,54.71698113207547
Original Organic Acai Juice,46,25,21,54.347826086956516
"Ice Cream, Black Cherry Chocolate Chip",155,76,79,49.03225806451613
Broccoli Souffle,85,20,65,23.52941176470588
Flame Roasted Red Peppers Spreadable Cheese,1,0,1,0.0
Aspirin Regimen Pain Reliever,50,5,45,10.0
Brie Pico,102,22,80,21.568627450980394
Gluten Free Everything Flatbread,126,71,55,56.34920634920635
Cookies 'n Cream Ice Cream,56,20,36,35.714285714285715
Shot Of Java Dairy Free Frozen Dessert,5,0,5,0.0
Organic Fat Free Dha Omega 3 Milk,1074,790,284,73.55679702048417
Ultra Thin Size 2 Long Super with Flexi-Wings Pads,37,14,23,37.83783783783784
Marsala,111,45,66,40.54054054054054
Gluten Free Tofu Scramble Breakfast Wrap,836,492,344,58.85167464114832
Jumbo White Onions,295,126,169,42.71186440677966
Virgin Avocado Oil,25,6,19,24.0
Choose-A-Sheet Mega Roll White Paper Towels,135,53,82,39.25925925925926
In Louisiana Hot Sauce Sardines,25,14,11,56.00000000000001
Kosher Dill Sandwich Slices,14,5,9,35.714285714285715
Honey Smoked Turkey,196,79,117,40.30612244897959
"4\"" Banana Cream Pie",14,2,12,14.285714285714285
Thin Spaghetti Pasta,3217,1344,1873,41.778054087659314
Chunky Cherry 100 Calorie Mixed Fruit,4,1,3,25.0
Futonaga Udon Noodles,15,2,13,13.333333333333334
Velvet Shredded Cheddar,27,12,15,44.44444444444444
Sonoma Chardonnay,45,25,20,55.55555555555556
Cream of Buckwheat Cereal,262,95,167,36.25954198473282
Tostitos  Scoops,2006,888,1118,44.26719840478564
"Cheese, Sausage & Pepperoni Mini Bagels",67,21,46,31.343283582089555
Applesauce Cinnamon Jar,25,19,6,76.0
Thirst Quencher Powder Lemon Lime,26,9,17,34.61538461538461
Red Taco Sauce,4,0,4,0.0
Fruit Adventure Mints,28,11,17,39.285714285714285
Mini Falafel With Tahini Sauce,663,397,266,59.879336349924586
Naturally Alkaline Spring Water,1142,789,353,69.0893169877408
Green Tomato Tomatillo,9,1,8,11.11111111111111
Taters Shredded Potatoes,39,9,30,23.076923076923077
Rooibos Chai Caffeine Free Herbal Tea,12,6,6,50.0
Rush Sports Drink,11,4,7,36.36363636363637
Ultimate CoQ10 Restoring Skin Therapy Lotion,4,0,4,0.0
Purple Carrot & blueberry Puffs,1225,498,727,40.6530612244898
Organic Peachy Green Tea,545,209,336,38.34862385321101
Protein Bar Maple Sea Salt,609,260,349,42.69293924466338
Clear Tone Pink Rosa Antiperspirant Deodorant,31,6,25,19.35483870967742
Buttermilk Mini Pancakes,343,189,154,55.10204081632652
Asian Yogurt Green Tea Honey,112,79,33,70.53571428571429
"Yogurt, Nonfat Russian",23,17,6,73.91304347826086
"\""Mokaccino\"" Milk + Blue Bottle Coffee Chocolate",367,239,128,65.12261580381471
Moringa Superfood Dark Chocolate,8,1,7,12.5
Onion Flavored Rings,320,148,172,46.25
Original Submarine Dressing,6,1,5,16.666666666666664
Papaya Moisturizing Lotion,7,1,6,14.285714285714285
Mini Corn Dogs,711,288,423,40.50632911392405
Cherry Chocolate,347,262,85,75.50432276657061
Park Hoppy Wheat Beer,40,17,23,42.5
"Soda, Vanilla Bean",6,1,5,16.666666666666664
Oven Baked Original Potato Crisps,102,33,69,32.35294117647059
Salame Sampler,39,17,22,43.58974358974359
Beef Eye Of Round Steak,122,26,96,21.311475409836063
"Flavored Vodka, Peach",71,59,12,83.09859154929578
Tabuleh,114,50,64,43.859649122807014
US Weekly,67,47,20,70.1492537313433
FreezerWare Small Containers & Lids,8,0,8,0.0
Antioxidant Super Tea Pomegranate Honey Green Tea,34,22,12,64.70588235294117
Belgium Milk Chocolate Crispy Crepes,152,96,56,63.1578947368421
Chili Lime Hot Sauce,131,33,98,25.190839694656486
Double Rolls Unscented Bath Tissue,278,122,156,43.884892086330936
Flax Plus Vanilla Almond Granola,25,11,14,44.0
Fresh Pomegranate Hibiscus Ginger Ale,30,11,19,36.666666666666664
Sensitive Systems Formula Adult Dog Food,24,13,11,54.166666666666664
Men's Refresh Dandruff Shampoo,32,11,21,34.375
Fresh Garden Mint Sauce,9,3,6,33.33333333333333
Zero Calorie Fruitwater Fizzy Lemonade,10,3,7,30.0
Sushi Rice,69,16,53,23.18840579710145
Unsweetened Honeydew Essence Water,733,504,229,68.75852660300137
Pastel Baking Cups,20,1,19,5.0
Spearmint + Lemongrass Hand Soap,649,214,435,32.973805855161785
"Food for Cats, Chicken & Herring Formula",497,354,143,71.22736418511066
Special K Chocolatey Delight Pastry Crisps,64,31,33,48.4375
Chillable Red House Wine,41,25,16,60.97560975609756
Oxi  Cleanser,51,8,43,15.686274509803921
Special K Heavenly Caramel Brownies,29,22,7,75.86206896551724
Sesame Ginger Low Fat Dressing,190,58,132,30.526315789473685
Stainless Steel Grater,10,0,10,0.0
Jalapeno Potato Crisps,79,29,50,36.708860759493675
"Burrito, Pinto Bean Rice & Cheese",9,3,6,33.33333333333333
Deep Clean Cream Cleanser,129,55,74,42.63565891472868
Gluten Free Dream Cookies Chocolate Vanilla Creme,1193,677,516,56.747694886839895
White Hot® Safety Spoons,15,1,14,6.666666666666667
Tam Tams Everything Snack Crackers,7,2,5,28.57142857142857
100% Natural Sponge Cloths,199,39,160,19.597989949748744
Every Day Original Fully Cooked Turkey Bacon,35,19,16,54.285714285714285
Sugar Cookie with Sea Salted Caramel  Ice Cream Sandwiches,67,13,54,19.402985074626866
Fresh Cilantro Jalapeno Hummus Dip,48,24,24,50.0
Stewed Mexican Recipe Sliced Tomatoes,89,30,59,33.70786516853933
California Veggie Burgers - 4 CT,4647,2279,2368,49.042392941682806
Organic Peppermint,21,3,18,14.285714285714285
Heart Health Nonfat Blackberry BioKefir,159,116,43,72.95597484276729
North Pole Gingerbread House Kit,9,0,9,0.0
Roman Raspberry Sorbetto,3016,1246,1770,41.312997347480106
Cherry Pomegranate Drink Mix,89,46,43,51.68539325842697
Lactose Free Whole Milk,57,43,14,75.43859649122807
Soft Taco Size Flour Tortillas 10 Count,897,516,381,57.52508361204013
Pop-Tarts Frosted Chocolate Fudge Toaster Pastries,162,61,101,37.65432098765432
Coverstick,5,2,3,40.0
Newman O's Creme Filled Chocolate Cookies,3933,2494,1439,63.412153572336635
Swiss Thick Slices Cheese,369,192,177,52.03252032520326
"Toothpaste, Ayurvedic Herbal, Licorice",21,6,15,28.57142857142857
Organic Blueberry Agave Pancake Syrup,11,4,7,36.36363636363637
Miss Treated Conditioner,1,0,1,0.0
"Simply Clean & Fresh HE Liquid Laundry Detergent, Refreshing Breeze Scent, 89 Loads",74,22,52,29.72972972972973
Original Salted Caramel Protein Energy Bar,1,0,1,0.0
70% Dark Chocolate for Baking,40,5,35,12.5
Pork Baby Back Ribs,79,21,58,26.582278481012654
Pop-Tarts Frosted Raspberry Toaster Pastries,92,29,63,31.521739130434785
Foot Balm,4,0,4,0.0
Purina Beyond Natural Dog Food Grain Free Tuna & Egg Recipe,11,4,7,36.36363636363637
Muddy Buddies Snack Mix Brownie Supreme,14,5,9,35.714285714285715
Organics White Corn Tortilla Chips,53,19,34,35.84905660377358
GoGurt Burstin' Melon Berry and Cool Cotton Candy Variety Pack Portable Low Fat Yogurt,114,65,49,57.01754385964912
Original Roasted & Salted Sunflower Seeds,108,39,69,36.11111111111111
Yellow Cling Peach Chunks,12,4,8,33.33333333333333
Smart Straw Lubricant,24,3,21,12.5
Unbleached 100% Recycled Bath Tissue (Double Rolls),180,102,78,56.666666666666664
Cinnamon Raisin Sandwich Bread,1005,554,451,55.124378109452735
Kellogg's Special K Strawberry Fruit Crisps 100 Calorie,560,305,255,54.46428571428571
Lower Fat Chicken Hardwood Smoked Sausage,18,8,10,44.44444444444444
Devil's Food Creme Cakes,42,19,23,45.23809523809524
Breakfast Blend Handcrafted Coffee,4,0,4,0.0
Roasted Peppers,34,7,27,20.588235294117645
Special K  Chocolate Cherry Nut Protein Snack Bars,5,1,4,20.0
Multi-Surface Sunflower Scent Everyday Cleaner,1,0,1,0.0
Organic Vietnamese 5% Oil Ground Cinnamon,15,2,13,13.333333333333334
Liquid White Eggs,155,79,76,50.967741935483865
Imported Liquor,26,8,18,30.76923076923077
Peaches in Strawberry Gel,158,84,74,53.16455696202531
Medium Organic Salsa,93,52,41,55.91397849462365
"Oikos Yogurt Drink, Berry",9,1,8,11.11111111111111
Cooked Ham,118,69,49,58.47457627118644
Di Giorno Half & Half Pizza Cheese And Pepperoni,44,17,27,38.63636363636363
Cacao Mint Protein Bomb Energy Ball,9,6,3,66.66666666666666
Summer Flowers Honey,30,7,23,23.333333333333332
Bordeaux,8,3,5,37.5
Greek Whips 2% Vanilla Cream,11,3,8,27.27272727272727
Hand Wash Lavander Flower & Mint,383,78,305,20.365535248041773
Indulgent Mint & Dark Chocolate Greek Yogurt,46,23,23,50.0
Blackberry Pomegranate Juice Squeeze,28,14,14,50.0
Go Mango! Organic Dried Mango Slices,1009,769,240,76.21407333994054
Organic Creamy Sweet Potato Soup,13,0,13,0.0
Star Wars Macaroni and Cheese,65,23,42,35.38461538461539
Click Super Unscented Tampons,111,24,87,21.62162162162162
Activia Prune Lowfat Yogurt,68,48,20,70.58823529411765
Fruit And Nut Medley Trail Mix,70,36,34,51.42857142857142
"Snacks Peas Please White Cheddar, Baked Organic Crunchy Pea Snack",44,4,40,9.090909090909092
"Organic Toddler Formula, Milk Drink Powder, Vanilla, For Toddlers 1 Year & Up",73,46,27,63.013698630136986
Goat Cheese Tomato Basil,61,16,45,26.229508196721312
Baby Nasal Relief Simply Saline Nasal Mist,14,1,13,7.142857142857142
"Stage 2 Veggies On-The-Go Sqaush, Apple & Strawberry Puree",4,0,4,0.0
Deluxe Whole Lightly Salted Cashews,365,194,171,53.15068493150685
Fruit Chews Sweets + Sours,45,24,21,53.333333333333336
Beef & Cheese Mini Tacos,249,126,123,50.602409638554214
Sweet'n Hot Honey Mustard,3,0,3,0.0
Organic Nuts & Coconut Milks Blend,30,18,12,60.0
Brewmaster's Seasonal Sampler,677,326,351,48.15361890694239
Living Potted Rosemary,54,11,43,20.37037037037037
Cantina Chipotle Salsa,69,14,55,20.28985507246377
Super Cleanse Tablets,16,2,14,12.5
Gluten Free 4 Cheese Medley Pizza,72,39,33,54.166666666666664
Sea Salt Made With Organic Grain Rice Chips,4655,3335,1320,71.64339419978518
Select 2% Reduced Fat Milk,102,33,69,32.35294117647059
Plenti Greek Apple Cinnamon Oatmeal with Yogurt,10,2,8,20.0
On the Go Lemon Iced Tea Drink Mix,107,45,62,42.05607476635514
Reese Puffs Peanut Butter Cereal,765,376,389,49.15032679738562
Air Effects Gain Original Scent,96,29,67,30.208333333333332
Flip Chocolate Haze Craze Low-Fat Greek Yogurt,1318,824,494,62.51896813353566
Go Big Strawberry/Mixed Berry Low Fat Yogurt,12,4,8,33.33333333333333
Organic Bagged Mini Dark Peanut Butter,4618,3120,1498,67.56171502815072
"Yogurt, Organic, Lowfat, Strawberry",893,603,290,67.52519596864501
Gluten Free Covered Pretzels Yogurt,3104,2066,1038,66.55927835051546
Peanut Butter Protein Replenishment Macrobar,1550,1115,435,71.93548387096774
Classics Prince Of Wales Tea,13,8,5,61.53846153846154
Crunchy English Toffee with Almonds in Dark Chocolate Bar,38,21,17,55.26315789473685
DreamSticks® Vegetable and Chicken,12,4,8,33.33333333333333
Grabbers Banana Pear & Zucchini Fruit and Vegetable Squeezers,63,32,31,50.79365079365079
Tomato Medley,2241,1438,803,64.16778224007139
Classic Soft Pretzels,116,44,72,37.93103448275862
Powder Anti-Perspirant Deodorant,41,6,35,14.634146341463413
Calorie Smart Balanced Nutritional Drink Rich Chocolate,12,6,6,50.0
Maximum Strength Extended-Release Bi-Layer Tablets Expectorant & Nasal Decongestant,5,1,4,20.0
Nutritional Strawberry Shake,49,38,11,77.55102040816327
Black Earl Grey Tea K-cups,47,24,23,51.06382978723404
"12\"" Cast Iron Skillet",11,0,11,0.0
Sweet Drops Sweetener Vanilla Creme,115,52,63,45.21739130434783
Sugarfree Power Peppermints,30,21,9,70.0
Honey Roast Turkey Breast,75,43,32,57.333333333333336
Candy Coated Milk Chocolates,392,216,176,55.10204081632652
Shredded Swiss Cheese,122,32,90,26.229508196721312
Gaba Calm Sublingual Orange Flavored Lozenges,14,3,11,21.428571428571427
Calendula Long Lasting Deodorant,46,13,33,28.26086956521739
Lowfat Chocolate Milk,168,130,38,77.38095238095238
Cranberry Lemon Lime Soda,44,15,29,34.090909090909086
20 Watt Energy Smart Soft White Light Bulb,5,0,5,0.0
100% Whole Grain 3 Seed Bread,67,50,17,74.6268656716418
Brownie Mix,122,34,88,27.86885245901639
Hemp Seed Oil,16,2,14,12.5
Sweet & Zesty BBQ Sauce,24,7,17,29.166666666666668
Berry Sparkling Water,125,53,72,42.4
T/Gel Original Formula Therapeutic Shampoo,17,3,14,17.647058823529413
Anti-Gas Tablets,39,11,28,28.205128205128204
Vanilla With Caramel Low Fat Ice Cream Cone,645,428,217,66.35658914728683
Waffeletten Dark Fine European Biscuits,2,0,2,0.0
Breakfast Blend Ground Coffee,75,36,39,48.0
Petit Creme Brie,8,1,7,12.5
Ultraclean Cool Mint Mouthwash,9,1,8,11.11111111111111
Signature Classics Fettuccini Alfredo,373,246,127,65.95174262734585
Toll House Double Chocolate Chip Frozen Cookie Dough,79,23,56,29.11392405063291
Pepperoni Chub,27,2,25,7.4074074074074066
Goldfish Mix Honey Mustard + Pretzel Baked Snack Crackers,6,1,5,16.666666666666664
Colby Cheese Block,52,25,27,48.07692307692308
Classic Hot Dog Buns,882,360,522,40.816326530612244
Doubleshot Mocha Fortified Energy Coffee Drink,169,108,61,63.905325443786985
Apple Kiwi Strawberry Bottled Juice Cocktail,15,9,6,60.0
Golden Butter Crackers,114,63,51,55.26315789473685
Cereal with Real Strawberries,379,194,185,51.187335092348285
Dark Chocolate Ice Cream,252,122,130,48.41269841269841
Original Raincoast Oat Crisp,81,28,53,34.5679012345679
Pear Kiwi & Kale Baby Food,1764,1040,724,58.95691609977324
Star Anise,54,7,47,12.962962962962962
Organic Sliced Mild Cheddar,203,136,67,66.99507389162561
Original Lip Therapy,24,6,18,25.0
Grass Fed Beef Tallow,77,9,68,11.688311688311687
Shredded Medium Cheddar Cheese,705,366,339,51.91489361702127
Milk Chocolate English Toffee Bars Snack Size,5,0,5,0.0
Organic Uncured Chicken Franks,92,44,48,47.82608695652174
Uzuri African Blend Deep Roast Coffee,3,0,3,0.0
Whole Organic Omega 3 Milk,9108,7835,1273,86.02327624066754
Rough Cut Sugar Cubes Demerara,16,5,11,31.25
Lavender-Lime Bathroom Cleaner,149,34,115,22.818791946308725
Pure Almond Extract All Natural No Corn Syrup Added,6,0,6,0.0
Fruit Pie Apple,63,31,32,49.2063492063492
Amaretto Almond Crunch Ice Cream,2,0,2,0.0
Meatless Lentil Sage Meatloaf,33,14,19,42.42424242424242
Extra Beer Bottles,1043,494,549,47.3633748801534
Mild Flavor Celery Hearts,84,17,67,20.238095238095237
Stewed Original Recipe Sliced Tomatoes,27,12,15,44.44444444444444
Organic Pummelo,5,0,5,0.0
Organic Raw Clover Blossom Honey,40,12,28,30.0
Lavender Broad Spectrum Spf 30  Sunscreen Cream,7,0,7,0.0
Decors Rainbow Edible Decoration,75,2,73,2.666666666666667
"Chef's Cut, Tomatoes with Basil Leaf",5,0,5,0.0
Garlic Spread,33,4,29,12.121212121212121
Spinach & Artichoke Spreadable Cheese,62,22,40,35.483870967741936
Organic Plain Cream Top Yogurt,158,106,52,67.08860759493672
Lean Beef Flavor Dog Snacks,96,66,30,68.75
Dark 83% Pure Dark Chocolate Bite,95,73,22,76.84210526315789
"1-to-1 Baking Flour, Gluten/Wheat/Dairy Free",197,66,131,33.50253807106599
Organic Caramel Toffee Crunch Ice Cream,316,119,197,37.65822784810127
Energy Drink Ultra Citron,10,4,6,40.0
Signature Chicken & Monterey Jack Cheese Chimichangas,81,38,43,46.913580246913575
Medium Enchilada Sauce,237,50,187,21.09704641350211
Beef Bratwurst,168,75,93,44.642857142857146
Seasoning Sauce,20,3,17,15.0
Original Coffee Creamer,1811,1202,609,66.37217007178354
Organic Prunes Baby Food,9,1,8,11.11111111111111
Kickstart Energizing Limeade,45,26,19,57.77777777777777
Waterfall Scent Glass + Surface Cleaner,53,13,40,24.528301886792452
Organic Low Sodium Chicken Broth,17716,8477,9239,47.84940167080605
Sprouted Wheat Flour,18,0,18,0.0
Classic Round Crackers,3890,2432,1458,62.51928020565553
"Microwave Ready  Bacon, Lower Sodium",50,24,26,48.0
Gourmet Beef Flavored Broth,22,8,14,36.36363636363637
Almond-Aloe Moisturizer SPF 15,23,2,21,8.695652173913043
The Tonight Dough™ Ice Cream,2973,1353,1620,45.50958627648839
Wasabi Green Peas,211,96,115,45.497630331753555
Medium Buffalo Wing Sauce,516,118,398,22.868217054263564
Organic Plain Nonfat Greek Yogurt,1716,1128,588,65.73426573426573
Canola & Olive Blend,2,0,2,0.0
No Scratch Sponge Scrubber,22,10,12,45.45454545454545
Grapefruit Rejuvenating Body Wash,3,0,3,0.0
Cheese Filled Blintzes Crepes,259,144,115,55.5984555984556
Clean Antiperspirant and Deodorant,87,24,63,27.586206896551722
Organic Tropical Mango Juice,20,7,13,35.0
"Organic Pink Lady Apples, Bag",50,14,36,28.000000000000004
Mighty Bagels,176,98,78,55.68181818181818
Assorted Ink Chisel Tip Dry Erase Markers,11,2,9,18.181818181818183
Barbecue Chicken Breast Slices,428,176,252,41.1214953271028
Matilda Belgian Pale Ale,8,3,5,37.5
Marvel Ultimate Spider-Man Fruit Flavored Snacks,12,4,8,33.33333333333333
Healing + Vitamin E Conditioner,5,0,5,0.0
Medium Eggs,17,8,9,47.05882352941176
Cheddar Cheese Finely Shredded,19,8,11,42.10526315789473
Omega 3 Gummy Worms Strawberry,132,77,55,58.333333333333336
Yakisoba Spicy Teriyaki Beef Flavor Noodles,9,6,3,66.66666666666666
Blueberry Yogurt Protein Drink,269,174,95,64.68401486988847
Oolong Tea,73,25,48,34.24657534246575
Cactus Water With Cucumber and Green Tea,23,10,13,43.47826086956522
Glued Styling Spiking Glue,11,2,9,18.181818181818183
Clean Up Cleaner with Bleach Fresh Scent,1774,519,1255,29.255918827508452
Simply Peanut Butter Cookie Dough,5,0,5,0.0
Cosmic Brownies with Chocolate Chip Candy,44,21,23,47.72727272727273
Honey Mango Bath & Shower Gel,162,66,96,40.74074074074074
Organic Greek Plain Nonfat Yogurt,6812,4668,2144,68.52613035819142
Bar Venison,266,160,106,60.150375939849624
Natures's Dairy-Free Creamer French Vanilla Unsweetened,148,53,95,35.810810810810814
Strike On Box Matches,186,22,164,11.827956989247312
Natural Finely Shredded Mexican Style Cheddar Jack Cheese,236,87,149,36.86440677966102
Dark Chocolate Calcium Supplement,379,226,153,59.63060686015831
Russet Potato Bag,84,18,66,21.428571428571427
Sausage Breakfast Sandwiches with Egg & Cheese,164,64,100,39.02439024390244
Dark Sweet Cherries,3738,2086,1652,55.80524344569289
Sliced White Potatoes,25,10,15,40.0
"Super Morning Organic Apples, Cinnamon, Yogurt & Oats + Super Chia Snack",495,282,213,56.96969696969697
Prunes,564,251,313,44.50354609929078
Cavatappi No. 87 Macaroni,2079,985,1094,47.37854737854738
"Prime Energy Chews, Fruit Punch",113,71,42,62.83185840707964
Farmhouse Waffle & Pancake Mix,531,206,325,38.79472693032015
Tea Tree Therapy Cleansing Bar Soap,27,10,17,37.03703703703704
Premium Starch With Fibrenhancer,77,24,53,31.16883116883117
Sensitive For Men Razors,57,14,43,24.561403508771928
Pizzeria Style Classic Crust Pepperoni Pizza,1448,918,530,63.39779005524861
2-Ply Bath Tissue,80,39,41,48.75
Pure Vanilla,97,20,77,20.618556701030926
Hazelnut Chocolate Non-Dairy Beverage,66,41,25,62.121212121212125
Unstopables Fresh In-Wash Scent Booster Fabric Enhancer,98,45,53,45.91836734693878
Ultra Rapid Action Daily Face Wash Acne Medication,71,19,52,26.76056338028169
Goats Milk Feta,594,241,353,40.572390572390574
Chips Deluxe Soft 'n Chewy Cookies,6,1,5,16.666666666666664
Smart Start Original Antioxidants Cereal,1091,713,378,65.35288725939506
Easy Find Lids - 2 Cups,8,1,7,12.5
Beef Broth 99% Fat Free,19,6,13,31.57894736842105
Organic Strawberry Lemonade Fruit Juice Drink,1181,681,500,57.66299745977985
Brown Rice Risotto with Carrots Peas Onion & Kale in Parmesan Asiago Sauce Steamers,28,5,23,17.857142857142858
Green Peppercorns in Brine,15,1,14,6.666666666666667
Go Bar Chocolate Brownie,5,1,4,20.0
Trilogy Kombucha Drink,16791,13135,3656,78.22643082603776
Blue Tilapia Fillets,510,192,318,37.64705882352941
Cough Vicks NyQuil Cough Nighttime Relief Cherry Flavor Liquid 8 fl oz  Respiratory Care,9,0,9,0.0
Caramel Bits,87,14,73,16.091954022988507
Butter Cooking Spray,657,224,433,34.09436834094368
Kosher Salt,2541,530,2011,20.85792994883904
Chicago Steak Seasoning,7,1,6,14.285714285714285
Sweet Potato Fries,31,10,21,32.25806451612903
Cold Brew Coffee Original Kona Blend,11,5,6,45.45454545454545
Pancake Puffs Banana - 36 PC,84,58,26,69.04761904761905
Pad Thai,5321,2710,2611,50.93027626386017
Organic Red Tart Cherry 100% Juice,12,1,11,8.333333333333332
Organic Apple Sauce,2190,1045,1145,47.71689497716895
Organic French-Style Meyer Lemon Yogurt,729,388,341,53.223593964334704
Thin to Thick Extra Volume Shampoo,46,13,33,28.26086956521739
Extra Thin The Pounder Pretzels,57,31,26,54.385964912280706
G Series Blueberry Pomegranate,810,421,389,51.9753086419753
Chlorine Free Fragrance Free Wipes,323,184,139,56.965944272445824
Manchurian Dumplings with Basmati Rice,61,11,50,18.0327868852459
"Paper Towels Choose-A-Sheet, Mega Rolls, One-Ply",3683,1729,1954,46.94542492533261
Flower Bath Sponge,40,12,28,30.0
18 Month Limited Extra Sharp White Cheddar Cheese,271,144,127,53.13653136531366
Earth Sweet Chewable Vitamin D3 2000 Iu Natural Raspberry,12,0,12,0.0
Red Bell Pepper Ancho Chili Jam,13,0,13,0.0
Rose Geranium Soap,7,2,5,28.57142857142857
Mango Rosewater Lassi Yogurt Drink,142,89,53,62.676056338028175
Glass Bottle With Mist Sprayer,37,5,32,13.513513513513514
Apple & Grape Puree,372,225,147,60.483870967741936
Vanilla Milk Chocolate Almond Ice Cream Bar,6,0,6,0.0
Pelmeni Farmers Cheese,15,2,13,13.333333333333334
Organic Beef Hot Dogs,17140,10357,6783,60.425904317386234
Mini Cans,50,12,38,24.0
Blueberry B Fruit Smoothie,914,579,335,63.34792122538293
Cranberry Pomegranate Sparkling Yerba Mate,1153,905,248,78.49089332176929
Tea Tree With Baking Soda & Lichen Clear Enzyme Deodorant Stick,18,4,14,22.22222222222222
Aged Balsamic Vinegar,1124,350,774,31.13879003558719
Ketchup,421,177,244,42.042755344418055
Lite Polska Kielbasa,74,24,50,32.432432432432435
Organic Whole Greek Olive Mix,12,2,10,16.666666666666664
Complete Multi-Vitamin Gummy Bears Dietary Supplement,72,20,52,27.77777777777778
Creamy Havarti,115,57,58,49.56521739130435
Original Dairy Whipped Topping,12,4,8,33.33333333333333
Dark Chocolate Nuts & Sea Salt Bars,4370,2800,1570,64.07322654462243
Grated Parmesan Cheese,7696,3204,4492,41.63201663201663
Organic Hot Italian Chicken Sausage,412,165,247,40.04854368932039
Refried Beans with Chorizo,32,6,26,18.75
Passion Fruit Mango Juice Squeeze,42,20,22,47.61904761904761
Irish Breakfast,467,199,268,42.61241970021413
Original Clean Anti-Perspirant Deodorant,27,2,25,7.4074074074074066
Limited Edition Fresh Strawberries,37,16,21,43.24324324324324
Cream Ranch Dressing and Dip,11,4,7,36.36363636363637
Whole Wheat,14,6,8,42.857142857142854
Vegan Parmesan,26,4,22,15.384615384615385
Whole Grain Brown Rice,1744,783,961,44.896788990825684
Gain Original Tall Ktchen Bags,174,42,132,24.137931034482758
Rice Krispie Treat With M&M Mins,17,7,10,41.17647058823529
Rich & Creamy Grand Ice Cream Cookies & Cream,211,60,151,28.436018957345972
Raw Protein Chocolate Cacao,131,57,74,43.51145038167939
Fat Free Italian Dressing,21,3,18,14.285714285714285
High Heat Cooking Grapeseed Oil,406,154,252,37.93103448275862
Honey Bunches of Oats Cereal With Real Apples & Cinnamon Bunches,41,13,28,31.70731707317073
Onion Powder,3047,297,2750,9.747292418772563
Oxygen Moisture Shampoo,25,1,24,4.0
Butterfinger Minis,74,33,41,44.5945945945946
Cody Claw Clips - 6 CT,3,0,3,0.0
Smoked Salmon Cream Cheese Spread,542,296,246,54.61254612546126
Steak & Roasted Potato Dinner,183,95,88,51.91256830601093
Organic Rye Flour,55,16,39,29.09090909090909
Lite Italian Dressing,499,150,349,30.060120240480963
Rotolini Mozzarella And Prosciutto,8,0,8,0.0
Chicken Sausage Pizza,276,151,125,54.710144927536234
Antioxidant Infusions Molokai Coconut,812,503,309,61.94581280788177
Greek Yogurt,37,18,19,48.64864864864865
Oil Free Acne Stress Control Power Clear Scrub,43,10,33,23.25581395348837
Bio True Multi-Purpose Solution,66,25,41,37.878787878787875
Gluten Free Shredded Beef Burrito,20,7,13,35.0
Gluten Free Cheddar Macaroni & Cheese Rice Pasta,3410,2004,1406,58.7683284457478
2nd Foods Organic Banana Blueberry & Blackberry Oatmeal Pouches,99,74,25,74.74747474747475
Americone Dream® Ice Cream,6155,3020,3135,49.065800162469536
Organic Turkish Apricots,780,390,390,50.0
Heavy Duty Scrub Sponge,1002,182,820,18.163672654690618
Organic Mango Chunks In Mango Juice,5,0,5,0.0
Cheddar Snack Mix,315,133,182,42.22222222222222
Organic Chickpeas (Garbanzos),63,8,55,12.698412698412698
Diet Cranberry Fruit Juice,1181,823,358,69.68670618120237
Dark Chocolate Goji & Raspberry Flavors,236,118,118,50.0
Kilo Antiperspirant Stick,10,3,7,30.0
Enfagrow Older Toddler Vanilla Milk Drink Powder,17,9,8,52.94117647058824
Blackout Berry,32,23,9,71.875
Butter Snap Pretzels,718,371,347,51.67130919220055
Blueberry Pecan Mix Granola,346,235,111,67.91907514450867
Caesar Dressing,655,220,435,33.587786259541986
Organic Rice Vegetable Twists Pasta,7,3,4,42.857142857142854
SpongeBob SquarePants Mouthwash,72,20,52,27.77777777777778
Ultra Strong Hold Full Control Non-Aerosol Hairspray,3,0,3,0.0
One Ply Choose A Size Big Roll Paper Towel Rolls,1984,931,1053,46.92540322580645
Super Bifido Plus Probiotic Capsules,49,20,29,40.816326530612244
Brillat Savarin,277,164,113,59.205776173285194
60% Dark Chocolate Drenched Bing Cherries,18,10,8,55.55555555555556
"Hard Candies, Organic, Honey Lemon",40,17,23,42.5
Aloe Vera Gel,52,8,44,15.384615384615385
Orange Medium Cut Marmalade,32,13,19,40.625
Original Muesli Toasted Oats,4,1,3,25.0
Turkey Breast Organic Antibiotic-Free,6,2,4,33.33333333333333
White Flesh Nectarines,112,39,73,34.82142857142857
Stone & Tile Floor Cleaner,6,1,5,16.666666666666664
Hard Candy Original Flavors,159,63,96,39.62264150943396
White Coffee Filters,77,22,55,28.57142857142857
Chlorofresh Liquid Chlorophyll,53,11,42,20.754716981132077
Chipotle Black Bean Crumbles,28,9,19,32.142857142857146
Entertaining  Premium Strength Full Size Dinnerware,15,0,15,0.0
Solid White Albacore in Vegetable Oil Tuna,23,9,14,39.130434782608695
"Veggie & Fruit Pops, Meteorite Mango",103,23,80,22.330097087378643
Chocolate Peanut Butter Cup Snack Bar,45,15,30,33.33333333333333
Concord Grape Jam,288,79,209,27.430555555555557
Traditional Chicken Cheese Enchilada Flavor Soup,16,5,11,31.25
Soothing Aloe Shave Gel,42,19,23,45.23809523809524
Extra Soft One-Ply Double Roll Bathroom Tissue,18,2,16,11.11111111111111
Pineapple Soft Serve Fruit Pops,90,28,62,31.11111111111111
Banana Walnut Hemp Manna Bread,10,1,9,10.0
Harvest Snaps Wasabi Ranch,1018,560,458,55.0098231827112
Mexican Kitchen Style Tortilla Chips,162,84,78,51.85185185185185
Southwestern Style Chicken Breast Strips,33,9,24,27.27272727272727
Kosher Whole Wheat Penne Ziti Rigate Pasta,8,2,6,25.0
Opadipity Greek Yogurt Cucumber Dill Dip,31,11,20,35.483870967741936
Warriors Grounds Dark Roast Ground Coffee,10,4,6,40.0
Corn Beef Brisket,9,0,9,0.0
Max Hold Sculpting,7,1,6,14.285714285714285
"Diced Tomatoes with Oregano, Garlic & Basil",34,9,25,26.47058823529412
Graduates  Fruit Pick-Ups Yellow Cling Diced Peaches,7,1,6,14.285714285714285
Organic Kosher Dill Baby Pickles,67,28,39,41.7910447761194
After Shave Gel Sensitive Skin,18,3,15,16.666666666666664
Butterscotch Flavored Topping,34,4,30,11.76470588235294
Finely Shredded Marble Jack Cheese,9,3,6,33.33333333333333
Coconut Milk Simply Strawberry Dairy Free Frozen Dessert,101,27,74,26.732673267326735
Seltzer Original,31,20,11,64.51612903225806
Gold Bears Gummi Candy,743,340,403,45.76043068640646
St. Louis Style Pork Ribs,8,2,6,25.0
Chicharrones Fried Pork Rinds,1586,1180,406,74.40100882723833
Unbleached White All-Purpose Organic Flour,34,18,16,52.94117647058824
Organic Blueberry Preserves,39,18,21,46.15384615384615
"Protein Bar, Caramel Pretzel",82,50,32,60.97560975609756
Complete Health Chicken Dog Food,31,13,18,41.935483870967744
Children's Orange-Flavored Echinacea,5,1,4,20.0
Curate Melon Pomelo Sparking Water,7050,4247,2803,60.24113475177305
Strawberry Jam,758,218,540,28.759894459102902
Quinoa Salad Tomato Pine Nut,3,0,3,0.0
Scooping/Clumping Litter Spoon,11,0,11,0.0
Light Weight Instant Action  Litter,53,29,24,54.71698113207547
Premium Gold Gefilte Fish With Carrots,21,4,17,19.047619047619047
Creamy Classic Vanilla Frosting,325,63,262,19.384615384615383
Black Bean & Corn Salsa,19,6,13,31.57894736842105
Vegetable Tray,48,24,24,50.0
Toll House Peanut Butter & Milk Chocolate Morsels,24,4,20,16.666666666666664
Picnic Potato Salad,898,349,549,38.8641425389755
"Cheese, Romano",8,0,8,0.0
Milano Raspberry Cookies,204,112,92,54.90196078431373
Cooked Bratwurst Sausage,21,9,12,42.857142857142854
Turkey Breast Thin Sliced Honey Roasted Deli Select,1107,613,494,55.37488708220416
Bread Fampak Tortilla,710,334,376,47.04225352112676
Mini Seedless Cucumbers,7559,5609,1950,74.20293689641487
Orange Drink Mix,108,41,67,37.96296296296296
Bun Size Franks made with Pork & Chicken,377,170,207,45.09283819628647
Original Beverage,131,59,72,45.038167938931295
Sunny Days Strawberry Snack Bars,2883,1885,998,65.38328130419701
Organic Red Lentil Mini Fettuccine,143,64,79,44.75524475524475
Black Cherry,495,258,237,52.121212121212125
Lemonade Pure Coconut Water,51,19,32,37.254901960784316
Boston / Butter Lettuce,1111,396,715,35.64356435643564
Ice Cream Vanilla,80,57,23,71.25
New York Style Chocolate Iced Eclairs,18,11,7,61.111111111111114
Organic Sweet Greens and Ginger Juice Blend,1567,832,735,53.095086151882576
"Fluoride Toothpaste, Orange Mango, Gel",40,13,27,32.5
World Foods Falafel Vegan,73,13,60,17.80821917808219
Vitamin Code Kids Chewable Whole Food Multivitamin For Kids Cherry Berry,32,10,22,31.25
"Kitchen Bags, Compactor, with Key-Lock Closures, 18 Gallon",19,5,14,26.31578947368421
Eat Your Vegetables Jalapeno Ranch Chips,66,41,25,62.121212121212125
Chocolate Loving Frozen Yogurt,41,27,14,65.85365853658537
Lavash Wrap,39,15,24,38.46153846153847
Fluffy White Whipped Frosting,44,5,39,11.363636363636363
Probiotic Supplement,56,20,36,35.714285714285715
Organic Master Brew Citrus Kombucha,96,70,26,72.91666666666666
Rice Krispies Treats Blasted M&M's,9,4,5,44.44444444444444
Little Movers Diapers Giant Pack - Size 3,15,8,7,53.333333333333336
Ultra Comfort Care Double Roll Toilet Paper,373,148,225,39.67828418230563
Garlic Lovers Hommus,3791,2345,1446,61.85702980743867
Stir Fry Orange Ginger Marinade Sauce,31,2,29,6.451612903225806
Vanilla Ground Coffee,42,23,19,54.761904761904766
Radicchio,95,39,56,41.05263157894737
Rich& Robust Extra Virgin Olive Oil,17,3,14,17.647058823529413
"100% Apple Juice, Original",777,419,358,53.925353925353924
Original Ranch Dips Mix,80,21,59,26.25
Super Puffs Spinach & Apple Fruit & Veggie Grain Puffs,511,219,292,42.857142857142854
Sun Protection Sun Shield Unscented SPF 28,12,0,12,0.0
"Dessert Topping, Indulgent Caramel",20,2,18,10.0
Stain Remover Refill,44,17,27,38.63636363636363
Real Bacon Pieces 50% Less Fat,55,15,40,27.27272727272727
Stix Crispy Seaweed Strips Sesame,276,145,131,52.53623188405797
"Bay Leaves, Turkish, Organic",322,26,296,8.074534161490684
Organic Lip Balm Sphere - Strawberry Sorbet,16,3,13,18.75
Ultimate Clean Burst Arm & Hammer Tall Kitchen Drawstring Bags 13 Gallon,44,4,40,9.090909090909092
Thin & Crispy Pepperoni and Peppers Pizza,133,39,94,29.32330827067669
Gluten Free Spice & Carrot Cake Mix,22,3,19,13.636363636363635
Pepproni Pockets,648,362,286,55.8641975308642
"Tea, Radiant Raspberry",528,392,136,74.24242424242425
Carrot Creme Cake,10,5,5,50.0
Maple Tree Water,5,2,3,40.0
Wagon Wheels Mac + Cheese,587,441,146,75.12776831345826
Alcohol Removed Chardonnay,6,0,6,0.0
In Olive Oil Tin Overwrap Sardines,62,22,40,35.483870967741936
"Creme Pie, Lemon Meringue",25,12,13,48.0
Rose Foaming Face Wash,23,6,17,26.08695652173913
Organic Florets Broccoli,840,508,332,60.476190476190474
Fresh Collection Fiji Antiperpirant & Deodorant,25,4,21,16.0
"Italian Formaggio Tomato, Ricotta & Parmigiano Reggiano Pasta Sauce",101,36,65,35.64356435643564
Pediatric Electrolyte Solution with Zinc Grape,5,0,5,0.0
Nacho Sliced Jalapenos,1172,368,804,31.399317406143346
Classic Mouthwash,8,1,7,12.5
Strawberry Almond Milk Non-Dairy Frozen Dessert,39,17,22,43.58974358974359
Sea Salt Almond Organic Stone Ground 80% Dark Chocolate,216,90,126,41.66666666666667
White Radiant Mint Flouride Anticavity Toothpaste,43,13,30,30.23255813953488
Duck Venison Green Bean & Wild Rice Canned Dog Food,48,31,17,64.58333333333334
"Grow & Gain Strawberry Nutrition Shake,",140,106,34,75.71428571428571
Avocado 100% Pure Moisturizing Oil,10,0,10,0.0
Roasted Seaweed Snack Coconut Oil,23,7,16,30.434782608695656
Natural Tea Tree Oil Ultra Care Mouthwash,34,10,24,29.411764705882355
Aloe & Cucumber Bar Soaps,23,5,18,21.73913043478261
Koloa Estate Medium Roast Ground Coffee,91,54,37,59.34065934065934
Dipps Dark Chocolatey Granola Bars,57,23,34,40.35087719298245
Veranda Blend Blonde Keurig Cups,1238,803,435,64.8626817447496
Dusk After Shave Balm,4,0,4,0.0
Wild Berry Preserves,10,5,5,50.0
Ultra Strong Mega Bathroom Tissue Rolls,875,470,405,53.714285714285715
Swedish Meatballs Home Style Meals,59,19,40,32.20338983050847
"Truffles, Organic, Coconut Karma",87,49,38,56.32183908045977
Organic Good to Go Lowfat Milk,18,4,14,22.22222222222222
Grilled Marinated Hearts,14,6,8,42.857142857142854
100% Pure Apple Juice,5351,3685,1666,68.86563259203888
Triple Cream Cheese,88,50,38,56.81818181818182
Natural Sour Cream,2848,1465,1383,51.43960674157303
Cool Burst Flavor Cold & Sore Throat Liquid,3,0,3,0.0
Infinity Extra Heavy Overnight,18,1,17,5.555555555555555
Battered Whole Fish Fillet,40,6,34,15.0
Creamy Peanut Butter Bars,27,20,7,74.07407407407408
L-Glutamine 1000 mg Tablets,6,2,4,33.33333333333333
Greek Yogurt Indulgent Raspberry,84,50,34,59.523809523809526
Matcha Green Tea Powder,105,16,89,15.238095238095239
Sweet Mint Fluoride Toothpaste Gel,466,132,334,28.32618025751073
Goat's Milk & Chai Body Lotion,13,3,10,23.076923076923077
Nut Peanut A`s Salted,9,2,7,22.22222222222222
Sugar Free Raspberry Low Calorie Gelatin Dessert,34,8,26,23.52941176470588
Garbanzos Chick Peas,620,217,403,35.0
Prime Filets Seafood Favorites Variety Pack Cat Food,20,7,13,35.0
Cherry Vanilla Granola,451,279,172,61.86252771618626
Pink Lemonaide Frozen Concentrate,8,3,5,37.5
"Dill Weed, 100% Organic",7,0,7,0.0
Fiber Therapy,7,3,4,42.857142857142854
Poblano Pepper & Corn Chowder,500,190,310,38.0
Complete Extra White Plus Scope Outlast Fresh Breath Whitening Toothpaste,20,3,17,15.0
Broccoli Floret,1774,1081,693,60.93573844419391
Spicy Chicken Noodle Bowl,268,158,110,58.95522388059702
Meatless Vegan Hot Dogs,203,94,109,46.30541871921182
Meatless Breakfast Patties,457,146,311,31.947483588621445
Fig Newmans Fruit Filled Cookies,5709,4052,1657,70.97565247854266
2nd Foods Organic Banana and Squash Baby Food,173,95,78,54.91329479768786
Super Pet Carpet & Room Pet Odor Eliminator,11,5,6,45.45454545454545
Beet Chips Naked,226,116,110,51.32743362831859
"Quinoa, Organic, Whole Grain",775,258,517,33.29032258064516
Mixed Beans,46,17,29,36.95652173913043
Jalapeno Babies,3,0,3,0.0
Chai Spice Black Tea Bags,397,161,236,40.55415617128463
Little Champions Variety Pack,25,18,7,72.0
7 Grain Lite Crispbread,384,215,169,55.989583333333336
Fiji 2-in-1 Shampoo and Conditioner,7,1,6,14.285714285714285
Hershey's Chocolate Creme Pie Singles,203,99,104,48.76847290640394
Joe's NY Style Cold Pressed Lemonade,86,39,47,45.348837209302324
Strong Honey Mustard Bar,69,24,45,34.78260869565217
Stuffed Clams,32,14,18,43.75
Salt and Vinegar Coconut Crisps,36,10,26,27.77777777777778
Blue Bottle Vietnamese Coffee Ice Cream,117,42,75,35.8974358974359
Egg Noodles Extra Broad,131,52,79,39.69465648854962
Tulips,314,195,119,62.101910828025474
Mara Natha Organic Peanut Butter Crunchy,456,225,231,49.34210526315789
Tahini,353,81,272,22.946175637393768
Curl Care Conditioner,22,9,13,40.909090909090914
Homestyle Thick & Hearty Traditional Pasta Sauce,13,6,7,46.15384615384615
Twirlin Swirlberry Detangling Spray,16,0,16,0.0
Natural Grape Soda,10,0,10,0.0
Chicken Pad Thai,15,4,11,26.666666666666668
Citron with Sandalwood Anti-Perspirant & Deodorant,10,2,8,20.0
Florentine Spinach & Cheese Pasta Sauce,1,0,1,0.0
Zero Calorie Free Sweetener,82,29,53,35.36585365853659
7in1 Aussie Total Miracle Collection 7N1 Dry Shampoo 4.9 fl oz Female Hair Care,3,0,3,0.0
Herb Roasted Chicken Dinner,459,269,190,58.605664488017425
Dry Roasted Goji Blend Edamame,8,2,6,25.0
Olive Oil & Green Tea Body Wash,12,3,9,25.0
Aqua Reef Deodorant,12,4,8,33.33333333333333
New Orleans Blend,65,50,15,76.92307692307693
Lidocaine Cream,24,13,11,54.166666666666664
Spray Powder for Jock Itch,13,3,10,23.076923076923077
Sake,38,17,21,44.73684210526316
Vitamin Code 50 & Wiser Women's Multivitamin,8,1,7,12.5
Heavy Duty Jumbo Litter Box Liners,233,141,92,60.51502145922747
Organic Strawberry Ice Cream,1142,452,690,39.57968476357268
Watermelon Lime Zinger,11,1,10,9.090909090909092
Whole Grain Hot Dog Buns,21,3,18,14.285714285714285
Flings Tropical Sunrise Scent 3-in-1 Laundry Detergent Pacs,30,11,19,36.666666666666664
Gojiberry Nut Bar,16,10,6,62.5
Non-Drowsy Liquid Allergies Grape,18,9,9,50.0
Washable Water Colors,17,0,17,0.0
Yellow Cake Mix,262,43,219,16.412213740458014
Cold Brew All Black Mocha Coffee,15,5,10,33.33333333333333
Classic Grilled Salmon,135,52,83,38.51851851851852
Stringles Organic Colby Jack Cheese,1106,724,382,65.46112115732369
Lowfat Plain Yogurt,69,50,19,72.46376811594203
Coconut Butter,744,203,541,27.284946236559136
"Fajita Seasoning, Organic",41,6,35,14.634146341463413
Spearmint,335,187,148,55.82089552238806
Berries Blueberries,7,3,4,42.857142857142854
Organic Summer Fruit Lip Balm Sphere,5,0,5,0.0
Organic Black Bean Beet Banana Baby Food,76,25,51,32.89473684210527
Triple Distilled Vodka,474,319,155,67.29957805907173
All Natural Turkey Burgers,84,26,58,30.952380952380953
Dried Wild Blueberries,110,48,62,43.63636363636363
Organic Protein Almond Milk Lightly Sweetened Vanilla,172,101,71,58.720930232558146
Megaflora Probiotic,49,8,41,16.3265306122449
Slim Pack White Tissues,33,12,21,36.36363636363637
Small Curd Low Fat Cottage Cheese,1340,842,498,62.83582089552239
Sea Salt And Vinegar Chips,4,1,3,25.0
100% Grated Parmesan & Romano Cheese,72,17,55,23.61111111111111
Shin Ramyun Gourmet Spicy Noodle Soup,237,147,90,62.0253164556962
"Baked Corn Creations, Salted Caramel",11,4,7,36.36363636363637
Twizted Strawberry Blasst Candy,6,1,5,16.666666666666664
Organic White Onion,121,41,80,33.88429752066116
"Crispy Fruit, Apple",733,524,209,71.48703956343793
Best Cannellini White Kidney Beans,1352,455,897,33.65384615384615
Salmon Rub,7,0,7,0.0
Medium Ripe Olives Pittes,11,1,10,9.090909090909092
Sugar Free Dressing Balsamic Vinaigrette,24,16,8,66.66666666666666
Prime Cuts Svory Beef Dog Food,4,1,3,25.0
Cheesy Burger Macaroni,14,2,12,14.285714285714285
Devils Food Cake Mix,223,47,176,21.076233183856502
Wild Rose Smoothing Day Cream,11,2,9,18.181818181818183
Organic Greek Plain Lowfat Yogurt,3545,2306,1239,65.04936530324402
"Renola Cinnamon Nut, Almonds, Sunflower Seeds and Raisins Mix",4,1,3,25.0
Gluten Free 7 Grain Bread,8564,6296,2268,73.51704810836058
Baby Corn Cut,5,0,5,0.0
Infinity Overnight Pads with Wings,135,40,95,29.629629629629626
Kosher Dill Halves Pickles,958,525,433,54.80167014613778
Yellow Zucchini Squash,2,0,2,0.0
Green Super Food Energy Watermelon,65,26,39,40.0
Premium Calcium & Vitamin D No Pulp Orange Juice,1695,1013,682,59.764011799410035
Truffle Tremor Cheese,747,306,441,40.963855421686745
Ultra Thin Pizza Crust 100% Whole Grain - 3 CT,4,0,4,0.0
Peach Mango Salsa,2317,1155,1162,49.848942598187314
"Cereal, Ancient Grain Granola + Puffs, Blueberry Hemp",67,34,33,50.74626865671642
Clean Linen Scent Splash-Less Concentrated Bleach,65,16,49,24.615384615384617
Organic French Dressing Organic,213,69,144,32.3943661971831
Reduced Fat Medium Cheddar Cheese,1096,631,465,57.57299270072993
Boneless Lamb For Stew,22,10,12,45.45454545454545
Organic Gluten Free Chai Spice Cake Baking Mix,2,0,2,0.0
Imported Petits Toasts Whole Wheat,8,2,6,25.0
Steel Cut Oats,5280,2237,3043,42.36742424242424
Ultra Healing Lotion,144,35,109,24.305555555555554
Licorice Candy,13,5,8,38.46153846153847
Naked Meat Free Chik'n Cutlets,474,257,217,54.219409282700425
Marie Clndr C/D Swd M/Ball Fet,39,17,22,43.58974358974359
Organic Black Beans Ready To Eat In Pouch,896,546,350,60.9375
Agave Sweetened Spelt Puffed Cakes,21,13,8,61.904761904761905
Beef Meatballs In Slow Cooked Italian Sauce,10,1,9,10.0
Blueberry Soda,25,7,18,28.000000000000004
Wild Collection Bearglove Body Spray,7,0,7,0.0
Pronto Linguine Pasta,19,6,13,31.57894736842105
Breakfast Honey Oat Gluten Free Non GMO 5 Super Grains Bar Packs,824,426,398,51.69902912621359
Bacon & Cheddar Cheese Mashed Potatoes,6,0,6,0.0
Nutella & Go Hazelnut Spread + Breadsticks,102,53,49,51.9607843137255
Cream of Mushroom Low Sodium R&W Condensed Soup,12,1,11,8.333333333333332
Large Rectangular Rack Roaster,16,3,13,18.75
Tough Strips Extra Large All One Size Premium,28,12,16,42.857142857142854
"Soft White Light Bulbs, 15 W",16,1,15,6.25
Margherita With Sausage Pizza,70,24,46,34.285714285714285
Organic Yogurt Melts - Strawberry Banana,47,21,26,44.680851063829785
Baby Clams,4,0,4,0.0
Japanese Style Panko Seasoned Bread Crumbs,44,19,25,43.18181818181818
"Organic Spelt Spaghetti, Made with VitaSpelt",113,55,58,48.67256637168141
8 Whole Grains Lite Frozen Waffles 6 ct,243,133,110,54.73251028806584
Wild Alaska Red Salmon,76,27,49,35.526315789473685
Lemon Drops,36,19,17,52.77777777777778
Cherry 100% Juice,25,18,7,72.0
Premium French Sparkling Pink Lemonade Soda,5,1,4,20.0
Chicken Franks,333,196,137,58.85885885885885
Dried Pears,14,2,12,14.285714285714285
Mama Zuma's Revenge Habanero Potato Chips,15,5,10,33.33333333333333
Dreamy Chocolate Candy Bar,13,7,6,53.84615384615385
Vinho Verde,211,126,85,59.71563981042654
Brioche,492,314,178,63.82113821138211
Salad Kit Strawberry Fields,25,8,17,32.0
Spicy Pickles,8,2,6,25.0
Smart Blend Chicken and Turkey Flavor Dry Cat Food,14,5,9,35.714285714285715
Low Fat Cultured Buttermilk,289,123,166,42.56055363321799
Bundle of Powerfood,98,29,69,29.591836734693878
Vicks DayQuil Cold & Flu Relief Liquid,77,15,62,19.480519480519483
Organic Whole Pineapple,313,113,200,36.102236421725244
Decorating Red Cake Icing,31,1,30,3.225806451612903
Chocolate Toasted Oats,4,1,3,25.0
Sugar Free Mints,52,31,21,59.61538461538461
Red Grape Tomato,127,48,79,37.79527559055118
Honest Sweet Orange Vanilla Detangling Conditioner,311,92,219,29.581993569131832
Vanilla Blended Non-Fat Greek Yogurt,32,14,18,43.75
Chocolate Squares Premium Assortment Gift Bag,56,40,16,71.42857142857143
12 Piece Cupcake Decorating Set,13,0,13,0.0
100% Colombia Supremo Medium,70,50,20,71.42857142857143
Organic Raw Green Coffee Powder,3,0,3,0.0
Thick & Chunky Medium Salsa,59,23,36,38.983050847457626
Strawberry Lowfat Yogurt with Kellogg's Granola,48,24,24,50.0
Shine Enhancing Shampoo Henna + Avocado,6,1,5,16.666666666666664
Crispy Onions,687,176,511,25.61863173216885
Miya's Guacamole,28,11,17,39.285714285714285
Baked Whole Grain Wheat Original Crackers Thin Crisps,799,445,354,55.694618272841055
Harvest Peach Yogurt,2969,1869,1100,62.95048837992591
Gran Aroma Medium Roast Coffee,261,186,75,71.26436781609196
Pineapple Slices in 100% Pineapple Juice,1404,456,948,32.47863247863248
Especial,412,234,178,56.79611650485437
Sunday Pot Roast Slow Cook Sauce,25,14,11,56.00000000000001
Korean Style Barbecue Bulgogl Sauce,8,0,8,0.0
Stoned Wheat Thins Crackers,685,396,289,57.81021897810219
Mudslide Ice Cream,66,30,36,45.45454545454545
Taco Spices and Seasonings,941,418,523,44.42082890541977
Classic Crust 4 Meat Pizza,54,27,27,50.0
Links Beef 10 Ct Sausage,28,12,16,42.857142857142854
Oh Snap! Gone Dilly Whole Kosher Dill Pickle 3.4oz,63,46,17,73.01587301587301
Organic Shiitake Mushroom Meatless Burger 3 Count,77,27,50,35.064935064935064
Perfect Portions Pate Salmon Entree,48,31,17,64.58333333333334
Special K Bar Dark Chocolate,9,3,6,33.33333333333333
"Sunscreen Anti-Bug Broad Spectrum SPF 34, Citronella & Cedar",3,0,3,0.0
Lunchables Chicken Dunks,94,48,46,51.06382978723404
Ear Relief Ear Drops,5,2,3,40.0
Beef Franks,6409,3198,3211,49.89858012170386
Microwavable Chicken Breast Sandwiches,162,72,90,44.44444444444444
Sour Brite Crawlers,27,10,17,37.03703703703704
Tequila,52,26,26,50.0
Reduced Fat Irish Butter,2121,1217,904,57.37859500235738
Pillsbury Funfetti Vibrant Green Vanilla Frosting,10,1,9,10.0
Organic Original Acai Berry + Guarana Smoothie Packs,2795,1522,1273,54.45438282647584
Channa Masala with Lemon Rice,44,29,15,65.9090909090909
Salt & Pepper Krinkle Chips,6438,3657,2781,56.80335507921714
Graduates Pasta Pick-ups -  Turkey & Vegetable Ravioli,225,121,104,53.77777777777778
Vermicelli Noodles,31,8,23,25.806451612903224
Mountain berry Blast Sports Drink,303,175,128,57.755775577557756
Toaster Strudel Raspberry Toaster Pastries,111,54,57,48.64864864864865
Baby Calendula Face Cream,29,3,26,10.344827586206897
Organic Whole Anise Seed,23,0,23,0.0
Cut Crystal Plastic Cups,832,293,539,35.21634615384615
Wet Skin Kids Sunscreen Spray Broad Spectrum SPF 70+,45,7,38,15.555555555555555
Multi Grain Cheerios,1105,586,519,53.0316742081448
All Whites 100% Liquid Egg Whites,2160,1263,897,58.47222222222223
"Brown Rice Pasta, Fettuccini Style, Pad Thai",486,198,288,40.74074074074074
Popcorn,6829,5003,1826,73.26109240005857
Original Sweet Chili Dipping Sauce,191,32,159,16.75392670157068
Wisconsin Sharp Cheddar,112,53,59,47.32142857142857
Lightly Salted Brown Rice Cakes,1939,1010,929,52.08870551830841
Double Chocolate Muffins,323,144,179,44.58204334365325
Tavern Ham,65,33,32,50.76923076923077
Ginger Mango Dryer Sheets,13,2,11,15.384615384615385
Cinnamon Chips Baking Pieces,8,3,5,37.5
Supergreens!,9240,5420,3820,58.658008658008654
Beyond Organic Raw Protein Formula,48,15,33,31.25
"Scent Expressions Antiperspirant Deodorant, Clear Gel, Va Va Vanilla",5,0,5,0.0
Nonpareilles Capers,97,21,76,21.649484536082475
Progesterone Cream,4,0,4,0.0
Montepulciano Riserva Red Wine,11,1,10,9.090909090909092
Mild Cheddar Semisoft Cheese,1155,676,479,58.52813852813853
Nebraska Barn Raising Split Pea Soup Mix,21,7,14,33.33333333333333
"Chopped Blends With Beef, Carrots, Peas & Barley Dog Food",86,54,32,62.7906976744186
Mexicana Salsa Ranchera,24,5,19,20.833333333333336
Fresh Spicy California Roll Special,8,1,7,12.5
Cooked Wild Rice,8,2,6,25.0
Ultra Clean Soft Toothbrush,9,1,8,11.11111111111111
Plus Blueberry Apple & Purple Carrot Organic Superfoods,902,487,415,53.991130820399114
Sweet & Sour Harvard Beets,16,8,8,50.0
Vegan Chocolate Midnight Cake,26,4,22,15.384615384615385
Quart Wide Mouth Mason Jars,71,11,60,15.492957746478872
Sensitive Skin Bar,6,1,5,16.666666666666664
Gluten Free Homestyle Hot Oatmeal,1509,875,634,57.98542080848244
Beer,5844,3915,1929,66.9917864476386
Instant Bouillon Cubes Chicken Flavor,147,24,123,16.3265306122449
Roasted Garlic and Caramelized Onions Pasta Sauce,24,8,16,33.33333333333333
Basil Dressing,14,7,7,50.0
Radiant Multi Pack Regular/Super/Super Plus Tampons,22,4,18,18.181818181818183
Mango Cream Frozen Fruit Bar,33,7,26,21.21212121212121
"Energy Drink, Ultra Sunrise",41,28,13,68.29268292682927
Organic Sliced Monterey Jack,99,47,52,47.474747474747474
Organic Brown Rice Vinegar,158,11,147,6.962025316455696
Instant Breakfast Essentials Rich Milk Chocolate Drink Packets,92,50,42,54.347826086956516
Cappuccino Espresso Coffee K Cup,7,1,6,14.285714285714285
Rich and Creamy Coffee Grand Ice Cream,68,22,46,32.35294117647059
Allergen Reducer,25,10,15,40.0
Pineapple Tidbits Covered in Dark Chocolate  Pineapple Dippers,43,20,23,46.51162790697674
"Deep Dish Four Cheese (Mozzarella, Parmesan, Asiago & Romano) Pizza",6,0,6,0.0
Natural 100% Coconut Water,80,43,37,53.75
Classic Cheese Dogs,305,172,133,56.393442622950815
Gluten Free Dark Chocolate Brownie Bites,327,145,182,44.342507645259936
Organic Sriracha Hummus,2180,1126,1054,51.651376146788984
Whole Wheat Crackers,3744,2072,1672,55.34188034188035
Sugar Free Chocolate Chip Cookies,90,48,42,53.333333333333336
Silver Cream,53,15,38,28.30188679245283
Triple Zero Cherry Greek Yogurt,2,0,2,0.0
Pro V Shampoo & Conditioner 2 In 1 Classic Clean,41,3,38,7.317073170731707
Special K Barbecue Cracker Chips,29,14,15,48.275862068965516
1 Razor Handle and 2 Freesia Scented Razor Refills  Premium BladeRazor System,173,37,136,21.38728323699422
Extra Gentle Sensitive Skin Hand Wipes,141,84,57,59.57446808510638
Banana  Granola Cereal,35,15,20,42.857142857142854
Crystal Clean Plus the Power of OxiClean Stain Fighters Liquid Laundry Detergent,47,17,30,36.17021276595745
Organic Fennel,115,43,72,37.391304347826086
Neufchâtel Cheese,12,4,8,33.33333333333333
Avocado Chipotle Spread,7,0,7,0.0
Ultimate Healing Lotion,69,19,50,27.536231884057973
Swiss Bittersweet Fine Dark Chocolate,40,22,18,55.00000000000001
DayQuil/NyQuil Severe Cold & Flu Twin,21,1,20,4.761904761904762
Cookies 'N Cream Ice Cream,331,128,203,38.670694864048336
Matcha Green Tea Almond Milk,16,12,4,75.0
Wheat Melba Toast,57,36,21,63.1578947368421
Toasted Chips Garden Valley Veggie Wheat Thins,216,105,111,48.61111111111111
Pure Natural Body Wash Soothing Aloe Vera,247,88,159,35.62753036437247
Prime Filets with Salmon & Beef in Sauce Cat Food,80,52,28,65.0
Versatile Stain Remover,1478,654,824,44.2489851150203
Appetizer Forks Heavy Weight Plastic,6,0,6,0.0
Deluxe Whole Cashews,745,399,346,53.557046979865774
Organic Apple Braeburn Bag,57,14,43,24.561403508771928
"Kombucha, Elderberry Hibiscus",70,44,26,62.857142857142854
Organic Lowfat Eggnog,331,75,256,22.658610271903324
Dark Chocolate Mocha Almond Nutrition,121,52,69,42.97520661157025
"Elastics, No Metal",10,2,8,20.0
Sazon Cilantro & Tomato Seasoning,25,5,20,20.0
Cookies & Cream Ice Cream,1474,513,961,34.803256445047495
Italian Batard,768,396,372,51.5625
Lavender Dishwashing Liquid With Olay,36,7,29,19.444444444444446
Italian Pork Sausage,24,8,16,33.33333333333333
Alexander Valley Cabernet Sauvignon,13,4,9,30.76923076923077
Small Space Scrub Brush,12,0,12,0.0
Teatree Mint Hydrating Conditioner,83,16,67,19.27710843373494
Whole Berry Cranberry Sauce,700,208,492,29.714285714285715
Fat Free Chocolate Flavored Fat Free Milk,13,3,10,23.076923076923077
Organic Tomato Ketchup,1681,582,1099,34.62224866151101
5 Mg Melatonin Sublingual Orange Tablets,93,34,59,36.55913978494624
Zero Calorie Cola,8558,6953,1605,81.24561813507829
Beet Kombucha,172,76,96,44.18604651162791
Sweet Tea Flavored Vodka,4,0,4,0.0
Lemon Dishwashing Detergent + Clorox Stain Fighting,24,1,23,4.166666666666666
Cherry Pie Filling,6,0,6,0.0
Quemada Fire Roasted Medium Salsa,5,2,3,40.0
Organic Carrot Apple Ginger Fruit & Veggie Snacks,62,14,48,22.58064516129032
Jalapeno Ranch Dressing & Dip,57,21,36,36.84210526315789
Natural Beef & Chicken Formula Food for Cats,202,105,97,51.98019801980198
Disinfecting Wipes Lemon Scent,8,1,7,12.5
Chips Ahoy! Reese's Peanut Butter Cups Cookies,54,22,32,40.74074074074074
Handi-Snacks Oreo Cookie Sticks 'n Creme Dip,56,27,29,48.214285714285715
Frozen Potato Onion Cheddar Pierogies,47,13,34,27.659574468085108
Organic Peach Icelandic Nonfat Yogurt,102,39,63,38.23529411764706
Toll House Real Semi-Sweet Chocolate Chunks,103,13,90,12.62135922330097
Replenish Contact Lens Solution,187,49,138,26.203208556149733
Simply Go-GURT Strawberry,6,2,4,33.33333333333333
Whole Milk Yogurt Organic Indonesian Vanilla Bean,430,207,223,48.13953488372093
Mild Diced Tomatoes & Green Chilies,862,309,553,35.84686774941995
Gluten Free Signature Pepperoni Pizza,134,93,41,69.40298507462687
Pure Honey,480,166,314,34.583333333333336
Clean Artiste 100% Oil Free Eye Makeup Remover,9,4,5,44.44444444444444
Southwestern Veggie Breakfast Bowl,52,31,21,59.61538461538461
Three Meat & Four Cheese Lasagna,105,36,69,34.285714285714285
Truffled Creamy Ricotta In Egg Pasta,69,42,27,60.86956521739131
"Seasoning, Beau Monde",8,0,8,0.0
Half Baked® Ice Cream,5928,2650,3278,44.70310391363023
Organic Apple Cider Vinaigrette,123,20,103,16.260162601626014
Limoncello Originale,7,3,4,42.857142857142854
Smoked Almonds,23,14,9,60.86956521739131
Organic Oranges Bag,92,24,68,26.08695652173913
Fruit And Vegetable Snacks,30,6,24,20.0
Strawberry Basil Iced Tea Pouches,9,1,8,11.11111111111111
Chocolate Jimmies Sprinkles,68,10,58,14.705882352941178
Xtra Protection Regular Pantiliners,51,29,22,56.86274509803921
Original Pre-Moistened Wipes,499,167,332,33.46693386773547
Garden Herb Cheese Alternative Slices,14,5,9,35.714285714285715
Sparkling Sweet Rose,6,1,5,16.666666666666664
Perfect Portions Chicken Pate,74,56,18,75.67567567567568
Pasta Angel Hair,625,283,342,45.28
Cantina Thin & Crispy Tortilla Chips,1269,669,600,52.71867612293144
Wellness Herbal Throat Spray,9,1,8,11.11111111111111
Cristal Blue Ball Medium Pens,64,16,48,25.0
The Original Butter Flavored Cookies,43,16,27,37.2093023255814
Sweet Bread 'N Butter Sandwich Slices Pickles,67,24,43,35.82089552238806
Burrata,1819,891,928,48.98295766904893
Complete All in 1 Lemon Scented Action Packs With Dawn,3,0,3,0.0
Cape Cod Cranberries,6,0,6,0.0
Liar's Dice Zinfandel,6,2,4,33.33333333333333
Flavored Fizzy Immune + Blueberry-Acai Drink Mix,33,9,24,27.27272727272727
Coconut Red Lentil Rice Scooter,55,24,31,43.63636363636363
Outlast Xtend Secret Outlast Xtend Invisible Solid Completely Clean Antiperspirant/Deodorant 2.6 oz AP/DO & Body Spray,121,34,87,28.09917355371901
Organic Whole Kernel Corn,25,10,15,40.0
Super Duper Chicken Nuggets,496,332,164,66.93548387096774
Original Strawberry Gelatin Snacks,1628,880,748,54.054054054054056
Double Chocolate Cookies & Cream Ice Cream Sandwich,187,74,113,39.57219251336899
Barbados Rum,23,7,16,30.434782608695656
Red Grapefruit,5708,3149,2559,55.16818500350386
The Works Hand-Tossed Style Crust Pizza,17,3,14,17.647058823529413
Oranic Kamut Vegetable Pasta Spirals,85,67,18,78.82352941176471
Stick Ups Lavender & Chamomile Small Spaces Air Freshener,23,6,17,26.08695652173913
4% Milkfat Min. Small Curd Cottage Cheese,246,153,93,62.19512195121951
Arthritis Cap Naproxen Sodium 220mg Caplets Pain Reliever/Fever Reducer,44,13,31,29.545454545454547
Fog Chaser Coffee Single Serve Coffee K-Cups,8,3,5,37.5
Bread Flour,185,66,119,35.67567567567568
Caffeine + Water Purfied Water + 90mg Natural Caffeine Unflavored,2,0,2,0.0
Mexicana Medium Salsa,17,7,10,41.17647058823529
Water Fruits Fruit Punch Frenzy Naturally Flavored Water Beverage,22,18,4,81.81818181818183
Sriracha Peas,127,89,38,70.07874015748031
Brown 'N Serve Original Fully Cooked Sausage Patties,282,116,166,41.13475177304964
Marinara Traditional Pasta Sauce,17,5,12,29.411764705882355
Seasonal Strawberry Lemonade,6,1,5,16.666666666666664
3D White Luxe Pro-Flex With Stain Eraser Medium Toothbrush,16,1,15,6.25
Original Ranch Salad Dressing & Seasoning Mix,1236,418,818,33.81877022653722
Medicated Cooling Pads with Witch Hazel,8,0,8,0.0
Chocolate Frosting,26,3,23,11.538461538461538
Complete Multi-Benefit™ Whitening + Scope Toothpaste,133,12,121,9.022556390977442
Thick & Crispy Tortilla Chips,7559,4682,2877,61.939409974864404
Organic Pita Bread,645,304,341,47.13178294573643
White Cheddar Mac & Cheese & Bacon,110,75,35,68.18181818181817
Fruit & Nut Bar Blueberry Vanilla & Cashew,1570,983,587,62.611464968152866
Zesty Nacho Cheese Sauce,32,3,29,9.375
1/2 Caff Medium Ground Coffee,18,11,7,61.111111111111114
Super Squeeze Mixed Berry Burst Fruit Blend,8,3,5,37.5
Orchid Petals  & Mint Water Liquid Hand Soap,62,17,45,27.419354838709676
"Tummy Ache Natural Relief Quick-Dissolving Tablets, Ages 2-12",6,0,6,0.0
Darks Liquid Laundry Detergent,496,195,301,39.314516129032256
Organic Fair Trade Comapi Raw Honey,52,21,31,40.38461538461539
Tea Three Ginger - 20 CT,45,8,37,17.77777777777778
Fresh Scent Douche,2,0,2,0.0
Oat Fit Maple & Brown Sugar Instant Oatmeal,307,154,153,50.1628664495114
Whole Baby Clams,46,23,23,50.0
Traditional Ginger Beer,7,1,6,14.285714285714285
Rosemary Leaves,178,13,165,7.303370786516854
With Ocean Fish & Salmon Cat Food,43,25,18,58.139534883720934
Ready Rice Chicken Flavored Whole Grain Brown,168,99,69,58.92857142857143
Nuggets Special Dark with Almonds,251,186,65,74.10358565737052
Organic Oolong Tea,27,3,24,11.11111111111111
Extra Sensitive Ultra Thin Condoms,17,4,13,23.52941176470588
Organic Packham Pear,16,6,10,37.5
Rice & Vegetables Stir Fry,13,0,13,0.0
Complete Multivitamin Gummy Vitamins,103,20,83,19.41747572815534
Sinus-Max Maximum Strength Liquid Gels Severe Congestion Relief,85,7,78,8.235294117647058
Original Thin Rye Crispbread,822,513,309,62.40875912408759
Organic Cinnamon Sunrise Herbal Tea,257,173,84,67.31517509727627
Kelp Noodles with Green Tea,23,7,16,30.434782608695656
Pro Comfort Regular Tampons,45,10,35,22.22222222222222
Grass-Fed Beef Jerky,319,121,198,37.93103448275862
"Protein Bar, High, Cookies & Cream",941,491,450,52.17853347502657
Pasta with Chunky Tomato & Meat Sauce Lasagna,32,19,13,59.375
Raspberry Ice Drink Mix,70,29,41,41.42857142857143
"Tortilla Chips, Mexican Kitchen Style, Salted",3384,1864,1520,55.08274231678487
Anti Dandruff 2 in 1 Shampoo,40,9,31,22.5
Number 5 Cold Pressed Juice,21,14,7,66.66666666666666
Hickory Smoked Boneless Sliced Ham,8,0,8,0.0
Apple Juice Drink for Kids,5,2,3,40.0
"Coldwater Clean Liquid Detergent, Fresh Scent",53,30,23,56.60377358490566
California Heirloom Monviso Peeled Garlic,1828,761,1067,41.63019693654267
Colombia Luminosa,20,11,9,55.00000000000001
Egg Roll Wrappers,86,32,54,37.2093023255814
One All-In-One Nutritional Shake Mixed Berry Flavor Drink Mix,5,1,4,20.0
Unsalted 100% Pure Butter,419,265,154,63.24582338902148
Unmodified Potato Starch,508,76,432,14.960629921259844
Organic Eggs Gift Bag Peanut Butter,11,1,10,9.090909090909092
Regular Strength Pills Stimulant Laxative,13,8,5,61.53846153846154
Ready Snax Veggie & Cheese With Ranch Dip,260,147,113,56.53846153846154
Macaroni & Cheese Dinner Teenage Mutant Ninja Turtle Shapes,122,44,78,36.0655737704918
Butter Popcorn Packs,5,0,5,0.0
Organix Cat Treats,119,37,82,31.092436974789916
Berry Sprouted Blend Cereal,1,0,1,0.0
Lactose Free Organic Whole Milk Plain Yogurt,666,475,191,71.32132132132132
Light & Fit Greek Blueberry Greek Yogurt,459,283,176,61.6557734204793
Wild Natural Lingonberries,110,34,76,30.909090909090907
Chicken tenderloins in a tangy sweet & sour sauce with rice Sweet & Sour Chicken,285,150,135,52.63157894736842
Macadamia Milk Vanilla,68,26,42,38.23529411764706
Wheat Bread,572,370,202,64.6853146853147
Premium Classic Chicken Recipe Cat Food,75,44,31,58.666666666666664
Original Fresh Wet Cleansing Towelettes,179,107,72,59.77653631284916
Crisp Linen Disinfectant Spray,323,64,259,19.814241486068113
Holiday Miniatures,11,0,11,0.0
Fusion ProGlide Razor Handle with FlexBall Technology with 2 Fusion ProGlide Men's Razor Blades,19,3,16,15.789473684210526
Original Crispy Apple Chips,119,60,59,50.42016806722689
Whole Okra,9,2,7,22.22222222222222
Butter And Garlic Croutons,10,3,7,30.0
Organic Thai Hom Mali Jasmine Brown Rice,126,44,82,34.92063492063492
Organic Parsley,3145,1302,1843,41.39904610492845
Tom Cat Turkey Recipe Cat Food,45,27,18,60.0
Mango Lime Energy Drink,7,1,6,14.285714285714285
Cooking Stock Unsalted Chicken,19,3,16,15.789473684210526
Mediterranean Olives,12,3,9,25.0
No Damage Elastics Hair Ties,16,2,14,12.5
Scalp Relief Conditioner,7,0,7,0.0
Banana Nut Mini Muffins,21,7,14,33.33333333333333
High Endurance Invisible Solid Fresh Anti-Perspirant/Deodorant,96,28,68,29.166666666666668
Gluten Free Rice Crust Pizza With Cheese,307,130,177,42.34527687296417
Protein Smoothie Choc-a-lot Flavor,553,202,351,36.52802893309223
Capers,514,103,411,20.038910505836576
100% Pure Avocado Oil,1094,476,618,43.51005484460695
Original Fully Cooked Pork Sausage Patties,405,198,207,48.888888888888886
Hibiscus Sunrise,418,256,162,61.24401913875598
Fuji Apples Bag,420,178,242,42.38095238095238
24 Hour Protection Powder Invisible Solid Anti-Perspirant/Deodorant,25,4,21,16.0
Amber Hard Cider,60,41,19,68.33333333333333
Citrus Allergy Relief Tablets,12,3,9,25.0
Baby Swiss Slices Cheese,2784,1728,1056,62.06896551724138
Cale & Collards Kimchi,12,0,12,0.0
Yakisoba Teriyaki Beef Japanese Noodles,127,56,71,44.09448818897638
Eucalyptus Daily Shower Cleaner,113,30,83,26.548672566371685
Sensitive Skin Shave Gel with Aloe,35,5,30,14.285714285714285
Buckwheat Pancake Mix,10,3,7,30.0
Honey Smoked Deli Thin-Sliced Turkey Breast,34,13,21,38.23529411764706
Coldwater Clean Fresh Scent HE Turbo Clean Liquid Laundry Detergent,15,5,10,33.33333333333333
Vanilla Almond Butter,1251,730,521,58.3533173461231
King Cube Ice Trays,6,1,5,16.666666666666664
Mini Powdered Donuts,193,83,110,43.005181347150256
Organic Cranberry Lemonade Vitality Beverage,79,37,42,46.835443037974684
Original Sparkling Water,693,494,199,71.28427128427128
Grade A Pasturized Lowfat Cottage Cheese,442,256,186,57.9185520361991
Raspberry Light & Fit Greek Yogurt,253,150,103,59.28853754940712
Honey Nut Cream Cheese Spread,6,1,5,16.666666666666664
Uncured Pepperoni Pizza With Brown Rice Crust,46,17,29,36.95652173913043
Revive Fruit Punch Nutrient Enhanced VitaminWater,134,60,74,44.776119402985074
Dark Chocolate Sea Salt Caramels,1296,715,581,55.169753086419746
Value Pack Breast Nuggets,271,134,137,49.44649446494465
Organic Egg Nog,116,27,89,23.275862068965516
Organic Tamarind Paste,51,5,46,9.803921568627452
Lean & Fit Parmesan Polenta & Veggies,14,4,10,28.57142857142857
"Sheer Extra Large All One Size 1 3/4\"" X 4\"" Value",66,16,50,24.242424242424242
Complete Iron System Mini Tabs,27,2,25,7.4074074074074066
Meatballs Canned Pasta,130,73,57,56.15384615384615
YoTot Apple Sweet Potato with Fruit & Veggies Organic Whole Milk Shutterfly Promo Organic Yogurt,62,25,37,40.32258064516129
Imitation Banana Flavor Extract,5,0,5,0.0
Spa Cuisine Butternut Squash Ravioli,1153,503,650,43.62532523850824
"Mustard, Hot Dijon",4,0,4,0.0
Large Pumpkin Carving Kit,27,0,27,0.0
Vanilla Polar Bear Cupcakes Gluten Free,54,9,45,16.666666666666664
Organic Acai with Blueberry Juice,12,3,9,25.0
Sweet Potato Fries with Sea Salt,5712,2655,3057,46.48109243697479
100% Whole Wheat,1952,1200,752,61.47540983606557
Organic Black Cherry and Chia Icelandic Yogurt,26,11,15,42.30769230769231
"Pasta, Spaghetti Style, Spinach, Gluten Free",107,43,64,40.18691588785047
Happy Baby Super Salmon Hearty Meals,180,98,82,54.44444444444444
"Pesto Bean & Vegetable Kit, Lentil Penne",42,10,32,23.809523809523807
Peachy Keen Organic Level 1,500,284,216,56.8
Plenti Greek Maple Brown Sugar Oatmeal with Yogurt,12,3,9,25.0
Classic Decaf Ground Coffee,56,39,17,69.64285714285714
Lactose Free Low Fat Peach Yogurt,472,344,128,72.88135593220339
Grade AA Butter Quarters,138,55,83,39.85507246376812
Decaf Earl Greyer Black Tea Bags,62,12,50,19.35483870967742
Plus Liquid Fresh Fabric Softener,20,11,9,55.00000000000001
Organic Ground Ginger,1511,131,1380,8.669755129053607
Children's NyQuil Cold & Cough Multi-Symptom Relief Cherry Flavor Liquid,6,0,6,0.0
Tortilla Triangles Restaurant Style Chips,1082,455,627,42.05175600739371
Sticky Sweet Legendary Bar-B-Q Sauce,87,21,66,24.137931034482758
Red Papaya,714,497,217,69.6078431372549
Dryer Sheet Free & Gentle Fabric Softener,355,106,249,29.859154929577464
Turkey & Gravy,7,2,5,28.57142857142857
Caramelized Crispy Fried Onions,7,0,7,0.0
Clear Party Cups,8,0,8,0.0
Light White Rice Loaf,26,17,9,65.38461538461539
Signature Fried Rice,174,92,82,52.87356321839081
Women's Gummy Vitamins,149,62,87,41.61073825503356
Dry Spray Antiperspirant,77,21,56,27.27272727272727
Squeezed Orange Juice,792,471,321,59.46969696969697
"Donuts, Powdered",50,6,44,12.0
Petite Creme Lowfat Blueberry Yogurt,24,9,15,37.5
Asparagus & Aged Italian Cheese Cappellacci,72,16,56,22.22222222222222
Leave In Conditioner And Repair Cream,10,2,8,20.0
Mixed Berry Goat Milk Yogurt and Fruit,121,65,56,53.71900826446281
Dark Chocolate Chili Almond Nuts & Spices,662,405,257,61.17824773413897
Skin Firming Cellulite Gel Cream,1,0,1,0.0
Champagne Brut Rose,113,45,68,39.823008849557525
Tricolor Pearl Couscous,141,63,78,44.680851063829785
Baby Fresh Pampers Baby Wipes Baby Fresh 3X Refill 216 count  Baby Wipes,115,57,58,49.56521739130435
Imported Capote Capers,438,102,336,23.28767123287671
Bisacodyl USP 5mg Tablets Laxative,13,2,11,15.384615384615385
Apple Wedges,2,0,2,0.0
Ground Sirloin Beef,225,130,95,57.77777777777777
"Jelly Beans, Citrus Mix",11,5,6,45.45454545454545
Sweet & Salty Nut Cashews Granola,566,337,229,59.54063604240283
Cork Dancer Pinot Noir,59,31,28,52.54237288135594
Special K Touch of Honey Granola,26,3,23,11.538461538461538
Chicken Nuggets & Fries,148,78,70,52.702702702702695
Bathroom Cleaner,113,30,83,26.548672566371685
Harvest Casserole Bowls,734,397,337,54.08719346049047
Fancy Whole Artichoke Hearts,692,289,403,41.76300578034682
Pomegranate Flavored Licorice,25,16,9,64.0
Pressure & Pain Mucus Caplets,36,4,32,11.11111111111111
Reduced Sodium Great Northern Beans,140,41,99,29.28571428571429
Chocolate Animal Crackers,15,11,4,73.33333333333333
Non Alcoholic French Vanilla Coffee Creamer,78,33,45,42.30769230769231
Kosher Petite Dills,85,45,40,52.94117647058824
EAS Complete Chocolate Protein Powder,5,2,3,40.0
With Raspberry Lemonade,1879,1133,746,60.2980308674827
Pesto Roasted Red Pepper,53,28,25,52.83018867924528
Cotes De Provence Rose,3,1,2,33.33333333333333
Imitation Bacon Bits,11,2,9,18.181818181818183
Waterfall Mist Conditioner,19,3,16,15.789473684210526
Aged White Cheddar Cheese Anchors & Cheese Macaroni Dinner,5,0,5,0.0
Original Mixed Vegetables,40,9,31,22.5
Simply...Go-Gurt Strawberry,221,130,91,58.82352941176471
Drumstick Vanilla Ice Cream Cone,440,209,231,47.5
Dark Chocolate Almonds Bar,84,46,38,54.761904761904766
Gewurztraminer Wine,14,4,10,28.57142857142857
Lavender Scent Laundry Detergent,1311,516,795,39.359267734553775
The Ultimate Margarita,8,2,6,25.0
Bocconcini,75,31,44,41.333333333333336
Whole Wheat Spaghetti,241,113,128,46.88796680497925
Catalina Fat Free Dressing,109,33,76,30.275229357798167
Healing Lip Balm,11,1,10,9.090909090909092
Table Cheddar Broccoli,85,30,55,35.294117647058826
Hot Roll Mix Cinnamon Rolls & Pizza Crust,7,1,6,14.285714285714285
Total Advanced Pro-Shield Peppermint Blast,18,4,14,22.22222222222222
Natural Chocolate Flavor Whey Protein Isolate,8,0,8,0.0
Mini Pepperoni Pizzas,9,2,7,22.22222222222222
Sugar Free Black Cherry Menthol Drops Cough Suppressant/Oral Anesthetic,71,19,52,26.76056338028169
"Veggie Snack, Freeze-Dried Edamame, Onion & Chive",168,96,72,57.14285714285714
Organic Raspberry Tea,138,95,43,68.84057971014492
Health & Energy Booster Vitamin C 1000 Mg Lemon Lime Drink Mix,63,11,52,17.46031746031746
Organic Love Cookies N'Oatmeal Raisin,12,3,9,25.0
Party Size Sour Cream & Onion Potato Chips,56,28,28,50.0
Sriracha Dipping & All-Purpose Sauce,2,0,2,0.0
Egg & Onion Matzos,131,49,82,37.404580152671755
Original Thin Crust Pepperoni Pizza,145,42,103,28.965517241379313
"Sparkling Mineral Water, Classic",13,6,7,46.15384615384615
Sweet Hamburger Buns,479,192,287,40.08350730688935
Natural Colby Jack Cheese Slices,396,209,187,52.77777777777778
Vermont Spicy Italian Pork Stick,115,60,55,52.17391304347826
Spinach Saag Medium Indian Simmer Sauce,15,4,11,26.666666666666668
Gluten Free Asian Style Coconut Lemongrass with Chicken Bowls,19,2,17,10.526315789473683
Italian Sliced Bread,549,338,211,61.56648451730419
Traditional Panettone,216,55,161,25.462962962962965
Calendula Body Lotion,32,5,27,15.625
Multigrain Flax Baked Crackers,31,4,27,12.903225806451612
Curried Tofu,46,24,22,52.17391304347826
"8\"" Cherry Pie",54,16,38,29.629629629629626
Organic Tropical Mango,15,3,12,20.0
Clinical Strength Sport Antiperspirant Deodorant Marathon Fresh Scent,26,10,16,38.46153846153847
All Natural Chicken Sausage Fully Cooked,2,0,2,0.0
Pepperidge Farm Goldfish Neon Colors Baked Snack Crackers,944,565,379,59.85169491525424
Marble Jack Cheese,85,48,37,56.470588235294116
Easter Chewy & Gummy Candy,5,0,5,0.0
Seafood Mix,14,2,12,14.285714285714285
Little Bites Snackin' Bites Strawberry,11,4,7,36.36363636363637
Organic Sugar,480,166,314,34.583333333333336
Whole Japones Chile Bag,13,3,10,23.076923076923077
"Hand Wash, Green Tea + Aloe",171,49,122,28.654970760233915
Free & Gentle Powder Laundry Detergent,62,33,29,53.2258064516129
Pure Orange Extract,33,4,29,12.121212121212121
99% Natural Multi Surface Everyday Cleaner,48,13,35,27.083333333333332
Frankincense Original Herbal Incense Sticks,18,2,16,11.11111111111111
Spicy Sriracha Peas,4,1,3,25.0
Fennel Licorice Gum,100,45,55,45.0
Crossovers Caramel Hny Almond,282,145,137,51.41843971631206
Super Hold Unscented Shaping Hair Spray,19,7,12,36.84210526315789
Southern Cornmeal Crusted Cod Fillets,17,0,17,0.0
"No Drip Severe Congestion Pump Mist Fast, Powerful Congestion Relief Maximum Strength Plus Menthol",76,22,54,28.947368421052634
Raw Chia Seeds,86,20,66,23.25581395348837
Original No Pulp Premium 100% Orange Juice,14,3,11,21.428571428571427
Cobalt Sugar Free Gum,29,11,18,37.93103448275862
Concentrate Chai Tea,26,13,13,50.0
Hand Soap Lemongrass,637,238,399,37.362637362637365
Cup Noodles Chicken Vegetable,18,3,15,16.666666666666664
Pasteurized Cage Free Eggs,151,103,48,68.21192052980133
Pure Vanilla Extract,3162,580,2582,18.34282099936749
Organic Cold Pressed Pure Black Cherry Juice,190,121,69,63.68421052631579
Chocolate Chip Cookie Dough Frozen Greek Yogurt Bars,1028,683,345,66.43968871595331
Solid White AlbacoreTuna  in Water,813,411,402,50.55350553505535
100% Pure Peppermint Oil,8,1,7,12.5
Rosemary Mint Liquid Soap,99,51,48,51.515151515151516
Turkey Breast,465,294,171,63.2258064516129
Macaroni & Cheese Deluxe Four Cheese Sauce Dinner,138,45,93,32.608695652173914
Original Roast Instant Coffee,20,10,10,50.0
Apple Spice Granola,34,17,17,50.0
Brownberry Oroweat Whole Wheat Pocket Thin,119,46,73,38.655462184873954
Peanut Butter Dark Chocolate + Protein Nutrition Bar,608,302,306,49.67105263157895
Natural Lemon Flavor Sparkling Mineral Water,2030,1505,525,74.13793103448276
Vanilla Gluten Free Wafers,319,157,162,49.21630094043887
Sore Throat Plus Coating Protection Wild Berry Flavor Spray,67,3,64,4.477611940298507
Oil-Free Stress Control Power-Cream Wash,20,6,14,30.0
Marble Sliced Loaf Cake,150,73,77,48.66666666666667
Gluten Free Lasagna Sheets,234,76,158,32.47863247863248
Active Naturals Positively Nourishing Smoothing Body Wash Pomegranate & Rice,10,2,8,20.0
Organic Pumpkin Kernels,4,0,4,0.0
Organic Spicy Jalepeño & Wild Cilantro,12,4,8,33.33333333333333
Caraway,8,1,7,12.5
Ultra Thin Crust Sausage Italia,8,0,8,0.0
Z Bar Protein Peanut Butter Chocolate Protein Snack Bar,693,387,306,55.84415584415584
Aunt Mary Ann's Sunday Marinara Pasta Sauce,44,24,20,54.54545454545454
Glazed Raspberry Filled Doughnuts,21,13,8,61.904761904761905
Turmeric Flaxseed Crackers,15,9,6,60.0
"Bean & Rice Chips, Ranch",15,4,11,26.666666666666668
Gummy Vites Complete Multivitamin Gummies Dietary Supplement,58,13,45,22.413793103448278
Habanero Mango Sauce,5,1,4,20.0
Organic Sour Pops Variety Pack Vitamin C Lollipops,13,2,11,15.384615384615385
Red Raspberry Scones Mix,10,2,8,20.0
Organic Long Grain Brown Rice,4404,1571,2833,35.67211625794732
Taco Seasoned Beef & Cheese Extra Crunchy Taquitos,89,39,50,43.82022471910113
Simple Syrup,107,22,85,20.5607476635514
Apple of My Eye Juice Drink,12,6,6,50.0
Extra Virgin Coconut Oil,34,9,25,26.47058823529412
Trop50 Some Pulp Orange Juice,339,190,149,56.04719764011799
Organic Jellied Cranberry Sauce,786,153,633,19.46564885496183
Restorative Biotin Shampoo,114,31,83,27.192982456140353
All Natural Classic Guacamole,1332,584,748,43.84384384384384
Oikos Traditional Cafe Latte Greek Yogurt,175,122,53,69.71428571428572
Cheez-It Packs,1035,552,483,53.333333333333336
Sesame Bagels,2987,2066,921,69.16638767994644
Friskies Savory Shreds Variety Pack Wet Cat Food,18,5,13,27.77777777777778
Caffeine Free Herbal Tea Bags Nighty Night - 16 CT,20,1,19,5.0
Ester C Plus 1000 Mg W/Bio,5,1,4,20.0
Peach Iced Tea 6 Pitcher Drink Mix Packs,121,52,69,42.97520661157025
Variety,1648,855,793,51.88106796116505
Spaghetti Pasta,7969,3608,4361,45.27544233906387
Strawberry Yogurt Nutrition,7,2,5,28.57142857142857
Natural Peanut Butter Crunchy and Flaxseed,641,347,294,54.13416536661466
Premium Select Perfect Hot Salsa,52,16,36,30.76923076923077
French Green Beans,2443,995,1448,40.72861236185019
Lemon Garlic Falafel Popper,117,36,81,30.76923076923077
Almonds Glazed Nuts,303,137,166,45.21452145214521
Tropical Tango Flavor Protein Smoothie Instant Powder Drink Mix,50,10,40,20.0
Sweet Gefilte Fish,40,20,20,50.0
Power O's Chocolate cereal,445,249,196,55.955056179775276
Gone Nutty! Peanut Butter Pop-Tarts,17,10,7,58.82352941176471
Organic Toasted Sushi Nori,177,54,123,30.508474576271187
Cocoa Butter Body Lotion,31,9,22,29.03225806451613
Cacao Almond Milk,209,129,80,61.72248803827751
Crispy Windmill Cookies,21,11,10,52.38095238095239
Asian Toasted Sesame Lite Dressing,140,43,97,30.714285714285715
Shower Guard Daily Shower Cleaner,16,5,11,31.25
Diet Tangerine Lime Natural Soda,272,159,113,58.45588235294118
Minced Garlic in Water,83,8,75,9.63855421686747
Corn Flakes,1253,664,589,52.992817238627296
100% Cotton 16 Ply Strength 25 ft Cooking Twine,48,0,48,0.0
Hormone Free Fat Free Milk,29,15,14,51.724137931034484
Mild Tikka Curry Paste,5,1,4,20.0
82% Dark Chocolate Bar with Bourbon,52,33,19,63.46153846153846
Cocoa Butter Formula® Moisturizing Body Lotion,29,10,19,34.48275862068966
Shedd's Spread Original Vegetable Oil Spread,252,97,155,38.492063492063494
Silver Women's 50+ Multivitamin Supplement,11,1,10,9.090909090909092
Picnic Style Pork & Beans,8,2,6,25.0
Herbal Armor Insect Repellent Spray,4,0,4,0.0
Pierogi & Onion,144,50,94,34.72222222222222
"Nutrition Bar, Dark Chocolate Crunch",5,1,4,20.0
Deep Cleansing Pore Strips,110,22,88,20.0
Vinegar & Sea Salt Potato Chips,235,150,85,63.829787234042556
Automatic Dish Washing Detergent Lemon Scent,10,0,10,0.0
Italian Dry Salami,31,4,27,12.903225806451612
Fine Ground Sea Salt,133,39,94,29.32330827067669
100% Whole Wheat Burger Buns,1048,441,607,42.08015267175573
Organic Just Blueberries,16,2,14,12.5
"Low Pulp, Calcium & Vitamin D Orange Juice Beverage",17,4,13,23.52941176470588
Organic Superfood Oat Based Espresso Maca Mulberry Cereal,105,59,46,56.19047619047619
Sweet & Salty Nut Granola Bars Peanut,4188,3044,1144,72.68385864374403
"Bruschetta, with Italian Basil",2,0,2,0.0
Air Effects Air Refresher Greek Seaside,55,21,34,38.18181818181819
Gluten Free White Cheddar Rice Thin Crackers,342,185,157,54.09356725146199
Training Pants Disney Night-Time 3T-4T,28,8,20,28.57142857142857
Citron Lemon Lime Sparkling Water,180,112,68,62.22222222222222
Fiesta Lime Seasoning Blend,13,2,11,15.384615384615385
Lower Sodium Garden Vegetable Soup,284,134,150,47.183098591549296
Country Style Medium Pulp Orange Juice,35,23,12,65.71428571428571
More Milk Plus Herbal capsules,17,6,11,35.294117647058826
Sweet Rolls,4779,2621,2158,54.84410964636953
Raisin Granola Cereal,15,7,8,46.666666666666664
Kombu Sea Vegetable,84,2,82,2.380952380952381
Organic Finely Shredded Cheddar Cheese,3146,1813,1333,57.628734901462174
Pink Grapefruit Sparkling Water with Juice,62,49,13,79.03225806451613
Ham and Cheese Snack Bites,40,12,28,30.0
Light Strawberry Shortcake Fat Free Yogurt,29,14,15,48.275862068965516
Ultimate Pepperoni Ultra Thin Crust Pizza,68,37,31,54.41176470588235
Veggie Thin Spaghetti Pasta,7,0,7,0.0
Red Wine Vinegar Kettle Cooked Potato Chips,53,33,20,62.264150943396224
Asian Pear Crisps,65,46,19,70.76923076923077
Tribal Pastel Size 4/L Diapers,6,2,4,33.33333333333333
YoKids Blueberry & Strawberry/Vanilla Yogurt,12179,8316,3863,68.2814681008293
Taco Salad Shells,41,12,29,29.268292682926827
Diet Peach,746,548,198,73.45844504021449
Pearl Couscous Natural,340,115,225,33.82352941176471
Almond Orange Biscotti,2,0,2,0.0
Lavender Vanilla Body Lotion,3,0,3,0.0
Golden Brown All Natural Mild Sausage Links,298,178,120,59.73154362416108
Organic Greek Olive Mix,222,90,132,40.54054054054054
Glass Bottle With Dropper,15,1,14,6.666666666666667
Natural Strawberry Ice Cream,654,206,448,31.49847094801223
Organic Microwaveable Pouches Jasmine Rice Thai,280,186,94,66.42857142857143
Original Chocolate Pudding Snacks,1399,777,622,55.53967119370979
Activia Drinks Prune Flavor,19,5,14,26.31578947368421
5 In French Rolls,265,131,134,49.43396226415094
Shake N Bake Extra Crispy Seasoned Coating Mix,70,22,48,31.428571428571427
Ultra Leakguards Value Pack Diapers Size 3 (16-28 Lbs),7,2,5,28.57142857142857
Bogota Blackberry Lime Sparkling Antioxidant Infused Beverage,2,0,2,0.0
Lavender & Peach Multi-Surface Cleaner,25,4,21,16.0
Sweet Red Chili Sauce,30,0,30,0.0
Chicken Legs,201,93,108,46.26865671641791
Original Cold Brew Coffee,26,12,14,46.15384615384615
Chocolate Croissant,527,327,200,62.04933586337761
Avant California Chardonnay,95,59,36,62.10526315789474
StackerMallows Marshmallows,119,20,99,16.80672268907563
Free & Clear Newborn Up To 10 lbs Baby Diapers,45,18,27,40.0
Salad Love White Cheddar,304,162,142,53.289473684210535
Sonic Care Simply Clean Standard Size Brush Heads,3,0,3,0.0
Baby Swiss Cheese,676,286,390,42.30769230769231
Organic Beet Carrot Juice,23,8,15,34.78260869565217
"Gain Scent Dishwasher Detergent, ActionPacs",23,1,22,4.3478260869565215
Organic Coconut Palm Syrup,26,4,22,15.384615384615385
Blue Ribbon Beer,15,6,9,40.0
Organic Dark Chocolate Peanut Butter Cups,11264,7629,3635,67.72904829545455
Toffee Coffee Bar,23,5,18,21.73913043478261
Sliced Brown Portabello Mushrooms,281,111,170,39.50177935943061
Mediterranean Garlic & Herb Ravioli,10,2,8,20.0
Cage Free Extra Large Grade AA Eggs,1073,759,314,70.73625349487418
Bio Scour Pads,186,79,107,42.473118279569896
Hibiscus Sangria Iced Tea,17,0,17,0.0
"Pie Pans, Large",183,18,165,9.836065573770492
Biotin + Bamboo Shampoo,52,9,43,17.307692307692307
Peppermint & Citrus Hand Sanitizer Spray,107,20,87,18.69158878504673
Sesame Blues Corn Tortilla Chips,1966,1341,625,68.20956256358087
Organic Popped Corn Dill Pickle,16,3,13,18.75
Feta Crumbled Cheese,88,24,64,27.27272727272727
Brat & Sausage Rolls,535,221,314,41.308411214953274
Marrakesh Mint Green Tea,284,134,150,47.183098591549296
Gold Kiwi,783,489,294,62.45210727969349
Original Unseasoned Meat Tenderizer,5,0,5,0.0
Lite Sweet Vidalia Onion Dressing,39,12,27,30.76923076923077
Organic Blue Corn Chips,138,74,64,53.62318840579711
Brown Omega 3 Large Grade A Eggs,325,204,121,62.76923076923077
Fire Roasted Diced Tomatoes with Garlic,21,5,16,23.809523809523807
Wellness Formula,524,186,338,35.49618320610687
Cranberry Raspberry 100% Juice,377,207,170,54.907161803713535
Grain Free Soft Dog Food,31,24,7,77.41935483870968
Veganic Sprouted Oat O's Cereal,47,17,30,36.17021276595745
Mild Heat Level Lamb Saag with Basmati Rice,892,475,417,53.25112107623319
Kids Anticavity Fluoride Rinse Bubble Gum Blow Out,191,78,113,40.83769633507853
Romano Cheese,7,2,5,28.57142857142857
Total Domination India Pale Ale,12,5,7,41.66666666666667
Fresh Cut Tulip,12,4,8,33.33333333333333
Mini Assorted Candy Bars,79,45,34,56.9620253164557
"Cookies, Family Recipe, Orange Chocolate Chip",20,8,12,40.0
Pur Clean Honey Lavender Hec Liquid Laundry Detergent 48 Loads 75 Oz,28,16,12,57.14285714285714
Special Reserve Extra Sharp Cheddar Cheese,6536,4048,2488,61.933904528763776
Chocolates,244,102,142,41.80327868852459
Italian Dressing Calorie Free,10,4,6,40.0
Seed Celery Seed Seasoning,10,0,10,0.0
Organic Grade A Large Brown Eggs,15703,9175,6528,58.428325797618285
Holiday Red Sparkling Sugar,3,0,3,0.0
Butter Microwave Popcorn,1160,554,606,47.758620689655174
Naked Sponges,84,18,66,21.428571428571427
"Vinegar, Red Raspberry",7,3,4,42.857142857142854
Organic Halloween Gummy Bears,10,1,9,10.0
Scrimshaw Pilsner Style Beer,367,252,115,68.66485013623979
Organic Ground Coriander Seed,37,2,35,5.405405405405405
Sugar Free Gum Winter Frost,77,32,45,41.55844155844156
Organic Carrot Beet Celery Juice,124,73,51,58.87096774193549
Newtons 100% Whole Grain Blueberry Cookies,58,30,28,51.724137931034484
Pesto Alla Genovese Basil,1414,488,926,34.51202263083451
Rocky Road Ice Cream,1518,731,787,48.15546772068512
Organic Ginger Root,52087,29848,22239,57.304125789544415
Ginger Beer Lemonade,137,54,83,39.416058394160586
Ibuprofen,277,34,243,12.274368231046932
Vegenaise Soy-Free,271,162,109,59.77859778597786
"Tofu, Soft",208,127,81,61.057692307692314
Complete Clean Power Toilet Bowl Cleaner,786,170,616,21.62849872773537
Ultra Original Scent Dishwashing Liquid,2264,674,1590,29.770318021201415
TruMoo 1% Lowfat Milk Chocolate,519,306,213,58.95953757225434
Vanilla Cultured Almondmilk,6,0,6,0.0
Total 0% Nonfat Greek Yogurt,26878,18327,8551,68.18587692536647
Italian Dressing,826,251,575,30.387409200968523
Gluten Free Veggie Burger,4,0,4,0.0
Soothing Peppermint Olive Leaf Complex Throat Spray,6,0,6,0.0
"Tall Entree Containers & Lids Containers, Tight Seal, Large Squares",441,111,330,25.170068027210885
"Organic Icelandic, Whole Milk, Vanilla Yogurt",574,420,154,73.17073170731707
Raspberry Jam,10,4,6,40.0
Cinna-Cloves Organic Snack Bar,63,30,33,47.61904761904761
Solid Original Clean Deodorant Clinical Protection,225,66,159,29.333333333333332
Spinach Spaghetti Style Brown Rice Pasta,68,46,22,67.64705882352942
Totopos De Maiz Mexican Style Corn Chips,663,368,295,55.5052790346908
Organic Dandelion Dark Roast Herbal Coffee,32,11,21,34.375
Medium Spicy Kimchi,751,377,374,50.19973368841545
Grilled Lemon Pepper Fish Fillets,38,15,23,39.473684210526315
Seedless Blackberry Preserves,33,4,29,12.121212121212121
Dry Scalp Shampoo with Almond Oil,161,37,124,22.981366459627328
Multigrain Tortilla Chips,7340,4357,2983,59.35967302452316
Chipotle Hummus,29,12,17,41.37931034482759
Vodka Mandrin,64,36,28,56.25
Cashew Fig Carrot Energy Bar,83,53,30,63.85542168674698
Queso Fresco Cheese,223,72,151,32.28699551569507
Chicken Noodle Condensed Soup,507,145,362,28.59960552268245
Extra Large Pitted California Ripe Olives,80,49,31,61.25000000000001
Carrot Cake Slice,712,404,308,56.74157303370787
Pine Nut Hummus,409,246,163,60.14669926650367
Sauvignon Blanc Napa Valley 2006,18,11,7,61.111111111111114
Heavy Duty Aluminum Foil 50 Sq. Ft.,6,1,5,16.666666666666664
Shelled Soybeans Edamame,1050,425,625,40.476190476190474
Creamer Peppermint Chocolate Truffle,12,3,9,25.0
Eco-Foil Pot Pie Pans & Lids (5 in dia. x 1 5/8 in),8,0,8,0.0
Goober Grape Peanut Butter and Jelly Spread,127,46,81,36.22047244094488
All Natural Gourmet Corn Bread Mix,52,12,40,23.076923076923077
Butter Spreadable with Canola Oil Tub,414,234,180,56.52173913043478
Gluten Free Old Fashioned Rolled Oats,5194,2395,2799,46.1108971890643
Graduates Waffle Wheels Banana Cream,29,10,19,34.48275862068966
Banana Cream Crunch,45,25,20,55.55555555555556
Steakburger Buns,60,15,45,25.0
Lady Fingers Biscotti,98,45,53,45.91836734693878
Teriyaki Canned Meat,25,6,19,24.0
"Clara Imported Beer Mazaflan, Mexico",49,12,37,24.489795918367346
Variety Pack Grab & Snack,5,1,4,20.0
40 Flavors Jelly Beans,43,13,30,30.23255813953488
Ultra Healing Extra Dry Skin Moisturizer,27,8,19,29.629629629629626
Wavy Hickory BBQ,252,109,143,43.25396825396825
Organic Free Range Chicken Broth,12849,5976,6873,46.5094559887929
Hickory Smoked Barbecue Sauce,24,7,17,29.166666666666668
Moisture Blast Body Wash,29,12,17,41.37931034482759
Organic Classic Original Hummus,116,45,71,38.793103448275865
Honey Vanilla Chamomile Caffeine-Free Herbal Tea,937,257,680,27.42796157950907
"Champagne, Extra Dry, Sparkling California",268,137,131,51.11940298507462
Pumpkin Loaf Cake,5,0,5,0.0
PM Pain Reliever and Nighttime Sleep Aid Liquid Gels,20,3,17,15.0
Red Zone® Swagger® Scent Men's Body Spray,15,4,11,26.666666666666668
Hazelnut Praline Chocolate Bar,126,79,47,62.698412698412696
Goat's Milk Ice Cream Deep Chocolate,151,99,52,65.56291390728477
Sliced Portabella,14,3,11,21.428571428571427
Jalapeno Shredded Cheese,22,10,12,45.45454545454545
"Crackers, Mediterranean, Rosemary Cheese",74,40,34,54.054054054054056
"For Frizzy, Dry, Unmanageable Hair Sleek & Shine Shampoo",162,39,123,24.074074074074073
Cherry Caffeine Free Unsweetened Soft Drink Mix,95,51,44,53.68421052631579
Organic White Rice Flour,32,0,32,0.0
2x Ultra Liquid Laundry Detergent,80,39,41,48.75
Microwave in Bag Green Beans,2439,1256,1183,51.49651496514965
French Wine Aperitif,24,10,14,41.66666666666667
Basic Double Rolls Toilet Tissue,184,51,133,27.717391304347828
Seasoned Southern Style Red Beans And Rice,1,0,1,0.0
Lite Raspberry Walnut Vinaigrette Dressing,116,27,89,23.275862068965516
Caribbean Jerk Marinade,78,24,54,30.76923076923077
Organic ZFruit Rope Fruit Punch Flavor,3,0,3,0.0
Lentil And Rice (Creamy Coconut),6,3,3,50.0
Classic Chocolate Mix Assortment,38,18,20,47.368421052631575
Dill & Sour Cream Plentils,548,338,210,61.67883211678832
Buttered Popcorn,256,118,138,46.09375
Crunchy Cheese Flavored Snacks,902,417,485,46.230598669623056
Organic Black Seeds Sesame,47,5,42,10.638297872340425
Crunchy Chocolate Bliss Coconut Chips,4,0,4,0.0
Platinum Wide Mouth Pint Jars,29,4,25,13.793103448275861
Premium Cuts Tuna Entree In Gravy Cat Food,13,8,5,61.53846153846154
"Fish Oil, Omega Swirl, Lemon Zest",35,8,27,22.857142857142858
Dark Chocolate with 88% Cocoa,1802,1174,628,65.14983351831299
Poultry And Seafood Wet Cat Food Variety Pack,14,4,10,28.57142857142857
Brightly Paper Towels Lint Free Giant Roll,142,59,83,41.54929577464789
Organic Italian Balsamic Vinegar,237,29,208,12.236286919831224
Strengthening Peppermint Conditioner,18,0,18,0.0
"Corn Flour, Golden, Masa Harina",5,1,4,20.0
Dietary Supplement Melatonin TR Time Release 5 mg - 100 CT,7,1,6,14.285714285714285
Small Sterile Gauze Pads,3,0,3,0.0
"Corn Chips Mexican Style, No Salt",50,17,33,34.0
Salt & Pepper Shakers,122,15,107,12.295081967213115
Madagascar Vanilla Bean Pudding,10,3,7,30.0
Blueberry Pancakes 12 Count,57,33,24,57.89473684210527
Robert Mondavi Pinot Grigio California 2013,9,2,7,22.22222222222222
Original Seafood Stock,60,10,50,16.666666666666664
Gin Gins Spicy Apple Ginger Chews,194,93,101,47.93814432989691
Raw Hummus,557,399,158,71.63375224416517
Beef Chuck Steak Boneless,29,8,21,27.586206896551722
Vegan Conditioner Nourishing Non GMO Hemp + Argan Oil,10,2,8,20.0
Texas Toast Bread,120,59,61,49.166666666666664
Wild Rose Body Oil,32,7,25,21.875
Friskies Pull 'n Play Tender Strings - Salmon & Shrimp Flavors Cat Treats,25,10,15,40.0
Grilled Turkey Feast in Gravy Cat Food,292,174,118,59.589041095890416
Organic Poppy Seed,224,7,217,3.125
Dairy Free Coconut Milk Chocolate Frozen Dessert,339,98,241,28.908554572271388
Raisin Cinnamon Swirl Bread,997,587,410,58.876629889669005
Teriyaki Noodles Asian Sides,113,54,59,47.78761061946903
Lemon Herb Aioli,34,7,27,20.588235294117645
Yellow Corn Taco Shells - 12 CT,1108,528,580,47.65342960288809
Men's Multivitamin Adult Gummies,37,6,31,16.216216216216218
Central Coast Merlot,14,8,6,57.14285714285714
Shredded Red Cabbage,1912,951,961,49.738493723849366
Italian Style Boneless Skinless Chicken Breasts,75,19,56,25.333333333333336
Fat Free Cottage Cheese,551,358,193,64.97277676950998
Moisture Rich Luxurious Shampoo with Pump,56,11,45,19.642857142857142
Clif Bar Nut Butter Filed Chocolate Hazelnut Butter 4 Ct 7.04 Oz,73,47,26,64.38356164383562
Method 10oz foaming hand wash juicy pear,186,77,109,41.39784946236559
"Potato Chips, Sweet Potato",22,9,13,40.909090909090914
Mozzarella Cheese Slices,117,46,71,39.31623931623932
Maximum Strength Original Diaper Rash Ointment,107,34,73,31.775700934579437
Mr. Cheese O's Cheese Grain,39,23,16,58.97435897435898
Wicked Texture Styling Pomade,24,5,19,20.833333333333336
Crumbled Goat Cheese Cranberry & Tarragon,16,3,13,18.75
Diet Cranberry Pineapple Juice Drink,15,7,8,46.666666666666664
Egg Lasagna Sheets,50,14,36,28.000000000000004
Pepper Sauce,512,150,362,29.296875
Cheesy Scalloped Potatoes,124,39,85,31.451612903225808
Lobster Stock,6,0,6,0.0
Pineapple Chunks,24950,14300,10650,57.31462925851704
Soft & Smooth Made with Whole Grain White Twin Pack Bread,180,90,90,50.0
Baking Soda,1614,461,1153,28.562577447335812
Roasted Red Peppers In Water,196,59,137,30.102040816326532
Gluten-Free Everything Hummus,42,14,28,33.33333333333333
"Bananas, Raspberries & Oats Organic Baby Food",1773,1081,692,60.97010716300056
"Milanoe, Bitter",104,37,67,35.57692307692308
Bakeries Smart Pockets,10,4,6,40.0
Chicken Breast Jerky with Flaxseed & Vitamins Treats For All Dogs,16,3,13,18.75
1/3 Less Fat Cream Cheese,1252,718,534,57.34824281150159
Natural Buttermilk Pancake & Waffle Mix,1942,853,1089,43.92378990731205
Tropical Flavored Sports Drink,396,219,177,55.3030303030303
Squeeze 60% Vegetable Oil Spread,33,20,13,60.60606060606061
Ultimate Omega 1280mg omega-3,201,63,138,31.343283582089555
Honest Soothing Bottom Wash,16,1,15,6.25
Non Fat Black Cherry on the Bottom Greek Yogurt,4663,3160,1503,67.76753163199658
Organic Oranges,15,4,11,26.666666666666668
Mozzarella Fresca Ovoline,16,2,14,12.5
Vanilla Pure Almond Milk,11455,7944,3511,69.34962898297687
Allergy 24 Hour 10mg (Individual Blisters) Tablets,66,22,44,33.33333333333333
Ice,2726,1801,925,66.06749816581072
The Ultimate Beefless Burger,1214,680,534,56.01317957166392
Sweet & Sour Mix,32,7,25,21.875
3 Year Heritage White Cheddar,7,0,7,0.0
Sweet Tamarind,15,1,14,6.666666666666667
"Extra Strength Acetaminophen, Aspirin (NSAID) and Caffeine Caplets Pain Reliever/Pain Reliever Aid",111,32,79,28.82882882882883
6 Inch Dessert Plates,411,144,267,35.03649635036496
Women's Strawberry Tangerine Twist Shave Gel,81,35,46,43.20987654320987
FiberPlus Antioxidants Protein Peanut Chewy Bars,22,12,10,54.54545454545454
Triple Zero Banana Creme Oikos Greek Yogurt,163,92,71,56.44171779141104
Stain Remover & Color Booster,8,0,8,0.0
Chocolate Snap Pie Crust,11,3,8,27.27272727272727
Pitted Red Tart in Water Cherries,57,11,46,19.298245614035086
Nutri-Grain Chocolate Raspberry Bar,2,0,2,0.0
"Paste, Red Curry",23,3,20,13.043478260869565
Gourmet White Popcorn,20,12,8,60.0
Cafe Steamers Beef Merlot Gluten Free,213,102,111,47.88732394366197
Calorie Free Jamaican Ginger Ale,68,37,31,54.41176470588235
Pocket Pack Facial Tissue 2 Ply Packs,16,6,10,37.5
Blue Diamond Almond Breeze Vanilla Almond Milk,255,164,91,64.31372549019608
Plain Pre-Sliced Bagels,8900,5984,2916,67.23595505617978
"Almond And Shea Butter Moisturizing Shampoo, for Dry Damaged Hair",40,9,31,22.5
Simple Favorites Lasagna with Meat Sauce,1797,974,823,54.20144685587089
Freeze Dried Apple & Mango Tiny Fruits,449,255,194,56.792873051224944
All Natural Teriyaki Turkey Jerky,87,41,46,47.12643678160919
Quick Cooking Rolled Oats Irish Oatmeal,2582,1485,1097,57.5135553834237
Organic Pure Vanilla Extract,7,0,7,0.0
Hemorrhoidal Suppositories,35,13,22,37.142857142857146
Pull‑Ups Learning Designs Boys Size 2T-3T Training Pants Disney Pixar,37,7,30,18.91891891891892
Bold & Spicy,36,8,28,22.22222222222222
Sunset Blend Gluten Free Granola,28,16,12,57.14285714285714
Power C Machine All Natural Fruit + Boost Juice Smoothie,932,495,437,53.11158798283262
Chocolate Malt Frozen Custard,6,3,3,50.0
Organic Wedge Cut Oven Fries,554,277,277,50.0
Everyday Coconut Body Lotion,68,9,59,13.23529411764706
Pure Magnesium Oil,26,0,26,0.0
Light days Long Liners,17,1,16,5.88235294117647
Clip-on Toothbrush Protector,27,8,19,29.629629629629626
Better Beets Fruit & Vegetable Juice,5,0,5,0.0
Rosenberg Danish Blue Cheese Traditional,37,6,31,16.216216216216218
Delicious Din Din 2 (6 Months+) Variety Pack,26,9,17,34.61538461538461
Organic Plain Coconut Milk Yogurt,112,45,67,40.17857142857143
Veggies Peas Carrots & Beets Baby Food,13,4,9,30.76923076923077
Universal Pectin,71,6,65,8.450704225352112
Straw-Ber-Rita Margarita with a Twist,13,2,11,15.384615384615385
Split Pea Soup Low Sodium,9,1,8,11.11111111111111
Organic Ancient Grains Granola,893,386,507,43.225083986562154
Hazelnut K-Cup Packs Coffee,11,3,8,27.27272727272727
Cheddar Cheese Rice Crisps,715,432,283,60.41958041958042
Heart Healthy Italian-Style Wedding Meatballs Soup,2,0,2,0.0
All Hair Types Wax Strips Legs & Body,19,4,15,21.052631578947366
Whole Grain Organic Soy Flax Waffles 6 ct,61,22,39,36.0655737704918
Vitamin D3 5000 IU,60,10,50,16.666666666666664
50% Less Sodium Kidney Beans,479,174,305,36.32567849686848
Gluten-Free Sour Cream & Onion Quinoa Chips,162,85,77,52.46913580246913
100 Calorie Healthy Pop Butter 1.2 Oz Mini Bags Microwave Pop Corn,275,135,140,49.09090909090909
Le 100% Chocolate Bar,33,22,11,66.66666666666666
Mint Carob Chip Non Dairy Dessert,8,4,4,50.0
Sparkling Elderflower Juice,160,68,92,42.5
Aged White Cheddar Baked Rice And Corn Puffs,1649,956,693,57.97453001819285
Unstopables Downy Unstopables Lush In-Wash Scent Booster Fabric Enhancer 13.2oz Fabric Enhancers,52,20,32,38.46153846153847
Snacks Restaurant Style White Corn Tortilla Chips,24,15,9,62.5
Blueberry Nonfat Yogurt,18,12,6,66.66666666666666
Louisiana Seasoned,35,13,22,37.142857142857146
Raspberry Yoghurt,8368,5116,3252,61.137667304015295
Windex Electronic Wipes,63,11,52,17.46031746031746
Organic Poppy Seeds,64,4,60,6.25
Organic Brown Basmati Rice,161,52,109,32.298136645962735
Strawberry Cream Pie Pops,37,12,25,32.432432432432435
Way Better Snacks Sweet Potato Corn Tortilla Chips,16,4,12,25.0
Multi Complete With Iron Tablets,37,1,36,2.7027027027027026
Cat Treats - Mix Ups Catnip Fever,108,69,39,63.888888888888886
MONINI EVOO  WHITE TRUFFLE,92,42,50,45.65217391304348
Miso & Hijiki Seaweed Salad,25,6,19,24.0
Roasted Garlic & Peppercorn Dressing & Quick Marinade,15,8,7,53.333333333333336
Pasta Salad,43,18,25,41.86046511627907
"Marinara, Indulgent, Caramelized Onion & Butter",37,16,21,43.24324324324324
Jalapeno Stuffed Olives,186,82,104,44.086021505376344
Organic Chicken Noodle Soup,6499,2670,3829,41.08324357593476
"Culinary Stock, Beef Style",423,118,305,27.89598108747045
Organic Kale Krunch Superfood,842,509,333,60.451306413301666
Light Creamy Swiss Flavor Spreadable Cheese Wedges,91,34,57,37.362637362637365
"Bread, Organic, Spelt",12,2,10,16.666666666666664
Mmm...Super Yummy Chocolate Cake Mix,2,0,2,0.0
Grape White/Green Seedless,38971,25968,13003,66.6341638654384
Children's Grape 24-Hour,29,2,27,6.896551724137931
Sugarfree Cinnamon Chewing Gum,378,225,153,59.523809523809526
"Tortilla Chips, Organic, Ancient Grains",46,19,27,41.30434782608695
Roasted Chicken & Garden Vegetables,23,4,19,17.391304347826086
Wild Lavender Honey,17,3,14,17.647058823529413
Children's Chestal Homeopathic Medicine,88,8,80,9.090909090909092
"Chao, Vegan, Tomato Cayenne, Slices",1097,619,478,56.42661804922516
Pineapple Slices In 100% Pineapple Juice,235,64,171,27.23404255319149
Kitchen Scrubber Sponges,58,27,31,46.55172413793103
Organic Really Peely Bendy Berry Fruit Tape,1263,587,676,46.476642913697546
Cardamon Cinnamon Tea Bags,39,4,35,10.256410256410255
Sensitive Fluoride Free Natural Toothpaste Wintermint,130,40,90,30.76923076923077
Raw Shelled Hempseed,22,2,20,9.090909090909092
Romano Freshly Shredded Cheese,24,7,17,29.166666666666668
Savory Shreds with Salmon in Sauce Cat Food,121,86,35,71.07438016528926
Power & Fresh Cling Gel Country Scent Toilet Bowl Cleaner,11,2,9,18.181818181818183
Grand Vanilla Ice Cream,276,107,169,38.768115942028984
Bean Soup Mix,17,6,11,35.294117647058826
Reduced Fat Graham Pie Crust,11,0,11,0.0
Specialties Pitted Kalamata Olives,208,65,143,31.25
Nourishing Lavender Conditioner,156,13,143,8.333333333333332
Complete Skillet Meal For Two Beef & Broccoli,87,26,61,29.88505747126437
Jamaican Citrus Sparkling Calming Beverage,64,42,22,65.625
Sea Salt Caramel Popcorn,34,6,28,17.647058823529413
Peaches,2913,1918,995,65.84277377274287
All Natural Coconut Water,834,652,182,78.17745803357315
Cheesy Jalapeno Popped Corn Chips,206,142,64,68.93203883495146
Olive Oil Mayonnaise,30,6,24,20.0
Yucca Root,305,129,176,42.295081967213115
Mojito,4,0,4,0.0
Microwaveable Lite Syrup,11,1,10,9.090909090909092
"Quinoa Puffs, Sea Salt Truffle",180,95,85,52.77777777777778
Peach Punch Juice,100,54,46,54.0
Cream Cheese Stuffed Jalapenos Poppers,57,17,40,29.82456140350877
Provolone Slices,3940,1966,1974,49.898477157360404
Activated Charcoal,93,28,65,30.107526881720432
Wavy Organic Sea Salted Potato Chips,7,4,3,57.14285714285714
Honey'd Corn Flakes,115,61,54,53.04347826086957
Curly Parsley,245,74,171,30.20408163265306
Disney Frozen Kids Yogurt,323,211,112,65.3250773993808
Premium Roman Beans,8,5,3,62.5
Creamy Supreme Frosting Coconut Pecan,3,0,3,0.0
Eat Your Colors Reds Puree Baby Food,333,117,216,35.13513513513514
Deep Sleep Herbal Formula,11,3,8,27.27272727272727
Sweet Traditions Fresh Cut Sweet Potatoes in Light Syrup,4,1,3,25.0
Handle-Tie Kitchen Bags Tall - 26 CT,31,9,22,29.03225806451613
Hamburger Buns 8 Ct,185,89,96,48.10810810810811
Vegetable Egg Flower Soup Mix,2,0,2,0.0
Organic Mountain Berry Spinach,588,403,185,68.5374149659864
Microfiber Cleaning Pad,35,4,31,11.428571428571429
"Baking Flour, 1 to 1",40,12,28,30.0
Org Romaine Hearts 3 Pk,311,134,177,43.08681672025724
Half Sour Garlic & Dill Pickles,52,29,23,55.769230769230774
Creamy Four Cheese Rice,167,76,91,45.50898203592814
Colombia Luminosa Light Roast Coffee,87,56,31,64.36781609195403
Organic Ground Cumin,4025,597,3428,14.832298136645964
Big Easy Jambalaya Rice,9,2,7,22.22222222222222
Echinacea Liquid Herbal Extract,15,6,9,40.0
Korean Sweet Chili Noodle Bowl,88,33,55,37.5
Halloween Peanut Butter Pumpkins Snack Size,17,4,13,23.52941176470588
Grabber Pear Sweet Potayo Yogurt Oat,15,6,9,40.0
Shredded Mild Cheddar,27,3,24,11.11111111111111
Organic Bosc Pear,21431,14607,6824,68.15827539545518
Vanilla Bean Greek Frozen Yogurt,27,13,14,48.148148148148145
Organic Pacific Nori,548,127,421,23.175182481751825
Craisins Milk Chocolate Covered Dried Cranberries,21,4,17,19.047619047619047
Yellow Edition Tropical Energy Drink,80,51,29,63.74999999999999
Skinless & Boneless Sardines in Olive Oil,22,7,15,31.818181818181817
Original English Muffin,21,4,17,19.047619047619047
Dry Sweeping Refills  X-Large,39,3,36,7.6923076923076925
Elderberry & Zinc Lozenges,41,4,37,9.75609756097561
Cactus Water,19,7,12,36.84210526315789
Asparagus,67283,41585,25698,61.80610258163281
Bag'N Season Pork Chops Seasoning Mix,19,3,16,15.789473684210526
Deluxe Beef Stroganoff Hamburger Helper,220,76,144,34.54545454545455
Garlic & Chive Hummus,223,85,138,38.11659192825112
Xtreme Defense 5 Arctic Refresh Scent Invisible Solid Anti-Perspirant & Deodorant,4,0,4,0.0
Organic Coconut Spread,1416,784,632,55.367231638418076
Alexander Valley Chardonnay Wine,5,0,5,0.0
Zero Calorie Arnold Palmer Half Iced Tea & Half Lemonade,27,10,17,37.03703703703704
Allergy Ultratab Tablets,238,65,173,27.310924369747898
Whole Wheat Baguette,257,164,93,63.81322957198443
"Pasta Sauce, Homestyle, Meatless, Quart Size",53,40,13,75.47169811320755
Ground Buffalo,5691,4081,1610,71.70971709717097
Baked Chicken Meatballs,46,15,31,32.608695652173914
Real Cheddar Baked Cheese Puffs,1690,1159,531,68.57988165680473
Organic Bakery Hamburger Buns Wheat - 8 CT,1368,491,877,35.89181286549707
Santa Brownies,19,2,17,10.526315789473683
Tallulah Extra Pale Ale,28,12,16,42.857142857142854
Creamy Swiss French Onion Wedges Cheese,229,93,136,40.61135371179039
Chocolate Caramel Protein Snack Bar,135,71,64,52.59259259259259
Mint Moose Tracks Ice Cream,5,1,4,20.0
Tortillas De Maiz (Corn Tortillas),54,15,39,27.77777777777778
Ultra Soft Toilet Paper,1143,588,555,51.44356955380578
Herbal Tea Wild Berries,14,2,12,14.285714285714285
Coffee Toffee Ice Cream,8,0,8,0.0
Energizing Lemon Mineral Bath,13,7,6,53.84615384615385
Wholly Cow! Beef Pate and Vegetables Cat Food,109,57,52,52.293577981651374
Lightly Toasted Creamy Almond Butter,615,329,286,53.49593495934959
Steak Sauce,711,147,564,20.675105485232066
Crst 3 D Wht Brl Mnt4.1 Z,3,0,3,0.0
Sliced Water Chestnuts,3243,1080,2163,33.30249768732655
Organic Autumn Salad,5,0,5,0.0
Caramel Puffcorn,9,2,7,22.22222222222222
Organic Ginger Limeade Fruit Juice Drink,881,501,380,56.8671963677639
Organic Roasted Garlic & Herbs Culinary Spread,26,3,23,11.538461538461538
Gfluten Free Coconut Macaroona,22,13,9,59.09090909090909
Raspberry Cheesecake Gelato,213,56,157,26.291079812206576
The Mission Raw Honey,127,56,71,44.09448818897638
Onion,52,10,42,19.230769230769234
Original Kettle Cooked Sweet Potato Chips,265,99,166,37.35849056603773
100% Premium Select Not From Concentrate Pure Prune Juice,305,195,110,63.934426229508205
Goat Milk Mozzarella Cheese,21,9,12,42.857142857142854
Peanut Butter Pretzel Sandwiches,123,51,72,41.46341463414634
Plain Dairy Free Cream Cheese Alternative Classic,207,95,112,45.893719806763286
Organic Microgreens Kale,19,6,13,31.57894736842105
Vanilla Non Dairy Frozen Dessert,326,153,173,46.93251533742331
Poppycock Cashew Lovers,85,58,27,68.23529411764706
Naturally Light Indian Tonic Water,853,499,354,58.49941383352872
Blueberry Passion Fruit Sorbetto,572,291,281,50.87412587412587
Roasted Raspberry Chipotle Sauce,11,1,10,9.090909090909092
Deluxe Minis Original Cookies Variety Pack,17,5,12,29.411764705882355
Organic Greek Nonfat Yogurt With Mixed Berries,6891,4505,2386,65.37512697721665
Brown Bread,10,6,4,60.0
Kentucky Straight Bourbon Whiskey,880,597,283,67.8409090909091
Light Chicken & Dumplings Soup,3,0,3,0.0
"Go Fresh Cool Moisture Body Wash, Cucumber & Green Tea Scent",20,11,9,55.00000000000001
"Fruit Spread, Strawberry",1354,585,769,43.20531757754801
Nighttime Teething Tablets,10,2,8,20.0
Pecan Pieces,73,19,54,26.027397260273972
Granite Wipes,37,12,25,32.432432432432435
Coffee Almond Crunch Bar,60,17,43,28.333333333333332
Stimulant Laxative,20,5,15,25.0
Gluten Free Ginger Snaps,248,95,153,38.306451612903224
"Louis Jadot Chardonnay, Macon Villages",35,21,14,60.0
Organic Red On the Vine Tomato,11466,5893,5573,51.39542996685854
Scented Oil Refills Fresh Waters,46,16,30,34.78260869565217
Organic Soups Low Fat Split Pea,1133,543,590,47.92586054721977
Key Lime Sugar Free Sparkling Water,203,164,39,80.78817733990148
Chalk - 12 CT,9,4,5,44.44444444444444
Tasters Choice Stick Vanilla,38,21,17,55.26315789473685
High Potency Biotin 5 mg Vegan Capsules,54,16,38,29.629629629629626
"Baby Food Pouch - Kale, Sweet Corn & Quinoa",1022,665,357,65.06849315068493
Cocoa Krispies Cereal,870,474,396,54.48275862068965
Black Mission Fig Jam,5,1,4,20.0
Graduates Puffs Cereal Snack Blueberry,244,119,125,48.77049180327869
Black Currant Blueberry Juice,7,0,7,0.0
Vanilla Multigrain Cereal,15,3,12,20.0
7 Whole Grain Honey Puffs Cereal,94,49,45,52.12765957446809
Sweet Soy Sauce,5,0,5,0.0
Whole Milk Vanilla Yogurt,23,14,9,60.86956521739131
Freshly made pasta in a Real Cheddar cheese sauce Macaroni & Cheese,1794,1123,671,62.59754738015607
Original Tofurky Deli Slices,2236,1529,707,68.38103756708408
"Sparkling Water, Cran-Raspberry",118,25,93,21.1864406779661
Organic Peanut Oil,402,111,291,27.611940298507463
Lavender Relaxing Essential Oil,14,0,14,0.0
Irish Creme Cafe Gourmet Coffee Creamer,53,19,34,35.84905660377358
Whole Wheat Blend Pancake & Waffle Mix,23,10,13,43.47826086956522
Semolina Flour,637,110,527,17.26844583987441
Traditional Rope Hung Smoked Scottish Salmon,28,7,21,25.0
Healthy Teeth & Gums Whitening Toothpaste Peppermint Twist,12,3,9,25.0
Original Lapanzena Mini Crackers,5,0,5,0.0
Mashed Potatoes & Mixed Vegetables Classic Fried Chicken Strips,11,1,10,9.090909090909092
Black Raspberry/Cherry Limeade/Orange Mango/Kiwi Strawberry Sparkling Water,83,40,43,48.19277108433735
Low Sodium Vegetable 100% Juice,2,0,2,0.0
Petite Cut Diced Tomatoes with Zesty Jalapenos,64,44,20,68.75
Potato Chips Bar-B-Q Flavored Family Size,15,9,6,60.0
Creme Brulee,98,43,55,43.87755102040816
Gravy Sensations Surfin' & Turfin' Favorites Variety Pack Cat Food,16,8,8,50.0
Daily Intimate Wash Odor Block,47,18,29,38.297872340425535
All-In-One Nutritional Shake French Vanilla,124,46,78,37.096774193548384
Lavender & Witch Hazel Alcohol-Free Toner,111,25,86,22.52252252252252
Fresh 'n Clean Sliced Mushrooms,202,99,103,49.00990099009901
Tea Tree and E Oil,3,0,3,0.0
Pink Himalayan Salt Mill,28,3,25,10.714285714285714
Organic Triple Fiber Flaxseed-Oat Bran-Acacia Dietary Supplement,36,9,27,25.0
Gel Hand Wash Refill Sweet Water,273,107,166,39.1941391941392
Women's Pink Ear Plugs and Case,9,3,6,33.33333333333333
Low Sodium Gluten Free Fat Free Original Hommus,14,5,9,35.714285714285715
Herbed Chicken Couscous,398,146,252,36.68341708542713
Total 0% Blueberry Acai Greek Yogurt,5976,4311,1665,72.13855421686746
Obsidian Eyeliner Pencil,4,0,4,0.0
Organic Gluten Free Brown Rice Flour,140,23,117,16.428571428571427
Sparkling Black Raspberry Beverage,55,18,37,32.72727272727273
Non Alcoholic Amber Beer,76,42,34,55.26315789473685
Lemon Manuka Honey Nuggets,3,0,3,0.0
Ready To Drink Cold Brew Coffee,14,3,11,21.428571428571427
Vitamin Code Raw One For Women Vegetarian Capsules,12,1,11,8.333333333333332
"Napa Valley Homemade Sauce Parmesan, Asiago & Romano",13,6,7,46.15384615384615
100% All Cranberry Juice,32,13,19,40.625
Milk Chocolate Peanut Butter Cups,628,364,264,57.961783439490446
Original Canned Diced Tomatoes & Green Chilies,514,208,306,40.46692607003891
Oyster Sauce,736,107,629,14.538043478260871
Fire Roasted Diced Tomatoes With Seasonings,102,33,69,32.35294117647059
Greek Yogurt Black Cherry,12,0,12,0.0
Regular Strength Acid Reducer,17,2,15,11.76470588235294
Sour Gold Bears,25,16,9,64.0
Banana Oat Bars,100,67,33,67.0
Organic Pineapple Cottage Cheese,12,4,8,33.33333333333333
Large Household Latex Gloves,6,1,5,16.666666666666664
4% Milkfat Small Curd Grade A Pasteurized Cottage Cheese,706,455,251,64.44759206798867
No Salt Added Fresh Cut Green Beans,30,7,23,23.333333333333332
Wet Cloth w/ Gain,5,0,5,0.0
Organic Unpasteurized Unfiltered Apple Cider Vinegar,19,3,16,15.789473684210526
Spicy Black Bean Burger,566,319,247,56.360424028268554
Santa Fe Style Rice & Beans,53,32,21,60.37735849056604
London Broil,15,7,8,46.666666666666664
Classic Green Tea,2023,1050,973,51.903114186851205
Favorites Super Moist Butter Recipe Yellow Cake Mix,250,40,210,16.0
Kombu,48,7,41,14.583333333333334
Sweet Chilli Sauce,418,116,302,27.751196172248804
Ice Cream Chocolate,19,12,7,63.1578947368421
Rice Mac & Cheese,3278,2223,1055,67.8157413056742
Chicken Flavored Mexican Rice,217,62,155,28.57142857142857
Hamburger Helper Italian Four Cheese Lasagna,127,44,83,34.645669291338585
"Lightdays® Pantiliners, Regular",51,16,35,31.372549019607842
ForceFlex Medium Quick-Tie Garbage,289,93,196,32.17993079584775
HELLO Toffee Bites,23,12,11,52.17391304347826
Mango Yogurt,33,20,13,60.60606060606061
Basic Select-A-Size Paper Towels,62,35,27,56.451612903225815
Everyday Shea Body Lotion,41,3,38,7.317073170731707
Awapuhi Ginger Shampoo,7,0,7,0.0
XL Milk Chocolate Peanut Butter Candy Bar,28,10,18,35.714285714285715
Fancy Crab Meat with Leg Meat,20,3,17,15.0
Cocoa + Coconut Almond Butter,137,51,86,37.22627737226277
Bittersweet Chocolate with Chopped Hazelnuts,17,10,7,58.82352941176471
Organic Jambalaya Soup & Seasoning Mix,36,10,26,27.77777777777778
Small Shells,52,25,27,48.07692307692308
"Organic Echinacea Plus, Caffeine Free Herbal Tea",220,67,153,30.454545454545457
Organic Blueberry Blast Z Fruit + Veggie Rope,335,187,148,55.82089552238806
Organic Eucalyptus Oil,52,12,40,23.076923076923077
Pinwheels Fudge & Marshmallow Cookies,125,74,51,59.199999999999996
Green Chard,121,38,83,31.40495867768595
7OZ SAUSAGE GRAVY BOWL,182,107,75,58.791208791208796
Cola,11585,7685,3900,66.33577902460077
Fond De Poulet Gold Stock,4,0,4,0.0
Chef's Favorites Lightly Sauced Primavera Vegetable Risotto,12,2,10,16.666666666666664
Unsweetened Original Almond Breeze Almond Milk,34583,24690,9893,71.39345921406472
Spring Mix,3094,1446,1648,46.735617323852615
Mild Mandarin Orange Stir-Fry Sauce,5,0,5,0.0
Gluten Free Chicken Puttanesca,35,16,19,45.714285714285715
Beet,91,44,47,48.35164835164835
Pure & Clear Concentrated Dish Liquid,55,12,43,21.818181818181817
Deli Halves Kosher Dill Pickles,6,3,3,50.0
Source Kill Max For Large Roaches Bait Stations,14,0,14,0.0
G Series Perform Frost Glacier Freeze Sports Drink,146,101,45,69.17808219178082
Baba Ghanoug,28,15,13,53.57142857142857
Natural Dark Chocolate Bar,1154,703,451,60.91854419410745
Curried Lentil Soup,524,197,327,37.595419847328245
Coconut Almond Unsweetened Creamer Blend,5054,3070,1984,60.743965176098136
Espresso Roast Ground Coffee,461,309,152,67.02819956616052
"Maxi Pads, Overnight",65,33,32,50.76923076923077
2 Brooms and 1 Dustpan Set,24,2,22,8.333333333333332
Hair Expertise Ever Pure Blonde Shampoo,6,0,6,0.0
Red Radishes,13,5,8,38.46153846153847
Caramel Apples,15,4,11,26.666666666666668
Caramel Macchiato Gourmet Coffee Creamer,922,570,352,61.82212581344903
Round Party Pics,16,0,16,0.0
Aged White Cheddar Veggie Chips,5,1,4,20.0
Organic Sea Salt 70% Dark Chocolate,251,134,117,53.38645418326693
Organic Sunny Days Apple Snack Bars,2452,1615,837,65.86460032626428
Whole Grain Brown Rice Thin Cakes,467,249,218,53.319057815845824
100% O-J Juice,550,297,253,54.0
Diced Onion Greek Yogurt Dip,18,8,10,44.44444444444444
Fun Size Peanut Chocolate Candies,36,15,21,41.66666666666667
"Toy & Table Cleaner, Free & Clear, Disney Baby",8,1,7,12.5
Very Emollient Original Body Lotion,7,1,6,14.285714285714285
Sweet & Spicy Herbal & Black Tea,193,75,118,38.860103626943
Blueberry Swirl,110,65,45,59.09090909090909
Comforting Geranium Aromatherapy Mineral Bath,50,20,30,40.0
"Smmmile, It's Three Cheesy Macaroni & Cheese Dinner",246,122,124,49.59349593495935
Tooth Flossers,18,2,16,11.11111111111111
Peach Apricot & Banana Stage 2 Baby Food,159,108,51,67.9245283018868
Spanish Rice Rice Mix,451,137,314,30.376940133037696
Reese's Peanut Butter Chocolate Dessert Bar Mix,7,0,7,0.0
Original Green SuperFood Powder,196,82,114,41.83673469387755
Mint Fudge Cookie Kandy Bars,5,0,5,0.0
Pineapple Sherbet,11,3,8,27.27272727272727
Spreadable Butter with Canola Oil,3412,2011,1401,58.9390386869871
SPF 30 Mineral Sheer Moisturizer,6,0,6,0.0
ProteinPLUS Multigrain Angel Hair Pasta,366,149,217,40.7103825136612
Whole Bean Toasted Southern Pecan,4,0,4,0.0
Black Currant Fruit Spread,166,53,113,31.92771084337349
Kosher Matzo Meal For Passover,8,1,7,12.5
Mediterranean Lavender Air Freshener,24,5,19,20.833333333333336
Farmstand Flaxbread Breakfast Sandwich,403,167,236,41.43920595533499
Roasted Garlic Alfredo Pasta Sauce,615,216,399,35.12195121951219
Choose A Sheet Big Rolls 1 Ply Vantage Paper Towels,279,99,180,35.483870967741936
Naturals Aloe Vera & Avocado Nourishing Moisture Shampoo,32,5,27,15.625
Snack Pack Classic Original Hommus With Chips,1669,1190,479,71.3001797483523
Steamers Baby Brussel Sprouts & Butter Sauce,579,240,339,41.45077720207254
Cashmere Woods Air Freshener,87,37,50,42.5287356321839
Rotelle,25,9,16,36.0
Kidz 250 Mg Vitamin C Fizzy  Fruit Punch Drink Mix,8,2,6,25.0
"Soy Station Cheddar, Jack & Mozarella Style Cheese-Alternative Shreds",30,10,20,33.33333333333333
Organic Sesame Seeds,153,24,129,15.686274509803921
Ritz Southwest Chili Chips,6,1,5,16.666666666666664
Coffee Lowfat Yogurt,43,35,8,81.3953488372093
Whole Grain Savory Crisps,141,50,91,35.46099290780142
Automatic Dishwashing Detergent Pods Fragrance Free,178,83,95,46.62921348314607
Allergies Grape Syrup,65,28,37,43.07692307692308
Dairy Free Pumpkin Spice Coconut Milk Beverage,18,4,14,22.22222222222222
Organic Hass Avocado,213584,170131,43453,79.65531125927036
Fresh Farmed Tilapia Fillet,11,4,7,36.36363636363637
Kettle Cooked Potato Chips Original,1051,653,398,62.131303520456704
Organic Whole Grain Mixed Grain Cereal Apple Sweet Potato,72,29,43,40.27777777777778
Strawberry Banana Nonfat Yogurt,26,14,12,53.84615384615385
Extra Strength Sore Throat & Cough Mixed Berry Lozenges Oral Pain Reliever/Cough Suppressant,41,3,38,7.317073170731707
Safe-Cut Can Opener,3,0,3,0.0
Small White Beans,479,140,339,29.227557411273487
Coconut Macadamia Protein Bliss Energy Ball,46,30,16,65.21739130434783
Caramel Cookie Layer Crunch Chocolate Bars,5,0,5,0.0
Italian Style Breadcrumbs,32,5,27,15.625
Hazelnut Swirl Cookies & Cream Spread,11,4,7,36.36363636363637
Premium Roast Decaf K Cup,21,12,9,57.14285714285714
Pepperoni Slices,378,167,211,44.17989417989418
Gluten Free & Dairy Free Thai Red Curry With Organic Jasmin Rice & Vegetables,1694,904,790,53.36481700118064
Florentine Quiche,160,83,77,51.87500000000001
Santa Fe Extra Lean Veggie Burger,726,332,394,45.73002754820937
Taco Seasoning Mix Original,2414,991,1423,41.05219552609776
Mussels,23,8,15,34.78260869565217
Apple Cinnamon Puffs Cereal Snack,100,50,50,50.0
Bag of Organic Fuji Apples,4330,2050,2280,47.34411085450346
Instant Beverage,20,11,9,55.00000000000001
Ultra-Purified Water,1489,1277,212,85.7622565480188
Cultured Unsweetened Vanilla Coconut Milk,228,121,107,53.07017543859649
"Bananas, Dark Chocolate",15,5,10,33.33333333333333
Cucumber Dish Soap,233,86,147,36.9098712446352
Stovetop Cornbread Stuffing Mix,143,36,107,25.174825174825177
Protein with Dark Chocolate Granola,5,1,4,20.0
ULTRACLEAN™ Arctic Mint Mouth Wash,18,4,14,22.22222222222222
Original Recipe Stewed Tomatoes,142,49,93,34.50704225352113
"Cherry, Grape, Lemon, Apple, and Orange Sugar Candy",24,8,16,33.33333333333333
Blueberry Syrup,16,0,16,0.0
Coconut Cream Pops Mint Chocolate Chip,122,80,42,65.57377049180327
Activia Peach/Strawberry Lowfat Yogurt,1131,686,445,60.654288240495134
Tender Centers Salmon & White Meat Chicken Flavors Dry Cat Food,55,19,36,34.54545454545455
Wild Collection Wolfthorn Deodorant,22,6,16,27.27272727272727
Sour Green Apple Juicy Drop Pop,4,0,4,0.0
Lemon Tea Tree Shampoo,10,1,9,10.0
Rosemary & Olive Oil Bruschettini,40,16,24,40.0
No Sugar Added Mandarin Oranges in Artificially Sweetened Water,679,387,292,56.995581737849776
Seriousmilk Classic 39% Milk Chocolate Bar,395,301,94,76.20253164556962
Beef Flank Steak,30,5,25,16.666666666666664
Peeps Oreo Limited Edition With Marshmallow Peeps Flavored Creme Sandwich Cookies,19,6,13,31.57894736842105
Purple Sweet Potato (Yam),288,82,206,28.47222222222222
Disinfecting Wet Wipes - Lemongrass Citrus,1037,441,596,42.52651880424301
9 Inch Pie Crusts 2 Count,43,3,40,6.976744186046512
Spring Vegetable Ramen Noodles,7,2,5,28.57142857142857
Pretzel Hamburger Buns,11,4,7,36.36363636363637
All Natural Pure Canola Oil,64,9,55,14.0625
Bacon Style Veggie Protein Strips,1373,924,449,67.2978878368536
Spaetzle Dumplings,19,10,9,52.63157894736842
Thai Red Curry Simmer Sauce,304,94,210,30.92105263157895
Uncured Pepperoni Pizza,186,77,109,41.39784946236559
Sweet Hungarian Paprika,69,2,67,2.898550724637681
Raspberry Gelatin Dessert Mix,59,13,46,22.033898305084744
Active Life Fragrance Free Deodorant Stick,22,4,18,18.181818181818183
Freshly Shredded Angel Hair Cole Slaw,219,110,109,50.2283105022831
Classic Pectin,2,0,2,0.0
Nonfat Strawberry Greek Yogurt,33,15,18,45.45454545454545
Lotzza Motzza Sausage Pizza,42,23,19,54.761904761904766
Arnicare Gel & 80 ct Homeopathic Pellets,27,1,26,3.7037037037037033
Thin Ultra Always Ultra Thin Super Pads With Wings 16 count Feminine Care,99,33,66,33.33333333333333
Genmaicha Green Tea Bags,209,112,97,53.588516746411486
Antioxidant Infusions Beverage Malawi Mango,644,441,203,68.47826086956522
Whole Milk Low Moisture Mozzarella Cheese,76,33,43,43.42105263157895
Chocolate Walnut Chip Ice Cream,24,17,7,70.83333333333334
Protein Bar S'Mores Flavor,20,13,7,65.0
Hand Renewal with Olay® Peach & Almonds Dishwashing Liquid,5,0,5,0.0
Toasted Carob Powder,17,5,12,29.411764705882355
Roasted Turkey With Garlic Mashed Cauliflower,59,29,30,49.152542372881356
Aged Asiago Cheese,37,11,26,29.72972972972973
California Orange Juice,2784,1548,1236,55.603448275862064
Raspberry White Chocolate Mochi,36,10,26,27.77777777777778
Zesta Original Saltine Crackers,99,43,56,43.43434343434344
Invigorating Rosewater Body Wash,364,103,261,28.296703296703296
Toll House Semi Sweet Chocolate Mini Morsels Chips,1663,520,1143,31.26879134095009
Pico De Gallo Recipe Guacamole,8,1,7,12.5
No Salt Sockeye Salmon,14,2,12,14.285714285714285
Counter Attack Tablets,26,6,20,23.076923076923077
"All Purpose Cleaner, Fragrance Free",4,0,4,0.0
Chocolate Hemp Heart Bar,37,5,32,13.513513513513514
Honey Goat Milk Cheese,271,109,162,40.22140221402214
Fusion Manual Men's Razor Blade Refills,109,23,86,21.100917431192663
Jalapeno Stuffed Olive,22,4,18,18.181818181818183
Jamaican Style Original Brew Ginger Ale,115,39,76,33.91304347826087
Family Size Fried Chicken & Rice,9,0,9,0.0
Pure Naked Olive Leaf with Aloe Vera Moisturizing Body Wash,35,16,19,45.714285714285715
Garlic Plantain Chips,67,11,56,16.417910447761194
"10\"" Graham Ready Crust",90,14,76,15.555555555555555
Classic Caesar Dressing,225,62,163,27.555555555555557
Yellowfin Tuna Steak,46,16,30,34.78260869565217
Very Verde Good Tortilla Chips,56,24,32,42.857142857142854
Very Young Small Sweet Peas,258,133,125,51.55038759689923
MegaFlora Capsules,7,1,6,14.285714285714285
Andouille Sausage,162,67,95,41.358024691358025
Fresh Thyme,90,13,77,14.444444444444443
"Green Chiles, Diced, Fire Roasted, Mild",414,146,268,35.26570048309179
Caribbean White Rum,4,1,3,25.0
"Magic Tape Refillable Dispenser 3/4\"" x 850\""",236,34,202,14.40677966101695
Country Kitchen Tortilla Soup Mix,15,1,14,6.666666666666667
Original Caffeine Free Tulsi Tea,248,114,134,45.96774193548387
Shells & White Cheddar Mac & Cheese Family Size Macaroni and Cheese Organic,340,203,137,59.705882352941174
Tuscan Style Herb Turkey Breast,6,2,4,33.33333333333333
"Skin Relief Body Wash, Fragrance Free",88,32,56,36.36363636363637
"Sauvignon Blanc, Napa County",114,29,85,25.438596491228072
Authentic Deep Dish Sausage Pizza,37,11,26,29.72972972972973
Lemon Ginger & Manuka Honey,18,2,16,11.11111111111111
Variety Pack Beer,114,43,71,37.719298245614034
Imported Swiss Cheese,206,149,57,72.33009708737865
Bernie's Farm Animal Cookies Snack Packs,307,145,162,47.23127035830619
Organic Stage 1 Winter Squash Baby Food,6,1,5,16.666666666666664
Almond Glow Unscented Skin Lotion/Massage Oil,8,0,8,0.0
Chia Rosemary Pepitas,43,4,39,9.30232558139535
Unsalted Peanuts,256,163,93,63.671875
Soft Baked Minis Snack Packs Double Chocolate Brownie - 6 PK,60,17,43,28.333333333333332
8 Sesame Seed Hamburger Buns,225,72,153,32.0
100% Pomegranate Juice,2509,1276,1233,50.85691510561977
100% Italian Extra Virgin Olive Oil,6,0,6,0.0
Cornichons Baby Sour Gherkins,137,41,96,29.927007299270077
Doubleshot Energy Hazelnut Energy Coffee Beverage,14,8,6,57.14285714285714
Fresh Fruit Salad,1481,1071,410,72.31600270087779
Double Chocolate Hot Cocoa Mix,81,16,65,19.753086419753085
"Pro-Health Pulsar Battery Operated Toothbrush, Medium",140,49,91,35.0
Cheese Nips,12,4,8,33.33333333333333
Queso Fresco,1947,796,1151,40.8834103749358
Crispy Fruit Freeze-Dried Mango,147,76,71,51.70068027210885
Honey Bunches of Oats With Almonds,44,12,32,27.27272727272727
Custard Yogurt Strawberry Flavored With Other Natural Flavor,34,10,24,29.411764705882355
Original Thin Sausage & Pepperoni Pizza,475,292,183,61.473684210526315
Snackimals Double Chocolate Cookies,8,1,7,12.5
Hoisin Garlic Marinade & Sauce,158,42,116,26.582278481012654
Dailyfoods Megaflora Plus Supplement,16,6,10,37.5
Reduced Fat Parmesan Cheese,9,0,9,0.0
Premium Organic Red Miso,27,13,14,48.148148148148145
Natural Energy Premium Black Tea Bags,5,0,5,0.0
Lemon Eucalyptus Essential Oil,20,0,20,0.0
Original Molasses,458,31,427,6.768558951965066
Tuberz Organic Lowfat Yogurt,125,61,64,48.8
Organic Veggie Chorizo,14,0,14,0.0
Heavy Duty Aluminum Foil,1530,336,1194,21.96078431372549
Double Control Large Roach Baits Insecticide,6,0,6,0.0
Limited Release The Hairy Eyeball,27,9,18,33.33333333333333
Hibiscus & Cardamom Natural Hand Wash,6,1,5,16.666666666666664
Limited Edition Pumpkin Spice Cream Cheese Spread,11,3,8,27.27272727272727
Pepcid® AC Acid Reducer Tablets,146,42,104,28.767123287671232
Smoked Sea Salt Grinder,12,1,11,8.333333333333332
Red Grapefruit In Water,19,4,15,21.052631578947366
Toaster Strudel Blueberry,26,12,14,46.15384615384615
Original Restaurant Style Tortilla Chips,6243,3183,3060,50.9851033157136
Complete Deep Clean Medium Toothbrushes,10,2,8,20.0
Hard Cider,7,4,3,57.14285714285714
Applesauce On The Go Apple Apple Pouch,12,1,11,8.333333333333332
Hint Of Salt Crackers,226,98,128,43.36283185840708
Crushed Italian Recipe with Oregano & Basil Tomatoes,65,21,44,32.30769230769231
Organic Chocolate Kefir,52,25,27,48.07692307692308
Lamb Vindaloo w/ Basmati Rice,32,2,30,6.25
Moonlit Walk and Wandering Stream 2-in-1 Candle,184,91,93,49.45652173913043
Raisin Bran Crunch Cereal,3093,1869,1224,60.42677012609118
Grape Flavored Pain Reliever and Fever Reducer,168,59,109,35.11904761904761
Kettle Cooked Potato Chips Sea Salt and Vinegar,396,199,197,50.252525252525245
Pork Egg Rolls,46,19,27,41.30434782608695
Gluten Free 100% Organic Whole Grain Traditional Egg Pasta,465,212,253,45.59139784946237
Stax Mesquite Barbecue Potato Crisps,121,75,46,61.98347107438017
Snack Size Mini Green Container + Lid,82,12,70,14.634146341463413
Plastic Toothpicks,13,0,13,0.0
Pepperoncini Peppers,26,10,16,38.46153846153847
Blended Scotch Whisky,12,4,8,33.33333333333333
Organic Fresh Mozzarella,290,152,138,52.41379310344828
Greek Yogurt Dip,12,0,12,0.0
Women's Prenatal 1 with DHA & Folic Acid Softgels Multivitamin/Multimineral Supplement,24,3,21,12.5
Original Pork Loin Filet,322,118,204,36.64596273291926
New York Style Nova Lox,1392,754,638,54.166666666666664
Organic Boneless & Skinless Chicken Thighs,33,9,24,27.27272727272727
Part-Skim Ricotta Cheese,141,23,118,16.312056737588655
Dandruff Relief Shampoo,93,18,75,19.35483870967742
Pure Fresh Mint Chewing Gum,19,13,6,68.42105263157895
Ground Mustard,313,7,306,2.2364217252396164
Extra Gentle Eye Makeup Remover Pads,10,1,9,10.0
PsycheDillic Goat Milk Cheese,106,33,73,31.132075471698112
Organic Plain Kefir,4796,3212,1584,66.97247706422019
Organic Soybean Spaghetti Pasta,5,1,4,20.0
Lotus Blossom & Lavender  Dishwashing Liquid,103,34,69,33.00970873786408
13 Gallon Tall Drawstring Garbage Bags,74,22,52,29.72972972972973
100% Whole Wheat Premium Hot Dog Buns,475,225,250,47.368421052631575
Fire Sugar Free Spicy Cinnamon Gum,55,32,23,58.18181818181818
BBQ Spray Grill Cleaner,19,2,17,10.526315789473683
Butter Syrup,51,12,39,23.52941176470588
Complete Antibacterial Power Berries with Antioxidants Foaming Hand Wash,121,50,71,41.32231404958678
Eggplant Parmesan,231,112,119,48.484848484848484
Aged White Cheddar Snack Pack,40,11,29,27.500000000000004
Chocolate Eclairs,9,6,3,66.66666666666666
Cocoa Butter Formula with Vit. E Massage Lotion for Stretch Marks,34,7,27,20.588235294117645
Paradise Blend 100% Juice,69,34,35,49.275362318840585
Fuji Apples,4976,3437,1539,69.07154340836013
Homestyle Belgian Waffles,1316,793,523,60.258358662613986
Fresh Cranberries,176,23,153,13.068181818181818
Beet Noodles,169,65,104,38.46153846153847
Ham Off Bone,11,4,7,36.36363636363637
"Starter Kit, 2 in 1, Sweeping & Mopping",4,0,4,0.0
Control GX Gray Reducing Shampoo,1,0,1,0.0
Original Red Raspberry Yogurt,1241,765,476,61.64383561643836
Maxi Long Super Pads,8,1,7,12.5
French Infused Garlic Oil,6,0,6,0.0
Microwave Safe Paper Cups,309,134,175,43.36569579288026
Sugar Free Orange Marmalade,22,11,11,50.0
Mac & Trees Natural,68,32,36,47.05882352941176
Raw Pecan Nut Butter With Cashews,186,105,81,56.451612903225815
Berry Probiotic & Prebiotic Drink Mix,38,14,24,36.84210526315789
Spa Breeze Women's White Tea Scented Disposable Razor 2 Count Female Disposable Razor,82,22,60,26.82926829268293
Toffee & Almonds in Milk Chocolate,125,48,77,38.4
Fragrance Free Dead Sea Mineral Bath Salts,10,5,5,50.0
Organic Columbia,4,0,4,0.0
Glass easy Find Lids (4 Cups/946 ml),11,1,10,9.090909090909092
Smoked Oysters,25,9,16,36.0
Roasted Jalapeno Hummus,24,4,20,16.666666666666664
Popcorn Flamin' Hot Flavored,4,0,4,0.0
"Pink Moscato Champagne, Sparkling, California",92,25,67,27.173913043478258
Organic Gravy Mix for Chicken,10,2,8,20.0
Chicken & Vegetable Potstickers With Sauce,269,115,154,42.75092936802974
Protein & Fiber Hot Oatmeal Farmer's Market Berry Crumble,170,70,100,41.17647058823529
Gentle Skin Cleansing Cloths,71,38,33,53.52112676056338
Sour Strawberry Straws Candy,10,3,7,30.0
Straight Cut Wide Rice Noodles,11,1,10,9.090909090909092
Concord Grape Drink Mix Packets,26,16,10,61.53846153846154
Organic Kale Balsamic Chicken Sausage,81,36,45,44.44444444444444
Beef Flavor Cup Noodles,162,62,100,38.2716049382716
Small Size Flour Tortillas,479,260,219,54.27974947807933
Tarragon Leaves,82,3,79,3.6585365853658534
California Apricot Scones Mix,4,0,4,0.0
Pineapple Cottage Doubles,629,424,205,67.40858505564388
S'mores Chocolate Ice Cream,2279,919,1360,40.3247038174638
Italian Dressing & Marinade With Extra Virgin Olive Oil,3,0,3,0.0
"Extra Dry Ginger Ale, Lightly Sweetened",690,476,214,68.98550724637681
"Cocktail Mixer, Mojito",10,1,9,10.0
Cinnamon Pull-Apart Monkey Bread,33,15,18,45.45454545454545
Double Carrots Salad Mix,53,21,32,39.62264150943396
Shavers,15,6,9,40.0
Rio Briati,28,4,24,14.285714285714285
Classic Cut French Fries,46,23,23,50.0
Organic  Lo Mein Noodles,105,22,83,20.952380952380953
Non-Dairy Chocolate Almond Chip Frozen Dessert,181,92,89,50.82872928176796
Vegan B12 Tablets,26,5,21,19.230769230769234
Chicharrones Fried Pork Rinds With Jalapeno Cheddar,70,37,33,52.85714285714286
Italian Seasoning Blend,20,0,20,0.0
Neon Gel Food Colors,20,0,20,0.0
Premium Organic Spread Strawberry,36,12,24,33.33333333333333
Tots Apple Whole Milk Greek Yogurt,49,27,22,55.10204081632652
Agar Agar Sea Vegetable Flakes,59,8,51,13.559322033898304
Flame Grilled Chicken Breast Strips,292,179,113,61.3013698630137
Orange Contour Soda,53,30,23,56.60377358490566
Suddenly Salad Pasta Kit Ranch & Bacon,152,64,88,42.10526315789473
Garlic & Herb Salad Dressing & Recipe Mix,5,0,5,0.0
Urban Radish Blend Gluten Free Granola,11,5,6,45.45454545454545
Classic Flatbread Pizza Wrap,28,10,18,35.714285714285715
Country White Sourdough Petite Loaf,569,277,292,48.68189806678383
Peanut Butter Protein Bar,198,106,92,53.535353535353536
Trifecta Blend Handmade Granola,83,35,48,42.168674698795186
Whole Cumin,50,4,46,8.0
Soup on the Go Creamy Broccoli,11,3,8,27.27272727272727
Hot Enough Hummus,47,31,16,65.95744680851064
Pro-Health Clinical Pro-Flex Soft Toothbrush,19,8,11,42.10526315789473
Daily Cleaner,114,50,64,43.859649122807014
Bresaola Air Dried Beef,23,7,16,30.434782608695656
Cheesy Enchilada Hamburger Helper,25,6,19,24.0
All Black Signature Blend Cold Brew Coffee,24,2,22,8.333333333333332
Pork Carnitas,19,3,16,15.789473684210526
Fontina Cheese,288,73,215,25.34722222222222
Blooming Peony & Cherry Jar Candle Air Freshener,26,12,14,46.15384615384615
Cleanser & Polish,222,49,173,22.07207207207207
Mint Chocolate Coconut Milk Beverage,93,30,63,32.25806451612903
Squeeze Real Mayonnaise,2065,564,1501,27.312348668280872
Dark Chocolate Raspberry Skinny Dipped Almonds,29,19,10,65.51724137931035
Beef For Stew,99,28,71,28.28282828282828
Ice Cream Variety Pack,277,103,174,37.18411552346571
Masher,13,0,13,0.0
Lemon Pudding Snack Pack,13,6,7,46.15384615384615
Mini Chocolate Chip Waffles,959,526,433,54.848800834202294
Burrito Spices & Seasonings Mix,49,26,23,53.06122448979592
"Chili Beans, White,  Premium",19,3,16,15.789473684210526
Pumpkin Spice Limited Edition Breakfast Biscuits,25,8,17,32.0
Organic Brown Jasmine Rice,172,40,132,23.25581395348837
"Soy Sauce, Premium",9,1,8,11.11111111111111
Organic Coconut Snack Bar,326,165,161,50.61349693251533
Organic Berry Blend,6500,3527,2973,54.261538461538464
"Granola, Super Seed & Fruit",18,9,9,50.0
Pork And Beans,20,8,12,40.0
Zesty French Dressing,75,19,56,25.333333333333336
Cherry Flavored Allergy Medicine,127,31,96,24.409448818897637
Finely Diced Walnuts,96,26,70,27.083333333333332
Organic White Bread,386,206,180,53.36787564766839
Big Deluxe Reese's Mini Pieces Peanut Butter Cookies,141,49,92,34.751773049645394
Coarse Sea Salt,2006,268,1738,13.359920239282152
Soft White 60 Watts Halogen Bulb,115,16,99,13.91304347826087
Cream of Mushroom Condensed Soup Family Size,122,44,78,36.0655737704918
Organic Texmati Brown Rice,387,116,271,29.97416020671835
Blueberry Breakfast Biscuits,649,388,261,59.78428351309707
Intensive Care Unscented Moisturizing Lotion,29,10,19,34.48275862068966
2x Ultra Active Stainfighter Formula Liquid Laundry Detergent,14,4,10,28.57142857142857
"Stage 2 Pear, Zucchini, Peas Baby Food",77,23,54,29.87012987012987
Light and Fit Blueberry Greek Yogurt,12,5,7,41.66666666666667
100% Guava Juice,481,279,202,58.004158004158
Designer Paper Plates 7 In,13,3,10,23.076923076923077
Ultimate Chocolate Sauce,23,3,20,13.043478260869565
Lite Energy Drink,401,318,83,79.30174563591022
Lightly Salted Brown Rice Crackers,56,37,19,66.07142857142857
Spelt Flakes,65,29,36,44.61538461538462
Moist Shampoo with Pump,46,7,39,15.217391304347828
Special K Fruit & Yogurt Cereal,1487,930,557,62.542030934767986
Calcium Magnesium Citrate,7,1,6,14.285714285714285
Finely Shredded Natural Parmesan Cheese,516,164,352,31.782945736434108
Medium Colombia Ground Coffee,286,178,108,62.23776223776224
Gluten Free Blueberry Breakfast Bars,188,95,93,50.53191489361703
Crispy Cheddar Crackers,3735,2506,1229,67.095046854083
Qualita Rossa Ground Coffee,43,22,21,51.162790697674424
Raspberry Cheesecake,4,1,3,25.0
Crisp Waters Candle,26,5,21,19.230769230769234
Marketplace Sweet and Spicy Korean Style Beef,125,56,69,44.800000000000004
Goat Cheese Log,5942,3079,2863,51.8175698418041
Homestyle Turkey Breast with Stuffing,20,6,14,30.0
Blood Orange Sorbetto Gelato Bar,62,35,27,56.451612903225815
No Sugar Added Very Cherry Mixed Fruit,25,15,10,60.0
Hearty Lentil With Vegetables Soup With Chickenpeas & Roasted Garlic,7,0,7,0.0
Organic Toffee Milk Chocolate Bar,519,316,203,60.886319845857415
Instant Whole Grain Brown Rice,746,246,500,32.975871313672926
Wildberry Reishi Yerba Mate Shot,115,68,47,59.130434782608695
"In a creamy sauce, topped with aged parmesan cheese Mushroom & Spring Pea Risotto",99,38,61,38.38383838383838
Apples + Blueberries Bars,39,16,23,41.02564102564102
Men Original Moisturizing Face Wash,45,7,38,15.555555555555555
Organic Yellow Corn Tortilla Chips,998,505,493,50.60120240480962
Compleats Homestyle Chicken & Dumplings,84,58,26,69.04761904761905
Vegetable Spring Roll,41,17,24,41.46341463414634
Savory Delights Ham & Egg Flavor With Potato & Cheese  Wet Dog Food,35,28,7,80.0
Crushed Ginger,557,153,404,27.468581687612208
Java Crunch Organic Non Dairy Frozen Dessert,11,6,5,54.54545454545454
Bombay Curry Veggie Burgers,61,21,40,34.42622950819672
Cameron's Handcrafted Coffee,9,3,6,33.33333333333333
100% Unsweetened Honeysuckle Natural Iced White Tea,9,5,4,55.55555555555556
Chocolate Coconut Milk Beverage,963,597,366,61.99376947040498
Cinnamon,2781,553,2228,19.884933477166484
Santa Fe Style Chicken Light Soup,157,53,104,33.75796178343949
Organic Whole Trade Hot Chocolate,74,24,50,32.432432432432435
Refreshing Breeze Mold & Mildew Remover,77,10,67,12.987012987012985
Mini-Snacks Organic Raisins,343,214,129,62.390670553935855
Sweet Drops SteviaClear Sweetener,233,101,132,43.34763948497854
Sugarfree Peppermint Chewing Gum,787,435,352,55.27318932655655
"Mocha Latte & Dark Chocolate Swirl, Silky Smooth",47,39,8,82.97872340425532
Chicken Flavor Udon Noodles,103,62,41,60.19417475728155
Polish,22,7,15,31.818181818181817
Herb & Butter Rice,79,25,54,31.645569620253166
Intense Hydration Night Cream with Clary Sage,12,2,10,16.666666666666664
Organic Instant Regular Oatmeal,340,178,162,52.352941176470594
Lemon Ginger Tulsi Tea,102,25,77,24.509803921568626
All Natural Fresh Chicken Wings,65,39,26,60.0
Garlic & Herbs Cheese Dip,22,3,19,13.636363636363635
Stir Fry Cut Baby Corn,3,0,3,0.0
Sesame Street Friends Elmo's Fruit Punch,260,168,92,64.61538461538461
Organic Apple Pumpkin & Granola Stage 2 Baby Food,64,27,37,42.1875
Kalamata Olive Boule,109,77,32,70.64220183486239
Large Cut Caesar Croutons,8,1,7,12.5
Chocolate Chip Cookies Without Nuts,32,18,14,56.25
Turkey & Cheddar Cracker Stackers,341,182,159,53.3724340175953
Original Flavor Macaroni & Cheese Dinner,1839,1033,806,56.17183251767265
Grain-Free Venison White Potatoes & Fresh Cut Carrots Entree Adult Dog Food,19,13,6,68.42105263157895
Fruity Rolls Strawberry Splash Fruit Flavored Snacks,21,9,12,42.857142857142854
Ginger Snap Sprouted Cookies,775,317,458,40.903225806451616
Most Wanted California Pinot Grigio White Wine,80,57,23,71.25
Lite Asian Sesame with Ginger & Soy Dressing,69,18,51,26.08695652173913
Matzo,68,9,59,13.23529411764706
Light Key Lime Pie Yogurt,719,394,325,54.79833101529903
Diapers,21,7,14,33.33333333333333
Softmint Flavor,12,5,7,41.66666666666667
Madagascar Bourbon Vanilla Beans,68,8,60,11.76470588235294
Spicy Jerk Sauce,5,1,4,20.0
Chicken & Dumplings Soup,87,17,70,19.54022988505747
Lunchables Light Bologna & American Cracker Stackers,16,6,10,37.5
Frosted Sugar Cookie Coffee Creamer,10,5,5,50.0
Chocolate Builder's Protein Bar,969,650,319,67.07946336429309
"Limited Edition Entree, Chicken Tiki Masala",100,53,47,53.0
Snow Crab Clusters,19,8,11,42.10526315789473
Quadratini Cappuccino Wafer Cookies,2,0,2,0.0
Semi-Sweet Chocolate Chips,329,104,225,31.61094224924012
Organic Gluten Free Apricot Raisin Sprouted Flax Bar,233,124,109,53.21888412017167
Prosciutto di San Daniele,2369,1331,1038,56.18404390037991
Pink Grapefruit Lip Balm,5,0,5,0.0
Tots Yogurt Mish Mash Berry Banana Beet,6,0,6,0.0
Organic Five Cheese Pasta Sauce,5,1,4,20.0
Coconut Almond Protein Chewy Bars,370,193,177,52.16216216216216
Fiesta Sides Mexican Rice,400,162,238,40.5
Original Malt Vinegar,46,5,41,10.869565217391305
Beef Smoked Sausage,54,19,35,35.18518518518518
ForceFlex Extra Strong Large Trash Bags,305,96,209,31.475409836065577
New York City Slices Gourmet Pizza,10,2,8,20.0
Unsalted Cultured Butter,6890,3734,3156,54.1944847605225
Organic Fenugreek Non-GMO Vegetarian Capsules,20,5,15,25.0
Alive! Once Daily Men's 50+ Ultra Potency Multivitamin,5,0,5,0.0
Jarro-Dophilus EPS,54,14,40,25.925925925925924
Grilled Salmon & Shrimp Feast in Gravy Cat Food,225,152,73,67.55555555555556
"3rd Foods Carrots Peas & Corn with Li'L Bits, Crawler",13,4,9,30.76923076923077
Toffe + Sea Salt,58,27,31,46.55172413793103
Cupcake Icing Ivy Green,12,0,12,0.0
Sour Cherry Spread,88,25,63,28.40909090909091
"Pretzel Sticks, Gluten Free",2181,1321,860,60.5685465382852
M&M's Vanilla Lowfat Yogurt,2528,1969,559,77.8876582278481
Halloumi Cheese,345,202,143,58.550724637681164
Pure Cane Rough Cut Sugar Cubes,270,166,104,61.48148148148148
Strawberry & Watermelon Premium Italian Ice,63,25,38,39.682539682539684
Natural Cane Jamaican Ginger Soda,15,6,9,40.0
Sesame Street Organic Mini Blueberry Pancakes,2535,1779,756,70.17751479289942
Mountain Cooler Juice Drink Pouches,134,60,74,44.776119402985074
Sultry Rooibas Chai Tea,15,2,13,13.333333333333334
Olive Oil Infused with Black Truffle,128,6,122,4.6875
Men's 3-In-1 Lotion,5,0,5,0.0
Chocolate Strong Dark,1871,1282,589,68.51950828433992
Wild Yam Soba Noodles,68,23,45,33.82352941176471
Seasoning Allspice,28,1,27,3.571428571428571
Crunchy Maple Brown Sugar Granola Bars,119,68,51,57.14285714285714
Fat Free French Vanilla Coffee Creamer,30,16,14,53.333333333333336
Large Lemon,152657,106255,46402,69.60375220265038
Salsa Ranch Yogurt Dressing,124,24,100,19.35483870967742
Tart Cherry Juice Light,10,3,7,30.0
Annie's® Homegrown Gluten Free Double Chocolate Chip Granola,1318,773,545,58.649468892261005
Medium Navel Orange,9959,5769,4190,57.92750276132141
Original Vegetable Oil Spread,631,256,375,40.57052297939778
Honest Diapers,40,14,26,35.0
Korean BBQ Sauce,111,27,84,24.324324324324326
Cake Mate Decors Blue,3,0,3,0.0
Sugar Cookie,8,4,4,50.0
Apple Cinnamon Automatic Spray  Air Freshener Refill,14,8,6,57.14285714285714
Vitamin C with Echinacea 1000 mg Capsules,7,1,6,14.285714285714285
Stainless Steel Sink Strainer,10,3,7,30.0
Blueberry Protein Shake,528,372,156,70.45454545454545
French Vanilla Fat Free Coffee Creamer,159,121,38,76.10062893081762
Premium Natural Mixers Elderflower Tonic Water,40,19,21,47.5
Vegan Toona in Sea Salt,115,34,81,29.565217391304348
Power-C Dragonfruit,292,169,123,57.87671232876712
Milk Placesetting Turkey,3,0,3,0.0
"Seitan, Traditional, Strips",258,143,115,55.42635658914728
Minute Miso,38,5,33,13.157894736842104
Curious Curry Shelled Pumpkin Seeds,7,4,3,57.14285714285714
Wild Berry Mix Nuts Seeds And Berries,90,46,44,51.11111111111111
Drinkable Lowfat Yogurt Strawberry,51,22,29,43.13725490196079
Scrambled Eggs and Bacon with Hash Brown Potato,29,18,11,62.06896551724138
Black Pepper,654,120,534,18.34862385321101
Coconut Almond Minis Frozen Dessert Bars,3213,1700,1513,52.910052910052904
Hill Country Honey & Vanilla Bean Ice Cream,5,0,5,0.0
Danimals Strawberry Explosion and Wild Watermelon Smoothies,159,83,76,52.20125786163522
Cinnamon Spice Fiber Wafers,21,9,12,42.857142857142854
100 Calorie Right Bites Cheez It Snack Mix,93,50,43,53.76344086021505
Macaroni & Cheese with Broccoli,178,107,71,60.1123595505618
Vegan Chocolate Chip With Walnuts Cookies,696,391,305,56.17816091954023
1F Organic Mixed Carrots Organic Purees Vegetable,32,12,20,37.5
Milk Chocolate Nutrition Shake,552,381,171,69.02173913043478
Sazon Coriander & Annatto Seasoning,83,16,67,19.27710843373494
The Pounder Pretzel Snaps,76,41,35,53.94736842105263
Pizza for One Sausage & Pepperoni,143,69,74,48.25174825174825
Organic Green Tea Peppermint,90,38,52,42.22222222222222
Waxed Paper Bags,106,26,80,24.528301886792452
Grapefruit No Sugar Added 100% Juice,54,16,38,29.629629629629626
Organic Ginger Ale Energy Drink,168,105,63,62.5
Smarty Dish Free and Clear Dishwasher Tablets,1782,944,838,52.974186307519645
Mushroom Gravy,13,4,9,30.76923076923077
"Vaginal Antifungal, 3-Day Treatment Ovules, Combination Pack",5,0,5,0.0
Signature Mashed Potatoes With Whole Milk & Real Butter,10,2,8,20.0
Uncured Hickory Smoked Sunday Bacon,20775,12819,7956,61.70397111913357
Toast Chee Peanut Butter Sandwich Crackers,20,7,13,35.0
Air Effects Linen & Sky Air Refresher,492,134,358,27.235772357723576
Chicken Flavor Chow Mein Noodles,58,29,29,50.0
Cocoa Rouge Unsweetened Cocoa Powder,162,24,138,14.814814814814813
Healthy Weight Cat Food,66,29,37,43.93939393939394
Organics Chocolate Icing Mix,5,0,5,0.0
Peanut Sauce Mix,8,2,6,25.0
Indian Wells Merlot,1,0,1,0.0
Batter Dipped Chicken Breast Tenders,234,105,129,44.871794871794876
Natural 72% Dark Chocolate With Espresso Beans Bar,411,270,141,65.69343065693431
Vanilla Light & Fit Nonfat Yogurt,1198,780,418,65.1085141903172
Delicata Squash,70,20,50,28.57142857142857
Cherry Almond Blue Spinach Salad Kit,111,60,51,54.054054054054056
Matar-Paneer,92,53,39,57.608695652173914
Channa Masala,233,119,114,51.072961373390555
Ultimate Sparkling Clean Mint Essential MouthCare,37,13,24,35.13513513513514
Pancakes & Sausage on a Stick Original,7,0,7,0.0
Chicken Pot Pie Style Soup,3,0,3,0.0
Kids Coconut Smoothers 2 in 1 Shampoo + Conditioner,29,10,19,34.48275862068966
Peanut  M&Ms Milk Chocolate Candies,178,82,96,46.06741573033708
Hormel Simple Ideas Loaded Mashed Potatoes,44,15,29,34.090909090909086
Real Mashed Potatoes Mix Pouches Roasted Garlic - 2 CT,84,17,67,20.238095238095237
Original Antiseptic Mouthwash,98,45,53,45.91836734693878
Air Heads Ice Pops,14,3,11,21.428571428571427
Revive Rootbeer Kombucha,207,130,77,62.80193236714976
"Salisbury Steak Meal  with Gravy, Mashed Potatoes & Corn",143,69,74,48.25174825174825
Product 19 Cereal,58,45,13,77.58620689655173
"Mouthwash, Antigingivitis/Antiplaque, Alcohol Free, Spearmint Surge",22,4,18,18.181818181818183
T/Gel® Shampoo Extra Strength,45,16,29,35.55555555555556
Gourmet Jelly Beans 49 Flavors,174,87,87,50.0
Sweet Roasted Red Peppers,10,1,9,10.0
Traditional Gnocchi,40,7,33,17.5
Creamy Spread Brie,11,1,10,9.090909090909092
Daily Greens 100% Fruit & Vegetable Juice,18,5,13,27.77777777777778
Chorizo Breakfast Bowl,44,30,14,68.18181818181817
Chili Peppers Whole,6,0,6,0.0
Mayo With Olive Oil,69,10,59,14.492753623188406
Chicken Tamale,35,14,21,40.0
Basting & Pastry Brushes,6,0,6,0.0
Kale Apple Detox Ice Pops,84,28,56,33.33333333333333
Sparkling Rose,51,27,24,52.94117647058824
100% Pure Maple Syrup,556,155,401,27.87769784172662
A Taste of Sri Lanka Meal,7,3,4,42.857142857142854
98% Fat Free Condensed Soup Cream Of Celery,73,13,60,17.80821917808219
Peanut Butter Cookie,4604,2817,1787,61.185925282363165
Citrus Cooler,65,33,32,50.76923076923077
Banana Raspberry & Brown Rice Stage 2,1079,697,382,64.59684893419833
"Honey, Pure",146,60,86,41.0958904109589
Aromatic Chest Rub,10,0,10,0.0
Organic Kit Pomegranate Cranberry Romaine Lettuce Blend,16,1,15,6.25
Family Pack Sour Cream & Onion Potato Chips,13,9,4,69.23076923076923
Sweet Chili & Lime Hemp Tofu,3,0,3,0.0
All Natural Seafood Fish Fry Breading Mix,16,3,13,18.75
Chunky W/Beans Chili Con Carne,146,87,59,59.589041095890416
Yakisoba Spicy Chicken Flavor Home Style Japanese Noodles,36,16,20,44.44444444444444
Variety Pack  Fruit Fusion Fruit Snacks,242,104,138,42.97520661157025
"Salami, Rose, Recipe No. 7",57,19,38,33.33333333333333
Bulb Crystal Clear Medium Base - 40 Watt,12,0,12,0.0
Pulp Free Orange Juice With Tangerine,138,53,85,38.405797101449274
Sugar Cookies,68,21,47,30.88235294117647
"Intense i-Color Eye liner - For Hazel Eyes, Black Pearl",7,0,7,0.0
Organic Green Cabbage,21352,11074,10278,51.86399400524541
Whole Milk Pure Raspberry,89,38,51,42.69662921348314
Fragrance Free Sensitive Skin Hand Wipes,36,18,18,50.0
Lorna Doone 0.74 oz Shortbread Cookie Crisps,196,94,102,47.95918367346938
Dark Chocolate Mocha Granola Bars,642,342,300,53.271028037383175
Vitamin C 1000 Mg,118,20,98,16.94915254237288
Dijon Honey Mustard Dressing,1338,467,871,34.902840059790734
Garlic Gorgonzola Ravioli with Spinach Pasta,21,6,15,28.57142857142857
Anti Itch Concentrated Lotion,4,0,4,0.0
Pepper Jack Cheese Sticks,155,93,62,60.0
Bleach Pen,145,41,104,28.27586206896552
Autumn Squash Soup,73,37,36,50.68493150684932
"Raw Shea Butter Bath, Body and Massage Oil",7,1,6,14.285714285714285
Casero Queso Fresco Cheese,123,55,68,44.71544715447154
Garden Vegetable Pasta Sauce,13,8,5,61.53846153846154
Men's One Tablets - 150 CT,14,0,14,0.0
Sweetened Bite Size Shredded Wheat Cereal,12,3,9,25.0
Bueno,26,17,9,65.38461538461539
Roasted White Sesame Seeds,563,69,494,12.25577264653641
Pore Refining Exfoliating Cleanser,32,21,11,65.625
Nuggets Chicken Breast,25,9,16,36.0
Baked Vegetable Brown Rice Snaps,708,455,253,64.26553672316385
RevitaLens Ocutec Multi-Purpose Disinfecting Solution,2,0,2,0.0
Cool 3-in-1 Body Wash,113,44,69,38.93805309734513
Oreo Ice Cream Bars,126,47,79,37.301587301587304
Mandarin Oranges,11238,6485,4753,57.705997508453464
Sprouted Seven Grain Hot Dog Buns,55,23,32,41.81818181818181
EnviroKidz Brown Sugar Maple Oatmeal,224,116,108,51.78571428571429
Wet Floor Wipes,11,1,10,9.090909090909092
Pure Unsweetened Cashewmilk,469,295,174,62.89978678038379
White Clam Sauce,11,4,7,36.36363636363637
Alimentum Infant Formula,111,94,17,84.68468468468468
Organic Avocado,176815,134044,42771,75.81031021123773
Essential Enzymes 500 Mg,54,16,38,29.629629629629626
Gourmet Garlic Butter Popcorn,24,8,16,33.33333333333333
Peas and Potatoe Roti Paratha,73,45,28,61.64383561643836
Tomato Lentil Couscous Mix,33,12,21,36.36363636363637
100% Organic Coconut Water,41,10,31,24.390243902439025
Pure Maple Syrup,513,158,355,30.79922027290448
"Lay's Potato Chips Kettle Cooked, Lattice Cut Sea Salt",16,1,15,6.25
Gluten Free Deli-Style Bread,20,13,7,65.0
"Concentrated Butcher's Bone Broth, Chicken",40,13,27,32.5
Organic Chardonnay,28,13,15,46.42857142857143
Pure Erythritol Sweetener,11,2,9,18.181818181818183
Sahara Pita Pockets 100% Whole Wheat,64,24,40,37.5
Nonfat Vanilla Greek Yogurt,22,15,7,68.18181818181817
Fresh Frozen Wild Blueberries,2454,1399,1055,57.00896495517522
Garlic Chicken Mini Wontons,92,47,45,51.08695652173913
Lamb Stew Meat,14,3,11,21.428571428571427
Apple & Cherry Fruit Bar,1525,869,656,56.98360655737705
Pre-Folded Bonded Coffee Filter Squares,59,6,53,10.16949152542373
"Aged Swiss Cheese, Sliced",138,67,71,48.55072463768116
General Tso's Sauce,55,12,43,21.818181818181817
Seasoned Black Cherry Barbecue Pork jerky,331,210,121,63.44410876132931
Honeydew Melon,8291,4793,3498,57.80967313954891
Cucumber Ranch Dressing & Dip,33,11,22,33.33333333333333
Organic Lemon Garlic Dressing,547,236,311,43.144424131627055
Powermeal Organic with Sesame Soy Tahini Dressing Asian Noodle Bowl,15,6,9,40.0
Organic Beans & Rice Cheddar Cheese Burrito,7979,5047,2932,63.25354054392781
Recover Chocolate Protein Shake,80,47,33,58.75
3 D White Arctic Fresh Toothpaste,26,6,20,23.076923076923077
Red Wine,257,133,124,51.75097276264592
Amazin' Mayo Sweet & Tangy Calorie Free,12,6,6,50.0
Chianti Wine,43,16,27,37.2093023255814
Milk Chocolate Mini Chocolate Candies,12,5,7,41.66666666666667
Busy Heartyhide Real Beefhide Basted Chicken Flavor Dog Treats,26,16,10,61.53846153846154
Natural Medium Cheddar Cheese Block,507,230,277,45.36489151873767
Sparkling Lavender Soda,10,3,7,30.0
Organic Chicken Breast,129,41,88,31.782945736434108
Lighten Up Breakfast Burrito,187,59,128,31.550802139037433
Gluten Free Brown Rice Penne Rigate Pasta,955,488,467,51.09947643979058
"Vinegar, Apple Cider",473,63,410,13.31923890063425
Reduced Sodium Beef Base,176,8,168,4.545454545454546
Fit Popcorn Sea Salt,68,40,28,58.82352941176471
Whole Allspice,28,0,28,0.0
Black Cherry Ice Cream,258,104,154,40.310077519379846
"Penne Rigate, 100% Whole Wheat",73,17,56,23.28767123287671
Triscuit Whole Foods Brown Rice Tomato & Sweet Basil 9oz,13,8,5,61.53846153846154
Concentrated DEEP REACH Fogger,13,8,5,61.53846153846154
Organic Sprouted Grain Pancake & Waffle Mix,233,88,145,37.76824034334764
Puppy Complete Nutrition Chicken & Beef Dinner Wet Dog Food,27,23,4,85.18518518518519
Hazelnut Coffee Creamer,1239,892,347,71.99354317998386
Apricot Mango Goat Milk Yogurt,42,27,15,64.28571428571429
Chunky Chocolate Chunk Cookies,476,267,209,56.09243697478992
STREITS QN01 LIGHTLY SLTD MTZO 11Z,188,97,91,51.59574468085106
Umcka Cold & Flu Orange Syrup,7,2,5,28.57142857142857
"Pizza, Naan, Artisan Crust, Spinach & Paneer Cheese",129,58,71,44.96124031007752
"Yams, Cut Sweet Potatoes in Syrup",4,0,4,0.0
Ear Drops with Grapefruit Seed Extract plus Tea Tree Oil,11,1,10,9.090909090909092
Organic Vanilla Kefir,2199,1535,664,69.80445657116871
Natural Big Slice Mild Cheddar Slices,237,132,105,55.69620253164557
Amazake Almond Shake,25,22,3,88.0
Classic Potato Pre-Sliced Hamburger Buns,37,15,22,40.54054054054054
Cafe Steamers General Tso's Spicy Chicken,93,34,59,36.55913978494624
Soft & Strong Premium White Facial Tissue,8,1,7,12.5
"Horseradish, Cream, Hot",78,8,70,10.256410256410255
Watercress Greens Juice,996,586,410,58.835341365461844
SmartBlend Lamb & Rice Formula Adult Dog Food,109,60,49,55.04587155963303
Essential Orange Pineapple Mango Juice Cocktail,12,7,5,58.333333333333336
Dark Chocolate Noir Sorbetto,12,6,6,50.0
Clams Minced,6,1,5,16.666666666666664
Gluten FreeBread & Pizza Crust Mix,37,14,23,37.83783783783784
Natural High Potency 400 mg Magnesium Caps,12,2,10,16.666666666666664
Jumbo Pop Movie Theater Butter Popcorn,6,2,4,33.33333333333333
Oatmeal Blueberry Acai Flax Fruit Squeeze,201,125,76,62.189054726368155
100% Pure Grapefruit Joyful Essential Oil,32,2,30,6.25
Lightly Dried Chives,6,1,5,16.666666666666664
Raisin Snails,92,46,46,50.0
Sparkling Kiwi Strawberry Soda,913,604,309,66.15553121577219
Froot Loops Family Size Cereal,358,174,184,48.60335195530726
Freshly Crumbled Blue Cheese,44,11,33,25.0
Organic Mild Green Chiles Diced,577,200,377,34.66204506065858
Sharp Provolone,26,4,22,15.384615384615385
Extra Fresh Antiperspirant Deodorant,128,29,99,22.65625
Gummy Worms Made with Organic Fruit Juice,827,415,412,50.181378476420804
Small/Medium Busy Rollhide Real Beef Dog Treats,112,73,39,65.17857142857143
Cellular Detox Bath,4,0,4,0.0
Fresh Protect In-Wash Odor Shield Fabric Enhancers,14,5,9,35.714285714285715
Organic Matcha Tea Bags,264,117,147,44.31818181818182
Bbq Chicken Breast,30,14,16,46.666666666666664
Three Cheese Italian Sauce,342,149,193,43.567251461988306
Snip Chips Chipotle Lime Cilantro Flavor Parsnip-Coconut Snack Mix,7,0,7,0.0
Milk Chocolate Malt Balls,21,8,13,38.095238095238095
Sweet 'n Fancy Yellow Mustard,8,0,8,0.0
Indicator Contour Clean Toothbrush,42,7,35,16.666666666666664
Coconut 72% Raw Cocoa Chocolate Bar,7,2,5,28.57142857142857
Avant Red Wine Blend,12,7,5,58.333333333333336
Talenti Sea Salt Caramel Gelato Pop,463,218,245,47.084233261339094
Baby Brussels Sprouts,2152,811,1341,37.685873605947954
Clear Complexion Foaming Cleanser,59,21,38,35.59322033898305
"Coconut Butter, Dark Chocolate Fudge",8,2,6,25.0
Quart Storage Bags,3035,761,2274,25.074135090609555
Jalapeno Potato Chips,6515,3931,2584,60.337682271680734
Gluten Free Honey Mustard & Onion Pretzel Sticks,813,487,326,59.90159901599016
100% Spring Water,589,474,115,80.4753820033956
Grapefruit Seed Extract 125 Mg,20,1,19,5.0
"Toilet Bowl Cleaner w/ Bleach, Fresh Scent",12,5,7,41.66666666666667
Toasted Oats Cereal,42,31,11,73.80952380952381
Shiny Microfiber Sponges- 3 CT,11,0,11,0.0
Sparkling Probiotic Drink Mango Coconut,2008,1387,621,69.07370517928287
Herbal Smooth collection,16,7,9,43.75
Gluten Free Quinoa Linguine,1061,412,649,38.831291234684265
Chef Blends Shredded 6 Cheese Italian,65,24,41,36.92307692307693
Coke Zero,5746,4106,1640,71.45840584754612
Imitation Crab Legs,22,12,10,54.54545454545454
Disney Frozen Graham Cinnamon,5,0,5,0.0
Turkey Cranberry Sausage,7,3,4,42.857142857142854
Vermont Country Blend K-Cup Packs,43,17,26,39.53488372093023
Bread & Butter Chips,103,42,61,40.77669902912621
Neutra Air Sanitizing Spray Revitalizing Fresh Breeze,118,36,82,30.508474576271187
World's Best Mac & Cheese,602,331,271,54.98338870431893
Black Bean Salad,1092,727,365,66.57509157509158
Sugar Free Assorted Hard Candies,5,1,4,20.0
Gluten Free Guava Water,11,3,8,27.27272727272727
Apple and Carrot Stage 2 Baby Food,4118,2553,1565,61.996114618746965
Crispy Chocolate Chip Cookies,69,52,17,75.36231884057972
Whole White Mushrooms,6285,3577,2708,56.913285600636435
Salted Nut Roll,17,9,8,52.94117647058824
Lightdays Liners,14,6,8,42.857142857142854
Steel Cut Irish Oatmeal,2325,1015,1310,43.655913978494624
Organic Chipotle Dried Chile Peppers,21,1,20,4.761904761904762
Rising Crust Spicy Chicken Supreme Pizza,65,22,43,33.84615384615385
Rich & Creamy Lowfat Half And Half,170,137,33,80.58823529411765
Cascade Mountain Pure Seedless Red Raspberry Preserves,16,3,13,18.75
"Milk, 1% Lowfat",66,43,23,65.15151515151516
Swirls Mozzarella with Aged Cheddar Cheese String Cheese Sticks,29,20,9,68.96551724137932
"Uncured, No Sugar, Hickory Smoked Bacon",4848,3341,1507,68.91501650165016
Frosted Devil's Food Donuts,83,32,51,38.55421686746988
Bite Size Prunes,25,9,16,36.0
Pork & Beans in Tomato Sauce,287,142,145,49.47735191637631
English Tea Sandwich Cookies,154,74,80,48.05194805194805
Enchilada Sauce Seasoning,45,17,28,37.77777777777778
Hefeweizen Beer,50,28,22,56.00000000000001
Natural Good Morning Bacon,126,25,101,19.841269841269842
Country Style Pulp Free Orange Juice,3,0,3,0.0
Bean Cheese XXL Burrito,20,17,3,85.0
Cucumber Jalapeno Juice,67,38,29,56.71641791044776
Thai Peanut Asian Noodle Cup,105,29,76,27.61904761904762
Vanilla Skyr Style Yogurt,8910,6788,2122,76.18406285072952
Dry Protection Sheer Powder Antiperspirant & Deodorant,32,2,30,6.25
Kids Cough & Fever Relief Syrup Multi-Symptom 100% Natural,5,0,5,0.0
Organic Half Spring Mix & Half Baby Spinach,239,93,146,38.912133891213394
Choose-A-Sheet White Paper Towels,340,188,152,55.294117647058826
Potato Crisps,18,8,10,44.44444444444444
Ultra Dawn Escapes Dishwashing Liquid New Zealand Springs 21.6 Oz Dish Care,233,60,173,25.75107296137339
Plus OxiClean Stain Fighters Fresh Scent Liquid Laundry Detergent,414,170,244,41.06280193236715
Original Tumeric Elixir,237,122,115,51.47679324894515
Beneful Healthy Weight with Real Chicken Dog Food,17,7,10,41.17647058823529
Mins Baking Bits,4,0,4,0.0
Zesty Salsa Wheat Thins Crackers,31,12,19,38.70967741935484
Chocolate Bliss Crunchy Coconut Chips,227,116,111,51.10132158590308
Delightful 100% Whole Wheat Bread,29,14,15,48.275862068965516
Premium Ice,474,333,141,70.25316455696202
Original Organic Green Superfood Energy Bar,148,94,54,63.51351351351351
Mountain Mix Mojo,26,6,20,23.076923076923077
Pro-Health Multi-Protection CPC Antigingivitis & Antiplaque Oral Rinse in Refreshing Clean Mint Flavor,70,23,47,32.857142857142854
Premium Guar Gum gluten free,28,1,27,3.571428571428571
Diet Cola,2638,1978,660,74.98104624715694
Remoist Conditioner,15,5,10,33.33333333333333
Hot Buffalo Wing Pretzels Pieces,238,123,115,51.68067226890757
Wintermint Gum,254,117,137,46.06299212598425
Classic Original Lip Balm SPF 12,52,11,41,21.153846153846153
Original Multi-Grain Baked Snack Crackers,63,36,27,57.14285714285714
White Wine and Balsamic Vinegar Flavored Beets,524,267,257,50.95419847328244
Heavy Duty Non-Stick For The Grill Foil,13,1,12,7.6923076923076925
Gluten Free Rice Crust Pesto Pizza,117,61,56,52.13675213675214
Light Strawberry Yogurt,1397,841,556,60.20042949176807
Special K Red Berries Cereal,2560,1537,1023,60.03906249999999
Old Fashioned Vanilla Frozen Custard,12,1,11,8.333333333333332
Unsweetened Terere Yerba Mate,1278,1012,266,79.18622848200313
Schwarzwalder Dark Rye Bread,286,150,136,52.44755244755245
Cookies 'n Cream Bar,71,44,27,61.97183098591549
Nutella & Go!,1012,637,375,62.944664031620555
Original French Dressing,31,14,17,45.16129032258064
Glutin Free Low Fat Rice Crackers Black Sesame and Soy Sauce Bag,35,24,11,68.57142857142857
Blackberry Pomegranate Sparkling Water,18,13,5,72.22222222222221
Coffee With Milk Sweetened Iced Coffee Medium Roast Latin American Blend,331,231,100,69.78851963746223
Assorted Chocolate Truffles,101,55,46,54.45544554455446
"Soap, Buttermilk",4,0,4,0.0
Gluten-Free Figgies & Jammies Cookies,573,362,211,63.17626527050611
Expert Care Alimentum Hypoallergenic Infant Formula,74,40,34,54.054054054054056
Strawberry Lowfat Milk,261,143,118,54.78927203065134
Gluten Free Muffin & Scone Mix,10,2,8,20.0
Chocolate Coconut Crisp Protein Bar,104,73,31,70.1923076923077
Mickey Mouse Assorted Sizes Adhesive Bandages,41,15,26,36.58536585365854
Bag Carrots,165,61,104,36.96969696969697
Peanut Butter Candy Coated Nuts,129,51,78,39.53488372093023
Sliced Peeled Water Chestnuts,158,37,121,23.417721518987342
Fresh Ground Turkey,3092,1605,1487,51.908150064683056
Whole Grain Mini ABC's & 123's Pasta,12,6,6,50.0
Dog Joy Beef Treats,39,33,6,84.61538461538461
TLC Cherry Dark Chocolate Chewy Granola,2602,1318,1284,50.65334358186011
Old Fashioned Rolled Oats,4888,1814,3074,37.11129296235679
Superfood Amond Butter Spread,99,37,62,37.37373737373738
Wild Collection Wolfthorn Body Spray,14,6,8,42.857142857142854
Argan Oil Cleansing Towelettes Unscented,274,83,191,30.29197080291971
Traditional Homestyle Chicken with Vegetables & Pearl Pasta Soup,102,46,56,45.09803921568628
Chocolate Almond Butter Soft-Baked Cookies,58,24,34,41.37931034482759
Nacho CheeseTortilla Chips,46,24,22,52.17391304347826
Passionflower Lemongrass Probiotic Tea Tonic,36,27,9,75.0
Tuna Helper Fettuccine Alfredo,16,2,14,12.5
Black Forest Turkey,49,33,16,67.3469387755102
Mexican Rice,118,45,73,38.13559322033898
Grapefruit Sparkling Water,14928,10868,4060,72.80278670953912
Sugar Cookie Dough,314,58,256,18.471337579617835
Butternut Squash Bisque,107,61,46,57.009345794392516
No Pulp Calcium + Vitamin D Orange Juice,103,58,45,56.310679611650485
Russian Dressing,41,12,29,29.268292682926827
Children's Sudafed PE Non-Drowsy Nasal Decongestant Berry Flavor,25,6,19,24.0
Organic Milkmaid Tea,15,6,9,40.0
Light & Fit Peach Yogurt,22,7,15,31.818181818181817
Baking & Drinking Wondercocoa,122,80,42,65.57377049180327
Bittersweet Chocolate Chips,519,216,303,41.61849710982659
Anti-Itch Lotion,17,12,5,70.58823529411765
Intensive Repair Conditioner,123,27,96,21.951219512195124
Raisin Bran Muffins,28,14,14,50.0
White Chocolate Macadamia Nut Energy Bar,3999,2521,1478,63.04076019004751
Organic Raw Shredded Coconut,208,48,160,23.076923076923077
Chocolate Chip Mini Muffins,513,260,253,50.682261208576996
Cherry Garcia Ice Cream,4283,2191,2092,51.15573196357693
Whole Black Beans,49,22,27,44.89795918367347
Weight Control Maple & Brown Sugar Instant Oatmeal,134,56,78,41.7910447761194
Baby Shampoo & Body Wash,282,135,147,47.87234042553192
"Bread, Butter Top Wheat",4,0,4,0.0
Women's Complete Multi-Vitamin Gummies,20,1,19,5.0
"Chili Mixin's, Six Gun, Original",9,1,8,11.11111111111111
Mini Fudge Stripe Right Bites 100 Calorie,129,58,71,44.96124031007752
Chocolate 1% Lowafat Milk,43,28,15,65.11627906976744
Biscuits Orange Pim's,248,162,86,65.32258064516128
Lime-A-Rita Margarita with a Twist,17,5,12,29.411764705882355
Danimals Strawberry Explosion Flavored Smoothie,3371,2485,886,73.71699792346485
Honey & Lemon Alcohol Free Formula Kids Cough Syrup,19,1,18,5.263157894736842
Pomegranate Licorice Twists,100,39,61,39.0
Flax Plus Raisin Bran Cereal,1504,893,611,59.375
Umcka Day And Night Drink Packets,70,17,53,24.285714285714285
Hawaiian Roll,3,0,3,0.0
Almond Stix Crispy Seaweed Strips,49,18,31,36.734693877551024
Light Chicken & Vegetables with Rosemary,29,5,24,17.24137931034483
Frozen Coconut Cream Pie,35,7,28,20.0
Penne & Cheese,12,4,8,33.33333333333333
Three Cheese Pretzel Thins,22,6,16,27.27272727272727
Lime Slim Can,2665,1828,837,68.59287054409006
Garden Vegetable Tempeh Burger,11,5,6,45.45454545454545
Organic Hoisin Sauce,2012,296,1716,14.7117296222664
Hazelnut Medium Roast K-Cup Packs Arabica Coffee,268,168,100,62.68656716417911
"Coconut Water, with Pineapple",11,4,7,36.36363636363637
Tangerine Orange Pineapple Juice,58,28,30,48.275862068965516
Good Thins Poppy & Sesame Seed Rice Snacks,23,5,18,21.73913043478261
Chocolate Mousse Ganache Cone,520,361,159,69.42307692307692
Wild Alaskan Pink Salmon,1674,862,812,51.493428912783756
Dark Rich & Sexy Porter,13,4,9,30.76923076923077
Pretzel Dipping Sticks,418,252,166,60.28708133971292
Light Cream Cheese,381,195,186,51.181102362204726
Whole Kernel Golden Sweet Corn No Salt,26,7,19,26.923076923076923
Shredded Brussel Sprouts,214,95,119,44.39252336448598
Tea House Organic Green Tea With Fuji Apple & Ginger,7,1,6,14.285714285714285
Old Spice Head and Shoulders Old Spice 2-in-1 Dandruff Shampoo + Conditioner for Men 13.5 Fl Oz Female Hair Care,43,8,35,18.6046511627907
Italian Sweet Creme Creamer,349,242,107,69.34097421203438
Spark Fruit  Juice Drink,178,95,83,53.37078651685393
Baby Back Rib Sauce,6,0,6,0.0
Peppered Turkey Jerky,2377,1586,791,66.72275978123685
Nature Vitamin C,62,29,33,46.774193548387096
"Clover Honey, US Grade A",138,25,113,18.115942028985508
Tagliarni,70,29,41,41.42857142857143
Cauliflower Green,326,87,239,26.68711656441718
Cherry Menthol Drops Cough Suppressant/Oral Anesthetic,453,147,306,32.450331125827816
Kix Crispy Corn Puffs,39,6,33,15.384615384615385
DanActive Vanilla Probiotic Dairy Drink,436,352,84,80.73394495412845
Feminine Relief Anti-Itch Creme,4,0,4,0.0
Sugar Free Maple Flavor Syrup,656,286,370,43.59756097560975
"Noodles, Udon, Japanese",103,31,72,30.097087378640776
"Gummi Candy, Fizzy Cola",32,17,15,53.125
"Pudding & Pie Filling, Instant, Reduced Calorie, Vanilla",14,4,10,28.57142857142857
"Carrot, Apple & Mango Organic",245,108,137,44.08163265306123
"Antibiotic Free, Hormone Free, Vegetarian Fed, Fearless Beef Franks",37,22,15,59.45945945945946
Salted Mixed Nuts,158,71,87,44.936708860759495
Snip Chips Parsnip-Coconut Snack Mix,4,0,4,0.0
Home Bake California Sourdough Baguettes,10,2,8,20.0
Chocolate Cheesecake Hazelnut,2,0,2,0.0
Smokey Ranch Dressing,8,4,4,50.0
Spicy Corn With Red Bell Pepper & Chipotle,7,2,5,28.57142857142857
Coconut Water Energy Drink,4,0,4,0.0
Egg Capellini Angel Hair Pasta,145,52,93,35.86206896551724
"Hummus, Hope, Original Recipe",5925,3346,2579,56.472573839662445
Organic Honey'd Corn Flakes Cereal Gluten Free,1300,730,570,56.15384615384615
Ume Plum Vinegear,17,0,17,0.0
Xtra Protection Extra Long Dailies Pantiliners,35,15,20,42.857142857142854
Ginger Peach Green Tea,49,12,37,24.489795918367346
Original Sambucus Standardized Elderberry Bioavailable Extract,79,37,42,46.835443037974684
"Bagels, Sliced, Cinnamon Raisin",2,0,2,0.0
Sausage Party Pizza,36,14,22,38.88888888888889
Natural Antibacterial Foaming Soap Spearmint Lime,3,1,2,33.33333333333333
Cheery Cherry ZFruit and Veggie,420,207,213,49.28571428571429
Carmel Popcorn with Peanuts,10,4,6,40.0
Fine Hazelnut Chocolates,525,270,255,51.42857142857142
Triple Soothing Action Mentho Lyptus Cough Drops Bonus Bag,30,16,14,53.333333333333336
Chocolate Mint Crisp Protein Bar,522,366,156,70.11494252873564
Fresh Romaine Lettuce head,1358,743,615,54.712812960235645
Spinach Dip Mix,60,7,53,11.666666666666666
Ice Cream  The Original Salted Caramel,126,56,70,44.44444444444444
Aged Vermont White Cheddar Cheese,14,1,13,7.142857142857142
"Ice Cream, Super Premium, Coffee",417,194,223,46.52278177458034
Lunchables Uploaded 6-Inch Turkey & Ham Sub Sandwich,79,38,41,48.10126582278481
Browning And Seasoning Sauce,5,0,5,0.0
Toasteds Savory Onion Crackers,53,33,20,62.264150943396224
Organic Brown Long Grain Rice,922,303,619,32.86334056399132
Homestyle Thick & Hearty Flavored with Meat Pasta Sauce,4,0,4,0.0
Grillin' Beans Bourbon and Brown Sugar,5,0,5,0.0
Reduced Fat Provolone Cheese with Smoke Flavor,72,24,48,33.33333333333333
Raspberry Lime Essence Sparkling Mountain Spring Water,87,48,39,55.172413793103445
Noticeables Mediterranean Lavender Dual Scented Oil Refill,24,7,17,29.166666666666668
Organic Cranberry,48,26,22,54.166666666666664
Black Forest Ham,2678,1900,778,70.94846900672144
Lemon Lime Electrolyte Hydrator,58,19,39,32.758620689655174
Monster Lo-Carb Energy Drink,111,63,48,56.75675675675676
Smoked Lox Style Wild Sockeye Salmon,60,27,33,45.0
Vanilla Ice Cream with Milk Chocolate,305,186,119,60.983606557377044
Coconut Almond Protein Beverage,86,57,29,66.27906976744185
Pork Butt Roast,62,18,44,29.03225806451613
Sliced Halves Whole Wheat Pita Pockets,609,253,356,41.54351395730706
Crushed Tomatoes With Basil,5395,2359,3036,43.725671918443005
"Purified Water, 9.5pH+",313,264,49,84.34504792332268
Stevia in the Raw Baking Bag,68,18,50,26.47058823529412
Rum Raisin Ice Cream,455,234,221,51.42857142857142
Country Classic Oatmeal Bread,88,58,30,65.9090909090909
Truffle Parmesan Macaroni & Cheese Bowl,2680,1597,1083,59.589552238805965
Classic Caramel Flavoring Syrup,16,7,9,43.75
Poultry Magic Seasoning Blends,52,9,43,17.307692307692307
Emperor's Pu-Erh Tea,189,95,94,50.264550264550266
Mini Banana Chocolate Chip Bars Snack Cakes,221,154,67,69.68325791855203
Organic Lite Coconut Milk,8019,3806,4213,47.46227709190672
Gingerbread Spice Cookies,71,7,64,9.859154929577464
Traditional Ancient Grains Hot Cereal,39,12,27,30.76923076923077
Basic Toilet Paper Toilet Tissue,120,48,72,40.0
Broccoli & Spinach Frozen Pizza with 3 Cheeses,143,88,55,61.53846153846154
"Tortilla Chips, Clasico, Jalapeno Lime",4496,2961,1535,65.85854092526691
Thin Stackers Brown Rice Lightly Salted,3012,1949,1063,64.70783532536521
"Organic Baby Food Sweet Potato Apple, Grape & Spinach 2",4,1,3,25.0
Organic Whole Wheat Flour,1122,238,884,21.21212121212121
2lt French Canning Jar,2,0,2,0.0
Organic Naked Lip Balm,78,19,59,24.358974358974358
Lip Balm Superfruit Blister Box,13,3,10,23.076923076923077
Lowfat Kefir Plain Unsweetened,1618,1005,613,62.113720642768854
Limu Lemon Antioxidant Infusions Beverage,61,25,36,40.98360655737705
Max Gel Clog Remover,2034,536,1498,26.352015732546707
Old-Fashioned Sweet Bread & Butter Chips,266,112,154,42.10526315789473
Slow Churned Texas Pecan Pie,5,0,5,0.0
Solid White-No Salt Added Albacore Tuna,190,92,98,48.421052631578945
Organic Original White Tea,6,3,3,50.0
Organic Silken Tofu,1663,809,854,48.647023451593505
Chicken Livers,14,2,12,14.285714285714285
"Collard Greens, Lower Sodium",11,4,7,36.36363636363637
Braunschweiger Lunchmeat,28,10,18,35.714285714285715
Mini Baguette,102,71,31,69.6078431372549
Organic Montebello Spaghetti Italian Pasta,199,97,102,48.743718592964825
NUT-rition Men's Health Recommended Mix,292,176,116,60.273972602739725
Organic Red Grapefruit,314,81,233,25.796178343949045
Versatile Stain Remover 65 Loads,785,293,492,37.324840764331206
Organic Grass-Fed Ground Beef 85/15,260,132,128,50.76923076923077
"Organic Baby Food, Sweet Potatoes Starting Solids 1",34,6,28,17.647058823529413
Hydro 5 Disposable Razors,27,9,18,33.33333333333333
Organic Mountain Forest Honey Light Amber,1775,751,1024,42.30985915492958
Mckenzie Farms Buttermilk,98,64,34,65.3061224489796
Protein PLUS Chocolate Protein Shake,143,66,77,46.15384615384615
Mango Passionfruit Liquid Drink Mix,36,22,14,61.111111111111114
Organic Pesto,33,12,21,36.36363636363637
All Natural Whole Wheat Bread,988,717,271,72.57085020242914
Peach Mango Medium Hot Salsa,94,39,55,41.48936170212766
Diet,3279,2296,983,70.02134797194266
Vegetable Base Eucalyptus Soap,14,7,7,50.0
Tater Tots,2438,948,1490,38.88433141919606
Super Sticks,5,2,3,40.0
Extra Strength Original Flavor Antacid Tablets,24,9,15,37.5
Crispy Alaskan Cod Fillets,8,1,7,12.5
Kitchen Citrus Bliss Foaming Hand Soap,25,4,21,16.0
Guava Lip Shimmer,6,0,6,0.0
Dishwashing Liquid Lemon Scent,14,2,12,14.285714285714285
Grill Mates Brown Sugar Bourbon Seasoning,1,0,1,0.0
Stage 2 Lentil Squash Apricot Baby Food,198,100,98,50.505050505050505
Advanced Mouth Rinse,3,0,3,0.0
Unsweetened Almond Coconut Milk Blend,512,323,189,63.0859375
Yasai Fumi Furikake Rice Seasoning,8,0,8,0.0
Itlalian Sausage Lasagna,24,14,10,58.333333333333336
Organic Powered Chocolate Peanut Butter,67,25,42,37.3134328358209
Blackberry Graham Soft-Baked Cereal Bars,288,124,164,43.05555555555556
Granular Style Sugar Replacement,34,6,28,17.647058823529413
Infinity Regular Pads with Wings,38,10,28,26.31578947368421
Steak Cut French Fried Potatoes,54,30,24,55.55555555555556
Probiotic Dairy Culture Strawberry,506,321,185,63.43873517786561
Natural Bliss Hazelnut Coffee Creamer,529,296,233,55.954631379962194
Organic Peas Please Garden Herb,304,146,158,48.026315789473685
Fresh Cut Golden Sweet Cream Style  Corn,99,20,79,20.2020202020202
Acne Dote Deep Pore Wash,74,14,60,18.91891891891892
Dairy Free Creamer Nutpods Original Unsweetened,143,67,76,46.85314685314685
Organic Applesauce Unsweetened,183,107,76,58.46994535519126
Fresh Collection Denali Scent Deodorant,3,0,3,0.0
Pork Sausage Zesty Hot Premium Cut,16,5,11,31.25
Shredded Hash Browns,6925,3552,3373,51.292418772563174
Culture Club Kombucha Goji Ginger,19,5,14,26.31578947368421
Juices To Go Apple 100% Juice,89,45,44,50.56179775280899
Evaporated Milk,988,327,661,33.097165991902834
Organic Butternut Squash Ravioli,550,249,301,45.27272727272727
Italian Garlic Paste,127,48,79,37.79527559055118
Organic Turmeric Powder,31,8,23,25.806451612903224
Takis Nitro Habanero Tortilla Chips,51,22,29,43.13725490196079
Sweet and Tangy Barbecue Wings,578,272,306,47.05882352941176
Snacks Apple,61,34,27,55.73770491803278
Blancas Corn Tortillas,192,63,129,32.8125
Gluten Free Spinach Cakes,775,400,375,51.61290322580645
Flour Tortillas,3141,1655,1486,52.69022604266157
Soy Curls,43,29,14,67.44186046511628
Fine Shredded Mexican Cheese,31,6,25,19.35483870967742
Lactose Free Half & Half,4153,3164,989,76.18588971827594
Natural White Grape Aloe Water,21,8,13,38.095238095238095
"Body Scrub, and Shower Gel, Citrus",19,2,17,10.526315789473683
Cinnamon Currant Flax Seed Crackers,90,43,47,47.77777777777778
Oyster Crackers,2130,1097,1033,51.502347417840376
Creamy Orange Bars With Vanilla Ice Cream,31,11,20,35.483870967741936
Butter with Olive Oil & Sea Salt,2383,1329,1054,55.77003776751993
Ground Saigon Cinnamon,820,183,637,22.317073170731707
Calcium and Vitamin D3 Supplement,5,0,5,0.0
Mulberry Pizza,12,2,10,16.666666666666664
Organic Madagascar Vanilla Wafer Ice Cream Sandwich,587,297,290,50.596252129471885
Goat Milk Butter European Style,320,192,128,60.0
Oatmeal & Shea Butter Body Lotion,28,5,23,17.857142857142858
Buffalo Wings,854,478,376,55.97189695550351
Pro Health Stages Crest PH Stages - Doc McStuffins Kids Fruit Burst Toothpaste 4.2 oz  Dentifrice,10,0,10,0.0
Island Fresh with Gain Original Scent Air Freshener Candle,8,2,6,25.0
Rich & Creamy Vanilla Frosting,6,0,6,0.0
2X Free & Clear Liquid Detergent,279,76,203,27.24014336917563
Tamari Gluten Free Soy Sauce,1869,358,1511,19.154628143392188
Spinach,16829,9176,7653,54.52492720898449
Deli Select Brown Sugar Ham Ultra Thin,376,215,161,57.180851063829785
Seasoning Fennel Seeds,39,2,37,5.128205128205128
Chardonnay Napa Valley,23,17,6,73.91304347826086
ZuZu Luxe Onyx Mascara,6,1,5,16.666666666666664
Whole Wheat Blueberry Fig Bars,2324,1587,737,68.28743545611016
Cajun Sides Dirty Rice,1,0,1,0.0
3 Packs Assorted Bottle Brushes,9,0,9,0.0
Cough Suppressant Cherry Liquid for Ages 4+,7,0,7,0.0
Seasoned Fries,117,71,46,60.68376068376068
Diet Cranberry with Lime Juice,129,89,40,68.9922480620155
Organic Chocolate Chip Cookie Coconut Milk Ice Cream,37,11,26,29.72972972972973
0% Milkfat Greek Plain Yogurt,118,67,51,56.779661016949156
Strawberry Guava,7,1,6,14.285714285714285
Organic Mild Vinegar Beets,719,320,399,44.506258692628656
Almond Milk Peach Yogurt,4707,3350,1357,71.17059698321648
Garden Isle Medium Roast Single Serve Cups Coffee,27,17,10,62.96296296296296
Gluten free Sesame Bagels,754,482,272,63.92572944297083
Peanut Oil,403,67,336,16.62531017369727
Shrimp & Seafood Sauce,19,3,16,15.789473684210526
Arnica Massage Oil,37,8,29,21.62162162162162
Select-A-Size White Giant Roll Paper Towels,2177,1142,1035,52.457510335323846
Apple,38,14,24,36.84210526315789
"360 Whole Mouth Clean Full Head Toothbrush, Medium",5,0,5,0.0
Orange Blossom Honey,1152,585,567,50.78125
Soft Taco Size White Flour Tortillas,3994,2546,1448,63.74561842764146
Ultra Thin Crust Spicy Italian Sausage Pizza,23,10,13,43.47826086956522
Seasoned Blackeye Peas,16,5,11,31.25
Sport Performance Clear UltraMist SPF 30 with Powerstay Technology Sunscreen Spray,6,0,6,0.0
Vitamin D3 2000 IU Softgels,4,0,4,0.0
Air Chilled Chicken Thighs,427,163,264,38.17330210772833
Spicy Dark Chocolate Bar,3,0,3,0.0
Smooth & Silk 2 in 1 Shampoo & Conditioner,16,1,15,6.25
Gotta Do Chocolate Ice Cream,270,134,136,49.629629629629626
Cocoa Spread with Hazelnuts,959,392,567,40.87591240875913
Baiocchi,56,43,13,76.78571428571429
Sculpin IPA,569,340,229,59.75395430579965
Honey Lavender Scent Purclean HE Liquid Laundry Detergent,6,0,6,0.0
Peach Zero Calorie Iced Tea,20,11,9,55.00000000000001
California Fig Balsamic Vinegar,86,17,69,19.767441860465116
Honey Butter Corn Bread & Muffin Mix,159,41,118,25.78616352201258
Green Machine Juice Smoothie,2647,1374,1273,51.90782017378164
Tart Cherry Juice,140,87,53,62.142857142857146
LemonMint Herb Throat Drops,575,144,431,25.043478260869566
Hazelnut Creamer,90,30,60,33.33333333333333
Light Raspberry Vinaigrette Salad Dressing,40,13,27,32.5
Old Fashioned Nutty Peanut Butter,56,34,22,60.71428571428571
Original Soft & Chewy With All Natural Grilled Beef Treats for Dogs,6,1,5,16.666666666666664
Happy Squeeze Organic Twist Apple Mango & Kale Squeezers,29,9,20,31.03448275862069
Sweet & Spicy Granola Bars,20,11,9,55.00000000000001
Organic Pancake Syrup,786,200,586,25.44529262086514
Coconut Water with Pineapple,17,2,15,11.76470588235294
Tomato Basil Lentil Chips,48,17,31,35.41666666666667
Relaxing Sleep,15,0,15,0.0
Non Fat Grade A Pasteurized Cottage Cheese,250,149,101,59.599999999999994
Major Dickason's Blend Dark Roast Ground Coffee,90,45,45,50.0
Shredded Italian Pizza Cheese,8,4,4,50.0
Gluten Free Whole Grain Sorghum,32,5,27,15.625
Honest Diapers Size 5,315,162,153,51.42857142857142
Chopped Romaine Hearts,43,10,33,23.25581395348837
5-HTP 50 mg Tablets,26,4,22,15.384615384615385
Foaming Hand Soap Lemon Scented,28,8,20,28.57142857142857
"Hydrating Serum, Ultra Hyaluronic, Dry",7,0,7,0.0
6 Cup Medium Rectangle Glass Storage With Lid,12,1,11,8.333333333333332
White Tea With Lime & Pomegrante,155,76,79,49.03225806451613
Premium House Blend Ground Coffee,643,354,289,55.05443234836703
Adult Maximum Strength Severe CF Nighttime Max Liquid Multi-Symptom Cough Cold & Flu Relief,15,1,14,6.666666666666667
Milk Chocolate w/ Almonds Minis,5,1,4,20.0
Choice Cuts In Gravy W/Beef (PS #1211231) Wet Dog Food,48,27,21,56.25
Organic Jojoba & Ginseng Exfoliating Face Cleanser,5,1,4,20.0
D'Noir Prunes,206,97,109,47.0873786407767
"Natural Lavender Mint Creme Filled Dark Chocolate, 72% Cocoa",4,1,3,25.0
100% Juice Peach,220,84,136,38.18181818181819
Tonic Water Contains Quinine,552,233,319,42.210144927536234
"Blue 1000 mg Vitamin C Fizzy Drink Mix, Triple Berry",7,1,6,14.285714285714285
Organic Zero Sulfites Red Wine,129,95,34,73.64341085271317
Sesame Ginger Dressing,62,22,40,35.483870967741936
Garnacha,44,24,20,54.54545454545454
Premium  Vanilla Mochi Ice Cream,561,329,232,58.64527629233511
Organic Sauerkraut,347,166,181,47.83861671469741
Organic Almond Butter Chocolate Chip Protein Bar,24,14,10,58.333333333333336
Colorful Reclosable Sandwich Bags,18,3,15,16.666666666666664
Natural Chicken & Maple Breakfast Sausage Patty,5225,2966,2259,56.76555023923445
Milk and Buttery Olive Oil,8,2,6,25.0
Drinkable Mango Yogurt,68,39,29,57.35294117647059
Creamy Swiss Garlic & Herb Spreadable Cheese Wedges,1379,621,758,45.03263234227701
Organic Tree Ripened Plums,593,325,268,54.80607082630692
Punjabi Chhole Chickpeas with Potatoes & Onions,72,44,28,61.111111111111114
Swiss Dark Chocolate with Honey & Almond Nougat Candy,19,12,7,63.1578947368421
Truffle And Salt,8,1,7,12.5
Nourish + Shine Conditioner,13,4,9,30.76923076923077
Crunch White Chocolate Macadamia Nut Granola Bars,272,127,145,46.69117647058824
Cotija Cheese,521,109,412,20.92130518234165
Cotes Des Rose Grenache Cinsault-Syrah,119,84,35,70.58823529411765
Baby Cut Carrots,3429,1402,2027,40.88655584718577
Fresh Cut Pine Candle,6,1,5,16.666666666666664
Strawberry Banana Coconut Milk Yogurt,955,550,405,57.59162303664922
"PODS Plus Febreze Odor Defense Laundry Detergent Pacs, Active Fresh Scent, 32 count, Designed For Regular and HE Washers Laundry",40,15,25,37.5
Vegetable Soup and Dip Mix,17,5,12,29.411764705882355
Tropical Trail Mix,204,112,92,54.90196078431373
Unseasoned Whole Grain Bread Crumbs,33,14,19,42.42424242424242
Tangerine Wheat Beer,16,5,11,31.25
Peanut Cluster Protein Bar,76,41,35,53.94736842105263
Rub With Love Pork Spice Rub,16,0,16,0.0
Kelp Noodles,1325,640,685,48.301886792452834
Excellence 85% Cocoa Extra Dark Chocolate,966,471,495,48.75776397515528
Ready Cut Italian Recipe Diced Tomatoes,13,2,11,15.384615384615385
Classic Blue Brie Cheese,11,8,3,72.72727272727273
Pure Texas Wildflower Honey,410,196,214,47.80487804878049
Dark Chocolate Coconut Almond Pro Protein Bar,10,4,6,40.0
3F Banana Apple Mango with Lil' Bits Purees Fruit,15,2,13,13.333333333333334
KitKat,125,66,59,52.800000000000004
Hollandaise Sauce,88,21,67,23.863636363636363
Taffy Dulce de Leche Sandwich Cookies,217,100,117,46.08294930875576
Best Medium Sauce Chili Beans,16,3,13,18.75
"PODS Laundry Detergent, Original Designed for Regular and HE Washers Laundry",342,114,228,33.33333333333333
Organic Vanilla Ice Cream & Dark Chocolate,74,30,44,40.54054054054054
"Natural Toothpaste, Whitening Gel",15,4,11,26.666666666666668
Grated Parmasean Cheese,116,37,79,31.896551724137932
Maximum Strength Intensive Healing Anti-Itch Crème,47,7,40,14.893617021276595
Organic Refried Beans,203,87,116,42.857142857142854
Lentil Rice Pilaf Mix,130,56,74,43.07692307692308
Organic Kale Caesar Salad Kit,31,9,22,29.03225806451613
Nutritional Yeast Flakes,159,42,117,26.41509433962264
"Dietary Supplement, Digest Gold, Capsules, Bottle",27,9,18,33.33333333333333
Spicy Grass Fed Beef Sticks,7,2,5,28.57142857142857
Hummus With Olives,14,10,4,71.42857142857143
Heat And Eat Organic Forbidden Rice Bowl,139,76,63,54.67625899280576
Vanilla Creme Protein Nutrition Shake,194,118,76,60.824742268041234
Cowlifornia Ice Cream,9,3,6,33.33333333333333
Chocolate Brownie Energy Bar,3233,1960,1273,60.62480668110114
Picante Mild Sauce,36,13,23,36.11111111111111
Super Mario R&W Condensed Soup,26,8,18,30.76923076923077
Peppermint Bark With Dark Chocolate,8,4,4,50.0
Lobster Tails,432,145,287,33.56481481481482
Organic Corn Chowder Soup,141,80,61,56.73758865248227
Tomato Basil Pasta Sauce,1170,590,580,50.427350427350426
Fettuccini Alfredo Meal,8,1,7,12.5
Hennepin Farmhouse Ale,1,0,1,0.0
White Onions,42,23,19,54.761904761904766
Grill Mates Brown Sugar Bourbon Marinade,8,3,5,37.5
No. 10 Distilled Gin,14,4,10,28.57142857142857
Blue Corn Taco Shells - 12 CT,272,121,151,44.48529411764706
Delights Canadian Bacon Egg Whites & Cheese Honey Wheat English Muffin,657,374,283,56.925418569254184
The Original No-Stick With Flour Baking Spray,8,1,7,12.5
Orange Cream Total Omega 3-6-9 Supplement,23,7,16,30.434782608695656
Red Edition,196,108,88,55.10204081632652
"Vegan Meatballs, Zesty Italian",213,124,89,58.21596244131455
Mielbio Italian Honey Acacia Raw,21,12,9,57.14285714285714
Organic Chocolate Toasted Coconut Brownie Brittle,6,0,6,0.0
Q-absorb Co-Q10 100 mg,16,6,10,37.5
"Muffins, Flax, Cranberry Orange",361,238,123,65.92797783933518
Green Split Peas,1439,407,1032,28.28353022932592
Set & Refresh Hawaiian Aloha Air Freshener,10,3,7,30.0
Hot & Spicy Beef & Bean Firehouse Chili,50,23,27,46.0
Raw Shrimp 41-50,70,14,56,20.0
Elbow Macaroni Product,55,28,27,50.90909090909091
Garlic & Herb Tub,13,6,7,46.15384615384615
Crispin Apple,26,10,16,38.46153846153847
Sweet Onion,19501,10338,9163,53.01266601712733
"Diced Tomatoes with Onion, Celery & Bell Peppers",5,1,4,20.0
Everyday  Facial Tissues,853,414,439,48.53458382180539
Regular Strength Peppermint Antacid Chewable Tablets,66,15,51,22.727272727272727
Mango Key Lime Medium Salsa,246,92,154,37.39837398373984
Automatic Air Freshener Spray Refill Hawaiian Breeze,18,3,15,16.666666666666664
Sensitive Toilet Paper,3934,2751,1183,69.9288256227758
Best Self Rising Flour,28,5,23,17.857142857142858
Caramel Coffee Cake Ground Coffee,32,26,6,81.25
Pure Orange Blossom Honey,150,47,103,31.333333333333336
Deep Conditioner,25,12,13,48.0
Cake Flour,304,73,231,24.013157894736842
Precision Tips Cotton Swabs,40,17,23,42.5
Chocolate Therapy Ice Cream,567,301,266,53.086419753086425
All Day Energy Cetrizine Hydrochloride,5,0,5,0.0
Green Enchilada Sauce With Roasted Garlic,16,1,15,6.25
Coconut All Natural Hand And Body Lotion,33,9,24,27.27272727272727
Blueberry Chia Buckwheat Muesli,86,36,50,41.86046511627907
Organic Chicken,35,8,27,22.857142857142858
Whole Wheat Flour,826,161,665,19.491525423728813
Sport Fresh Balance Regular Absorbency Tampons,29,13,16,44.827586206896555
Summertime Blues Multigrain Tortilla Chips,1168,697,471,59.67465753424658
Sugar Free Chocolate Chip with Pecans Cookies,78,42,36,53.84615384615385
Kids Super Apple Fruit & Veggie Shredz,87,60,27,68.96551724137932
Turmeric Liquid Extract,35,15,20,42.857142857142854
Seafood Sauce,7,2,5,28.57142857142857
Organic Nuts & Chocolate Beverage,268,191,77,71.26865671641791
Very Clean Hand Soap Cucumber,8,3,5,37.5
Gentleslide Mint Dental Flossers,4,1,3,25.0
No Stick Heavy Duty Foil,55,17,38,30.909090909090907
3 Big Roll White,41,26,15,63.41463414634146
Original Rice Pilaf Mix,8329,4396,3933,52.779445311562014
Potato Chip Milk Chocolate,83,38,45,45.78313253012048
Lemon And Shallot Vinaigrette,105,36,69,34.285714285714285
Maca Cold Brew Coffee Super Herb Elixir,363,245,118,67.4931129476584
Mineral Green Elixir,156,76,80,48.717948717948715
Beef & Cheese Flavor Dog Snacks,12,7,5,58.333333333333336
Complete Maximum Strength Gel Caps,73,7,66,9.58904109589041
"Homeopathic Remedy, for Travel Fatigue",12,1,11,8.333333333333332
Hydra-Licious Shampoo,11,1,10,9.090909090909092
Hamburger Helper Lasagna,139,48,91,34.53237410071942
Multi-Vitamin One-Per-Day Prenatal Tablets,4,1,3,25.0
"Bread, Gluten-Free, Super Seeded Multi-Grain",53,20,33,37.735849056603776
Vegetable Chicken Soup Stage 3,455,199,256,43.73626373626374
Lavender Scent Foaming Hand Soap,132,35,97,26.515151515151516
Organic Chicken Wings,296,144,152,48.64864864864865
"Water, Sparkling, Sparkling Lime",7,1,6,14.285714285714285
Mint & Chocolate Hot Cocoa Mix,18,5,13,27.77777777777778
Organic Mango Cultured Soy,44,19,25,43.18181818181818
Whole Wheat Couscous,12,2,10,16.666666666666664
Chocolate Infinity Ice Cream Bars,101,42,59,41.584158415841586
Big California Sourdough Bread,1860,1309,551,70.3763440860215
Traditional German Egg Broad Pasta,148,24,124,16.216216216216218
Strawberry Love Frozen Dessert Bars,236,121,115,51.271186440677965
"Cherries, Maraschino, Pitted",7,0,7,0.0
Gourmet Classic Collection Broths,27,14,13,51.85185185185185
Bountiful Black Bean Soup Mix,3,0,3,0.0
No Sugar Added Sliced Pears,146,61,85,41.78082191780822
Real Coco Aloe,22,10,12,45.45454545454545
Organic Sweet Peas,1887,895,992,47.429782723900374
Rice Pilaf Steamers,67,40,27,59.70149253731343
"Muffin & Quick Bread Mix, Premium, Cinnabon Cinnamon Streusel",31,4,27,12.903225806451612
Alkalized Water With Electrolytes,289,207,82,71.62629757785467
Arugula Marinara Sauce,47,26,21,55.319148936170215
"Corn Snack, Mini, Fuego",31,11,20,35.483870967741936
Activia Greek Yogurt Blueberry & Strawberry,48,23,25,47.91666666666667
"Split Pea Soup, Sicilian, Spaccarelli",14,5,9,35.714285714285715
Single Serve Chunk Light Tuna In Sunflower Oil,19,7,12,36.84210526315789
Country Inn Chicken and Wild Rice,13,3,10,23.076923076923077
Everything Fresh Stacks Crackers,57,11,46,19.298245614035086
Strawberry Banana Super Drink,35,17,18,48.57142857142857
Fully Cooked Batter Dipped Chicken Breast Tenders,159,103,56,64.77987421383648
100% Juice Fruit Cocktail,13,4,9,30.76923076923077
Coarse Kosher Salt,2991,450,2541,15.045135406218657
Imported Spanish Queen Marinated with Dry Vermouth Martini Olives,135,22,113,16.296296296296298
Soy Crisps Deep Sea Salted Snack Chips,8,3,5,37.5
Pepperoni Pizza Rolls,2254,1058,1196,46.93877551020408
Light Balsamic Vinaigrette,25,7,18,28.000000000000004
"Broccoli, Kale & Cheddar Cheese Organic Veggie Snack",1516,913,603,60.224274406332455
All Purpose Natural Sea Salt,154,16,138,10.38961038961039
"Tofu, Medium Firm (Regular)",173,96,77,55.49132947976878
Hazelnut Cream Filled Wafers,3,0,3,0.0
Table Fresh Balsamico Dressing,17,7,10,41.17647058823529
Insta-Dri Fast Dry Nail Color - Clearly Quick,11,1,10,9.090909090909092
Dates,189,73,116,38.62433862433862
Frozen Concentrated Lemonade,38,12,26,31.57894736842105
Organic Brown Rice Pasta Spirals,2158,1207,951,55.93141797961076
Triple Layer Gluten Free Enchilada Pie,56,19,37,33.92857142857143
Red Tablecover,15,2,13,13.333333333333334
"Water, Unsweet, Crisp Apple",1421,1019,402,71.7100633356791
Manwich Original Sloppy Joe Sauce,793,301,492,37.957124842370746
Lemon,540,139,401,25.74074074074074
Fresh Bee Pollen,9,0,9,0.0
"Diet Black Cherry Premium Soda, Zero Calories, Sugar Free, No Caffeine",30,15,15,50.0
Classic Kombucha Superfruit,121,83,38,68.59504132231406
Sour Cream & Onion Chips,33,16,17,48.484848484848484
Organic Madagascar Pink Rice,34,5,29,14.705882352941178
The Ultimate Caramel Suace,1,0,1,0.0
Organic Sweet Kale Blend,114,49,65,42.98245614035088
Pro Health Stages Crest PH Stages Kids Toothpaste - Avengers  4.2 Oz  Dentifrice,42,7,35,16.666666666666664
Organic Muenster Cheese,986,592,394,60.04056795131846
Water New Zealand,70,52,18,74.28571428571429
100% Apple Juice Boxes,62,39,23,62.903225806451616
Organic Coconut Sparkling Water,45,7,38,15.555555555555555
Shredded Gruyere Cheese,74,26,48,35.13513513513514
2nd Foods Macaroni and Cheese with Vegetables,68,27,41,39.705882352941174
"Heavy Duty Freezer Bags, Quart, Double Zipper",55,17,38,30.909090909090907
"Cotton Balls, Regular Size",8,0,8,0.0
Baby Bee Dusting Powder,79,18,61,22.78481012658228
Fresh European Style Baby Arugula,124,57,67,45.96774193548387
Deli Fresh Coleslaw,91,38,53,41.75824175824176
Alpine Milk Chocolate Confection,6,1,5,16.666666666666664
Tender Chicken & Stars Stage 3,1467,850,617,57.94137695978186
Monoarabica Ethiopian Whole Bean Coffee,15,6,9,40.0
Fresh Energy Antiperspirant Deodorant,56,10,46,17.857142857142858
Strawberry Apple Sauce Fruit Pouches,8,2,6,25.0
Punjab Eggplant,314,124,190,39.490445859872615
Pronamel Daily Protection - Mint Essence,167,58,109,34.73053892215569
Enriched Long Grain Rice,5,0,5,0.0
Light & Fit Stawberry Nonfat Yogurt,52,18,34,34.61538461538461
Deglet Noor Dates,8,0,8,0.0
Soups Mushroom Bisque with Porcini,1108,526,582,47.47292418772563
Frozen Goo-Berry Pie Kefir,1369,808,561,59.021183345507666
Blue Corn Taco Dinner Kit,883,499,384,56.5118912797282
Gasalia Gas Quick-Dissolving Tablets - 60 CT,31,2,29,6.451612903225806
Coconut Almond Bite Snack Bar,95,65,30,68.42105263157895
Gain Original Scent Fabric Refresher Spray,30,5,25,16.666666666666664
"Tofu, Extra Firm",656,357,299,54.420731707317074
Organic Somen Noodles,169,76,93,44.97041420118343
Butter 2.0 Featuring Virgin Coconut Oil,584,314,270,53.76712328767124
Sugar Free Strawberry Gelatin,208,85,123,40.86538461538461
Face Lotion and Post-Shave Fragrance Free,13,4,9,30.76923076923077
All Natural Kiwi Strawberry - 6 CT,70,34,36,48.57142857142857
Ricotta & Lobster Ravioli in a Seafood Bisque Meal Soup Meal for 2,11,1,10,9.090909090909092
Caramel Minis Wrapped,209,116,93,55.50239234449761
Advanced Calm Sleep Fast Dissolve Tablets Strawberry Flavor Melatonin,5,0,5,0.0
Single Serve Blender with Travel Lid,12,2,10,16.666666666666664
Small Gauze Pads,73,27,46,36.986301369863014
Three Cheese Shredded Cheese Cup,19,9,10,47.368421052631575
Fruit Crunch,19,9,10,47.368421052631575
Lemon Scent Bathroom Cleaner,40,14,26,35.0
Surfin' & Turfin' Favorites Cat Food,145,78,67,53.79310344827586
100% Stone Ground Whole Wheat Pastry Organic Flour,27,4,23,14.814814814814813
Cranberry Apple Juice Cocktail,78,52,26,66.66666666666666
Thai Sweet Chili Sauce,19,1,18,5.263157894736842
"Sport Tampons, Super Absorbency, Unscented",85,14,71,16.470588235294116
Chicken Empanadas,48,12,36,25.0
Organic Sea Salt Seaweed,124,56,68,45.16129032258064
Sunny Days & Clean Linen Scented Oil Starter Kit,13,0,13,0.0
Krinkle Cut Reduced Fat Sea Salt & Vinegar Potato Chips,239,145,94,60.66945606694561
Organic Feta Cheese Crumbles,190,63,127,33.1578947368421
Spanish Redskin with Sea Salt Peanuts,99,58,41,58.58585858585859
Pear Packham,73,22,51,30.136986301369863
Organic Italian Peeled Tomatoes,90,51,39,56.666666666666664
94% Fat Free Butter Popcorn,16,7,9,43.75
Green Food Color,135,3,132,2.2222222222222223
All Natural Regular Pork Sausage,557,292,265,52.42369838420108
Fragrance Free Quick Clean Makeup Remover,33,1,32,3.0303030303030303
Multigrain Spelt Bread,8,4,4,50.0
Birthday Cake Light Ice Cream,5129,2376,2753,46.32481965295379
Apple Cinnamon Applesauce On The Go,509,280,229,55.0098231827112
All Natural Cheese Deli Slices - Swiss/Colby/Cheddar/Monterey Jack,22,3,19,13.636363636363635
Sugar Free Bubble Gum Value Pack,259,179,80,69.1119691119691
Avocado,4354,2649,1705,60.840606338998626
Tuna Fillets with Oregano in Olive Oil,140,73,67,52.142857142857146
Goat Butter,185,104,81,56.21621621621622
Strawberry Cream Cheese,48,21,27,43.75
Krunchers! Kettle Cooked Mesquite Bar-B-Que Potato Chips,142,93,49,65.49295774647888
All Purpose Cleaner,1987,658,1329,33.11524911927529
Natural HE Lavender Grapefruit Detergent,40,13,27,32.5
Pourable Golden Brown Pure Cane Sugar,46,16,30,34.78260869565217
Broccoli Cheese Condensed Soup,79,27,52,34.177215189873415
Organic Eggs - Jumbo,68,27,41,39.705882352941174
Gluten Free Corn Tortilla Taquitos Vegan Beef Style,137,75,62,54.74452554744526
Diced Pimientos,183,34,149,18.579234972677597
Instant Gluten-Free Brown Sugar & Flax Oatmeal,66,29,37,43.93939393939394
What's A Bialy?,46,21,25,45.65217391304348
Maximum Strength Multi Symptom Menstrual Pain Relief,33,6,27,18.181818181818183
"Minis, Assorted Ice Cream Bars",43,16,27,37.2093023255814
Organic Flax Seed,108,13,95,12.037037037037036
Compleats Chicken Breast Gravy Mashed Potatoes Microwaveable Meal,67,27,40,40.298507462686565
Orange Blossom,5,0,5,0.0
Banana Smoothie Mix,15,9,6,60.0
Dailyfoods Vitamin D-3 2000 IU 100% Whole Food,51,8,43,15.686274509803921
Carving Board Rotisserie Seasoned Chicken Breast,331,149,182,45.01510574018127
Super Moist Devil's Food Cake Mix,171,24,147,14.035087719298245
Orange Sesame Chicken Flavorful Asian Inspirations,65,20,45,30.76923076923077
Green Lemonade,142,76,66,53.52112676056338
Raspberry Blackberry Sparkling Water,636,474,162,74.52830188679245
Green Lentils,159,36,123,22.641509433962266
Gochujang Fermented Sesame Chile Paste,185,28,157,15.135135135135137
Premium White Bread,381,225,156,59.055118110236215
Red Potato Salad,158,98,60,62.0253164556962
Organic Crunchy Peanut Butter Granola Bar,18,4,14,22.22222222222222
Serrated Steak Knives,2,0,2,0.0
Synergy Organic Kombucha Gingerberry,8910,6448,2462,72.36812570145904
Chicken Sweet Potato Snack Sticks for Dogs,29,17,12,58.620689655172406
Honeycrisp Apple Bag,5,0,5,0.0
Roasted & Peeled Whole Chestnuts,26,9,17,34.61538461538461
Organic Dark Chocolate With Toasted Almond Pieces Bar,43,23,20,53.48837209302325
7 Up Cake,6,1,5,16.666666666666664
Little Bites Crumb Cake,285,164,121,57.54385964912281
No Salt Added Organic Mixed Vegetables,142,80,62,56.33802816901409
Egg Drop Soup Mix,3,1,2,33.33333333333333
Beer 'n Bratwurst,773,344,429,44.5019404915912
English Teatime Decaffeinated Black Tea,9,3,6,33.33333333333333
Chimichangas Beef Bean,5,0,5,0.0
Eucalyptus Epsom Salt,12,0,12,0.0
"Chili Peppers, Hot",176,82,94,46.590909090909086
Plain Bagel Crisps,39,16,23,41.02564102564102
Spicy! Plant-based  Cheeze,95,44,51,46.31578947368421
Candida Cleanse Tablets,6,0,6,0.0
Organic 70% Dark Chocolate With Ginger Bar,199,109,90,54.773869346733676
Cream Top Smooth Coffee Yogurt,1706,1211,495,70.98475967174677
Maple Syrup,188,84,104,44.680851063829785
Pappardelle,44,12,32,27.27272727272727
Reduced Fat Feta Cheese Crumbles,28,10,18,35.714285714285715
Bulgur Wheat,17,2,15,11.76470588235294
Hawaiian Breeze Solid Air Freshener,98,40,58,40.816326530612244
Peppermint Liquid Dish Soap,17,1,16,5.88235294117647
Cocoa Dyno-Bites Cereal,100,61,39,61.0
"Lasagna, Whole Wheat",257,74,183,28.793774319066145
Auto Dishwasher Liquid Gel,71,24,47,33.80281690140845
25% Less Fat Pepperoni,174,82,92,47.12643678160919
All Natural Ground Chicken,579,335,244,57.858376511226254
"Organic Baby Food Carrot, Sweet Potato & Brown Rice Stage 2",168,83,85,49.404761904761905
"Laxative Powder Solution, Unflavored",68,27,41,39.705882352941174
Gluten Free Tomato Basil Pasta Sauce,209,107,102,51.196172248803826
"Organic Yogurt, Vanilla",54,28,26,51.85185185185185
Falafel Hummus Wrap,149,62,87,41.61073825503356
Scandinavian Bran Crispbread,116,46,70,39.6551724137931
Organic Wheat Square Crackers,6814,3728,3086,54.71088934546522
Go-Gurt Avengers Assemble Super Punch/Hero Berry Variety Pack Portable Low Fat Yogurt,236,146,90,61.86440677966102
Cinnamon Dolce Ground Coffee,12,5,7,41.66666666666667
Black Ink Fine Point 0.7 mm Gel Roller Pens,11,1,10,9.090909090909092
"Mediterranean Style Chicken, Rigatoni & Broccooli",34,13,21,38.23529411764706
Organic Cinnamon Apple Chips,2553,1310,1243,51.312181746964356
Chipotle Ketchup,7,3,4,42.857142857142854
Cream of Broccoli Condensed Soup,114,32,82,28.07017543859649
Organic Grind To A Salt Seasoning with Grinder Gap,26,4,22,15.384615384615385
Organic Semisweet Chocolate Baking Wafers,41,11,30,26.82926829268293
Ball Pens Medium 1.0 mm Black,4,0,4,0.0
Smiles Children's Extra Soft My First Toothbrush,10,1,9,10.0
Large Watermelon Chunks,29,11,18,37.93103448275862
Power Gel Unscented Deodorant,34,14,20,41.17647058823529
Organic Whole Roasted Peeled Chestnuts,31,6,25,19.35483870967742
Organic Spelt Bread,151,66,85,43.70860927152318
Milk Chocolate Candies Fun Size Bags,21,3,18,14.285714285714285
Buffalo Wing Style With Bleu Cheese Bratwurst,10,3,7,30.0
Ready Snax Apples  & Cheese with Caramel Dip,200,145,55,72.5
Max Zero Calorie Soda,191,133,58,69.63350785340315
Potato & Cheese Pierogi,72,15,57,20.833333333333336
85% Lean Ground Turkey,107,46,61,42.99065420560748
Plain New York Bagels,68,55,13,80.88235294117648
Warm N Serv Soft Dinner White Rolls,51,9,42,17.647058823529413
Liquid Wart Remover,23,1,22,4.3478260869565215
Organic Sharp Cheddar Cheese,1440,905,535,62.84722222222222
Sleep Serenity Bedroom Mist Quiet Jasmine,28,8,20,28.57142857142857
"Condensed Milk, Sweetened, Full Cream",948,290,658,30.590717299578056
Pizzetta Onion & Gorgonzola,108,65,43,60.18518518518518
Fuji Apple Bag,247,120,127,48.582995951417004
Salt Toothpaste,110,51,59,46.36363636363636
Coconut Blended Greek Yogurt,2574,1783,791,69.26961926961927
Aloe & Green Tea Natural Room Freshener,31,11,20,35.483870967741936
Organic Whole Wheat Bread,11165,7828,3337,70.11195700850872
Tough Actin' Antifungal Cream,9,0,9,0.0
White Cone Coffee Filters Size 4,13,7,6,53.84615384615385
Cold Brew Mexican Vanilla 4 Pk,250,166,84,66.4
Organic Green Zen Blend Salad,134,60,74,44.776119402985074
Dip Etizers Queso Four Cheese Mexican Style,45,9,36,20.0
Whole Grain Penne Pasta,1080,401,679,37.129629629629626
Sunflower Basil Crackers,73,29,44,39.726027397260275
Classic Recipe White Chocolate,108,60,48,55.55555555555556
"Green Supreme Apple, Kale & Lemon Cold Pressured Fruit & Vegetable Juice",1580,930,650,58.86075949367089
Fudge Rounds,25,17,8,68.0
Light Lemonaise,34,9,25,26.47058823529412
Sharp Light Cheddar Cheese Slices,275,161,114,58.54545454545455
Vanilla Yogurt Raisins,56,26,30,46.42857142857143
2-Ply Right Size 100% Recycled Paper Towels,3448,1723,1725,49.97099767981438
"Peanuts, Caramel & Nougat In Rice Milk Chocolatey Coating Candy Bar",14,7,7,50.0
Bistro Style Hot Link Sausage,13,2,11,15.384615384615385
Unsweetened Coconutmilk,1045,558,487,53.397129186602875
Red Wine Vinegar & Olive Oil Lite Dressing,68,42,26,61.76470588235294
Mini Chocolate Croissant,1000,663,337,66.3
Very Emollient Fragrance Free Mineral Sunscreen SPF 30,18,2,16,11.11111111111111
Milano Slices Peppermint Cookies,13,4,9,30.76923076923077
"Regular Premium Pork Sausage, Roll",49,15,34,30.612244897959183
"Toner & Freshner, Complexion, Aloe Vera, Dry/Sensitive Skin",11,2,9,18.181818181818183
Clear Away Wart Remover Medicated Discs & Cushioning Pads for Feet,22,9,13,40.909090909090914
Electrolyte Hydrator Lemon Lime,11,4,7,36.36363636363637
"Calcium Citrate, Food-Based, Mini-Tabs",11,1,10,9.090909090909092
Cheddar Cheese Pretzels Pieces,190,107,83,56.315789473684205
Ice Cube Tray,51,1,50,1.9607843137254901
Asian Salad Kit,398,222,176,55.778894472361806
Tea Tree Toothpaste with Baking Soda,28,7,21,25.0
Body Oil,47,8,39,17.02127659574468
Cherry Lip Shimmer,7,0,7,0.0
Turkey Jerky,43,20,23,46.51162790697674
Rainbow Birthday Candles,19,0,19,0.0
Organic Date & Lemon Artisan Crisps Made With Fresh Greek Yogurt & Himalayan Pink Salt,26,12,14,46.15384615384615
Natchrm Evap Cntmlk12.2,29,5,24,17.24137931034483
No Added Salt Chicken Noodle Soup,443,147,296,33.182844243792324
Mild Thin Sliced Cheddar Cheese,930,505,425,54.3010752688172
Baked & Popped Variety Snack Packs,964,542,422,56.22406639004149
Easter All Natural Sour Jelly Beans,32,7,25,21.875
Ultra Thin Overnight Pads with Wings,12,4,8,33.33333333333333
Diet Orange & Cream Soda,79,63,16,79.74683544303798
"Steamfresh Chef's Favorites Broccoli, Cauliflower, Carrots with Cheese Sauce",11,4,7,36.36363636363637
Cotton Rounds,497,135,362,27.16297786720322
Raw Pure & Simple Organic Bare with Flax Instant Multigrain Hot Cereal,16,5,11,31.25
Lavender Deodorant Stick,40,1,39,2.5
Tall Kitchen Drawstring Bag Island Fresh,62,13,49,20.967741935483872
"Bean & Rice Chips, Nacho",62,41,21,66.12903225806451
Vanilla Egg White Protein Pack,29,13,16,44.827586206896555
Aji Panca Organic Chili Paste,11,1,10,9.090909090909092
Organic Garnet Sweet Potato (Yam),51939,34408,17531,66.24694352991008
"Ham, Cheddar & Mini Ritz Snack Duos",23,6,17,26.08695652173913
Kale Cranberry Chopped Salad Kit,331,171,160,51.66163141993958
Sauerkraut,1693,717,976,42.350856467808626
Deep Clean Body and Face Wash,156,59,97,37.82051282051282
Lemon Herb Asparagus Seasoning Sauce,98,12,86,12.244897959183673
Gluten Free Carrot Puffs,166,43,123,25.903614457831324
Vanilla Shake with Fiber,89,65,24,73.03370786516854
Organic Sprouted Whole Wheat Flour,141,49,92,34.751773049645394
Dill Pickle Slicers,25,16,9,64.0
Chicken Bacon Cheddar Cheese Melt Frozen Sandwiches,32,13,19,40.625
Ultra Softly Facial Tissue 3-Ply,69,38,31,55.072463768115945
Espresso Candy,4,0,4,0.0
Almond Hazelnut Creamer,78,42,36,53.84615384615385
Spicy Brown Hot Mustard,17,0,17,0.0
Simply 100 Mango Passion Fruit Blended Non-Fat Greek Yogurt,30,16,14,53.333333333333336
SARA LEE     15OZ PLAIN MINI BAGELS,595,369,226,62.016806722689076
Clinical + Sport Strength Deodorant,10,1,9,10.0
Canola Oil,9783,3499,6284,35.766124910559135
Eve Apple,3,0,3,0.0
Sour Watermelon Shark Candy,5,2,3,40.0
Soft-Picks,37,14,23,37.83783783783784
Lunch Blox Salad Kit,5,0,5,0.0
Classic Pork Links,804,502,302,62.43781094527363
Chicken Fingers With Macaroni & Cheese,47,17,30,36.17021276595745
Gluten Free Mini Dark Chocolate Pretzels,60,22,38,36.666666666666664
Parmesan Cheese,2387,924,1463,38.70967741935484
Champagne Vinegar,977,129,848,13.203684749232345
Banana Mango Yogurt,923,521,402,56.44637053087757
80% Vegetable Oil Margarine,213,58,155,27.230046948356808
Petite Crab Cakes,3,0,3,0.0
"Pinto Noir, Monterey, 2007",96,32,64,33.33333333333333
Grain Free Salmon & Sweet Potato Recipe in Gravy Cat Food,99,54,45,54.54545454545454
Apricot Probiotic Cleansing Milk,17,2,15,11.76470588235294
Extra Smooth Vodka,117,77,40,65.8119658119658
Roasted Red Pepper & Feta Spread,42,8,34,19.047619047619047
"Organic Honeybush Tea, Caffeine Free",191,76,115,39.79057591623037
Meyer Lemon Miracle Tart,693,361,332,52.09235209235209
Real Medleys Apple Walnut Oatmeal,460,202,258,43.913043478260875
Xero Calorie Stevia Cola,179,133,46,74.30167597765363
Allergy 24HR Nasal Allergy Spray - 120 Sprays,14,1,13,7.142857142857142
Shoestring Fries,5391,3095,2296,57.410498979781124
Extra Strong 30 Gallon Large Trash Drawstring Bags,182,84,98,46.15384615384615
Coffee,532,295,237,55.45112781954887
Steamfresh Cut Green Beans,413,250,163,60.53268765133172
Pineapple Topping,14,0,14,0.0
Mild Suprema Salsa,83,40,43,48.19277108433735
Organic Nonfat Greek Yogurt With Peaches,6067,3882,2185,63.98549530245591
Garlic & Herb Pasta Sauce,10,3,7,30.0
Calms Forte Sleep Aid Tablets - 100 CT,27,6,21,22.22222222222222
"Juice, Organic, Acai with Pomegranate",6,1,5,16.666666666666664
Hot & Spicy Chicken Flavor With Vegetables Ramen Noodles Bowl,105,56,49,53.333333333333336
Fresh Effects {Everything Off!} Deluxe Make-Up Removal Wet Cloths,48,12,36,25.0
Lil Drums Vanilla/Chocolate Frozen Dairy Dessert Cones,882,476,406,53.96825396825397
Homogenized Milk,1630,1244,386,76.31901840490798
Sea Salt Potato Tomato & Spinach Garden Veggie Crisps,228,119,109,52.19298245614035
Breastmilk Storage Bags,26,3,23,11.538461538461538
Ricotta And Spinach Tondi,834,522,312,62.589928057553955
Tamari Black Sesame Brown Rice Crackers,288,169,119,58.68055555555556
Soft & Moist Lemon Zest Madeleines,8,2,6,25.0
Limited Edition Mini Trix Cereal,291,79,212,27.147766323024054
Men's Bearglove Anti-Perspirant/Deodorant,13,4,9,30.76923076923077
Orange Passionfruit & Jasmine Green Tea Bags,55,22,33,40.0
Quick 1 Minute Whole Grain Oats,1723,859,864,49.85490423679629
Meatballs Super Mario Fun Shapes Canned Pasta,9,2,7,22.22222222222222
Organic Whole Grain Yellow Rice Rice & Seasoning Mix,345,128,217,37.10144927536232
Globe Eggplant,17257,9275,7982,53.74630584690271
Original Baked  Potato Chips,1164,733,431,62.97250859106529
Oh My Yog! Gingered Pear Trilayer Yogurt,1753,965,788,55.04848830576156
Burger Artichoke Tandoori,21,11,10,52.38095238095239
Vitamin D3 1000 IU,226,26,200,11.504424778761061
Rice Whip,279,96,183,34.40860215053764
Nonfat Dry Milk,21,2,19,9.523809523809524
Awapuhi Ginger Conditioner,26,8,18,30.76923076923077
Multi Grain Bagels,87,50,37,57.47126436781609
Go Pack Tissues,136,46,90,33.82352941176471
Pesto Alla Genovese Pasta Sauce,209,98,111,46.889952153110045
Motionsense For Women Fresh Energy Anti-Perspirant Dry Spray,23,7,16,30.434782608695656
"Salt, Organic, Season",12,4,8,33.33333333333333
Leg Cramps Tablets,5,1,4,20.0
Fiber One Chocolate Chip Cheesecake,34,16,18,47.05882352941176
Bursts Grape Soft Drink,2,0,2,0.0
Imported Sardines in Pure Olive Oil Skinless & Boneless Salt Added,436,199,237,45.642201834862384
Split Top Wheat Bread,2559,1787,772,69.83196561156701
Lemon Ice Cubes,87,72,15,82.75862068965517
Peppermint Caffeine Free Herbal Tea - 40 CT,19,3,16,15.789473684210526
Big Apple Uncured Hot Dogs,406,142,264,34.97536945812808
Dumpling Egg Noodles,20,6,14,30.0
Lemon Macaroons,68,21,47,30.88235294117647
Alcohol Swabs Sterile - 200 CT,16,0,16,0.0
360 Whole Mouth Clean Medium Toothbrush Value Pack,130,28,102,21.53846153846154
Fresh Berries Scented Oil,8,1,7,12.5
Orange & Ginger Flavored Finest Yoghurt,31,11,20,35.483870967741936
"Dark Chocolate, Intense Mint",43,36,7,83.72093023255815
Beyond Chicken Homestyle Tenders,15,5,10,33.33333333333333
Meat Sticks,5,1,4,20.0
Organic Red Cabbage,15055,7636,7419,50.720690800398536
Gentlease Milk Based Infant Formula With Iron,131,92,39,70.22900763358778
Pine Nuts Natural Unsalted,124,58,66,46.774193548387096
"Fit Super A Juice, Cold Pressed, Carrot/Apple/Ginger",66,24,42,36.36363636363637
Ground Beef,932,459,473,49.24892703862661
Olsen Pickled Herring,16,9,7,56.25
Coffee Cold Brew Concentrate,213,114,99,53.52112676056338
007 Vodka With Martini Glasses,2,0,2,0.0
Hydroponic Boston Lettuce,152,47,105,30.92105263157895
Lightly Breaded Fish Sticks,1368,651,717,47.58771929824561
"Power Blend Superfood Brussels Sprouts, Napa Cabbage, Kohlrabi, Broccoli, Carrots & Kale",717,314,403,43.793584379358435
Almond & Raisin Hearty Oatmeal to Go,167,101,66,60.47904191616767
Cherry Nighttime Instant Teething Pain Relief Gel,3,0,3,0.0
Rainier Chilean Cherries,5,1,4,20.0
Organic Cranberry Walnut Salad,91,51,40,56.043956043956044
Oral Electrolyte Solution Mixed Fruit,629,294,335,46.74085850556439
"Creamy Coconut Organic Dark Chocolate, 57% Cocoa",75,35,40,46.666666666666664
Whole Grain Melba Snacks,29,11,18,37.93103448275862
Thai Basil Herbs & Spices,11,0,11,0.0
Froot Loops Bloopers Cereal,3,0,3,0.0
Organic Turkey Hot Dogs,4023,2377,1646,59.085259756400696
Frozen Palak Paneer Meal with Naan Bread,6,1,5,16.666666666666664
All Natural Tagliatelle Pasta,220,109,111,49.54545454545455
Tri Color Tortellini,31,7,24,22.58064516129032
"Fish Sticks, Classic Crunchy",101,51,50,50.495049504950494
Caramel Cone Ice Cream,1162,599,563,51.54905335628227
Organic Chicken Sausage Spicy Cajun,44,10,34,22.727272727272727
Organic Whole Wheat Fusilli Pasta,1924,910,1014,47.2972972972973
Small Brushing Chews Dog Treats,21,11,10,52.38095238095239
Powdered Sugar Junior Doughnuts,16,12,4,75.0
Lowfat Plain Yoghurt,695,385,310,55.39568345323741
Premium Organic Whole Kernel Sweet Corn,645,270,375,41.86046511627907
Cinnamon Date Manna Bread,109,58,51,53.21100917431193
Hazelnut Coffee Sugar Free CoffeeCreamer,1784,1233,551,69.11434977578476
Original Milk Chocolate Nutrition Shake,107,66,41,61.6822429906542
Brown Rice Bread,157,98,59,62.42038216560509
General Tsao's Tofu,101,32,69,31.683168316831683
Variety Pack,3847,1783,2064,46.34780348323369
Lndbrg Wht Jasm Rice 8 Z,116,48,68,41.37931034482759
Vinegar Gel Cleaner No-Rinse Cleaner Lemon Verbena,31,5,26,16.129032258064516
Mussels in a Garlic Butter Sauce,56,25,31,44.642857142857146
Garlic Parmesan Pull-Apart Monkey Bread,16,4,12,25.0
Special K Cheddar Cracker Chips,40,9,31,22.5
Mint Chewing Gum,41,22,19,53.65853658536586
Loaded Baked Mashed Potatoes,219,91,128,41.55251141552511
Vanilla Drink Crafted With Authentic Greek Yogurt,5,0,5,0.0
Pistachio Ice Cream,524,194,330,37.02290076335878
Organic White Rose White Tea,198,93,105,46.96969696969697
Navel Oranges,874,457,417,52.288329519450805
Garlic & Herb Multi Grain Crackers,78,33,45,42.30769230769231
Bag of Organic Lemons,1574,615,959,39.07242693773825
Turkey Bacon 50% less fat,67,21,46,31.343283582089555
Marrow Bones,12,2,10,16.666666666666664
Popcorn Butter Flavor,9,2,7,22.22222222222222
Smoke Roasted Wild Sockeye Salmon Apple Brown Sugar,4,0,4,0.0
Pav Bhaji Mashed Vegetable Curry,7,1,6,14.285714285714285
Simply White Clean Mint Fluoride Toothpaste,52,16,36,30.76923076923077
Shrimp Ring,16,6,10,37.5
No MSG Cheddar Wurst Smoked Sausage with Wisconsin Cheese,97,45,52,46.391752577319586
Lemon Bar Fruit & Nut Bars,58,16,42,27.586206896551722
Organic Unsweetened Vanilla Coconut Non-Dairy Beverage,1562,888,674,56.85019206145967
Cheesy Skillets Dinner Kit,15,4,11,26.666666666666668
with Color Safe Brightener Power Paks 2in1 Stain Fighter,31,16,15,51.61290322580645
Recharge Energizing Blueberry Pomegranate Stimulant Energy Drink,6,2,4,33.33333333333333
Buffalo Chicken Slow Cooker Sauces,37,9,28,24.324324324324326
Chai Spice Organic Tea,37,25,12,67.56756756756756
Organic California-Style Blend Mixed Vegetables,343,138,205,40.2332361516035
Decongestion Spray,25,2,23,8.0
Chewable Tablets Berry Flavor Complete® Acid Reducer & Antacid,31,12,19,38.70967741935484
"Yogurt Cheese, Spreadable, Mediterranean Style, Lite",4,0,4,0.0
Roasted Brussels Sprouts,1553,767,786,49.388280746941405
Dairy Pure Whole Milk +Vitamin D,33,23,10,69.6969696969697
Sidekicks Vanilla Shake,63,43,20,68.25396825396825
Organic Strained Tomatoes,2237,1474,763,65.89181940098347
Black Cherry Vodka,24,16,8,66.66666666666666
Graduates Finger Foods Apple Harvest Wagon Wheels,56,11,45,19.642857142857142
Reduced Fat Mozzarella & Cheddar Polly-O Cheese Twists,155,126,29,81.29032258064515
Dill Pickle Kale Chips,61,35,26,57.377049180327866
Sushi & Sashimi Soy Sauce,8,1,7,12.5
LashBlast Volume Waterproof Mascara - Very Black 825,24,2,22,8.333333333333332
Flat to Volume Pantene Pro-V Sheer Volume Shampoo 29.2 fl oz with Pump - Volumizing Shampoo  Female Hair Care,14,3,11,21.428571428571427
Morning Glory Muffin,5,2,3,40.0
Authentic French Brioche,7561,5678,1883,75.09588678746198
Cheese Enchilada,71,24,47,33.80281690140845
"Bread, Natural Pumpernickel",891,548,343,61.50392817059483
Hot Cocoa Marsh Creamer,31,10,21,32.25806451612903
Adult Hairball Formula Cat Food,40,20,20,50.0
Omega 3 Formula 1000mg,89,22,67,24.719101123595504
Flaky Butter Crescent Rolls,23,6,17,26.08695652173913
Anne's Org Strw Yog 4 Ct,224,104,120,46.42857142857143
Organic Ground Chicken,802,316,486,39.40149625935162
Certified Gluten-Free Chipotle Hommus,223,133,90,59.64125560538116
Low Acid Pulp Free Orange Juice,41,15,26,36.58536585365854
Boneless Pork Loin Roast,282,85,197,30.141843971631204
Barbecue Veggie Burgers,100,26,74,26.0
Unsweet Cherry Sparkling Water,384,292,92,76.04166666666666
Natural Tomato Paste,3161,973,2188,30.781398291679846
Every Man's One Daily Multivitamin,23,7,16,30.434782608695656
Salt And Pepper Crackers,57,24,33,42.10526315789473
Provolone Cheese,164,47,117,28.65853658536585
Petite White Corn,393,191,202,48.60050890585242
Lite Caesar Dressing,56,17,39,30.357142857142854
Oyster Flavored Sauce,115,14,101,12.173913043478262
Kale & Sea Salt Popcorn,779,394,385,50.57766367137355
Mango 100% Juice Blend,15,3,12,20.0
Strawberry Honey Nonfat Kefir,12,2,10,16.666666666666664
BoomChocoBoom Dark Chocolate Bar,310,195,115,62.903225806451616
For Digestive Health & Soft Stools Milk-Based with Iron Infant Formula Powder,31,23,8,74.19354838709677
Organic Low Sodium Garbanzo Beans,56,10,46,17.857142857142858
Grilling Cheese,71,34,37,47.88732394366197
Butternut Squash Noodles,686,267,419,38.921282798833815
Peanut Powder,18,4,14,22.22222222222222
Well Yes! Chicken Noodle Soup,20,0,20,0.0
Nail Polish Remover,397,28,369,7.052896725440807
Greek 100 Calories Boston Cream Pie Yogurt,26,12,14,46.15384615384615
Jumbo Brown Eggs,392,288,104,73.46938775510205
Biolage Hydra Source Shampoo,8,1,7,12.5
Hunger Filler Whole grain Bread,44,28,16,63.63636363636363
Vanilla Yogurt Nutrition Bar,78,65,13,83.33333333333334
Diced Onions,1587,948,639,59.73534971644613
Sliced Hard Salami,70,34,36,48.57142857142857
Organic Black Bean Spaghetti,42,14,28,33.33333333333333
Alive! Once Daily Women's Multi Ultra Potency Tablets,26,0,26,0.0
Bathroom Bleach Foamer,460,115,345,25.0
"Frankincense, 100% Pure, Essential Oils",10,0,10,0.0
Coffee Chocolate Bar,1449,648,801,44.72049689440994
100% Whole Wheat Hoagie Rolls,16,6,10,37.5
Thin Wheats Crackers,114,64,50,56.14035087719298
Fat Free Half And Half Creamer,579,311,268,53.71329879101899
Baked Original Pita Chips,209,68,141,32.535885167464116
Pink Decorating Gel,10,0,10,0.0
Fruit On The Bottom Peach Yogurt,65,44,21,67.6923076923077
Garden Salad Mix,1339,968,371,72.29275578790141
White Kidney Beans,64,26,38,40.625
Gardenia & Tuberose Candle,9,3,6,33.33333333333333
Special Dark Candy Bar,56,38,18,67.85714285714286
Sea Kelp Thoroughly Clean Face Wash,4,1,3,25.0
Re-Nu MultiPlus Lubricating & Rewetting Drops,7,1,6,14.285714285714285
Orange Mints,104,41,63,39.42307692307692
Chocolate Creme Cupcakes,59,29,30,49.152542372881356
Vitamin D3 Adult,26,7,19,26.923076923076923
Vanilla Chai Black Tea Blend,262,115,147,43.89312977099237
Original Squeeze Vegenaise,68,29,39,42.64705882352941
Rejuveness Anti Wrinkle Cream,3,0,3,0.0
"Cakes, Chocolate Chip",23,11,12,47.82608695652174
Myco Shield Spray Immune Support Cinnamon,7,1,6,14.285714285714285
Citrus Squeezer,29,3,26,10.344827586206897
3D White Arctic Fresh Icy Cool Mint Flavor Whitening Toothpaste,41,8,33,19.51219512195122
Mild Yellow Mustard Plochman's,113,18,95,15.929203539823009
6 Piece Starter Set,2,0,2,0.0
Peppered Deli Slices,1353,816,537,60.310421286031044
Surf Sweet Watermelon Rings,222,93,129,41.891891891891895
Fat Free Plain Yoghurt,656,417,239,63.5670731707317
Snack on the Run! Chicken Salad With Crackers,57,30,27,52.63157894736842
Breast White Premium Chunk In Water Chicken Breast,19,7,12,36.84210526315789
Cinnamon Babka,60,39,21,65.0
Hydrogen Peroxide 3%,300,63,237,21.0
Corn baked with skim milk and eggs Corn Souffle,55,19,36,34.54545454545455
Free and Gentle Liquid Laundry Detergent,1527,722,805,47.2822527832351
Concord Grape,3,0,3,0.0
Organic Pecans,616,319,297,51.78571428571429
90 Calorie Chocolate Caramel & Pretzel Chewy Bars,228,103,125,45.17543859649123
Revitalizing Day Cream,29,15,14,51.724137931034484
Citrus Cold Remedy RapidMelt,198,43,155,21.71717171717172
Extra IPA Beer,356,211,145,59.269662921348306
72% Cocoa Cranberries & Almonds Dark Chocolate Bar,485,275,210,56.70103092783505
Organic Stone Ground Brown Mustard,70,8,62,11.428571428571429
Excellence Chili Dark Chocolate,56,29,27,51.78571428571429
Organic Chiapple  Apple Pie Spice Superfood,4,0,4,0.0
Variety Pack of Gluten Free Instant Oatmeal,82,32,50,39.02439024390244
Waffle Bowls,94,12,82,12.76595744680851
Earl Grey Tea,3179,1655,1524,52.0603963510538
Pineapple Upside-Down Cake Mix,8,1,7,12.5
"10.25\"" Elegant Fluted Party Plates",38,19,19,50.0
Low Fat Strawberry Milk,103,58,45,56.310679611650485
Mesquite BBQ Potato Chips,11,5,6,45.45454545454545
"Yogurt, Greek, Nonfat, Strained, Blended with Vanilla",8,1,7,12.5
Chipotle Chicken Mac & Cheese,37,16,21,43.24324324324324
Lettuce Medley,1848,1154,694,62.44588744588745
Double Jack IPA,22,14,8,63.63636363636363
Chocolate Chip Crisp Bar,37,22,15,59.45945945945946
Small Homestyle Taco Size Tortillas,49,35,14,71.42857142857143
Milk Free Better Than Sour Cream,2140,1272,868,59.439252336448604
Tots Mixed Berry Juice,8,1,7,12.5
Chili Lime Snack Mix,51,28,23,54.90196078431373
Crackleflame Firelogs,39,15,24,38.46153846153847
"9\"" Paper Plates",172,97,75,56.395348837209305
Hardwood Smoked Sliced Bacon,4,0,4,0.0
Chicken Drumsticks Family Pack,24,6,18,25.0
Peach Bbq Sauce,45,14,31,31.11111111111111
Natural Low Sodium Creamy Peanut Butter Spread,527,336,191,63.75711574952562
Lotzza Motzza Sausage and Pepperoni Pizza,45,27,18,60.0
Dark Chocolate Bar,294,160,134,54.421768707483
Gluten Free Wild Berry Fig Bars,4,1,3,25.0
Cheese Plate Spanish,124,63,61,50.806451612903224
Hummus Made Easy Classic,18,4,14,22.22222222222222
Tortilla Chips Rolls!,24,9,15,37.5
Organic Red Beans Vegetarian,92,20,72,21.73913043478261
Royal Blend with Red Quinoa,26,12,14,46.15384615384615
Organic Asian Sesame Dressing,689,225,464,32.65602322206096
Rye-Ola Black Rye Bread,9,2,7,22.22222222222222
Beet Juice,56,23,33,41.07142857142857
California Style Coarse Grind White & Green Onion Powder With Parsley,28,4,24,14.285714285714285
Natural Green Tea Powder,52,8,44,15.384615384615385
Banana Twins Cakes,11,4,7,36.36363636363637
"Satay Sauce, Thai Peanut, Spicy-Hot",6,0,6,0.0
Dry Coppa,98,41,57,41.83673469387755
Chocolate Creme Twinkie,8,2,6,25.0
Organic Steamable Cut Green Beans,9,1,8,11.11111111111111
Dry Sherry,52,2,50,3.8461538461538463
"Artichoke Hearts, Quartered Marinated",13,4,9,30.76923076923077
"Herbal Laxative Tabs, Tablets",55,9,46,16.363636363636363
Traditional Guayusa Tea,11,2,9,18.181818181818183
Unsweetened Premium Iced Tea,3934,3068,866,77.98678190137265
Laundry Stain Remover Refill,26,7,19,26.923076923076923
Six Seed,11,5,6,45.45454545454545
Original Unsweetened Almond Breeze Almond Milk,36,6,30,16.666666666666664
"Iso Maki, Seaweed Wrapped Rice Cracker",37,16,21,43.24324324324324
Ranch Peppercorn Dressing,23,4,19,17.391304347826086
"Fruit Spread, Deluxe, Fancy Plum",13,6,7,46.15384615384615
Organic Green & Pineapple Drink,26,8,18,30.76923076923077
Rasberry Tartlettes,17,11,6,64.70588235294117
Toaster Strudel Cherry Toaster Pastries,39,16,23,41.02564102564102
Triple Chocolate Snack Bar,9,1,8,11.11111111111111
Fresh Radish Chips,9,1,8,11.11111111111111
Blueberry Bliss Snack,26,10,16,38.46153846153847
Melatonin 2.5 Mg Sublingual Orange Tablets,45,14,31,31.11111111111111
Dog Treat Beneful Healthy Smile Twists Small,27,8,19,29.629629629629626
Tea House Organic Black Tea With Blackberry & Sage,5,1,4,20.0
Rosemary Volumizing Conditioner,51,2,49,3.9215686274509802
Dark Brown Butter Organic Chocolate,1487,904,583,60.79354404841963
Organic White Grape Juice,444,179,265,40.31531531531532
Provolone Cheese Slices,789,359,430,45.50063371356147
Men+Care Clean Comfort Body and Face Bar,18,4,14,22.22222222222222
Garlic Rosemary Gluten Free Matzo Cracker,14,4,10,28.57142857142857
Hearty & Delicious 100% Whole Wheat with Honey Bread,213,137,76,64.31924882629107
Beyond Natural Cat Food - White Meat Chicken and Whole Oat Meal Recipe,25,10,15,40.0
Champagne Grapes,44,12,32,27.27272727272727
Daily Turmeric Nutrient Booster Powder,66,22,44,33.33333333333333
Iced Green Tea Zero Calorie Citrus,2,1,1,50.0
Relight Sparkle Candles,6,0,6,0.0
"Frozen Pie, Ready to Bake, Marionberry",16,0,16,0.0
Peanut Butter Cups Stuffed with Pieces Candy,25,10,15,40.0
Strawberry & Banana Toddler Toothpaste,110,28,82,25.454545454545453
Shiro Miso Aged & Fermented Rice & Soybeans,22,2,20,9.090909090909092
Milano Melts Vanilla Creme,3,1,2,33.33333333333333
Amaaazing Blueberry Apple Juice Blend Drink,68,26,42,38.23529411764706
Organic Russian Caravan Tea,16,11,5,68.75
Breakfast Burrito,1012,447,565,44.1699604743083
Challah Twist,52,17,35,32.69230769230769
Orange Sauce,183,28,155,15.300546448087433
Plain Almond Milk Yogurt,4160,2887,1273,69.39903846153847
Lavender & Chamomile Scented Oil Refill,230,80,150,34.78260869565217
Yogurt Raisins,141,67,74,47.5177304964539
Bamba,24,8,16,33.33333333333333
Glacier Freeze Frost,1372,707,665,51.53061224489795
"Ale, Hop Stoopid",143,115,28,80.41958041958041
Artisan Blends Parmesan Shredded Cheese,607,189,418,31.13673805601318
Real Vegetable Chips Tropical Sweet & Salt Coconut,9,4,5,44.44444444444444
Tropical Mango,19,6,13,31.57894736842105
Coarse Grind Cornmeal,162,6,156,3.7037037037037033
Tropical Punch Liquid Drink Mix,60,28,32,46.666666666666664
Fume Free Oven Cleaner,267,39,228,14.606741573033707
Organic Fava Beans,254,40,214,15.748031496062993
Almond Butter (Crunchy),102,57,45,55.88235294117647
Blueberry Minute Muffin,49,16,33,32.6530612244898
Beech Nut Stage 1 Chicken & Chicken Broth,8,2,6,25.0
Balance Conditioner,7,0,7,0.0
Pu Erh Bordeaux Tea,3,0,3,0.0
"Organic Pears, Peas and Broccoli Puree Stage 1",5033,3457,1576,68.68666799125769
Flushable Cardboard Super Tampons,24,7,17,29.166666666666668
Oxygenating Multivitamin Vinegar Berry Drink Packets,15,7,8,46.666666666666664
Tumeric Japanese Matcha Elixir,38,20,18,52.63157894736842
Fat Free Swiss Pasteurized Process Cheese Product,21,8,13,38.095238095238095
Ginger Lemon Gummi Candy,88,63,25,71.5909090909091
Caramel King Size Cookie Bar,33,17,16,51.515151515151516
Squeeze Light Mayonnaise,226,70,156,30.973451327433626
Organic Peach Cobbler Black Tea Tea Bags,81,17,64,20.98765432098765
Organic Calming Tea Bags 16 Count,155,39,116,25.161290322580644
Original Chocolate Chip Cookies,2970,1627,1343,54.78114478114479
Lint Traps,11,1,10,9.090909090909092
Organic Blend Me Mixed Vegetables,7,0,7,0.0
Dark Chocolate Peanut Butter,21,3,18,14.285714285714285
Black Cherry Spread,56,13,43,23.214285714285715
Oatsnack Cookies n' Dreams,6,2,4,33.33333333333333
Soup & Oyster Crackers,877,296,581,33.75142531356899
Artisan Goat Milk Ricotta Cheese,98,28,70,28.57142857142857
Superior Preference Fade-Defying Color + Shine System - 5 Medium  Brown,12,8,4,66.66666666666666
Rosemary & Sea Salt Crackers,18,6,12,33.33333333333333
Professionals Rosemary + Mint Shampoo,46,6,40,13.043478260869565
Prenatal Multivitamin Tablets,12,1,11,8.333333333333332
Scrabble Junior Baked Snack Crackers,32,7,25,21.875
Breaded filet of Alaskan Pollock with macaroni and cheese Fish Filet,116,73,43,62.93103448275862
"P3 Brown Sugar Ham, Cheddar Cheese & Peanut Almond Nut Clusters",29,10,19,34.48275862068966
Mint Chocolate Quark,16,5,11,31.25
TEN TEN,190,92,98,48.421052631578945
Vegan Black Bean & Lime Soup,278,119,159,42.805755395683455
Lemon Verbena Laundry Detergent,613,192,421,31.321370309951057
Strawberries Long Stemmed,28,1,27,3.571428571428571
Learning Designs Training Pants Jumbo Pack Girls,34,9,25,26.47058823529412
Organic Brown Rice,14276,8217,6059,57.55813953488372
Organix Turkey & Vegetable Dog Food,18,8,10,44.44444444444444
Organic Vanilla Drinkable Yogurt,21,8,13,38.095238095238095
Dark Chocolate Espresso Skinny Dipped Almonds,64,49,15,76.5625
Special K Vanilla Almond Cereal,1063,599,464,56.34995296331138
"Coconut Milk Non Dairy Frozen Dessert, Pomegranate Chip",4,0,4,0.0
Cool Mint Gum,6,0,6,0.0
Pitted Greek Kalamata Olives,746,219,527,29.356568364611256
Organic Limes,419,158,261,37.70883054892602
Cheese Deep Dish Pizza,22,9,13,40.909090909090914
Ready to Bake Pumpkin Cookies,10,0,10,0.0
"Coconut Bliss Frozen Dessert, Dark Chocolate",1256,701,555,55.81210191082803
Hard Candy Awesome Reds,62,40,22,64.51612903225806
Natural Body & Foot Powder with Tea Tree Oil & GSE,9,1,8,11.11111111111111
Gluten-Free Soup Crackers,31,13,18,41.935483870967744
Flour Burrito Style Tortillas,71,22,49,30.985915492957744
White Icing Pouch with Tips,28,1,27,3.571428571428571
Onion Soup & Seasoning Mix,16,12,4,75.0
Organic Salted Caramel Ice Cream Juliette Sandwiches,82,37,45,45.1219512195122
Grillers Patties Cheddar Cheese & Bacon,6,1,5,16.666666666666664
100% Recycled 2 Ply Paper Towels,1424,804,620,56.46067415730337
Sweet Honey Barbecue Sauce,17,4,13,23.52941176470588
Powder Fresh Solid Antiperspirant & Deoderant,15,3,12,20.0
Golden Sweet Potato,3555,1730,1825,48.66385372714487
Organic Vegetable Tray with Creamy Ranch Dip,289,122,167,42.21453287197232
Scrubby Sponges,251,45,206,17.928286852589643
"Dog Treats, Lamb Formula",41,22,19,53.65853658536586
Gluten Free Ancient Grain Pasta Penne,275,138,137,50.18181818181818
Strip & Seal Security Envelopes No. 10,40,4,36,10.0
Gluten Free Beef and Potato Burrito,16,5,11,31.25
Classic with Tuna Anchovies & Whitefish Cat Food,62,42,20,67.74193548387096
Premium Jumbo Beef Franks,55,25,30,45.45454545454545
Nutri-Grain Raspberry Cereal Bars,166,85,81,51.204819277108435
Silver Wipes,12,0,12,0.0
Serene Science Gaba 750 Mg,4,0,4,0.0
Apple Banana Applesauce On The Go Pouches,307,170,137,55.37459283387622
Original Instant Oatmeal,6162,3904,2258,63.35605322947095
Lowfat Vanilla Milk,1035,710,325,68.59903381642512
Tall Kitchen Drawstring Bags,4481,1764,2717,39.3662128989065
Organic Soups Alphabet Fat Free,984,594,390,60.36585365853659
Cool Lemon Sugar-Free Ice Cube Gum,52,34,18,65.38461538461539
Reduced Sodium Matzo Ball & Soup Mix,3,0,3,0.0
Gluten Free Pizza Crust Mix,6,0,6,0.0
Cilantro,93,5,88,5.376344086021505
Organic Colombia Fair Trade Whole Bean Coffee,74,36,38,48.64864864864865
After The Rain Gel Air Freshener,295,110,185,37.28813559322034
Rainbow Carrots,11,0,11,0.0
Rhubarb Soda,52,38,14,73.07692307692307
Mandarin Lime Sparkling Water Beverage,88,38,50,43.18181818181818
Non Alcoholic Premium Brew Malt Beverage,9,3,6,33.33333333333333
Variety Cake Caramel Red Velvet Chocolate Carrot,27,4,23,14.814814814814813
Multigrain Corn Thins,265,183,82,69.0566037735849
Advanced Haircare Smooth Intense Polishing Shampoo,6,1,5,16.666666666666664
Organic Tamari Gluten-Free Soy Sauce,1667,387,1280,23.215356928614277
Tropical Fruit Ultra Strength Antacid Calcium Supplement Chewable Tablets,91,18,73,19.78021978021978
Organic Strawberry Sauce,11,1,10,9.090909090909092
Smoked Turkey Breast Slices,9746,5377,4369,55.171352349681925
Classico Olive Oil,21,6,15,28.57142857142857
100% Crisp Apple Cider,30,7,23,23.333333333333332
Ultra Thin Overnight with Wings,117,26,91,22.22222222222222
"Cereal, Superfood, Acai Blueberry",64,36,28,56.25
Greek Yogurt Salted Caramel Crunch,9,6,3,66.66666666666666
Grill Mates Barbecue Seasoning,12,1,11,8.333333333333332
Enriched Fettuccine,21,3,18,14.285714285714285
Salsa Con Queso Medium,3167,1339,1828,42.2797600252605
Tiny Fruits Blueberry Apple,151,54,97,35.76158940397351
Gluten Free Rice Chex,2178,1107,1071,50.82644628099173
Acacia Fiber Organic Powder,4,0,4,0.0
"Fruit Roll, Mango Flavor",73,52,21,71.23287671232876
Baked Cheese Ravioli,1741,981,760,56.34692705341757
Natural Toothpaste Creme De Anise,73,34,39,46.57534246575342
"Whole Grain Pilaf with Brown Rice, Quinoa, Kale, Artichokes & Zucchini",3,1,2,33.33333333333333
Fabric & Upholstery Protector,28,2,26,7.142857142857142
Sardines In Tomato Sauce,10,1,9,10.0
Lemon Drop Liquid Stevia Sweetener,12,1,11,8.333333333333332
Delice Fine European Biscuits,8,3,5,37.5
D'anjou Pears 90/100 Sz,434,230,204,52.995391705069125
Dark Chocolate Crunchy Clusters Berry Medley,76,49,27,64.47368421052632
Shine Collection Brillance Shampoo,15,4,11,26.666666666666668
Split Pea Sauce,3,0,3,0.0
Bacon Cheddar Popcorn Seasoning,8,1,7,12.5
Organic Whole Grain Sprouted Quinoa,1040,454,586,43.65384615384615
Organic Teas Black Tea Organic English Breakfast Tea Bags - 16 CT,839,424,415,50.53635280095352
Butter Masala Mild Indian Simmer Sauce,555,224,331,40.36036036036036
Acid Reducer and Antacid Chewables Cool Mint,17,3,14,17.647058823529413
Everlasting French Nails - Endless,5,1,4,20.0
Chocolate Organic Maca Bar,34,12,22,35.294117647058826
Gold Temptation Refreshing Shower Gel,4,0,4,0.0
Chicken and Roasted Garlic Tortelloni Refrigerated Pasta,35,10,25,28.57142857142857
Legendary Smokey Mesquite Bar-B-Q Sauce,404,109,295,26.980198019801982
"Gelpacs, Orange Scent",29,5,24,17.24137931034483
Naproxen Sodium Caplets,41,9,32,21.951219512195124
Northern Sonoma Chardonnay,24,9,15,37.5
Pirouette Chocolate Fudge Creme Filled Wafers,22,3,19,13.636363636363635
Creamy Cashew Milk Non-Dairy Frozen Dessert,353,199,154,56.37393767705382
Sin Dawg 100% Whole Grain Organic Cinnamon-Sugar Bread Roll,45,19,26,42.22222222222222
Organic Berry Berry Granola Bars,242,88,154,36.36363636363637
Savory Pot Roast Soup,171,59,112,34.50292397660819
Natural Odor Eliminating Air Freshener Spray Tropical Citrus Blend,162,61,101,37.65432098765432
Raincoast Crisps Cranberry And Hazelnut Crackers,1705,767,938,44.98533724340176
Organic Pinto Beans,10829,5282,5547,48.77643365038323
Cinnamon Roll Dough With Icing,1898,851,1047,44.836670179135936
Mint Chip Gelato,5,0,5,0.0
Large Adhesive Pads,12,2,10,16.666666666666664
Premium Almonds,24,6,18,25.0
Squared Plastic Cups,7,0,7,0.0
Country Fried Beef Steak & Gravy,76,42,34,55.26315789473685
Serenity French Lavender Bath Salt & Soak,70,16,54,22.857142857142858
Sf Protein Thai Style,16,3,13,18.75
Greek 100 Calories Peach Fat Free Yogurt,189,78,111,41.269841269841265
Enriched Vanilla Rice Drink,775,502,273,64.77419354838709
Coconut Moisturizing Lotion,33,6,27,18.181818181818183
"Sesame Oil, Refined",148,20,128,13.513513513513514
Lash and Lid Make-Up Remover,18,0,18,0.0
Original Gourmet Sweet Teriyaki Marinade & Cooking Sauce,89,44,45,49.43820224719101
Organic Cultured Soy Yogurt Plain,102,58,44,56.86274509803921
Cran Raspberry Sparkling Water,10365,6559,3806,63.280270139893865
Holler Mountain Organic Coffee,3060,2173,887,71.01307189542484
SmartBlend Chicken & Rice Formula Adult Dry Dog Food,37,21,16,56.75675675675676
Giant Family Size Pasta Pan,5,0,5,0.0
Chicken Chorizo Cafe Wrap,48,22,26,45.83333333333333
"Anti-Fungal Liquid, Maximum Strength",2,0,2,0.0
Organic Sprouted Brown Rice Baby Cereal,4,1,3,25.0
Zero Soda,3489,2486,1003,71.25250788191458
Reclosable Sandwich Bags Double Zipper,129,21,108,16.27906976744186
Natural Sunflower Seeds,11,1,10,9.090909090909092
"Banana, Peach and Mango Fruit Pouch",1736,917,819,52.82258064516129
Children's Tooth Gel,162,77,85,47.53086419753087
All Natural Soba Stir-Fry Noodles - 2 CT,25,11,14,44.0
Tablet Allergies,13,1,12,7.6923076923076925
Roasted Vegetable Multi-Grain Crackers,16,3,13,18.75
Omega 3 Skin Food Ultra Moisturizing Unscented Body Lotion,4,0,4,0.0
King Size,75,33,42,44.0
Coffee Singles Classic Decaf Coffee Bags,5,0,5,0.0
"Crackers, Original, Stoned Wheat",62,35,27,56.451612903225815
Snack Box to Go Traditional Hummus Sea Salt Pita Chips,7,1,6,14.285714285714285
Spicy Peanut Noodles,42,23,19,54.761904761904766
Firming Body Lotion,91,42,49,46.15384615384615
Almond Toast Cookie,26,11,15,42.30769230769231
Kids Broad Spectrum Sunblock Lotion Spf 50,9,1,8,11.11111111111111
Kids Sensible Foods Broccoli Littles,5700,2883,2817,50.578947368421055
Savory Cracker Pack,227,128,99,56.38766519823789
Persian (Armenian) Cucumber,1684,1201,483,71.31828978622327
Dough For Turnover Pastries Para Empanadas,8,3,5,37.5
Salmon Creations Lemon Dill Salmon,10,6,4,60.0
Natural Brown Paper #6 Size Cone Coffee Filters,45,16,29,35.55555555555556
Natural Tea Tree Shampoo,26,1,25,3.8461538461538463
Sun-Dried Tomato Alfredo Pasta Sauce,127,42,85,33.07086614173229
Extreme Poison Ivy Scrub,4,0,4,0.0
Hazelnut Original Non-Dairy Beverage,492,318,174,64.63414634146342
Monterey Jack Jalapeno Stuffed Pretzels,35,6,29,17.142857142857142
Dairy Lemonade,331,215,116,64.95468277945619
Sour Cream and Onion Potato Chips,624,339,285,54.32692307692307
Odor-X Odor Fighting Spray Powder,9,1,8,11.11111111111111
Mushroom Rice Burger Patties,13,5,8,38.46153846153847
"Seaweed Snack, Premium Roasted, Spicy Chipotle",16,3,13,18.75
Lemon Supreme Frosting,3,0,3,0.0
Fettuccini Noodles,544,196,348,36.029411764705884
Puffs,14,7,7,50.0
Calorie Free Ranch Dressing,15,11,4,73.33333333333333
Organic Half & Half,76360,59672,16688,78.14562598218963
80% Lean Ground Beef,4861,3077,1784,63.29973256531578
Lemon Scented Dish Soap,75,23,52,30.666666666666664
Caribou Blend Medium Roast Coff K Cups,2,0,2,0.0
Dark Chocolate Royale Shakes,340,235,105,69.11764705882352
24 Hour All Natural Coconut & Papaya Deodorant,11,2,9,18.181818181818183
Organic Original Hot Oatmeal,1996,1277,719,63.97795591182365
Premium Hearts of Palm,16,8,8,50.0
Black Cherry Barbecue Pork Jerky,430,279,151,64.88372093023256
Sore Throat Spray,6,0,6,0.0
Roasted Sushi Nori Extra Fancy,37,13,24,35.13513513513514
Pure Carrot,7,1,6,14.285714285714285
Coconut Yoghurt,6292,4119,2173,65.46408137317228
Organic Farro,1252,409,843,32.66773162939297
Organic Unbleached All Purpose Flour,328,116,212,35.36585365853659
White Tea Ultra Moisturizing With Shea Butter & Argan Oil for Hand & Body Bar Soap,3,0,3,0.0
"Foaming Hand Wash, Rosemary - Mint",4,0,4,0.0
Hairball Care with Chicken Cat Food,30,13,17,43.333333333333336
Hazelnut Wafers,25,13,12,52.0
Single Donut,14,8,6,57.14285714285714
Shatavari Vegetarian Capsules,3,0,3,0.0
All Natural Mexican Oregano,4,0,4,0.0
Home Style Butter and Herb Mashed Potato,52,6,46,11.538461538461538
Soleil 3 Blade Women's Disposable Razors,80,10,70,12.5
Original Probiotic Dairy Culture,257,139,118,54.08560311284047
Organic Purely Peppermint Tea Bags 16 Count,1182,514,668,43.48561759729272
Simply Delicious Black Forest Ham,21,15,6,71.42857142857143
Organic French Roast Coffee Beans,25,14,11,56.00000000000001
"Perfect Lavender Laundry Detergent, HE",17,7,10,41.17647058823529
Organic Earl Grey Noir Tea Bags 20 Count,598,254,344,42.474916387959865
Milk Chocolate Candy,405,160,245,39.50617283950617
"All Natural Family Size Olilve Oil, Rosemary & Garlic Oven Fries",68,23,45,33.82352941176471
Vegetable Broth Low Sodium,2046,935,1111,45.69892473118279
High Protein Chocolate Deluxe,9,2,7,22.22222222222222
13 Gallon Drawstring Tall Kitchen Bags,626,215,411,34.34504792332269
Extra Strength Pain Reliever and Fever Reducer Caplets for Adults,636,134,502,21.069182389937108
Sport Performance Protein Vanilla Flavor Drink Mix,107,25,82,23.364485981308412
Deluxe Salted Whole Cashews,159,100,59,62.893081761006286
Light and Lean Quinoa Black Beans with Butternut Squash and Chard,3624,1719,1905,47.43377483443709
Oktoberfest Limited Edition Pretzels,4,0,4,0.0
Smart Ones Pasta with Ricotta and Spinach,252,100,152,39.682539682539684
Smooth Old Fashioned Peanut Butter,118,75,43,63.559322033898304
Spicy Shrimp Flavor Bowl Noodle  Soup,43,11,32,25.581395348837212
Channa Masala Chickpea Curry,27,13,14,48.148148148148145
Turkey Store Lean Ground Turkey,2842,1876,966,66.00985221674877
Pro-V Nature Fusion Moisturizing Conditioner with Melon Essence,14,5,9,35.714285714285715
Traditional Feta Cheese Chunk,1037,347,690,33.4619093539055
Mini Croutons,143,69,74,48.25174825174825
Coconut Conditioner,140,41,99,29.28571428571429
Fennel Seed,850,43,807,5.0588235294117645
Turkey Burgers,127,34,93,26.77165354330709
Strong Toilet Paper,10,4,6,40.0
Fast Act Caplets Lactase Enzyme Supplement,97,42,55,43.29896907216495
Apricot  Body Wash,15,0,15,0.0
Gluten-Free Nacho Cheese Corn Tortilla Chips Made with Organic Yellow Corn,46,21,25,45.65217391304348
Protection Magickal Mineral Bath Salts With Natural Sea Salt & Pure Essential Oils,38,15,23,39.473684210526315
Tomato Cherry On The Vine,160,38,122,23.75
"Red Wine, Crianza, 2009",22,12,10,54.54545454545454
Blue Decorating Cake Icing,33,0,33,0.0
Venison & Salmon Stew with Potatoes and Carrots Dog Food,117,74,43,63.24786324786324
Daily Capsules Probiotic Supplement,7,2,5,28.57142857142857
Brown Sugar Cinnamon Roll Wafflers,522,334,188,63.984674329501914
Diphenhydramine Hcl Nighttime Sleep Aid Mini Caplets,4,0,4,0.0
Chai Classic Tea,164,76,88,46.34146341463415
Gold Liquid Hand Soap,225,78,147,34.66666666666667
Salted Toffee 55% Dark Chocolate,141,51,90,36.17021276595745
Venus Sensitive 3 Blade Women's Disposable Razors,87,23,64,26.436781609195403
Bulgarian Yogurt,163,101,62,61.963190184049076
Sugar Snap Pea Stir Fry,62,24,38,38.70967741935484
Kung Pao Chicken,4,1,3,25.0
Apple Strudel Bites,148,81,67,54.729729729729726
Original Mountain Blueberry Low Fat Yogurt,1674,1011,663,60.39426523297491
Pecan Pie Half,40,9,31,22.5
Organic Blue Green Spiruline Smoothie,60,36,24,60.0
Grill Lighter,14,3,11,21.428571428571427
Oatmeal & Banana Baby Cereal,60,23,37,38.333333333333336
Heartburn ReliefChews Assorted Fruit Chewable Tablets Antacid,9,1,8,11.11111111111111
Sugar Free Lemon Low Calorie Gelatin Dessert Mix,43,18,25,41.86046511627907
Small Pearl Tapioca,73,4,69,5.47945205479452
Italian Parmesan Cheese Risotto,13,2,11,15.384615384615385
Cheddar Cheese and Carrot Baked Organic Cheese and Grain Snack,173,78,95,45.08670520231214
Montmorency Tart Cherry Concentrate,32,9,23,28.125
Baba Ghanoush,95,38,57,40.0
Grapefruit Sparkling Energy Water,1389,995,394,71.63426925845933
Mozzarella String Cheese Made with 2% Reduced Fat Milk,1089,678,411,62.25895316804407
Alto Adige Pinot Grigio,310,154,156,49.67741935483871
Spicy Kaimal Ketchup,4,1,3,25.0
Spread,15,5,10,33.33333333333333
Arborio Rice,640,176,464,27.500000000000004
Large Grade AA Cage Free Brown Eggs,789,512,277,64.89226869455005
Gluten Free Pizza Three Cheese,2736,1649,1087,60.27046783625731
Cereal Variety Fun Pack,1249,609,640,48.75900720576461
Jasmine Green Tea,446,274,172,61.43497757847533
Chocolate Protein Nutritional Shake,747,522,225,69.87951807228916
Gardenia Hydrating Shampoo,53,6,47,11.320754716981133
Lemonaise,119,49,70,41.17647058823529
Black Cherry Sparkling Soda,57,13,44,22.807017543859647
Split Chicken Breast,271,97,174,35.79335793357934
Limited Edition Pre-Sliced Bagels Pumpkin Spice,106,42,64,39.62264150943396
White Giant Hot Dog Buns,41,8,33,19.51219512195122
Organic Pasture Raised Large Eggs,96,35,61,36.45833333333333
Adult Complete Nutrition Chicken Flavor Dry Dog Food,10,2,8,20.0
Stage 2 Banana Sweet Pea Papaya Baby Food,70,22,48,31.428571428571427
Original Enriched Soymilk,129,95,34,73.64341085271317
Organic Unsweetened Applesauce,78,44,34,56.41025641025641
Sweet & Spicy BBQ Multigrain Chips,116,50,66,43.103448275862064
Gold Bar Soap,142,39,103,27.464788732394368
Albacore Premium White In Water Tuna,21,7,14,33.33333333333333
Spicy Chipotle Mayonnaise,6,0,6,0.0
Lavender Rosemary Incense of Auroville,19,4,15,21.052631578947366
Beef & Bean Red Chili Burritos,55,32,23,58.18181818181818
Lemon Sliced Loaf Cake,195,125,70,64.1025641025641
Cherimoya,72,14,58,19.444444444444446
Barley Toddler Biscuits,62,30,32,48.38709677419355
Chenin Blanc,175,117,58,66.85714285714286
Mini Chicken Egg Rolls with Signature Sauce Packet,195,73,122,37.43589743589744
Organic Unrefined Sesame Oil,499,135,364,27.054108216432866
Natural Extra Sharp Cheddar Cheese,1345,700,645,52.04460966542751
Natural Calm Lemon Raspberry,352,107,245,30.39772727272727
Big Slice Colby Jack Cheese Slices,1143,631,512,55.20559930008749
Instant Action Cat Litter,1492,936,556,62.73458445040214
Gourmet Oyster Mushrooms,73,23,50,31.506849315068493
Complete Care Dishwasher Detergent ActionPacs,4,0,4,0.0
Lite Chunky Blue Cheese Dressing,66,10,56,15.151515151515152
Fresh Effects S'Wipe Out Refreshing Make-Up Removal Cloths,27,10,17,37.03703703703704
ZzzQuil Alcohol-Free Nighttime Liquid Sleep Aid,36,12,24,33.33333333333333
3 Best Friends Coffee Vanilla Lager,10,6,4,60.0
Organic Hachiya Persimmon,4,0,4,0.0
Freshly made pasta in a 100% Real Cheddar cheese sauce Macaroni & Cheese,987,569,418,57.64944275582573
Easter SPECIAL DARK Mildly Sweet Chocolate Eggs,15,2,13,13.333333333333334
Half & Half Original Green Lemonade Tea,3,0,3,0.0
Gluten-Free Original Veggie Chips,54,29,25,53.70370370370371
4 Ct Whipped Topping Mix,2,0,2,0.0
Fizz Lemon Limey,227,130,97,57.268722466960355
Fresh Scent Essentials Deodorant,27,11,16,40.74074074074074
Pomegranate Hard Candies,14,1,13,7.142857142857142
Pouf Bath Sponge,90,15,75,16.666666666666664
Vanilla Sugar Free Flavoring Syrup,55,19,36,34.54545454545455
Allergy 24 Hour Relief 180 Mg Tablets,9,1,8,11.11111111111111
Organic Cultured Cream Cheese Spread,1807,1087,720,60.15495296070835
Honey & Hibiscus Hair Reconstructing Shampoo,22,3,19,13.636363636363635
Boston Advance Conditioning Contact Lens Solution,11,4,7,36.36363636363637
Medium Guacamole Salsa,34,8,26,23.52941176470588
Cole Slaw Dressing,92,18,74,19.565217391304348
Caramel Eggs,31,6,25,19.35483870967742
Squeeze Ginger,70,5,65,7.142857142857142
Zucchini Squash,2049,1063,986,51.878965348950715
Nestle Drumstick Rich and Creamy Grand Ice Cream,7,2,5,28.57142857142857
Organic Bunch Beets,14433,7643,6790,52.95503360354743
Organic Tandoori Masala,68,12,56,17.647058823529413
Classic Beef Stock,318,57,261,17.92452830188679
Tofu Shirataki Macaroni Shaped Noodle Substitute,99,61,38,61.61616161616161
Organic Hash Browns,441,174,267,39.455782312925166
"Foot Cream, Healing, Aloe",5,0,5,0.0
Watermelon Raspberry Flavored Coconut Water,8,2,6,25.0
Eucalyptus & Peppermint Body Wash,34,7,27,20.588235294117645
Light and Fluffy Buttermilk Pancake Mix,58,8,50,13.793103448275861
Welsh Rarebit,25,14,11,56.00000000000001
Bockwurst Swiss Brand,17,11,6,64.70588235294117
Naturally Decaffeinated English Breakfast Tea K-Cups,5,0,5,0.0
Geranium Scented Soy Candle,255,82,173,32.15686274509804
Honey Snack Packs Bunny Grahams,744,319,425,42.876344086021504
CopperTop AAA Alkaline,325,50,275,15.384615384615385
Black Grapes,96,47,49,48.95833333333333
Grape Jelly,43,17,26,39.53488372093023
"Pumpkin Seeds, Heirloom, Organic, With a Bit of Sea Salt",8,1,7,12.5
"Chicken Base, Organic",3164,1055,2109,33.34386852085967
Labs Solar D Gems Natural Vitamin D3 2000 IU,7,0,7,0.0
Premium Quality Young And Tender Whole Green Beans,35,19,16,54.285714285714285
"Fruity Bears, Organic",209,110,99,52.63157894736842
"Liquid Muscle Gel Multipurpose Cleaner, Crisp Lemon",22,10,12,45.45454545454545
Giant Roll Bath Tissue Essentials Strong Toilet Paper,17,1,16,5.88235294117647
Anjou Pears,5,0,5,0.0
Hydrating Cleanser For Normal to Dry Skin,81,20,61,24.691358024691358
Japaleno Green Salsa Hot,104,27,77,25.961538461538463
Super Jumbo Size Cotton Balls,51,16,35,31.372549019607842
Thyme Bunch,131,4,127,3.0534351145038165
Original Cashew Milk,232,127,105,54.741379310344826
French Butter Cookies With Lemon & Almond,92,29,63,31.521739130434785
Dark Chocolate Chunk Chewy Granola Bars,501,314,187,62.6746506986028
All Natural Cookies & Cream Muscle Brownie,12,3,9,25.0
Organic Gluten Free Non-Dairy Beans & Rice Burrito,5022,3363,1659,66.96535244922342
Organic Ground Cinnamon,309,51,258,16.50485436893204
"Sushinori, Roasted",76,14,62,18.421052631578945
Organic Horchata,7,1,6,14.285714285714285
Non-Alcoholic Cabernet Sauvignon,13,6,7,46.15384615384615
"Salame, Peppered",3,1,2,33.33333333333333
Tall Kitchen Handle Top 13 Gallon Trash Bags,3,0,3,0.0
Cinnamon Coffee Cake,3,1,2,33.33333333333333
Cereal Honey Bears,1543,645,898,41.80168502916396
Red Cherries,62,24,38,38.70967741935484
Hommus Balsamic Caramelized Onion,166,97,69,58.43373493975904
Premium Select Wild Fancy White Crabmeat,44,8,36,18.181818181818183
Lean and Fit Fire Grilled Chicken Poblano,88,31,57,35.22727272727273
Medleys Assorted Fruit Fruit Flavored Snacks,309,151,158,48.86731391585761
Cookie Con Amore Jelly Cookies,11,3,8,27.27272727272727
"Pretzels, Mighty Minis",11,4,7,36.36363636363637
Bonbon Bar,5,1,4,20.0
3D White Whitestrips Luxe Glamorous White,22,1,21,4.545454545454546
Velveeta Cheesy Skillets Singles Ultimate Cheeseburger Mac,16,1,15,6.25
Greek 0% Fat Smooth & Creamy Plain Yogurt,146,90,56,61.64383561643836
Imitation Crab Flakes,235,91,144,38.72340425531915
"Asian Sauces, Gourmet, Thai Peanut",122,40,82,32.78688524590164
Dry Fino Sherry,17,3,14,17.647058823529413
Organic Grade A Large Eggs,436,323,113,74.08256880733946
German Farm Bread,482,364,118,75.51867219917013
Slider Stand & Fill Storage Gallon Bags,1541,516,1025,33.48475016223232
Ground Chipotle Chile,18,1,17,5.555555555555555
Vitamin D3 5000 Iu,9,0,9,0.0
Daily Moisture Renewal Pantene Pro-V Daily Moisture Renewal Hydrating Shampoo 25.4 fl oz - Moisturizing Shampoo  Female Hair Care,9,1,8,11.11111111111111
Baked Potato Soup,204,77,127,37.745098039215684
HW DR MCD    DR MCD SPL P OR 18.2Z,30,9,21,30.0
Pink Grapefruit Dish Soap,156,53,103,33.97435897435898
Organic Lemon Balm Naturally Caffeine Free Herbal Tea,120,50,70,41.66666666666667
Perfect Pinch Original All-Purpose Salt Free Seasoning,7,1,6,14.285714285714285
Medium Black Bean Salsa,24,8,16,33.33333333333333
Artichoke Spinach Dip,1082,431,651,39.83364140480592
Garlic Herb Pumpkin Seeds,8,0,8,0.0
Pomegranate Mint Chia Vitality Beverage,2,1,1,50.0
Classic Crumb Cake,40,13,27,32.5
Baby Lips® Moisturizing Lip Balm - Cherry Me,7,0,7,0.0
Very Cherry Calcium Rich Antacid Chewy Delights,66,29,37,43.93939393939394
"Crawfish, Shrimp & Crab Boil in Bag",43,6,37,13.953488372093023
Chicken Jerky Dog Treats,71,42,29,59.154929577464785
Dark Chocolate Non Dairy Frozen Dessert Bar,39,15,24,38.46153846153847
"Disinfectant Max Cover Mist, Lavender Fields",34,13,21,38.23529411764706
Organic Crushed Tomatoes In Tomato Purée,54,12,42,22.22222222222222
Moisturizing Face Cream,50,26,24,52.0
Organic Whole Bean Coffee,394,263,131,66.75126903553299
Creole Mustard,30,4,26,13.333333333333334
Choice Cuts Seafood Selections Wet Cat Food,33,21,12,63.63636363636363
Apple Cranberry Juice Cocktail,12,4,8,33.33333333333333
Steam'ables Seasoned Asian Vegetables,6,0,6,0.0
Discreet Incontinence Liners Very Light Long Length,25,13,12,52.0
Hot Chili Sauce,15,3,12,20.0
Favorites Milk Chocolate Brownie Mix,55,7,48,12.727272727272727
Organic Extra Virgin Olive Oil from Greece,24,5,19,20.833333333333336
Organic Nutritional Yeast,5,0,5,0.0
Sliced Stewed Tomatoes With Onion Celery & Bell Pepper,15,7,8,46.666666666666664
Chick Peas Reduced Sodium Garbanzos,477,206,271,43.18658280922432
Dark Chocolate Blueberry Quinoa,261,175,86,67.04980842911877
Organic Maple Syrup,676,260,416,38.46153846153847
Comforting Avocado Skin Care Oil,54,17,37,31.48148148148148
Frozen Organic Strawberries,6141,3422,2719,55.72382348151766
Xylitol Pure Sweetner,34,4,30,11.76470588235294
Coarse Ground Black Pepper,555,53,502,9.54954954954955
Original Barbecue Sauce,2730,761,1969,27.875457875457876
Black Tea With Vanilla Flavor In Pyramid Bags,4,0,4,0.0
Decorating Decors Blue Sugar,17,1,16,5.88235294117647
Grain Free Cassava & Chia Tortillas,141,56,85,39.71631205673759
Intensive Care Essential Healing Lotion,14,3,11,21.428571428571427
Boneless Beef Chuck Steak,20,6,14,30.0
Vitality Chicken Breasts with Flaxseed & Vitamins Dog Treats,1,0,1,0.0
Jasmine Green Iced Tea,1410,959,451,68.01418439716312
Anti Itch Gel,15,0,15,0.0
Smart Ones Thai Style White Meat Chicken & Rice Noodles,37,12,25,32.432432432432435
Garlic & Butter  Texas Toast Croutons,525,206,319,39.23809523809524
Gummies 5 Flavors,232,108,124,46.55172413793103
75% Dark Chocolate Bar,16,4,12,25.0
Domingo Rojo Beans,16,9,7,56.25
Pods Ocean Mist Detergent + Stain Remover + Brightener,190,55,135,28.947368421052634
Puffs Simply White Cheddar Cheese Flavored Snacks,1455,806,649,55.39518900343643
Organic Hot Jalapeno Nacho Slices,680,221,459,32.5
Beeswax & Banana Hand Creme,6,1,5,16.666666666666664
Asparagus & Gruyere Ravioli,298,133,165,44.63087248322148
Brown Rice & Lentils,33,14,19,42.42424242424242
Pro Health Antigingivitis And Sensitive Teeth Smooth Mint Clinical Gum Protection For Anticavity Fluoride Toothpaste,17,3,14,17.647058823529413
Sweet Cream Unsalted Butter,29,8,21,27.586206896551722
Citrus Kiss Green Tea Bags,76,47,29,61.8421052631579
Dark Chocolate Peanut Butter Cups Miniatures,175,91,84,52.0
Hot Italian Sausage,719,373,346,51.87760778859527
Non-Stick Cooking Spray Purely Olive Oil,13,0,13,0.0
Everyday Bowls,220,79,141,35.90909090909091
Antioxidant Infusions Costa Rica Clementine,741,491,250,66.26180836707152
Gluten Free Classic Sourdough,532,364,168,68.42105263157895
"Lentil Chips, Aged White Cheddar",472,337,135,71.39830508474576
Yellow Bell Peppers,178,75,103,42.13483146067416
Tiny Twists Prezels,7,2,5,28.57142857142857
Minced Garlic in Extra Virgin Olive Oil,149,32,117,21.476510067114095
Baked Triscuits with Whole Grain Wheat Mediterranean Style Olive Crackers,49,13,36,26.53061224489796
Cheddar Havarti Macaroni & Cheese Dinner,34,18,16,52.94117647058824
Turtle Pie,42,13,29,30.952380952380953
0% Fat Free Organic Milk,3821,2706,1115,70.8191572886679
Thai Green Curry,1155,665,490,57.57575757575758
Raspberry Essence Water,2029,1510,519,74.4208969935929
Orange Sparkling Water,14439,10220,4219,70.78052496710299
Lentil Filled Bolani 2 Pack,417,241,176,57.793764988009585
Cashews Halves & Pieces,499,246,253,49.298597194388776
Blanc,9,4,5,44.44444444444444
Zero Non-Chlorine Bleach,428,118,310,27.570093457943923
Cinnamon Roll Flavor Protein Bar,50,27,23,54.0
Yellow Tablecover,7,0,7,0.0
Pudding Pops Chocolate and Vanilla,36,14,22,38.88888888888889
Sweet Onion Wheat Thins,33,14,19,42.42424242424242
Soothing Anti-Dandruff Shampoo,11,0,11,0.0
Ground Sesame Tahina,16,6,10,37.5
Anchovy Fillets In Olive Oil,163,50,113,30.67484662576687
Pancake & Waffle Mix Gluten Free,12,3,9,25.0
Cane Sugar,8519,3045,5474,35.74363188167625
Jalapeño Seasoned Potato Chips,328,219,109,66.76829268292683
Special K Strawberry Protein Shake,30,13,17,43.333333333333336
Café de Olla Instant Coffee,42,10,32,23.809523809523807
Mulling Spice,8,0,8,0.0
Non-Drowsy Cold + Mucus,9,0,9,0.0
Gluten Free Buttermilk Pancake Mix,35,17,18,48.57142857142857
Sweet Echinacea,2,0,2,0.0
Grapefruit Bergamot Foaming Handwash,3,0,3,0.0
Chocolate Cheerios Cereal,562,261,301,46.44128113879004
Cabernet Sauvignon Wine,1835,1012,823,55.14986376021799
Vegan Ultra Omega 3 Flax Oil Epa + Dha With Vitamin D,13,5,8,38.46153846153847
Custard Caramel Sea Salt,8,0,8,0.0
Kids Defense Spray Sunscreen SPF50,94,24,70,25.53191489361702
Cranberry Pomegranate Green Tea,14,2,12,14.285714285714285
100% Lactose Free Ultra-Pasteurized Milk With Vitamin D,134,89,45,66.4179104477612
Tangerine Limeade Seltzer,32,15,17,46.875
Lightly Salted Crispy Jalapenos,29,17,12,58.620689655172406
Hydrating Facial Wipes with Hyaluronic Acid,71,16,55,22.535211267605636
Organic Plain Skyr,13,4,9,30.76923076923077
Roasted Garlic Hommus,41,14,27,34.146341463414636
Apple Apricot Sauce,499,234,265,46.893787575150306
Double Dark Chocolate Gelato Pops,31,10,21,32.25806451612903
Loose Leaf Mild Yerba Mate Tea,5,1,4,20.0
Scrubbing Bubbles Heavy Duty All Purpose Cleaner,492,120,372,24.390243902439025
No Salt Added Sweet Peas,50,18,32,36.0
Selects Natural Slow Roasted Chicken Breast,141,89,52,63.12056737588653
Crunchy Peanut Butter Bars,29,12,17,41.37931034482759
Blanc De Noirs Sparkling Wine,12,8,4,66.66666666666666
Jasmine Green Tea - 20 CT,47,14,33,29.78723404255319
Hot Dark Chocolate Topping,4,0,4,0.0
"Batteries, Lithium, AA",22,3,19,13.636363636363635
Peanut Butter Dark Chocolate Fruit & Nut Protein Bars,445,196,249,44.04494382022472
Organic Fire Roasted Petite Diced Tomatoes with Roasted Garlic,316,92,224,29.11392405063291
Coconut & Hibiscus Curl & Shine Shampoo,7,0,7,0.0
Sardines In Mustard,4,0,4,0.0
Dairy Free Greek Yogurt Blueberry,581,312,269,53.700516351118765
Chelated Zinc,13,1,12,7.6923076923076925
Honey & Lemon Menthol Cough Suppressants,78,19,59,24.358974358974358
That's My Jam™ Core Ice Cream,93,35,58,37.634408602150536
Candles Birthday Stripes,30,0,30,0.0
Chocolate Vanilla Malt Custard,41,30,11,73.17073170731707
Vegetable Beef Nutritious Dinner,44,17,27,38.63636363636363
Wavy Ranch Potato Chips,77,33,44,42.857142857142854
Black Garlic Bulbs,11,1,10,9.090909090909092
Healthy Clean Soft Toothbrush,19,5,14,26.31578947368421
Italian Blend Herb Grinder,6,0,6,0.0
Pinto Bean and Cheese Pupusa,12,5,7,41.66666666666667
Very Clear Acne Spot Treatment,4,0,4,0.0
Sweet Potatoes Stage 2,2081,1228,853,59.01009130225853
Herbal Supplement Milk Thistle Tea Bags - 24 CT,5,0,5,0.0
Organic Refined Coconut Oil,3734,1174,2560,31.440814140332087
Chèvre Oh-La-La Spreadable Goat Cheese,11,0,11,0.0
Tender Beef & Liver Feast Classic Wet Cat Food,316,209,107,66.13924050632912
Honey,647,268,379,41.42194744976816
Spray Red Honeysuckle Nectar Air Freshener,19,8,11,42.10526315789473
"Good Budddy, Jerky Strips, Real Chicken Recipe",138,85,53,61.59420289855072
Fruit Roll Raspberry,49,24,25,48.97959183673469
Greek Vanilla Fat Free Yogurt,56,41,15,73.21428571428571
Classic Movie Theater Popcorn,135,41,94,30.37037037037037
Yellow Edition,151,101,50,66.88741721854305
Mixed Grill Dog Food,10,3,7,30.0
Psyllium Husk Powder,17,2,15,11.76470588235294
Strawberry Blast Kid's Honest Toothpaste,111,13,98,11.711711711711711
Hot Cocoa Mix With Marshmallows Envelopes,328,117,211,35.670731707317074
Glace De Viande Veal & Beef Stock,11,3,8,27.27272727272727
Organic Forbidden Rice Ramen,244,68,176,27.86885245901639
Pomegranate Gummy Bears,12,4,8,33.33333333333333
Light Citrus Scent Dishwashing Liquid,95,38,57,40.0
Peppermint Chocolate Caffeine Free Tea,16,5,11,31.25
Beef and Bean Green Chili Burritos,11,2,9,18.181818181818183
Classic Hummus Family Size,5873,3145,2728,53.5501447301209
Organic Natural Red,50,35,15,70.0
Extra Strength Tropical Fruit Antacid Tablets,4,0,4,0.0
"Certified Organic Spanish Style Rice With Quinoa, Red Bell Peppers & Corn",780,351,429,45.0
Very Berry Flavor Sparking Mineral Water,1250,1027,223,82.16
100% Lactose Free Fat Free Milk,7226,5438,1788,75.25601992803765
Mexican Style Fiesta,55,29,26,52.72727272727272
White Grape Juice Cocktail,119,38,81,31.932773109243694
Sirloin Tip Roast,17,7,10,41.17647058823529
Sandies Pecan Shortbread Cookies,236,135,101,57.20338983050848
Cran-Apple Juice Drink,1201,694,507,57.78517901748543
Gluten-Free Five Cheese Ravioli,139,67,72,48.201438848920866
Creamy Mozzarella Sun-Dried Tomato & Basil Flavor Cheese Wedges,195,67,128,34.35897435897436
Mac n' Cheese Puffs,157,100,57,63.69426751592356
Opo Squash,9,2,7,22.22222222222222
Milk Chocolate Mini's,176,53,123,30.113636363636363
Challah Bread,4634,2982,1652,64.35045317220543
Original Powder Coffee Creamer,590,283,307,47.96610169491525
Freeze-Dried Powder Coconut Water,5,0,5,0.0
Jumbone® for Small-Medium Dogs,8,3,5,37.5
Golden Wheat Deep Cleanse Shampoo,12,3,9,25.0
Cube Stuffing,113,6,107,5.3097345132743365
Men's Stock Natural Dry Herbal Pine Deodorant,2,0,2,0.0
Yoghurt Blueberry,4899,3242,1657,66.1767707695448
Silicone Baking Mat,9,1,8,11.11111111111111
Cut Leaf Spinach,537,241,296,44.878957169459966
B-Complex 100 Stress Formula,2,0,2,0.0
Lavender & Bergamot Sleep Balm,5,1,4,20.0
Shake 'N Pour Buttermilk Pancake Mix,435,248,187,57.01149425287356
Mach 3 Sensitive Disposable Razor,127,26,101,20.47244094488189
"Baby Food Blueberry, Parsnip & Buckwheat Stage 2",67,11,56,16.417910447761194
Vegetable & Chicken Dumpling,8,1,7,12.5
Passion Fruit Flavored Fruit Juice Cocktail Blend,289,207,82,71.62629757785467
Organic Superfirm Vacuum Packed Tofu,276,185,91,67.02898550724638
"Pecans, Maple, Premium Blend",36,17,19,47.22222222222222
Sourdough Loaf,976,607,369,62.192622950819676
"8\"" Pecan Pie",4,0,4,0.0
Candy Eyeballs,27,1,26,3.7037037037037033
Tomatillo Salsa Cranberry-Mango,7,1,6,14.285714285714285
Feta Crumbles,621,245,376,39.452495974235106
All Hair Types Pure Clean Finishing Paste,22,11,11,50.0
Apricot Deodorant Stick,11,2,9,18.181818181818183
Minute Instant Whole Grain Brown Rice,299,122,177,40.802675585284284
Squid Ink Fettuccini,14,4,10,28.57142857142857
Refreshing Remover Cleansing Towelettes,52,19,33,36.53846153846153
California Style White Hand-Tossed Style Crust Pizza,9,1,8,11.11111111111111
Beef Brisket,31,3,28,9.67741935483871
"Drain Cleaner, Fresh Citrus & Sage Fragrance",620,110,510,17.741935483870968
Organic Aromatherapeutic Moroccan Argan Oil Set,53,13,40,24.528301886792452
"Teriyaki Sauce, Sesame, Original",11,1,10,9.090909090909092
Apple Cider,936,388,548,41.452991452991455
Masada Kosher Pocket Bread,3,0,3,0.0
Cabernet Tomatoes,7,2,5,28.57142857142857
Brie with Herbs Foil Wedge,46,21,25,45.65217391304348
Organic Creamed Coconut,256,55,201,21.484375
Professionals Sleek Shampoo,6,0,6,0.0
Porto,13,9,4,69.23076923076923
Bacon Cheddar Pretzel Pieces,26,11,15,42.30769230769231
Ultra Protein Power Crunch Peanut Butter N' Honey Granola,12,3,9,25.0
Lemon Cayenne Drinking Vinegar,188,90,98,47.87234042553192
Super Dark Coconut Ash & Banana Chocolate Bar,106,53,53,50.0
Ginger Snaps Snacking Cookies,5,0,5,0.0
Enchilada with Spanish Rice & Beans Meal,1611,878,733,54.50031036623215
Apple Cinnamon Scented Candles,378,192,186,50.79365079365079
K Cup Dark Blend,7,2,5,28.57142857142857
Beef Summer Sausage,229,112,117,48.90829694323144
Milk Chocolate Drops,65,39,26,60.0
Cafe Mocha K-Cup Packs,14,4,10,28.57142857142857
Stone Baked Multi Grain Artisan Rolls,26,11,15,42.30769230769231
Frozen Greek Yogurt Bars Chocolate Chip,88,60,28,68.18181818181817
Cinnamon Dolce Keurig Brewed K Cups,75,38,37,50.66666666666667
Ultra Red Energy Drink,50,22,28,44.0
Thick & Chunky Sloppy Joe Sauce,221,72,149,32.57918552036199
Large Chicken & Cheese Taquitos,377,149,228,39.52254641909814
Famous Chocolate Wafers,132,40,92,30.303030303030305
All Natural Creamy Caesar Dressing,1018,300,718,29.469548133595286
Spaghetti with Meatballs and Sauce Meal,70,39,31,55.714285714285715
California Limeade,108,38,70,35.18518518518518
Cucumber Kirby,97315,67313,30002,69.17022041822946
"Vodka, Triple Distilled, Twist of Vanilla",9,1,8,11.11111111111111
En Croute Roast Hazelnut Cranberry,49,6,43,12.244897959183673
Artisan Baguette,120,84,36,70.0
Smartblend Healthy Metabolism Dry Cat Food,13,6,7,46.15384615384615
Fresh Foaming Cleanser,89,15,74,16.853932584269664
